Number of nodes 621 
     0 :  0.0000000e+00  1.0000000e+00 
     1 :  0.0000000e+00  0.0000000e+00 
     2 :  1.0000000e+00  1.0000000e+00 
     3 :  1.0000000e+00  7.5000000e-01 
     4 :  5.0000000e-01  7.5000000e-01 
     5 :  5.0000000e-01  2.5000000e-01 
     6 :  1.0000000e+00  2.5000000e-01 
     7 :  1.0000000e+00  0.0000000e+00 
     8 :  0.0000000e+00  9.6428571e-01 
     9 :  0.0000000e+00  3.5714286e-02 
    10 :  0.0000000e+00  1.0714286e-01 
    11 :  0.0000000e+00  1.7857143e-01 
    12 :  0.0000000e+00  2.5000000e-01 
    13 :  0.0000000e+00  3.2142857e-01 
    14 :  0.0000000e+00  3.9285714e-01 
    15 :  0.0000000e+00  4.6428571e-01 
    16 :  0.0000000e+00  5.3571429e-01 
    17 :  0.0000000e+00  6.0714286e-01 
    18 :  0.0000000e+00  6.7857143e-01 
    19 :  0.0000000e+00  7.5000000e-01 
    20 :  0.0000000e+00  8.2142857e-01 
    21 :  0.0000000e+00  8.9285714e-01 
    22 :  0.0000000e+00  9.2857143e-01 
    23 :  0.0000000e+00  8.5714286e-01 
    24 :  0.0000000e+00  7.8571429e-01 
    25 :  0.0000000e+00  7.1428571e-01 
    26 :  0.0000000e+00  6.4285714e-01 
    27 :  0.0000000e+00  5.7142857e-01 
    28 :  0.0000000e+00  5.0000000e-01 
    29 :  0.0000000e+00  4.2857143e-01 
    30 :  0.0000000e+00  3.5714286e-01 
    31 :  0.0000000e+00  2.8571429e-01 
    32 :  0.0000000e+00  2.1428571e-01 
    33 :  0.0000000e+00  1.4285714e-01 
    34 :  0.0000000e+00  7.1428571e-02 
    35 :  9.6428571e-01  1.0000000e+00 
    36 :  3.5714286e-02  1.0000000e+00 
    37 :  1.0714286e-01  1.0000000e+00 
    38 :  1.7857143e-01  1.0000000e+00 
    39 :  2.5000000e-01  1.0000000e+00 
    40 :  3.2142857e-01  1.0000000e+00 
    41 :  3.9285714e-01  1.0000000e+00 
    42 :  4.6428571e-01  1.0000000e+00 
    43 :  5.3571429e-01  1.0000000e+00 
    44 :  6.0714286e-01  1.0000000e+00 
    45 :  6.7857143e-01  1.0000000e+00 
    46 :  7.5000000e-01  1.0000000e+00 
    47 :  8.2142857e-01  1.0000000e+00 
    48 :  8.9285714e-01  1.0000000e+00 
    49 :  9.2857143e-01  1.0000000e+00 
    50 :  8.5714286e-01  1.0000000e+00 
    51 :  7.8571429e-01  1.0000000e+00 
    52 :  7.1428571e-01  1.0000000e+00 
    53 :  6.4285714e-01  1.0000000e+00 
    54 :  5.7142857e-01  1.0000000e+00 
    55 :  5.0000000e-01  1.0000000e+00 
    56 :  4.2857143e-01  1.0000000e+00 
    57 :  3.5714286e-01  1.0000000e+00 
    58 :  2.8571429e-01  1.0000000e+00 
    59 :  2.1428571e-01  1.0000000e+00 
    60 :  1.4285714e-01  1.0000000e+00 
    61 :  7.1428571e-02  1.0000000e+00 
    62 :  1.0000000e+00  7.8125000e-01 
    63 :  1.0000000e+00  8.4375000e-01 
    64 :  1.0000000e+00  9.0625000e-01 
    65 :  1.0000000e+00  9.6875000e-01 
    66 :  1.0000000e+00  8.1250000e-01 
    67 :  1.0000000e+00  8.7500000e-01 
    68 :  1.0000000e+00  9.3750000e-01 
    69 :  9.6428571e-01  7.5000000e-01 
    70 :  8.9285714e-01  7.5000000e-01 
    71 :  8.2142857e-01  7.5000000e-01 
    72 :  7.5000000e-01  7.5000000e-01 
    73 :  6.7857143e-01  7.5000000e-01 
    74 :  6.0714286e-01  7.5000000e-01 
    75 :  5.3571429e-01  7.5000000e-01 
    76 :  9.2857143e-01  7.5000000e-01 
    77 :  8.5714286e-01  7.5000000e-01 
    78 :  7.8571429e-01  7.5000000e-01 
    79 :  7.1428571e-01  7.5000000e-01 
    80 :  6.4285714e-01  7.5000000e-01 
    81 :  5.7142857e-01  7.5000000e-01 
    82 :  4.6442129e-01  7.4745536e-01 
    83 :  4.6442129e-01  2.5254464e-01 
    84 :  3.9614625e-01  2.7259200e-01 
    85 :  3.3628482e-01  3.1106261e-01 
    86 :  2.8968662e-01  3.6483980e-01 
    87 :  2.6012676e-01  4.2956686e-01 
    88 :  2.5000000e-01  5.0000000e-01 
    89 :  2.6012676e-01  5.7043314e-01 
    90 :  2.8968662e-01  6.3516020e-01 
    91 :  3.3628482e-01  6.8893739e-01 
    92 :  3.9614625e-01  7.2740800e-01 
    93 :  4.2956686e-01  7.3987324e-01 
    94 :  3.6483980e-01  7.1031338e-01 
    95 :  3.1106261e-01  6.6371518e-01 
    96 :  2.7259200e-01  6.0385375e-01 
    97 :  2.5254464e-01  5.3557871e-01 
    98 :  2.5254464e-01  4.6442129e-01 
    99 :  2.7259200e-01  3.9614625e-01 
   100 :  3.1106261e-01  3.3628482e-01 
   101 :  3.6483980e-01  2.8968662e-01 
   102 :  4.2956686e-01  2.6012676e-01 
   103 :  5.3571429e-01  2.5000000e-01 
   104 :  6.0714286e-01  2.5000000e-01 
   105 :  6.7857143e-01  2.5000000e-01 
   106 :  7.5000000e-01  2.5000000e-01 
   107 :  8.2142857e-01  2.5000000e-01 
   108 :  8.9285714e-01  2.5000000e-01 
   109 :  9.6428571e-01  2.5000000e-01 
   110 :  5.7142857e-01  2.5000000e-01 
   111 :  6.4285714e-01  2.5000000e-01 
   112 :  7.1428571e-01  2.5000000e-01 
   113 :  7.8571429e-01  2.5000000e-01 
   114 :  8.5714286e-01  2.5000000e-01 
   115 :  9.2857143e-01  2.5000000e-01 
   116 :  1.0000000e+00  3.1250000e-02 
   117 :  1.0000000e+00  9.3750000e-02 
   118 :  1.0000000e+00  1.5625000e-01 
   119 :  1.0000000e+00  2.1875000e-01 
   120 :  1.0000000e+00  6.2500000e-02 
   121 :  1.0000000e+00  1.2500000e-01 
   122 :  1.0000000e+00  1.8750000e-01 
   123 :  3.5714286e-02  0.0000000e+00 
   124 :  9.6428571e-01  0.0000000e+00 
   125 :  8.9285714e-01  0.0000000e+00 
   126 :  8.2142857e-01  0.0000000e+00 
   127 :  7.5000000e-01  0.0000000e+00 
   128 :  6.7857143e-01  0.0000000e+00 
   129 :  6.0714286e-01  0.0000000e+00 
   130 :  5.3571429e-01  0.0000000e+00 
   131 :  4.6428571e-01  0.0000000e+00 
   132 :  3.9285714e-01  0.0000000e+00 
   133 :  3.2142857e-01  0.0000000e+00 
   134 :  2.5000000e-01  0.0000000e+00 
   135 :  1.7857143e-01  0.0000000e+00 
   136 :  1.0714286e-01  0.0000000e+00 
   137 :  7.1428571e-02  0.0000000e+00 
   138 :  1.4285714e-01  0.0000000e+00 
   139 :  2.1428571e-01  0.0000000e+00 
   140 :  2.8571429e-01  0.0000000e+00 
   141 :  3.5714286e-01  0.0000000e+00 
   142 :  4.2857143e-01  0.0000000e+00 
   143 :  5.0000000e-01  0.0000000e+00 
   144 :  5.7142857e-01  0.0000000e+00 
   145 :  6.4285714e-01  0.0000000e+00 
   146 :  7.1428571e-01  0.0000000e+00 
   147 :  7.8571429e-01  0.0000000e+00 
   148 :  8.5714286e-01  0.0000000e+00 
   149 :  9.2857143e-01  0.0000000e+00 
   150 :  2.4692043e-01  1.1357159e-01 
   151 :  8.9285580e-01  1.5628004e-01 
   152 :  1.9277077e-01  8.2688886e-01 
   153 :  2.6130827e-01  9.0247837e-01 
   154 :  1.1642806e-01  3.0878137e-01 
   155 :  5.4910831e-02  3.7989502e-01 
   156 :  1.0243774e-01  3.4590109e-01 
   157 :  6.8115341e-02  5.6204614e-01 
   158 :  5.0282190e-01  9.4115836e-01 
   159 :  6.0801006e-01  9.3904194e-01 
   160 :  5.0469399e-01  8.8268263e-01 
   161 :  7.5020342e-01  8.4417499e-01 
   162 :  4.6415258e-01  3.3164987e-02 
   163 :  4.2837430e-01  3.3849580e-02 
   164 :  5.3565610e-01  3.2194109e-02 
   165 :  2.5916907e-02  3.5452108e-01 
   166 :  2.7903890e-02  3.8682237e-01 
   167 :  1.4058775e-01  7.5127284e-02 
   168 :  2.8418169e-01  7.4211374e-02 
   169 :  9.2857075e-01  1.5626720e-01 
   170 :  1.3453059e-01  1.9046272e-01 
   171 :  3.9997095e-01  7.7975148e-01 
   172 :  3.2503890e-01  7.8424642e-01 
   173 :  3.7153122e-02  8.9322957e-01 
   174 :  2.2069285e-01  9.3320320e-01 
   175 :  3.1856924e-02  4.5725045e-01 
   176 :  2.0777008e-01  3.8239737e-01 
   177 :  1.3831654e-01  5.9077840e-01 
   178 :  1.9530453e-01  4.6630091e-01 
   179 :  7.4999011e-01  9.3938338e-02 
   180 :  3.9231408e-01  6.9286205e-02 
   181 :  7.5015572e-01  8.1283166e-01 
   182 :  7.5008418e-01  7.8143199e-01 
   183 :  6.4362612e-01  8.4541922e-01 
   184 :  9.6429448e-01  8.4376732e-01 
   185 :  7.1462738e-01  8.7570099e-01 
   186 :  9.2858612e-01  9.3752846e-01 
   187 :  5.7273779e-01  9.3967136e-01 
   188 :  8.5718374e-01  9.3758124e-01 
   189 :  5.7339862e-01  8.7885470e-01 
   190 :  1.3468944e-01  5.5244782e-01 
   191 :  1.8668104e-01  6.6530695e-01 
   192 :  7.1691749e-02  6.3647146e-01 
   193 :  7.5067529e-02  7.1118509e-01 
   194 :  2.2095459e-01  3.3781135e-01 
   195 :  8.5719628e-01  9.0635656e-01 
   196 :  8.2142451e-01  9.3827087e-02 
   197 :  4.2839840e-01  1.9981815e-01 
   198 :  8.9285598e-01  6.2522895e-02 
   199 :  7.1427548e-01  1.8773147e-01 
   200 :  6.4284130e-01  3.1531345e-02 
   201 :  6.0708607e-01  1.2620864e-01 
   202 :  4.3372380e-01  9.4177300e-01 
   203 :  4.3863846e-01  8.8527185e-01 
   204 :  5.2990153e-02  3.2447368e-01 
   205 :  5.0392013e-01  8.2395808e-01 
   206 :  2.4073763e-01  2.3939919e-01 
   207 :  1.7267180e-01  1.5301890e-01 
   208 :  7.8571145e-01  3.1299636e-02 
   209 :  8.5714112e-01  1.8753745e-01 
   210 :  4.4254520e-01  7.9388280e-01 
   211 :  3.5370436e-02  3.6214869e-02 
   212 :  8.5714051e-01  1.5629889e-01 
   213 :  7.8570835e-01  1.5637199e-01 
   214 :  3.7839405e-02  8.2154223e-01 
   215 :  7.5224033e-02  8.5795833e-01 
   216 :  9.2859054e-01  8.4378795e-01 
   217 :  7.5015541e-01  9.3780753e-01 
   218 :  8.5718337e-01  8.1258299e-01 
   219 :  6.8009220e-02  1.4727210e-01 
   220 :  3.5634939e-01  7.1055987e-02 
   221 :  3.2912103e-01  9.3863731e-01 
   222 :  3.6069849e-01  9.6995896e-01 
   223 :  8.2142578e-01  1.8755953e-01 
   224 :  5.7134327e-01  9.5395561e-02 
   225 :  3.5673115e-01  2.1623013e-01 
   226 :  2.0220389e-01  2.3792425e-01 
   227 :  1.6676273e-01  5.4787177e-01 
   228 :  5.7134044e-01  1.2687472e-01 
   229 :  3.4392745e-01  8.4958293e-01 
   230 :  4.4265335e-01  8.3335194e-01 
   231 :  1.7820783e-01  6.2505306e-01 
   232 :  8.0822516e-02  3.6928879e-01 
   233 :  2.8495780e-01  3.6974638e-02 
   234 :  9.7049165e-02  2.2540556e-01 
   235 :  7.6167086e-02  7.8536086e-01 
   236 :  4.0588501e-01  8.8440876e-01 
   237 :  2.8946565e-01  9.6832676e-01 
   238 :  1.7467615e-01  1.1394620e-01 
   239 :  2.2594848e-01  6.5996119e-01 
   240 :  6.7854743e-01  1.2549922e-01 
   241 :  4.6395148e-01  1.3164764e-01 
   242 :  3.9219988e-01  1.7292413e-01 
   243 :  1.3913085e-01  1.1307642e-01 
   244 :  2.7815103e-01  8.0440111e-01 
   245 :  1.1312568e-01  8.5881721e-01 
   246 :  4.9941647e-02  3.5228590e-01 
   247 :  1.3007310e-01  3.7541281e-01 
   248 :  9.2667521e-02  2.6295535e-01 
   249 :  6.0764207e-01  7.8261391e-01 
   250 :  5.3766116e-01  9.4041510e-01 
   251 :  8.9289016e-01  9.0631554e-01 
   252 :  3.1926839e-01  1.8589738e-01 
   253 :  2.4805929e-01  7.5197648e-02 
   254 :  6.4282165e-01  9.4451006e-02 
   255 :  1.6983114e-01  1.9310238e-01 
   256 :  1.0521505e-01  7.4376658e-02 
   257 :  2.2812783e-01  8.6579365e-01 
   258 :  1.8974219e-01  8.6252832e-01 
   259 :  1.9736309e-01  7.5064940e-01 
   260 :  6.7877623e-01  7.8172477e-01 
   261 :  8.9289009e-01  8.4381615e-01 
   262 :  6.0834326e-01  8.4639821e-01 
   263 :  5.3875913e-01  8.8060589e-01 
   264 :  6.7855021e-01  1.5671934e-01 
   265 :  7.1427366e-01  6.2721987e-02 
   266 :  2.0880898e-01  1.5368659e-01 
   267 :  1.5131668e-01  8.6026130e-01 
   268 :  2.9341250e-01  9.3682419e-01 
   269 :  4.4085994e-01  8.5844610e-01 
   270 :  1.5299210e-01  7.0864513e-01 
   271 :  1.7147518e-01  5.8623621e-01 
   272 :  1.4827409e-01  6.6859361e-01 
   273 :  1.2491535e-01  2.6970043e-01 
   274 :  2.5352284e-01  9.6742962e-01 
   275 :  7.5946794e-02  7.4844088e-01 
   276 :  3.3166872e-02  1.8137375e-01 
   277 :  4.2805809e-01  1.3468329e-01 
   278 :  1.0398188e-01  1.1179866e-01 
   279 :  3.5084487e-01  8.2148208e-01 
   280 :  3.5940916e-01  7.9473810e-01 
   281 :  8.9285567e-01  9.3779956e-02 
   282 :  3.9386747e-01  2.4056014e-01 
   283 :  1.9943615e-01  4.2548791e-01 
   284 :  2.2505163e-01  4.6491262e-01 
   285 :  3.2085715e-01  3.6291521e-02 
   286 :  7.4999329e-01  1.8764727e-01 
   287 :  1.4300691e-01  6.2934548e-01 
   288 :  2.1242127e-01  6.1950804e-01 
   289 :  4.2808949e-01  1.0129357e-01 
   290 :  2.6822385e-02  3.2237962e-01 
   291 :  6.4282035e-01  1.2577724e-01 
   292 :  3.8337198e-01  8.2773807e-01 
   293 :  3.7750112e-01  8.5429516e-01 
   294 :  3.6998233e-01  7.6985896e-01 
   295 :  8.9288222e-01  8.1255091e-01 
   296 :  7.8584489e-01  8.4402029e-01 
   297 :  8.5714173e-01  3.1270077e-02 
   298 :  4.9983912e-01  6.5131505e-02 
   299 :  7.4999559e-01  3.1327182e-02 
   300 :  9.6428541e-01  1.2500847e-01 
   301 :  8.2142431e-01  1.2508376e-01 
   302 :  3.9600285e-01  9.7050622e-01 
   303 :  3.6435029e-01  9.4017633e-01 
   304 :  3.7413958e-02  7.1272044e-01 
   305 :  3.3823147e-01  8.7865198e-01 
   306 :  7.8585571e-01  8.7528856e-01 
   307 :  8.5720060e-01  8.7511598e-01 
   308 :  5.7212693e-01  9.6986185e-01 
   309 :  9.2857932e-01  7.8126579e-01 
   310 :  8.9288241e-01  9.3754988e-01 
   311 :  8.5716468e-01  7.8129505e-01 
   312 :  5.7137453e-01  1.8899567e-01 
   313 :  3.9206136e-01  1.3849151e-01 
   314 :  7.1427896e-01  3.1369438e-02 
   315 :  6.4283352e-01  1.8807819e-01 
   316 :  4.9996223e-01  2.2146869e-01 
   317 :  5.7140136e-01  2.1960263e-01 
   318 :  4.2820500e-01  6.7641764e-02 
   319 :  5.3567703e-01  2.2021869e-01 
   320 :  3.2744075e-02  4.9377756e-01 
   321 :  2.5769288e-01  3.4820039e-01 
   322 :  5.7220509e-01  7.8374208e-01 
   323 :  8.9289289e-01  8.7507124e-01 
   324 :  5.3837196e-01  9.1057301e-01 
   325 :  6.4284492e-01  2.1906863e-01 
   326 :  4.9988309e-01  1.9166999e-01 
   327 :  6.0712441e-01  2.1926527e-01 
   328 :  2.8073444e-01  2.9690679e-01 
   329 :  3.5906877e-01  2.5387100e-01 
   330 :  3.2323454e-01  2.7145686e-01 
   331 :  9.6429261e-01  9.3751295e-01 
   332 :  6.0760822e-01  9.6955131e-01 
   333 :  5.7318660e-01  9.0937034e-01 
   334 :  4.6412045e-01  1.9474666e-01 
   335 :  5.3563417e-01  1.8996650e-01 
   336 :  6.9154212e-02  1.1030353e-01 
   337 :  7.1428040e-01  2.1887614e-01 
   338 :  2.8099789e-01  2.3673363e-01 
   339 :  6.7856337e-01  2.1894966e-01 
   340 :  3.5890006e-02  6.3972967e-01 
   341 :  7.3551368e-02  6.7380179e-01 
   342 :  3.6733799e-02  6.7622353e-01 
   343 :  4.1294749e-01  7.5932201e-01 
   344 :  3.1788419e-01  7.1175666e-01 
   345 :  1.9581346e-01  7.0813752e-01 
   346 :  7.8576819e-01  7.8136440e-01 
   347 :  7.1460243e-01  8.4441880e-01 
   348 :  5.7330968e-01  8.4794441e-01 
   349 :  5.3557692e-01  1.2789369e-01 
   350 :  8.5714086e-01  6.2537169e-02 
   351 :  6.0829504e-01  9.0840853e-01 
   352 :  6.0841654e-01  8.7756536e-01 
   353 :  9.2858603e-01  8.1252913e-01 
   354 :  2.8447125e-01  6.8420361e-01 
   355 :  6.6461021e-02  1.8431721e-01 
   356 :  6.0709919e-01  6.3302468e-02 
   357 :  2.1203367e-01  7.5647830e-02 
   358 :  4.2886850e-01  2.3084652e-01 
   359 :  7.1452858e-01  8.1302749e-01 
   360 :  5.3674331e-01  9.7021663e-01 
   361 :  7.1441706e-01  7.8154189e-01 
   362 :  6.4367973e-01  8.7667784e-01 
   363 :  6.9484764e-02  3.5055808e-01 
   364 :  9.2482186e-02  4.0001459e-01 
   365 :  3.0329150e-02  4.2116743e-01 
   366 :  6.0671747e-02  4.1254542e-01 
   367 :  8.2146311e-01  7.8132197e-01 
   368 :  7.8581446e-01  9.3769949e-01 
   369 :  9.6428936e-01  7.8125715e-01 
   370 :  6.4344966e-01  8.1387544e-01 
   371 :  8.2151227e-01  8.4392153e-01 
   372 :  8.2149285e-01  9.3762821e-01 
   373 :  6.7906482e-01  8.4480487e-01 
   374 :  6.7894209e-01  9.3821126e-01 
   375 :  9.6429244e-01  8.1251325e-01 
   376 :  6.4317704e-01  7.8204023e-01 
   377 :  5.3690586e-01  7.8621200e-01 
   378 :  6.0708793e-01  9.4827837e-02 
   379 :  3.1978683e-01  1.0963507e-01 
   380 :  4.9991140e-01  3.2613309e-02 
   381 :  7.4999210e-01  6.2643230e-02 
   382 :  4.2814699e-01  1.6762171e-01 
   383 :  3.3950801e-02  1.4504249e-01 
   384 :  7.8570919e-01  6.2592064e-02 
   385 :  2.1321064e-01  3.7689213e-02 
   386 :  9.2857065e-01  9.3767195e-02 
   387 :  5.3559634e-01  1.5917092e-01 
   388 :  1.0622787e-01  3.7142471e-02 
   389 :  9.6428545e-01  1.5625781e-01 
   390 :  3.5599951e-01  1.7924247e-01 
   391 :  1.1494304e-01  7.8575193e-01 
   392 :  2.7139979e-01  8.3728974e-01 
   393 :  3.7953014e-02  7.8543833e-01 
   394 :  2.2422834e-01  8.9966554e-01 
   395 :  7.0037802e-02  7.3454003e-02 
   396 :  7.4999649e-01  2.1883001e-01 
   397 :  9.2857092e-01  1.8751317e-01 
   398 :  5.0147178e-01  9.7055547e-01 
   399 :  4.6821203e-01  9.4169176e-01 
   400 :  4.3117366e-01  9.7078313e-01 
   401 :  4.6630046e-01  9.7077965e-01 
   402 :  6.0807187e-01  8.1477687e-01 
   403 :  8.9287063e-01  7.8127763e-01 
   404 :  8.5719602e-01  8.4385783e-01 
   405 :  7.8584503e-01  9.0651322e-01 
   406 :  3.7255825e-01  8.8209997e-01 
   407 :  1.5463738e-01  7.8702803e-01 
   408 :  2.1741017e-01  9.6660066e-01 
   409 :  6.4282473e-01  1.5698718e-01 
   410 :  3.5587509e-01  1.4282077e-01 
   411 :  5.0172265e-01  7.9237049e-01 
   412 :  5.3868887e-01  8.5029910e-01 
   413 :  9.6429461e-01  9.0626706e-01 
   414 :  1.3064712e-01  2.2997865e-01 
   415 :  2.8172046e-01  1.9166264e-01 
   416 :  8.2142534e-01  6.2558816e-02 
   417 :  3.2097205e-02  2.1761861e-01 
   418 :  1.6556527e-01  2.3444832e-01 
   419 :  2.4553123e-01  1.5307151e-01 
   420 :  3.2519508e-01  9.6920274e-01 
   421 :  1.4492829e-01  9.6535622e-01 
   422 :  4.0243653e-01  9.1247555e-01 
   423 :  8.2142477e-01  1.5632760e-01 
   424 :  7.4999087e-01  1.5644116e-01 
   425 :  2.4906164e-01  3.7453322e-02 
   426 :  3.3449714e-02  5.3032304e-01 
   427 :  3.4184161e-02  5.6680947e-01 
   428 :  6.6685400e-02  5.2475710e-01 
   429 :  9.6461288e-02  4.4083748e-01 
   430 :  2.4176909e-01  3.8821202e-01 
   431 :  2.8254450e-01  1.5086210e-01 
   432 :  6.7854834e-01  9.4203748e-02 
   433 :  6.7856112e-01  3.1433887e-02 
   434 :  7.8570790e-01  9.3870775e-02 
   435 :  3.9268996e-01  2.0705186e-01 
   436 :  1.8676523e-01  8.9736610e-01 
   437 :  6.9807314e-02  5.9924165e-01 
   438 :  3.5008403e-02  6.0326419e-01 
   439 :  4.6428535e-01  2.2458560e-01 
   440 :  2.4409322e-01  6.1201729e-01 
   441 :  1.9473891e-01  5.0541027e-01 
   442 :  2.2613280e-01  5.3941546e-01 
   443 :  2.2348419e-01  5.0243590e-01 
   444 :  9.2857066e-01  1.2501861e-01 
   445 :  1.0015849e-01  1.8740090e-01 
   446 :  2.6044633e-01  6.4812865e-01 
   447 :  1.3098622e-01  4.7392226e-01 
   448 :  1.4838102e-01  3.2119277e-01 
   449 :  5.7517945e-02  2.9259104e-01 
   450 :  2.8789942e-02  2.8868515e-01 
   451 :  4.6009448e-01  7.8205699e-01 
   452 :  4.2496426e-01  7.8735327e-01 
   453 :  4.3963451e-01  7.6960884e-01 
   454 :  1.0866559e-01  9.6495332e-01 
   455 :  2.6593265e-01  8.6995568e-01 
   456 :  1.4705209e-01  9.3063089e-01 
   457 :  1.5323638e-01  8.2415878e-01 
   458 :  1.4920363e-01  8.9566546e-01 
   459 :  2.1063075e-01  1.1418100e-01 
   460 :  6.4282889e-01  6.3026300e-02 
   461 :  3.4536464e-02  1.0872432e-01 
   462 :  2.8695721e-01  7.7136120e-01 
   463 :  2.3252276e-01  8.3126669e-01 
   464 :  3.0859186e-01  8.4371323e-01 
   465 :  2.9949851e-01  7.3895704e-01 
   466 :  9.6428545e-01  6.2506004e-02 
   467 :  1.4178118e-01  3.7488776e-02 
   468 :  5.3560954e-01  6.4303077e-02 
   469 :  5.7139073e-01  3.1889876e-02 
   470 :  1.0742078e-01  6.3305004e-01 
   471 :  1.0168841e-01  5.5721830e-01 
   472 :  1.0430940e-01  5.9508551e-01 
   473 :  3.6824660e-01  9.1081854e-01 
   474 :  2.5723992e-01  9.3494518e-01 
   475 :  4.0959572e-01  8.5740706e-01 
   476 :  5.7136087e-01  6.3711405e-02 
   477 :  1.7619412e-01  7.5591695e-02 
   478 :  3.5603950e-01  1.0680182e-01 
   479 :  9.8129718e-02  4.8048359e-01 
   480 :  1.6571558e-01  4.2631758e-01 
   481 :  6.1391307e-02  2.5766476e-01 
   482 :  7.8570992e-01  1.8759376e-01 
   483 :  6.7855305e-01  6.2842711e-02 
   484 :  6.4325303e-02  2.2126315e-01 
   485 :  1.1335395e-01  7.0978035e-01 
   486 :  1.1065155e-01  6.7129529e-01 
   487 :  4.6400160e-01  1.6362398e-01 
   488 :  8.5714035e-01  9.3798688e-02 
   489 :  7.8570760e-01  1.2513145e-01 
   490 :  6.5392187e-02  4.8725276e-01 
   491 :  1.8416765e-01  3.2999717e-01 
   492 :  1.3047589e-01  4.3093693e-01 
   493 :  9.6429525e-01  8.7501865e-01 
   494 :  9.2859212e-01  8.7504090e-01 
   495 :  8.2151253e-01  9.0641853e-01 
   496 :  5.7289389e-01  8.1635591e-01 
   497 :  7.5020301e-01  9.0665803e-01 
   498 :  2.4366269e-01  1.9452549e-01 
   499 :  7.2423757e-02  9.6466533e-01 
   500 :  4.1368755e-01  8.3191752e-01 
   501 :  1.1020561e-01  9.2982722e-01 
   502 :  5.7135214e-01  1.5808812e-01 
   503 :  8.2142677e-01  3.1281739e-02 
   504 :  5.0480896e-01  8.5352075e-01 
   505 :  5.3805389e-01  8.1916800e-01 
   506 :  7.8581412e-01  8.1270943e-01 
   507 :  4.6396890e-01  9.9117351e-02 
   508 :  6.0709316e-01  1.5741164e-01 
   509 :  3.7826253e-02  7.4915091e-01 
   510 :  4.3622445e-01  9.1317906e-01 
   511 :  2.9774345e-01  9.0551245e-01 
   512 :  4.9978517e-01  1.2942460e-01 
   513 :  6.7855589e-01  1.8786486e-01 
   514 :  3.9061588e-01  8.0279083e-01 
   515 :  1.9558015e-01  7.8989133e-01 
   516 :  7.3419147e-02  9.2927034e-01 
   517 :  6.7877170e-01  9.6912720e-01 
   518 :  5.0394813e-01  9.1186325e-01 
   519 :  8.2149254e-01  8.1263222e-01 
   520 :  6.0710698e-01  1.8842398e-01 
   521 :  2.0622349e-01  1.9470935e-01 
   522 :  1.8119120e-01  9.6590209e-01 
   523 :  1.1476275e-01  7.4809854e-01 
   524 :  1.6372146e-01  4.6913773e-01 
   525 :  1.7113084e-01  3.7837644e-01 
   526 :  4.7188437e-01  8.3015281e-01 
   527 :  4.7138054e-01  8.8453530e-01 
   528 :  4.7222324e-01  8.5685565e-01 
   529 :  9.2857106e-01  3.1257126e-02 
   530 :  3.5673111e-01  3.5482569e-02 
   531 :  3.2029969e-01  7.2769172e-02 
   532 :  4.6995111e-01  9.1288646e-01 
   533 :  3.4992026e-02  7.2449675e-02 
   534 :  9.2857081e-01  6.2513153e-02 
   535 :  4.4351431e-01  8.1116368e-01 
   536 :  1.1171924e-01  8.9449658e-01 
   537 :  8.2151931e-01  8.7518405e-01 
   538 :  7.1452603e-01  9.3797025e-01 
   539 :  9.2859057e-01  9.0628753e-01 
   540 :  6.4316371e-01  9.6930688e-01 
   541 :  6.7895037e-01  8.1334629e-01 
   542 :  6.4342609e-01  9.3855919e-01 
   543 :  7.5868905e-02  8.2185963e-01 
   544 :  2.3756221e-01  7.9545732e-01 
   545 :  4.1845328e-01  8.0846546e-01 
   546 :  6.7910198e-01  8.7608719e-01 
   547 :  8.9285613e-01  1.8752299e-01 
   548 :  4.9981661e-01  1.6090246e-01 
   549 :  2.8337621e-01  1.1201536e-01 
   550 :  9.6428552e-01  1.8750598e-01 
   551 :  6.7905818e-01  9.0721129e-01 
   552 :  1.9741361e-01  5.4352927e-01 
   553 :  2.0324428e-01  5.8129197e-01 
   554 :  3.5057965e-01  7.3203507e-01 
   555 :  1.3227485e-01  5.1377891e-01 
   556 :  8.6641168e-02  2.9876107e-01 
   557 :  9.9677382e-02  5.1914488e-01 
   558 :  1.3721037e-01  1.5148628e-01 
   559 :  1.7744288e-01  3.7688400e-02 
   560 :  8.9285564e-01  1.2503250e-01 
   561 :  3.1938776e-01  1.4718279e-01 
   562 :  1.5489287e-01  7.4853043e-01 
   563 :  3.1585709e-01  8.1351658e-01 
   564 :  7.0767398e-02  3.6702785e-02 
   565 :  3.9212725e-01  1.0391684e-01 
   566 :  1.9542738e-01  2.8367847e-01 
   567 :  1.5889764e-01  2.7710879e-01 
   568 :  3.0269697e-01  8.7444280e-01 
   569 :  2.3498971e-01  2.8968948e-01 
   570 :  8.9285647e-01  3.1262377e-02 
   571 :  3.0648164e-02  2.5354305e-01 
   572 :  1.6415566e-01  5.0914790e-01 
   573 :  7.1427058e-01  9.4042736e-02 
   574 :  6.0711838e-01  3.1676766e-02 
   575 :  5.3558158e-01  9.6235833e-02 
   576 :  9.6428555e-01  3.1253257e-02 
   577 :  1.1428027e-01  8.2262433e-01 
   578 :  3.7551644e-02  8.5746351e-01 
   579 :  2.4336304e-01  7.5684093e-01 
   580 :  3.3339166e-01  9.0840490e-01 
   581 :  9.6428538e-01  9.3757837e-02 
   582 :  1.0236947e-01  1.4947499e-01 
   583 :  2.3293622e-01  5.7589215e-01 
   584 :  4.6898388e-01  8.0490595e-01 
   585 :  3.8254599e-01  7.4746736e-01 
   586 :  7.4374131e-02  8.9373138e-01 
   587 :  8.5714024e-01  1.2505285e-01 
   588 :  7.8480235e-02  3.2986727e-01 
   589 :  6.3785714e-02  4.4959176e-01 
   590 :  7.5021996e-01  8.7545037e-01 
   591 :  7.1426996e-01  1.2532040e-01 
   592 :  4.9979407e-01  9.7445721e-02 
   593 :  1.8391453e-01  9.3174759e-01 
   594 :  7.1460030e-01  9.0687872e-01 
   595 :  3.9256943e-01  3.4641017e-02 
   596 :  3.9916845e-01  9.4126226e-01 
   597 :  3.3668312e-01  7.5667984e-01 
   598 :  7.4998968e-01  1.2520543e-01 
   599 :  2.3104043e-01  4.2684402e-01 
   600 :  3.1988635e-01  2.2666933e-01 
   601 :  4.6404132e-01  6.6240902e-02 
   602 :  2.4968909e-01  7.1022417e-01 
   603 :  6.4360772e-01  9.0770309e-01 
   604 :  7.1427177e-01  1.5654940e-01 
   605 :  7.1441585e-01  9.6900099e-01 
   606 :  7.5008424e-01  9.6891499e-01 
   607 :  7.8576859e-01  9.6885737e-01 
   608 :  8.2146340e-01  9.6881916e-01 
   609 :  8.5716498e-01  9.6879387e-01 
   610 :  8.9287082e-01  9.6877685e-01 
   611 :  9.2857942e-01  9.6876528e-01 
   612 :  9.6428950e-01  9.6875699e-01 
   613 :  7.8571199e-01  2.1880087e-01 
   614 :  8.2142710e-01  2.1878231e-01 
   615 :  8.5714194e-01  2.1877030e-01 
   616 :  8.9285661e-01  2.1876243e-01 
   617 :  9.2857117e-01  2.1875712e-01 
   618 :  9.6428562e-01  2.1875324e-01 
   619 :  3.6692860e-02  9.2887927e-01 
   620 :  3.6205210e-02  9.6445553e-01 
Number of edges 150 
     0 :      0      8 
     1 :      8     22 
     2 :     22     21 
     3 :     21     23 
     4 :     23     20 
     5 :     20     24 
     6 :     24     19 
     7 :     19     25 
     8 :     25     18 
     9 :     18     26 
    10 :     26     17 
    11 :     17     27 
    12 :     27     16 
    13 :     16     28 
    14 :     28     15 
    15 :     15     29 
    16 :     29     14 
    17 :     14     30 
    18 :     30     13 
    19 :     13     31 
    20 :     31     12 
    21 :     12     32 
    22 :     32     11 
    23 :     11     33 
    24 :     33     10 
    25 :     10     34 
    26 :     34      9 
    27 :      9      1 
    28 :      2     35 
    29 :     35     49 
    30 :     49     48 
    31 :     48     50 
    32 :     50     47 
    33 :     47     51 
    34 :     51     46 
    35 :     46     52 
    36 :     52     45 
    37 :     45     53 
    38 :     53     44 
    39 :     44     54 
    40 :     54     43 
    41 :     43     55 
    42 :     55     42 
    43 :     42     56 
    44 :     56     41 
    45 :     41     57 
    46 :     57     40 
    47 :     40     58 
    48 :     58     39 
    49 :     39     59 
    50 :     59     38 
    51 :     38     60 
    52 :     60     37 
    53 :     37     61 
    54 :     61     36 
    55 :     36      0 
    56 :      3     62 
    57 :     62     66 
    58 :     66     63 
    59 :     63     67 
    60 :     67     64 
    61 :     64     68 
    62 :     68     65 
    63 :     65      2 
    64 :      3     69 
    65 :     69     76 
    66 :     76     70 
    67 :     70     77 
    68 :     77     71 
    69 :     71     78 
    70 :     78     72 
    71 :     72     79 
    72 :     79     73 
    73 :     73     80 
    74 :     80     74 
    75 :     74     81 
    76 :     81     75 
    77 :     75      4 
    78 :      4     82 
    79 :     82     93 
    80 :     93     92 
    81 :     92     94 
    82 :     94     91 
    83 :     91     95 
    84 :     95     90 
    85 :     90     96 
    86 :     96     89 
    87 :     89     97 
    88 :     97     88 
    89 :     88     98 
    90 :     98     87 
    91 :     87     99 
    92 :     99     86 
    93 :     86    100 
    94 :    100     85 
    95 :     85    101 
    96 :    101     84 
    97 :     84    102 
    98 :    102     83 
    99 :     83      5 
   100 :      5    103 
   101 :    103    110 
   102 :    110    104 
   103 :    104    111 
   104 :    111    105 
   105 :    105    112 
   106 :    112    106 
   107 :    106    113 
   108 :    113    107 
   109 :    107    114 
   110 :    114    108 
   111 :    108    115 
   112 :    115    109 
   113 :    109      6 
   114 :      7    116 
   115 :    116    120 
   116 :    120    117 
   117 :    117    121 
   118 :    121    118 
   119 :    118    122 
   120 :    122    119 
   121 :    119      6 
   122 :      1    123 
   123 :    123    137 
   124 :    137    136 
   125 :    136    138 
   126 :    138    135 
   127 :    135    139 
   128 :    139    134 
   129 :    134    140 
   130 :    140    133 
   131 :    133    141 
   132 :    141    132 
   133 :    132    142 
   134 :    142    131 
   135 :    131    143 
   136 :    143    130 
   137 :    130    144 
   138 :    144    129 
   139 :    129    145 
   140 :    145    128 
   141 :    128    146 
   142 :    146    127 
   143 :    127    147 
   144 :    147    126 
   145 :    126    148 
   146 :    148    125 
   147 :    125    149 
   148 :    149    124 
   149 :    124      7 
Number of quads 545 
     0 :    468    476    224    575
     1 :    469    574    356    476
     2 :    577    391    407    457
     3 :    563    172    280    279
     4 :    221    580    473    303
     5 :    619    173    586    516
     6 :     62    369     69      3
     7 :    607    606    217    368
     8 :    611    610    310    186
     9 :    333    324    263    189
    10 :    161    347    359    181
    11 :    361    260     73     79
    12 :    551    603    362    546
    13 :    195    495    537    307
    14 :    530    595    180    220
    15 :    138    135    559    467
    16 :    209    547    616    615
    17 :    423    212    209    223
    18 :    144    129    574    469
    19 :    316    319    103      5
    20 :    319    317    110    103
    21 :    418    226    566    567
    22 :     98     88    443    284
    23 :    599     87     98    284
    24 :    194    321    430    176
    25 :    367    346     78     71
    26 :     63    184    375     66
    27 :    348    412    505    496
    28 :    353    295    403    309
    29 :    145    128    433    200
    30 :    317    327    104    110
    31 :    327    325    111    104
    32 :    478    565    313    410
    33 :    476    356    378    224
    34 :    328    330     85    100
    35 :    330    329    101     85
    36 :    540    332    159    542
    37 :    346    182     72     78
    38 :    216    261    295    353
    39 :    606    605    538    217
    40 :     11    276    417     32
    41 :    561    410    390    252
    42 :    147    126    503    208
    43 :    587    560    151    212
    44 :    325    339    105    111
    45 :    339    337    112    105
    46 :    254    432    240    291
    47 :    192    341    342    340
    48 :    340    342     18     26
    49 :    342    304     25     18
    50 :    341    193    304    342
    51 :    602    345    191    239
    52 :    465    344    554    597
    53 :    236    475    269    203
    54 :    183    262    402    370
    55 :    539    251    323    494
    56 :    519    506    346    367
    57 :     68    331    413     64
    58 :    326    335    319    316
    59 :    164    469    476    468
    60 :    409    264    513    315
    61 :    494    323    261    216
    62 :    404    371    519    218
    63 :    376    249     74     80
    64 :    405    497    590    306
    65 :    597    554    585    294
    66 :    345    270    272    191
    67 :    354     95     91    344
    68 :    397    550    618    617
    69 :    149    124    576    529
    70 :    445    170    414    234
    71 :    358    439     83    102
    72 :    265    381    179    573
    73 :    201    291    409    508
    74 :    282     84    101    329
    75 :    612    611    186    331
    76 :    542    159    351    603
    77 :    605    517    374    538
    78 :    159    187    333    351
    79 :    347    373    541    359
    80 :    307    537    371    404
    81 :     64    413    493     67
    82 :    403    311     77     70
    83 :    560    444    169    151
    84 :    447    555    557    479
    85 :    571    417    484    481
    86 :    481    449    450    571
    87 :    247    364    232    156
    88 :    181    359    361    182
    89 :    250    158    518    324
    90 :     66    375    369     62
    91 :    311    367     71     77
    92 :     44     54    308    332
    93 :    495    405    306    537
    94 :    546    362    183    373
    95 :    370    402    249    376
    96 :     45     53    540    517
    97 :    249    322     81     74
    98 :     53     44    332    540
    99 :    182    361     79     72
   100 :    261    404    218    295
   101 :     67    493    184     63
   102 :    517    540    542    374
   103 :    413    539    494    493
   104 :    395    256    278    336
   105 :    233    285    531    168
   106 :    281    386    444    560
   107 :    242    382    197    435
   108 :    266    419    498    521
   109 :    336    278    582    219
   110 :    432    573    591    240
   111 :    547    397    617    616
   112 :    533    395    336    461
   113 :    113    106    396    613
   114 :    315    513    339    325
   115 :    357    253    150    459
   116 :    196    488    587    301
   117 :    416    350    488    196
   118 :    132    142    163    595
   119 :    131    143    380    162
   120 :    133    141    530    285
   121 :    459    150    419    266
   122 :    600    225    329    330
   123 :    279    280    514    292
   124 :    280    294    171    514
   125 :     40    420    222     57
   126 :    257    463    392    455
   127 :    143    130    164    380
   128 :    529    576    466    534
   129 :    558    207    255    170
   130 :    531    220    478    379
   131 :     56    400    401     42
   132 :     42    401    398     55
   133 :    401    399    158    398
   134 :    400    202    399    401
   135 :    251    195    307    323
   136 :    375    353    309    369
   137 :     65    612    331     68
   138 :    351    333    189    352
   139 :    537    306    296    371
   140 :    496    505    377    322
   141 :    189    263    412    348
   142 :    505    205    411    377
   143 :    522    593    174    408
   144 :    473    406    236    422
   145 :    536    245    267    458
   146 :     22     21    173    619
   147 :    151    169    397    547
   148 :    338    600    330    328
   149 :    497    594    185    590
   150 :     52     45    517    605
   151 :    610    609    188    310
   152 :    603    351    352    362
   153 :     34    533    461     10
   154 :    489    301    423    213
   155 :    415    252    600    338
   156 :    591    598    424    604
   157 :    141    132    595    530
   158 :    434    196    301    489
   159 :    199    286    396    337
   160 :    300    121    118    389
   161 :    385    425    253    357
   162 :    130    144    469    164
   163 :    501    536    458    456
   164 :    500    545    535    230
   165 :    511    568    305    580
   166 :    604    424    286    199
   167 :    573    179    598    591
   168 :    383    219    355    276
   169 :    297    570    198    350
   170 :    491    566    569    194
   171 :    241    512    548    487
   172 :    414    418    567    273
   173 :    156    588    556    154
   174 :    426    428    157    427
   175 :    556    588    204    449
   176 :    426    427     27     16
   177 :    247    525    480    492
   178 :    290    165     30     13
   179 :    283    176    430    599
   180 :    477    357    459    238
   181 :    129    145    200    574
   182 :    498    415    338    206
   183 :    228    201    508    502
   184 :     33    383    276     11
   185 :    388    467    167    256
   186 :    137    136    388    564
   187 :    601    298    592    507
   188 :    278    243    558    582
   189 :    350    198    281    488
   190 :    431    561    252    415
   191 :    106    112    337    396
   192 :    463    544    244    392
   193 :     38    522    408     59
   194 :     24     19    509    393
   195 :    157    437    438    427
   196 :    427    438     17     27
   197 :    438    340     26     17
   198 :    437    192    340    438
   199 :      9    211    533     34
   200 :    439    316      5     83
   201 :    483    265    573    432
   202 :    442    443     88     97
   203 :    583     89     96    440
   204 :    585     92     93    343
   205 :    443    441    178    284
   206 :    240    591    604    264
   207 :     10    461    383     33
   208 :    225    435    282    329
   209 :    139    134    425    385
   210 :     90    446    440     96
   211 :    287    470    472    177
   212 :    166     14     30    165
   213 :    204    246    165    290
   214 :    448    567    566    491
   215 :    320     28     15    175
   216 :    450    290     13     31
   217 :    449    204    290    450
   218 :    267    457    152    258
   219 :    210    452    453    451
   220 :    451    453     82      4
   221 :    453    343     93     82
   222 :    452    171    343    453
   223 :    515    259    579    544
   224 :    174    394    153    474
   225 :     61    499    454     37
   226 :     59    408    274     39
   227 :    421    456    593    522
   228 :    292    514    545    500
   229 :     58    237    420     40
   230 :    562    270    345    259
   231 :     37    454    421     60
   232 :    593    436    394    174
   233 :    275    193    485    523
   234 :    125    149    529    570
   235 :    424    213    482    286
   236 :    312    520    327    317
   237 :    508    409    315    520
   238 :    172    597    294    280
   239 :    454    501    456    421
   240 :    391    523    562    407
   241 :    435    197    358    282
   242 :    313    277    382    242
   243 :    224    378    201    228
   244 :    163    162    601    318
   245 :    192    437    472    470
   246 :    231    271    553    288
   247 :    268    511    580    221
   248 :    437    157    471    472
   249 :     57    222    302     41
   250 :    274    474    268    237
   251 :    237    268    221    420
   252 :    408    174    474    274
   253 :    335    312    317    319
   254 :    212    151    547    209
   255 :    127    147    208    299
   256 :    126    148    297    503
   257 :    525    176    283    480
   258 :    154    556    248    273
   259 :    286    482    613    396
   260 :    208    503    416    384
   261 :    264    604    199    513
   262 :    238    459    266    207
   263 :    193    341    486    485
   264 :    554     94     92    585
   265 :    341    192    470    486
   266 :    576    116    120    466
   267 :    168    531    379    549
   268 :    198    534    386    281
   269 :    140    133    285    233
   270 :    321    328    100     86
   271 :    321     86     99    430
   272 :    448    154    273    567
   273 :    371    296    506    519
   274 :    186    310    251    539
   275 :    373    183    370    541
   276 :    262    348    496    402
   277 :    306    590    161    296
   278 :    184    216    353    375
   279 :    318    601    507    289
   280 :    150    549    431    419
   281 :    379    478    410    561
   282 :    136    138    467    388
   283 :    568    464    229    305
   284 :    462    465    597    172
   285 :    191    231    288    239
   286 :    579    602    465    462
   287 :    213    423    223    482
   288 :    180    318    289    565
   289 :    592    575    349    512
   290 :    378    254    291    201
   291 :    594    551    546    185
   292 :    608    607    368    372
   293 :    374    542    603    551
   294 :    402    496    322    249
   295 :    574    200    460    356
   296 :    513    199    337    339
   297 :    135    139    385    559
   298 :    583    442     97     89
   299 :    227    572    441    552
   300 :    173    578    215    586
   301 :    475    500    230    269
   302 :    544    579    462    244
   303 :    578    214    543    215
   304 :    229    279    292    293
   305 :    582    558    170    445
   306 :    155    166    165    246
   307 :    420    221    303    222
   308 :    244    462    172    563
   309 :    620    619    516    499
   310 :    393    509    275    235
   311 :    352    189    348    262
   312 :    323    307    404    261
   313 :    368    217    497    405
   314 :     54     43    360    308
   315 :    285    530    220    531
   316 :    219    582    445    355
   317 :    549    379    561    431
   318 :    460    483    432    254
   319 :    258    152    463    257
   320 :    407    562    259    515
   321 :     20     24    393    214
   322 :    392    244    563    464
   323 :    492    480    524    447
   324 :    232    155    246    363
   325 :    588    363    246    204
   326 :    571    450     31     12
   327 :    160    527    528    504
   328 :    504    528    526    205
   329 :    528    269    230    526
   330 :    527    203    269    528
   331 :    589    175    365    366
   332 :    134    140    233    425
   333 :    545    452    210    535
   334 :    294    585    343    171
   335 :    380    164    468    298
   336 :    179    434    489    598
   337 :    197    334    439    358
   338 :    334    326    316    439
   339 :    158    399    532    518
   340 :    518    532    527    160
   341 :    532    510    203    527
   342 :    399    202    510    532
   343 :    169    389    550    397
   344 :    123    137    564    211
   345 :    381    384    434    179
   346 :    559    385    357    477
   347 :    523    485    270    562
   348 :     19     25    304    509
   349 :    586    215    245    536
   350 :    303    473    422    596
   351 :    124      7    116    576
   352 :    538    374    551    594
   353 :    360    398    158    250
   354 :    541    370    376    260
   355 :    308    360    250    187
   356 :    506    181    182    346
   357 :    590    185    347    161
   358 :    185    546    373    347
   359 :    187    250    324    333
   360 :    359    541    260    361
   361 :    310    188    195    251
   362 :    296    161    181    506
   363 :    263    160    504    412
   364 :    543    235    391    577
   365 :    516    586    536    501
   366 :    332    308    187    159
   367 :    362    352    262    183
   368 :    218    519    367    311
   369 :    369    309     76     69
   370 :    433    314    265    483
   371 :    412    504    205    505
   372 :    493    494    216    184
   373 :    609    608    372    188
   374 :    324    518    160    263
   375 :    231    287    177    271
   376 :    272    270    485    486
   377 :    271    177    190    227
   378 :    457    407    515    152
   379 :    394    257    455    153
   380 :     36    620    499     61
   381 :    464    563    279    229
   382 :    366    365    166    155
   383 :    428    557    471    157
   384 :    514    171    452    545
   385 :    247    448    491    525
   386 :    521    498    206    226
   387 :    466    120    117    581
   388 :    355    445    234    484
   389 :    220    180    565    478
   390 :    564    388    256    395
   391 :    235    275    523    391
   392 :    293    292    500    475
   393 :    455    392    464    568
   394 :    458    267    258    436
   395 :    389    118    122    550
   396 :    226    206    569    566
   397 :    298    468    575    592
   398 :    170    255    418    414
   399 :    167    477    238    243
   400 :    247    156    154    448
   401 :    425    233    168    253
   402 :    272    486    470    287
   403 :    344     91     94    554
   404 :     60    421    522     38
   405 :    194    569    328    321
   406 :    599    430     99     87
   407 :      1    123    211      9
   408 :    390    242    435    225
   409 :    565    289    277    313
   410 :    211    564    395    533
   411 :    207    266    521    255
   412 :    534    466    581    386
   413 :    429    589    366    364
   414 :    364    366    155    232
   415 :    524    178    441    572
   416 :    365     29     14    166
   417 :    557    428    490    479
   418 :    252    390    225    600
   419 :    291    240    264    409
   420 :     12     32    417    571
   421 :    190    471    557    555
   422 :    447    524    572    555
   423 :    602    239    446    354
   424 :    245    577    457    267
   425 :    602    354    344    465
   426 :    354    446     90     95
   427 :    419    431    415    498
   428 :    301    587    212    423
   429 :    512    349    387    548
   430 :    277    241    487    382
   431 :    598    489    213    424
   432 :    581    117    121    300
   433 :    502    508    520    312
   434 :    570    529    534    198
   435 :    386    581    300    444
   436 :    482    223    614    613
   437 :     23     20    214    578
   438 :    509    304    193    275
   439 :    191    272    287    231
   440 :    595    163    318    180
   441 :    256    167    243    278
   442 :    507    592    512    241
   443 :    499    516    501    454
   444 :    456    458    436    593
   445 :     41    302    400     56
   446 :    302    596    202    400
   447 :    384    416    196    434
   448 :    148    125    570    297
   449 :    550    122    119    618
   450 :    487    548    326    334
   451 :    142    131    162    163
   452 :    146    127    299    314
   453 :    177    472    471    190
   454 :    214    393    235    543
   455 :    210    451    584    535
   456 :    535    584    526    230
   457 :    584    411    205    526
   458 :    451      4    411    584
   459 :    305    229    293    406
   460 :    239    288    440    446
   461 :    222    303    596    302
   462 :    596    422    510    202
   463 :    255    521    226    418
   464 :    200    433    483    460
   465 :    525    491    194    176
   466 :    492    447    479    429
   467 :    247    492    429    364
   468 :    175     15     29    365
   469 :    479    490    589    429
   470 :    481    484    234    248
   471 :    260    376     80     73
   472 :    309    403     70     76
   473 :    188    372    495    195
   474 :    575    224    228    349
   475 :    299    208    384    381
   476 :    356    460    254    378
   477 :    223    209    615    614
   478 :    349    228    502    387
   479 :    474    153    511    268
   480 :     21     23    578    173
   481 :    153    455    568    511
   482 :    331    186    539    413
   483 :    322    377     75     81
   484 :    377    411      4     75
   485 :    295    218    311    403
   486 :    243    238    207    558
   487 :    548    387    335    326
   488 :    152    515    544    463
   489 :    422    236    203    510
   490 :    406    293    475    236
   491 :    552    441    443    442
   492 :    553    552    442    583
   493 :    156    232    363    588
   494 :    480    283    178    524
   495 :    271    227    552    553
   496 :    248    234    414    273
   497 :    248    556    449    481
   498 :    428    426    320    490
   499 :    215    543    577    245
   500 :    289    507    241    277
   501 :    503    297    350    416
   502 :    488    281    560    587
   503 :    410    313    242    390
   504 :    436    258    257    394
   505 :    259    345    602    579
   506 :    580    305    406    473
   507 :    467    559    477    167
   508 :    282    358    102     84
   509 :    426     16     28    320
   510 :    284    178    283    599
   511 :    314    299    381    265
   512 :    162    380    298    601
   513 :    128    146    314    433
   514 :    288    553    583    440
   515 :    227    190    555    572
   516 :    520    315    325    327
   517 :    253    168    549    150
   518 :    461    336    219    383
   519 :    276    355    484    417
   520 :    490    320    175    589
   521 :    206    338    328    569
   522 :     39    274    237     58
   523 :    372    368    405    495
   524 :     43     55    398    360
   525 :    217    538    594    497
   526 :    382    487    334    197
   527 :    444    300    389    169
   528 :    387    502    312    335
   529 :     46     52    605    606
   530 :     51     46    606    607
   531 :     47     51    607    608
   532 :     50     47    608    609
   533 :     48     50    609    610
   534 :     49     48    610    611
   535 :     35     49    611    612
   536 :      2     35    612     65
   537 :    107    113    613    614
   538 :    114    107    614    615
   539 :    108    114    615    616
   540 :    115    108    616    617
   541 :    109    115    617    618
   542 :      6    109    618    119
   543 :      8     22    619    620
   544 :      0      8    620     36
Number of domains 8
  Domain :      0 
  Name : Symmetry
  Number of elements :     28
     0     1     2     3     4     5     6     7     8     9
    10    11    12    13    14    15    16    17    18    19
    20    21    22    23    24    25    26    27
  Domain :      1 
  Name : Top
  Number of elements :     28
    28    29    30    31    32    33    34    35    36    37
    38    39    40    41    42    43    44    45    46    47
    48    49    50    51    52    53    54    55
  Domain :      2 
  Name : Entity 2 
  Number of elements :      8
    56    57    58    59    60    61    62    63
  Domain :      3 
  Name : Entity 3 
  Number of elements :     14
    64    65    66    67    68    69    70    71    72    73
    74    75    76    77
  Domain :      4 
  Name : Entity 4 
  Number of elements :     22
    78    79    80    81    82    83    84    85    86    87
    88    89    90    91    92    93    94    95    96    97
    98    99
  Domain :      5 
  Name : Entity 5 
  Number of elements :     14
   100   101   102   103   104   105   106   107   108   109
   110   111   112   113
  Domain :      6 
  Name : Entity 6 
  Number of elements :      8
   114   115   116   117   118   119   120   121
  Domain :      7 
  Name : Bottom
  Number of elements :     28
   122   123   124   125   126   127   128   129   130   131
   132   133   134   135   136   137   138   139   140   141
   142   143   144   145   146   147   148   149
