Number of nodes 955 
     0 :  5.0000000e-02  0.0000000e+00 
     1 : -5.0000000e-02  0.0000000e+00 
     2 :  1.0000000e+00  0.0000000e+00 
     3 : -1.0000000e+00  0.0000000e+00 
     4 :  9.2106099e-02  3.8941834e-02 
     5 :  6.5498235e-02  7.5564417e-02 
     6 :  9.2210610e-01  3.8941834e-02 
     7 :  3.2198234e-01  8.6494133e-01 
     8 : -8.5735352e-03  9.9631795e-02 
     9 : -5.1625964e-02  8.5643213e-02 
    10 :  2.4791057e-01  8.8900870e-01 
    11 : -7.2311007e-01  5.7350497e-01 
    12 : -9.7404836e-02  2.2634001e-02 
    13 : -9.7404836e-02 -2.2634001e-02 
    14 : -7.6888894e-01  5.1049576e-01 
    15 : -7.6888894e-01 -5.1049576e-01 
    16 : -5.1625964e-02 -8.5643213e-02 
    17 : -8.5735352e-03 -9.9631795e-02 
    18 : -7.2311007e-01 -5.7350497e-01 
    19 :  2.4791057e-01 -8.8900870e-01 
    20 :  6.5498235e-02 -7.5564417e-02 
    21 :  9.2106099e-02 -3.8941834e-02 
    22 :  3.2198234e-01 -8.6494133e-01 
    23 :  9.2210610e-01 -3.8941834e-02 
    24 :  4.3301270e-02  2.5000000e-02 
    25 :  2.5000000e-02  4.3301270e-02 
    26 : -2.4120644e-10  5.0000000e-02 
    27 : -2.5000000e-02  4.3301270e-02 
    28 : -4.3301270e-02  2.5000000e-02 
    29 : -4.3301270e-02 -2.5000000e-02 
    30 : -2.5000000e-02 -4.3301270e-02 
    31 :  2.4120644e-10 -5.0000000e-02 
    32 :  2.5000000e-02 -4.3301270e-02 
    33 :  4.3301270e-02 -2.5000000e-02 
    34 :  9.9879546e-01  4.9067674e-02 
    35 :  9.9518473e-01  9.8017141e-02 
    36 :  9.8917651e-01  1.4673047e-01 
    37 :  9.8078528e-01  1.9509032e-01 
    38 :  9.7003125e-01  2.4298018e-01 
    39 :  9.5694034e-01  2.9028468e-01 
    40 :  9.4154406e-01  3.3688985e-01 
    41 :  9.2387953e-01  3.8268343e-01 
    42 :  9.0398929e-01  4.2755509e-01 
    43 :  8.8192126e-01  4.7139674e-01 
    44 :  8.5772861e-01  5.1410275e-01 
    45 :  8.3146961e-01  5.5557023e-01 
    46 :  8.0320753e-01  5.9569931e-01 
    47 :  7.7301045e-01  6.3439329e-01 
    48 :  7.4095112e-01  6.7155896e-01 
    49 :  7.0710678e-01  7.0710678e-01 
    50 :  6.7155895e-01  7.4095113e-01 
    51 :  6.3439328e-01  7.7301045e-01 
    52 :  5.9569930e-01  8.0320753e-01 
    53 :  5.5557023e-01  8.3146961e-01 
    54 :  5.1410274e-01  8.5772861e-01 
    55 :  4.7139673e-01  8.8192127e-01 
    56 :  4.2755509e-01  9.0398929e-01 
    57 :  3.8268343e-01  9.2387953e-01 
    58 :  3.3688985e-01  9.4154407e-01 
    59 :  2.9028467e-01  9.5694034e-01 
    60 :  2.4298018e-01  9.7003125e-01 
    61 :  1.9509032e-01  9.8078528e-01 
    62 :  1.4673047e-01  9.8917651e-01 
    63 :  9.8017136e-02  9.9518473e-01 
    64 :  4.9067670e-02  9.9879546e-01 
    65 : -4.5713932e-09  1.0000000e+00 
    66 : -4.9067679e-02  9.9879546e-01 
    67 : -9.8017145e-02  9.9518473e-01 
    68 : -1.4673048e-01  9.8917651e-01 
    69 : -1.9509033e-01  9.8078528e-01 
    70 : -2.4298018e-01  9.7003125e-01 
    71 : -2.9028468e-01  9.5694033e-01 
    72 : -3.3688986e-01  9.4154406e-01 
    73 : -3.8268344e-01  9.2387953e-01 
    74 : -4.2755510e-01  9.0398929e-01 
    75 : -4.7139674e-01  8.8192126e-01 
    76 : -5.1410275e-01  8.5772861e-01 
    77 : -5.5557024e-01  8.3146961e-01 
    78 : -5.9569931e-01  8.0320753e-01 
    79 : -6.3439329e-01  7.7301045e-01 
    80 : -6.7155896e-01  7.4095112e-01 
    81 : -7.0710678e-01  7.0710678e-01 
    82 : -7.4095113e-01  6.7155895e-01 
    83 : -7.7301045e-01  6.3439328e-01 
    84 : -8.0320753e-01  5.9569930e-01 
    85 : -8.3146961e-01  5.5557023e-01 
    86 : -8.5772861e-01  5.1410274e-01 
    87 : -8.8192127e-01  4.7139674e-01 
    88 : -9.0398929e-01  4.2755509e-01 
    89 : -9.2387953e-01  3.8268343e-01 
    90 : -9.4154407e-01  3.3688985e-01 
    91 : -9.5694034e-01  2.9028468e-01 
    92 : -9.7003125e-01  2.4298018e-01 
    93 : -9.8078528e-01  1.9509032e-01 
    94 : -9.8917651e-01  1.4673047e-01 
    95 : -9.9518473e-01  9.8017140e-02 
    96 : -9.9879546e-01  4.9067674e-02 
    97 : -9.9879546e-01 -4.9067674e-02 
    98 : -9.9518473e-01 -9.8017141e-02 
    99 : -9.8917651e-01 -1.4673047e-01 
   100 : -9.8078528e-01 -1.9509032e-01 
   101 : -9.7003125e-01 -2.4298018e-01 
   102 : -9.5694034e-01 -2.9028468e-01 
   103 : -9.4154406e-01 -3.3688985e-01 
   104 : -9.2387953e-01 -3.8268343e-01 
   105 : -9.0398929e-01 -4.2755509e-01 
   106 : -8.8192126e-01 -4.7139674e-01 
   107 : -8.5772861e-01 -5.1410275e-01 
   108 : -8.3146961e-01 -5.5557023e-01 
   109 : -8.0320753e-01 -5.9569931e-01 
   110 : -7.7301045e-01 -6.3439329e-01 
   111 : -7.4095112e-01 -6.7155896e-01 
   112 : -7.0710678e-01 -7.0710678e-01 
   113 : -6.7155895e-01 -7.4095113e-01 
   114 : -6.3439328e-01 -7.7301045e-01 
   115 : -5.9569930e-01 -8.0320753e-01 
   116 : -5.5557023e-01 -8.3146961e-01 
   117 : -5.1410274e-01 -8.5772861e-01 
   118 : -4.7139673e-01 -8.8192127e-01 
   119 : -4.2755509e-01 -9.0398929e-01 
   120 : -3.8268343e-01 -9.2387953e-01 
   121 : -3.3688985e-01 -9.4154407e-01 
   122 : -2.9028467e-01 -9.5694034e-01 
   123 : -2.4298018e-01 -9.7003125e-01 
   124 : -1.9509032e-01 -9.8078528e-01 
   125 : -1.4673047e-01 -9.8917651e-01 
   126 : -9.8017136e-02 -9.9518473e-01 
   127 : -4.9067670e-02 -9.9879546e-01 
   128 :  4.5713932e-09 -1.0000000e+00 
   129 :  4.9067679e-02 -9.9879546e-01 
   130 :  9.8017145e-02 -9.9518473e-01 
   131 :  1.4673048e-01 -9.8917651e-01 
   132 :  1.9509033e-01 -9.8078528e-01 
   133 :  2.4298018e-01 -9.7003125e-01 
   134 :  2.9028468e-01 -9.5694033e-01 
   135 :  3.3688986e-01 -9.4154406e-01 
   136 :  3.8268344e-01 -9.2387953e-01 
   137 :  4.2755510e-01 -9.0398929e-01 
   138 :  4.7139674e-01 -8.8192126e-01 
   139 :  5.1410275e-01 -8.5772861e-01 
   140 :  5.5557024e-01 -8.3146961e-01 
   141 :  5.9569931e-01 -8.0320753e-01 
   142 :  6.3439329e-01 -7.7301045e-01 
   143 :  6.7155896e-01 -7.4095112e-01 
   144 :  7.0710678e-01 -7.0710678e-01 
   145 :  7.4095113e-01 -6.7155895e-01 
   146 :  7.7301045e-01 -6.3439328e-01 
   147 :  8.0320753e-01 -5.9569930e-01 
   148 :  8.3146961e-01 -5.5557023e-01 
   149 :  8.5772861e-01 -5.1410274e-01 
   150 :  8.8192127e-01 -4.7139674e-01 
   151 :  9.0398929e-01 -4.2755509e-01 
   152 :  9.2387953e-01 -3.8268343e-01 
   153 :  9.4154407e-01 -3.3688985e-01 
   154 :  9.5694034e-01 -2.9028468e-01 
   155 :  9.7003125e-01 -2.4298018e-01 
   156 :  9.8078528e-01 -1.9509032e-01 
   157 :  9.8917651e-01 -1.4673047e-01 
   158 :  9.9518473e-01 -9.8017140e-02 
   159 :  9.9879546e-01 -4.9067674e-02 
   160 :  8.0901699e-02  5.8778525e-02 
   161 :  7.9747352e-02  1.1941869e-01 
   162 :  9.3996469e-02  1.6327296e-01 
   163 :  1.0824559e-01  2.0712724e-01 
   164 :  1.2249470e-01  2.5098151e-01 
   165 :  1.3674382e-01  2.9483578e-01 
   166 :  1.5099294e-01  3.3869005e-01 
   167 :  1.6524205e-01  3.8254433e-01 
   168 :  1.7949117e-01  4.2639860e-01 
   169 :  1.9374029e-01  4.7025287e-01 
   170 :  2.0798940e-01  5.1410714e-01 
   171 :  2.2223852e-01  5.5796142e-01 
   172 :  2.3648764e-01  6.0181569e-01 
   173 :  2.5073676e-01  6.4566996e-01 
   174 :  2.6498587e-01  6.8952424e-01 
   175 :  2.7923499e-01  7.3337851e-01 
   176 :  2.9348411e-01  7.7723278e-01 
   177 :  3.0773322e-01  8.2108705e-01 
   178 :  3.6759019e-01  8.4656576e-01 
   179 :  4.1215466e-01  8.2578730e-01 
   180 :  4.5554928e-01  8.0266492e-01 
   181 :  4.9765087e-01  7.7726426e-01 
   182 :  5.3833993e-01  7.4965742e-01 
   183 :  5.7750096e-01  7.1992275e-01 
   184 :  6.1502281e-01  6.8814465e-01 
   185 :  6.5079899e-01  6.5441333e-01 
   186 :  6.8472794e-01  6.1882451e-01 
   187 :  7.1671335e-01  5.8147923e-01 
   188 :  7.4666445e-01  5.4248348e-01 
   189 :  7.7449622e-01  5.0194794e-01 
   190 :  8.0012966e-01  4.5998767e-01 
   191 :  8.2349201e-01  4.1672178e-01 
   192 :  8.4451696e-01  3.7227306e-01 
   193 :  8.6314483e-01  3.2676768e-01 
   194 :  8.7932276e-01  2.8033481e-01 
   195 :  8.9300482e-01  2.3310623e-01 
   196 :  9.0415217e-01  1.8521601e-01 
   197 :  9.1273318e-01  1.3680007e-01 
   198 :  9.1872349e-01  8.7995836e-02 
   199 :  8.7599499e-01  3.8941834e-02 
   200 :  8.2988388e-01  3.8941834e-02 
   201 :  7.8377277e-01  3.8941834e-02 
   202 :  7.3766165e-01  3.8941834e-02 
   203 :  6.9155054e-01  3.8941834e-02 
   204 :  6.4543943e-01  3.8941834e-02 
   205 :  5.9932832e-01  3.8941834e-02 
   206 :  5.5321721e-01  3.8941834e-02 
   207 :  5.0710610e-01  3.8941834e-02 
   208 :  4.6099499e-01  3.8941834e-02 
   209 :  4.1488388e-01  3.8941834e-02 
   210 :  3.6877277e-01  3.8941834e-02 
   211 :  3.2266165e-01  3.8941834e-02 
   212 :  2.7655054e-01  3.8941834e-02 
   213 :  2.3043943e-01  3.8941834e-02 
   214 :  1.8432832e-01  3.8941834e-02 
   215 :  1.3821721e-01  3.8941834e-02 
   216 : -3.0901700e-02  9.5105652e-02 
   217 : -8.8930636e-02  1.1274664e-01 
   218 : -1.2623531e-01  1.3985007e-01 
   219 : -1.6353998e-01  1.6695351e-01 
   220 : -2.0084465e-01  1.9405694e-01 
   221 : -2.3814933e-01  2.2116037e-01 
   222 : -2.7545400e-01  2.4826380e-01 
   223 : -3.1275867e-01  2.7536723e-01 
   224 : -3.5006334e-01  3.0247066e-01 
   225 : -3.8736802e-01  3.2957409e-01 
   226 : -4.2467269e-01  3.5667752e-01 
   227 : -4.6197736e-01  3.8378095e-01 
   228 : -4.9928203e-01  4.1088439e-01 
   229 : -5.3658671e-01  4.3798782e-01 
   230 : -5.7389138e-01  4.6509125e-01 
   231 : -6.1119605e-01  4.9219468e-01 
   232 : -6.4850072e-01  5.1929811e-01 
   233 : -6.8580540e-01  5.4640154e-01 
   234 : -6.9154026e-01  6.1120225e-01 
   235 : -6.5800759e-01  6.4716469e-01 
   236 : -6.2260723e-01  6.8129021e-01 
   237 : -5.8543967e-01  7.1348197e-01 
   238 : -5.4661039e-01  7.4364858e-01 
   239 : -5.0622961e-01  7.7170441e-01 
   240 : -4.6441196e-01  7.9756985e-01 
   241 : -4.2127611e-01  8.2117146e-01 
   242 : -3.7694452e-01  8.4244226e-01 
   243 : -3.3154300e-01  8.6132187e-01 
   244 : -2.8520044e-01  8.7775671e-01 
   245 : -2.3804836e-01  8.9170012e-01 
   246 : -1.9022061e-01  9.0311253e-01 
   247 : -1.4185294e-01  9.1196155e-01 
   248 : -9.3082628e-02  9.1822206e-01 
   249 : -4.4048112e-02  9.2187629e-01 
   250 :  5.1114290e-03  9.2291386e-01 
   251 :  5.4256462e-02  9.2133184e-01 
   252 :  1.0324749e-01  9.1713471e-01 
   253 :  1.5194547e-01  9.1033439e-01 
   254 :  2.0021216e-01  9.0095017e-01 
   255 :  2.3366145e-01  8.4515443e-01 
   256 :  2.1941234e-01  8.0130016e-01 
   257 :  2.0516322e-01  7.5744589e-01 
   258 :  1.9091410e-01  7.1359161e-01 
   259 :  1.7666499e-01  6.6973734e-01 
   260 :  1.6241587e-01  6.2588307e-01 
   261 :  1.4816675e-01  5.8202879e-01 
   262 :  1.3391763e-01  5.3817452e-01 
   263 :  1.1966852e-01  4.9432025e-01 
   264 :  1.0541940e-01  4.5046598e-01 
   265 :  9.1170284e-02  4.0661170e-01 
   266 :  7.6921167e-02  3.6275743e-01 
   267 :  6.2672050e-02  3.1890316e-01 
   268 :  4.8422933e-02  2.7504889e-01 
   269 :  3.4173816e-02  2.3119461e-01 
   270 :  1.9924699e-02  1.8734034e-01 
   271 :  5.6755818e-03  1.4348607e-01 
   272 : -1.0000000e-01 -1.3666939e-11 
   273 : -1.3470951e-01 -4.9737432e-02 
   274 : -1.7201418e-01 -7.6840863e-02 
   275 : -2.0931885e-01 -1.0394429e-01 
   276 : -2.4662353e-01 -1.3104773e-01 
   277 : -2.8392820e-01 -1.5815116e-01 
   278 : -3.2123287e-01 -1.8525459e-01 
   279 : -3.5853754e-01 -2.1235802e-01 
   280 : -3.9584222e-01 -2.3946145e-01 
   281 : -4.3314689e-01 -2.6656488e-01 
   282 : -4.7045156e-01 -2.9366831e-01 
   283 : -5.0775623e-01 -3.2077174e-01 
   284 : -5.4506091e-01 -3.4787517e-01 
   285 : -5.8236558e-01 -3.7497861e-01 
   286 : -6.1967025e-01 -4.0208204e-01 
   287 : -6.5697492e-01 -4.2918547e-01 
   288 : -6.9427960e-01 -4.5628890e-01 
   289 : -7.3158427e-01 -4.8339233e-01 
   290 : -7.9498557e-01 -4.6882199e-01 
   291 : -8.1882572e-01 -4.2581752e-01 
   292 : -8.4034171e-01 -3.8160441e-01 
   293 : -8.5947248e-01 -3.3630816e-01 
   294 : -8.7616373e-01 -2.9005732e-01 
   295 : -8.9036807e-01 -2.4298319e-01 
   296 : -9.0204519e-01 -1.9521938e-01 
   297 : -9.1116194e-01 -1.4690145e-01 
   298 : -9.1769246e-01 -9.8166565e-02 
   299 : -9.2161820e-01 -4.9153040e-02 
   300 : -9.2292802e-01  1.3693138e-09 
   301 : -9.2161820e-01  4.9153042e-02 
   302 : -9.1769246e-01  9.8166567e-02 
   303 : -9.1116194e-01  1.4690146e-01 
   304 : -9.0204519e-01  1.9521938e-01 
   305 : -8.9036807e-01  2.4298319e-01 
   306 : -8.7616373e-01  2.9005733e-01 
   307 : -8.5947248e-01  3.3630816e-01 
   308 : -8.4034171e-01  3.8160441e-01 
   309 : -8.1882572e-01  4.2581752e-01 
   310 : -7.9498557e-01  4.6882199e-01 
   311 : -7.3158427e-01  4.8339233e-01 
   312 : -6.9427960e-01  4.5628890e-01 
   313 : -6.5697492e-01  4.2918547e-01 
   314 : -6.1967025e-01  4.0208204e-01 
   315 : -5.8236558e-01  3.7497861e-01 
   316 : -5.4506091e-01  3.4787517e-01 
   317 : -5.0775623e-01  3.2077174e-01 
   318 : -4.7045156e-01  2.9366831e-01 
   319 : -4.3314689e-01  2.6656488e-01 
   320 : -3.9584222e-01  2.3946145e-01 
   321 : -3.5853754e-01  2.1235802e-01 
   322 : -3.2123287e-01  1.8525459e-01 
   323 : -2.8392820e-01  1.5815116e-01 
   324 : -2.4662353e-01  1.3104773e-01 
   325 : -2.0931885e-01  1.0394429e-01 
   326 : -1.7201418e-01  7.6840863e-02 
   327 : -1.3470951e-01  4.9737432e-02 
   328 : -3.0901699e-02 -9.5105652e-02 
   329 :  5.6755818e-03 -1.4348607e-01 
   330 :  1.9924699e-02 -1.8734034e-01 
   331 :  3.4173816e-02 -2.3119461e-01 
   332 :  4.8422933e-02 -2.7504889e-01 
   333 :  6.2672050e-02 -3.1890316e-01 
   334 :  7.6921167e-02 -3.6275743e-01 
   335 :  9.1170284e-02 -4.0661170e-01 
   336 :  1.0541940e-01 -4.5046598e-01 
   337 :  1.1966852e-01 -4.9432025e-01 
   338 :  1.3391763e-01 -5.3817452e-01 
   339 :  1.4816675e-01 -5.8202879e-01 
   340 :  1.6241587e-01 -6.2588307e-01 
   341 :  1.7666499e-01 -6.6973734e-01 
   342 :  1.9091410e-01 -7.1359161e-01 
   343 :  2.0516322e-01 -7.5744589e-01 
   344 :  2.1941234e-01 -8.0130016e-01 
   345 :  2.3366145e-01 -8.4515443e-01 
   346 :  2.0021216e-01 -9.0095017e-01 
   347 :  1.5194547e-01 -9.1033439e-01 
   348 :  1.0324749e-01 -9.1713471e-01 
   349 :  5.4256461e-02 -9.2133184e-01 
   350 :  5.1114278e-03 -9.2291386e-01 
   351 : -4.4048114e-02 -9.2187629e-01 
   352 : -9.3082629e-02 -9.1822206e-01 
   353 : -1.4185294e-01 -9.1196155e-01 
   354 : -1.9022061e-01 -9.0311253e-01 
   355 : -2.3804837e-01 -8.9170012e-01 
   356 : -2.8520044e-01 -8.7775670e-01 
   357 : -3.3154301e-01 -8.6132187e-01 
   358 : -3.7694452e-01 -8.4244226e-01 
   359 : -4.2127611e-01 -8.2117146e-01 
   360 : -4.6441196e-01 -7.9756985e-01 
   361 : -5.0622961e-01 -7.7170441e-01 
   362 : -5.4661039e-01 -7.4364858e-01 
   363 : -5.8543967e-01 -7.1348197e-01 
   364 : -6.2260723e-01 -6.8129021e-01 
   365 : -6.5800759e-01 -6.4716469e-01 
   366 : -6.9154027e-01 -6.1120225e-01 
   367 : -6.8580540e-01 -5.4640154e-01 
   368 : -6.4850072e-01 -5.1929811e-01 
   369 : -6.1119605e-01 -4.9219468e-01 
   370 : -5.7389138e-01 -4.6509125e-01 
   371 : -5.3658671e-01 -4.3798782e-01 
   372 : -4.9928203e-01 -4.1088439e-01 
   373 : -4.6197736e-01 -3.8378095e-01 
   374 : -4.2467269e-01 -3.5667752e-01 
   375 : -3.8736802e-01 -3.2957409e-01 
   376 : -3.5006334e-01 -3.0247066e-01 
   377 : -3.1275867e-01 -2.7536723e-01 
   378 : -2.7545400e-01 -2.4826380e-01 
   379 : -2.3814933e-01 -2.2116037e-01 
   380 : -2.0084465e-01 -1.9405694e-01 
   381 : -1.6353998e-01 -1.6695351e-01 
   382 : -1.2623531e-01 -1.3985007e-01 
   383 : -8.8930636e-02 -1.1274664e-01 
   384 :  8.0901699e-02 -5.8778525e-02 
   385 :  1.3821721e-01 -3.8941834e-02 
   386 :  1.8432832e-01 -3.8941834e-02 
   387 :  2.3043943e-01 -3.8941834e-02 
   388 :  2.7655054e-01 -3.8941834e-02 
   389 :  3.2266165e-01 -3.8941834e-02 
   390 :  3.6877277e-01 -3.8941834e-02 
   391 :  4.1488388e-01 -3.8941834e-02 
   392 :  4.6099499e-01 -3.8941834e-02 
   393 :  5.0710610e-01 -3.8941834e-02 
   394 :  5.5321721e-01 -3.8941834e-02 
   395 :  5.9932832e-01 -3.8941834e-02 
   396 :  6.4543943e-01 -3.8941834e-02 
   397 :  6.9155054e-01 -3.8941834e-02 
   398 :  7.3766165e-01 -3.8941834e-02 
   399 :  7.8377277e-01 -3.8941834e-02 
   400 :  8.2988388e-01 -3.8941834e-02 
   401 :  8.7599499e-01 -3.8941834e-02 
   402 :  9.1872349e-01 -8.7995836e-02 
   403 :  9.1273318e-01 -1.3680007e-01 
   404 :  9.0415217e-01 -1.8521601e-01 
   405 :  8.9300482e-01 -2.3310624e-01 
   406 :  8.7932276e-01 -2.8033481e-01 
   407 :  8.6314483e-01 -3.2676769e-01 
   408 :  8.4451696e-01 -3.7227306e-01 
   409 :  8.2349201e-01 -4.1672178e-01 
   410 :  8.0012965e-01 -4.5998767e-01 
   411 :  7.7449622e-01 -5.0194794e-01 
   412 :  7.4666445e-01 -5.4248348e-01 
   413 :  7.1671335e-01 -5.8147923e-01 
   414 :  6.8472793e-01 -6.1882452e-01 
   415 :  6.5079899e-01 -6.5441333e-01 
   416 :  6.1502281e-01 -6.8814465e-01 
   417 :  5.7750096e-01 -7.1992275e-01 
   418 :  5.3833992e-01 -7.4965742e-01 
   419 :  4.9765087e-01 -7.7726427e-01 
   420 :  4.5554928e-01 -8.0266492e-01 
   421 :  4.1215466e-01 -8.2578730e-01 
   422 :  3.6759019e-01 -8.4656576e-01 
   423 :  3.0773322e-01 -8.2108705e-01 
   424 :  2.9348411e-01 -7.7723278e-01 
   425 :  2.7923499e-01 -7.3337851e-01 
   426 :  2.6498587e-01 -6.8952424e-01 
   427 :  2.5073676e-01 -6.4566996e-01 
   428 :  2.3648764e-01 -6.0181569e-01 
   429 :  2.2223852e-01 -5.5796142e-01 
   430 :  2.0798940e-01 -5.1410714e-01 
   431 :  1.9374029e-01 -4.7025287e-01 
   432 :  1.7949117e-01 -4.2639860e-01 
   433 :  1.6524205e-01 -3.8254433e-01 
   434 :  1.5099294e-01 -3.3869005e-01 
   435 :  1.3674382e-01 -2.9483578e-01 
   436 :  1.2249470e-01 -2.5098151e-01 
   437 :  1.0824559e-01 -2.0712724e-01 
   438 :  9.3996469e-02 -1.6327296e-01 
   439 :  7.9747352e-02 -1.1941869e-01 
   440 : -1.1182007e-01 -8.1242038e-02 
   441 :  4.2711467e-02  1.3145238e-01 
   442 :  1.3821721e-01 -3.4694470e-17 
   443 :  4.2711467e-02 -1.3145238e-01 
   444 : -1.1182007e-01  8.1242038e-02 
   445 : -6.5343321e-02 -4.7474702e-02 
   446 : -6.5343321e-02  4.7474702e-02 
   447 :  2.6825187e-02 -8.2559437e-02 
   448 :  2.6825187e-02  8.2559437e-02 
   449 :  7.1195222e-01 -6.4464224e-01 
   450 :  7.1195222e-01  6.4464225e-01 
   451 : -6.4623683e-01  7.1019097e-01 
   452 : -6.4623683e-01 -7.1019097e-01 
   453 : -5.7040820e-01 -7.7241661e-01 
   454 : -5.7040820e-01  7.7241661e-01 
   455 : -7.0869483e-01  5.1489694e-01 
   456 : -7.0869483e-01 -5.1489694e-01 
   457 :  6.4245000e-01  7.1361333e-01 
   458 :  6.4245000e-01 -7.1361333e-01 
   459 : -8.2527639e-01  4.9082006e-01 
   460 : -8.2527638e-01 -4.9082006e-01 
   461 :  2.7069734e-01 -8.3312074e-01 
   462 :  8.7599499e-01 -1.1796120e-16 
   463 :  2.7069734e-01  8.3312074e-01 
   464 : -6.3408549e-01  4.6069007e-01 
   465 : -1.8642942e-01 -1.3544890e-01 
   466 :  2.4219910e-01  7.4541220e-01 
   467 :  7.1209701e-02  2.1916092e-01 
   468 :  2.4219910e-01 -7.4541220e-01 
   469 :  7.8377277e-01 -1.1275703e-16 
   470 : -1.8642942e-01  1.3544890e-01 
   471 :  2.3043943e-01 -3.9898640e-17 
   472 :  7.1209701e-02 -2.1916092e-01 
   473 : -6.3408549e-01 -4.6069007e-01 
   474 :  3.2266165e-01 -5.3776428e-17 
   475 :  6.9155054e-01  5.1896567e-13 
   476 : -5.5947614e-01  4.0648321e-01 
   477 :  2.1370087e-01  6.5770365e-01 
   478 : -2.6103876e-01 -1.8965576e-01 
   479 : -2.6103876e-01  1.8965576e-01 
   480 :  9.9707935e-02  3.0686947e-01 
   481 :  2.1370087e-01 -6.5770365e-01 
   482 :  9.9707935e-02 -3.0686947e-01 
   483 : -5.5947614e-01 -4.0648321e-01 
   484 : -4.8486680e-01  3.5227635e-01 
   485 : -3.3564811e-01 -2.4386262e-01 
   486 :  4.1488388e-01 -7.8170954e-13 
   487 : -4.8486680e-01 -3.5227635e-01 
   488 :  1.8520264e-01 -5.6999511e-01 
   489 :  5.9932832e-01  5.9949292e-13 
   490 :  1.2820617e-01  3.9457801e-01 
   491 : -3.3564811e-01  2.4386262e-01 
   492 :  1.8520264e-01  5.6999511e-01 
   493 :  1.2820617e-01 -3.9457801e-01 
   494 : -4.1025745e-01 -2.9806949e-01 
   495 :  5.0710610e-01 -7.4593109e-17 
   496 : -4.1025745e-01  2.9806949e-01 
   497 :  1.5670440e-01 -4.8228656e-01 
   498 :  1.5670440e-01  4.8228656e-01 
   499 :  7.7392241e-01 -5.6834767e-01 
   500 :  7.7392241e-01  5.6834767e-01 
   501 : -7.1530873e-01  6.4054243e-01 
   502 : -7.1530872e-01 -6.4054243e-01 
   503 : -4.8861817e-01 -8.2656669e-01 
   504 : -4.8861817e-01  8.2656669e-01 
   505 :  5.8501957e-02  4.1947706e-02 
   506 :  8.7117827e-02 -2.8803235e-05 
   507 :  5.8649849e-02 -4.2611609e-02 
   508 : -7.7411977e-01  5.6849106e-01 
   509 : -7.7411977e-01 -5.6849106e-01 
   510 :  4.8452380e-01  8.2959277e-01 
   511 :  5.2661055e-01  8.0436694e-01 
   512 :  5.2661055e-01 -8.0436694e-01 
   513 :  4.8452380e-01 -8.2959276e-01 
   514 : -9.0820641e-01  3.1329642e-01 
   515 : -8.9167601e-01  3.5949579e-01 
   516 : -8.9167601e-01 -3.5949580e-01 
   517 : -9.0820641e-01 -3.1329642e-01 
   518 :  4.4177570e-01  8.5385428e-01 
   519 :  4.4177570e-01 -8.5385428e-01 
   520 : -9.2365420e-01  2.6663394e-01 
   521 : -9.2365420e-01 -2.6663394e-01 
   522 :  2.2150044e-01  9.3489699e-01 
   523 :  2.6909762e-01  9.2297452e-01 
   524 :  2.6909763e-01 -9.2297452e-01 
   525 :  2.2150045e-01 -9.3489699e-01 
   526 : -1.6786768e-02  7.1466532e-02 
   527 :  9.1259348e-04  6.2930353e-02 
   528 :  9.1258260e-03  9.1095616e-02 
   529 : -1.6786768e-02 -7.1466532e-02 
   530 :  9.1258259e-03 -9.1095616e-02 
   531 :  9.1259360e-04 -6.2930353e-02 
   532 : -7.1920940e-01 -6.0702370e-01 
   533 : -6.8665816e-01 -6.4385356e-01 
   534 : -6.8665816e-01  6.4385356e-01 
   535 : -7.1920940e-01  6.0702370e-01 
   536 :  1.7351789e-01  9.4555984e-01 
   537 :  1.7351790e-01 -9.4555983e-01 
   538 : -5.2209421e-01  8.2901815e-01 
   539 : -4.8000746e-01  8.5424397e-01 
   540 : -4.8000745e-01 -8.5424398e-01 
   541 : -5.2209420e-01 -8.2901815e-01 
   542 :  8.5270664e-01 -4.4405926e-01 
   543 :  8.7368577e-01 -3.9970261e-01 
   544 :  8.5270664e-01  4.4405926e-01 
   545 :  8.7368577e-01  3.9970261e-01 
   546 :  8.9351218e-01 -3.5472556e-01 
   547 :  8.9351218e-01  3.5472556e-01 
   548 :  3.5233288e-01  8.9441043e-01 
   549 :  3.9741905e-01  8.7483341e-01 
   550 :  3.5233289e-01 -8.9441043e-01 
   551 :  3.9741905e-01 -8.7483341e-01 
   552 :  7.7346643e-01  6.0137048e-01 
   553 :  8.0269601e-01  5.6195895e-01 
   554 :  8.0269601e-01 -5.6195895e-01 
   555 :  7.7346643e-01 -6.0137048e-01 
   556 : -3.1091384e-01 -9.0913110e-01 
   557 : -3.5711322e-01 -8.9260070e-01 
   558 : -3.5711322e-01  8.9260070e-01 
   559 : -3.1091384e-01  9.0913110e-01 
   560 : -2.6416652e-01 -9.2432023e-01 
   561 : -2.6416652e-01  9.2432023e-01 
   562 : -8.2837300e-01 -5.2319515e-01 
   563 : -8.5359882e-01 -4.8110840e-01 
   564 : -8.5359883e-01  4.8110840e-01 
   565 : -8.2837300e-01  5.2319515e-01 
   566 :  6.7477839e-01 -7.1036005e-01 
   567 :  6.3842164e-01 -7.4331189e-01 
   568 :  6.3842164e-01  7.4331189e-01 
   569 :  6.7477839e-01  7.1036006e-01 
   570 :  3.0613351e-01  9.1094083e-01 
   571 :  3.0613351e-01 -9.1094083e-01 
   572 :  2.5912593e-02  6.2930354e-02 
   573 :  2.5912594e-02 -6.2930353e-02 
   574 : -6.0240074e-01  7.7271353e-01 
   575 : -5.6298922e-01  8.0194311e-01 
   576 : -5.6298921e-01 -8.0194311e-01 
   577 : -6.0240074e-01 -7.7271353e-01 
   578 : -6.4031506e-01 -7.4160071e-01 
   579 : -6.7667181e-01 -7.0864888e-01 
   580 : -6.7667181e-01  7.0864888e-01 
   581 : -6.4031506e-01  7.4160071e-01 
   582 : -9.3557667e-01  2.1903676e-01 
   583 : -9.3557667e-01 -2.1903676e-01 
   584 : -9.4597361e-01  1.7099589e-01 
   585 : -9.4597361e-01 -1.7099589e-01 
   586 :  7.0952950e-01  6.7587451e-01 
   587 :  7.4248134e-01  6.3951777e-01 
   588 :  7.4248134e-01 -6.3951776e-01 
   589 :  7.0952950e-01 -6.7587451e-01 
   590 :  9.1004259e-01 -3.0852618e-01 
   591 :  9.1004259e-01  3.0852618e-01 
   592 :  1.2498130e-01  9.5275956e-01 
   593 :  1.2498131e-01 -9.5275956e-01 
   594 :  6.8137561e-01 -6.4952779e-01 
   595 :  7.1433279e-01 -6.1306074e-01 
   596 :  7.1433279e-01  6.1306074e-01 
   597 :  6.8137561e-01  6.4952779e-01 
   598 :  9.2497258e-01 -2.6169546e-01 
   599 :  9.2497258e-01  2.6169546e-01 
   600 :  7.6136799e-02  9.5825828e-01 
   601 :  7.6136803e-02 -9.5825828e-01 
   602 : -8.0279469e-01  5.6203065e-01 
   603 : -7.7356511e-01  6.0144217e-01 
   604 : -7.7356511e-01 -6.0144217e-01 
   605 : -8.0279469e-01 -5.6203065e-01 
   606 : -6.1583825e-01  7.1183647e-01 
   607 : -6.5212221e-01  6.7867783e-01 
   608 : -6.5212221e-01 -6.7867783e-01 
   609 : -6.1583825e-01 -7.1183647e-01 
   610 : -5.7792393e-01 -7.4294929e-01 
   611 : -5.3831891e-01 -7.7206051e-01 
   612 : -5.3831891e-01  7.7206051e-01 
   613 : -5.7792393e-01  7.4294929e-01 
   614 : -2.1656934e-01 -9.3624270e-01 
   615 : -2.1656935e-01  9.3624270e-01 
   616 :  6.4662450e-01  6.8401333e-01 
   617 :  6.0997548e-01  7.1676804e-01 
   618 :  6.0997548e-01 -7.1676804e-01 
   619 :  6.4662450e-01 -6.8401333e-01 
   620 : -7.9708266e-01  5.0065791e-01 
   621 : -8.2205105e-01  4.5831879e-01 
   622 : -8.2205105e-01 -4.5831879e-01 
   623 : -7.9708266e-01 -5.0065791e-01 
   624 : -1.6847163e-01 -9.4637342e-01 
   625 : -1.6847163e-01  9.4637341e-01 
   626 : -3.8312982e-02  6.4472241e-02 
   627 : -3.8312982e-02 -6.4472241e-02 
   628 :  2.8494646e-01  8.7697501e-01 
   629 :  2.8494646e-01 -8.7697501e-01 
   630 :  7.4531788e-01 -5.7491345e-01 
   631 :  7.7420931e-01 -5.3514781e-01 
   632 :  7.7420931e-01  5.3514781e-01 
   633 :  7.4531788e-01  5.7491345e-01 
   634 :  9.5395896e-01 -1.1740861e-01 
   635 :  9.5864541e-01 -6.8479487e-02 
   636 :  9.5864541e-01  6.8479487e-02 
   637 :  9.5395896e-01  1.1740861e-01 
   638 :  9.6105305e-01  1.9470917e-02 
   639 :  9.6105305e-01 -1.9470917e-02 
   640 : -9.5317334e-01  1.2245930e-01 
   641 : -9.5317334e-01 -1.2245930e-01 
   642 : -4.9742389e-01 -7.9913555e-01 
   643 : -4.5494714e-01 -8.2386907e-01 
   644 : -4.5494714e-01  8.2386907e-01 
   645 : -4.9742389e-01  7.9913555e-01 
   646 : -7.4415959e-01  6.3746786e-01 
   647 : -7.1120775e-01  6.7382460e-01 
   648 : -7.1120775e-01 -6.7382461e-01 
   649 : -7.4415959e-01 -6.3746786e-01 
   650 : -9.5840146e-01  7.3585091e-02 
   651 : -9.5840146e-01 -7.3585090e-02 
   652 :  9.3689505e-01 -2.1409828e-01 
   653 :  9.3689505e-01  2.1409828e-01 
   654 :  2.7128229e-02  9.6066592e-01 
   655 :  2.7128233e-02 -9.6066592e-01 
   656 :  9.4675923e-01 -1.6594520e-01 
   657 :  9.4675923e-01  1.6594520e-01 
   658 : -2.2024058e-02  9.6093814e-01 
   659 : -2.2024055e-02 -9.6093814e-01 
   660 : -7.3702418e-02 -1.1317001e-02 
   661 : -7.3702418e-02  1.1317001e-02 
   662 : -1.1993504e-01 -9.5357314e-01 
   663 : -7.1032625e-02 -9.5853051e-01 
   664 : -1.1993504e-01  9.5357314e-01 
   665 : -7.1032629e-02  9.5853051e-01 
   666 : -9.6080910e-01  2.4576521e-02 
   667 : -9.6080910e-01 -2.4576520e-02 
   668 : -1.0461245e-01 -5.1938020e-02 
   669 : -8.8581697e-02 -6.4358370e-02 
   670 : -8.1374078e-02 -3.5054351e-02 
   671 : -8.1723018e-02 -8.3442625e-02 
   672 : -5.8484643e-02 -6.6558957e-02 
   673 : -8.1723018e-02  8.3442625e-02 
   674 : -8.8581697e-02  6.4358370e-02 
   675 : -5.8484643e-02  6.6558957e-02 
   676 : -1.0461245e-01  5.1938020e-02 
   677 : -8.1374078e-02  3.5054352e-02 
   678 : -7.3879189e-01 -5.1269635e-01 
   679 : -7.0148721e-01 -4.8559292e-01 
   680 : -7.0148721e-01  4.8559292e-01 
   681 : -7.3879189e-01  5.1269635e-01 
   682 : -6.7859778e-01 -5.1709752e-01 
   683 : -7.1590245e-01 -5.4420095e-01 
   684 :  9.2210610e-01 -1.2490009e-16 
   685 :  2.1084514e-01  5.8590540e-01 
   686 :  1.9659602e-01  5.4205113e-01 
   687 : -3.0555105e-01 -2.4606321e-01 
   688 : -3.4285573e-01 -2.7316664e-01 
   689 : -3.2844049e-01  2.1455861e-01 
   690 : -3.6574516e-01  2.4166204e-01 
   691 :  2.0230749e-01 -6.8564763e-01 
   692 :  1.8805837e-01 -6.4179336e-01 
   693 : -2.3094171e-01 -1.9185635e-01 
   694 : -2.6824638e-01 -2.1895978e-01 
   695 :  1.1110132e-01 -2.7892549e-01 
   696 :  1.2535044e-01 -3.2277976e-01 
   697 :  2.3934337e-01  6.7361394e-01 
   698 :  2.2509425e-01  6.2975967e-01 
   699 :  7.4065434e-02  2.9095918e-01 
   700 :  8.8314551e-02  3.3481345e-01 
   701 :  2.9960610e-01  1.9470917e-02 
   702 :  3.4571721e-01  1.9470917e-02 
   703 : -6.4129311e-01  4.8999409e-01 
   704 : -6.0398843e-01  4.6289066e-01 
   705 :  2.6784161e-01  7.6132249e-01 
   706 :  2.5359249e-01  7.1746822e-01 
   707 :  8.0682832e-01 -1.9470917e-02 
   708 :  7.6071721e-01 -1.9470917e-02 
   709 :  4.5567200e-02  2.0325063e-01 
   710 :  5.9816317e-02  2.4710490e-01 
   711 : -4.0304983e-01  2.6876547e-01 
   712 : -4.4035451e-01  2.9586890e-01 
   713 : -3.8016040e-01 -3.0027007e-01 
   714 : -4.1746507e-01 -3.2737350e-01 
   715 : -1.7922180e-01  1.0614488e-01 
   716 : -2.1652647e-01  1.3324831e-01 
   717 :  1.3106190e-01  4.6637627e-01 
   718 :  1.4531102e-01  5.1023054e-01 
   719 :  5.3016165e-01 -1.9470917e-02 
   720 :  4.8405054e-01 -1.9470917e-02 
   721 :  1.6809779e-01 -4.5434258e-01 
   722 :  1.8234690e-01 -4.9819685e-01 
   723 :  8.9905054e-01 -1.9470917e-02 
   724 :  8.5293943e-01 -1.9470917e-02 
   725 : -7.1590245e-01  5.4420095e-01 
   726 : -6.7859778e-01  5.1709752e-01 
   727 :  2.9633984e-01  8.4903103e-01 
   728 :  2.8209072e-01  8.0517676e-01 
   729 :  2.5930395e-01 -8.6106472e-01 
   730 :  2.4505484e-01 -8.1721045e-01 
   731 :  2.3080572e-01 -7.7335618e-01 
   732 :  2.1655660e-01 -7.2950190e-01 
   733 :  8.2603085e-02 -1.9121694e-01 
   734 :  9.6852202e-02 -2.3507122e-01 
   735 : -6.6418254e-01 -4.5848949e-01 
   736 : -6.2687787e-01 -4.3138605e-01 
   737 : -1.5633236e-01 -1.3764949e-01 
   738 : -1.9363704e-01 -1.6475292e-01 
   739 :  2.0738388e-01  1.9470917e-02 
   740 :  2.5349499e-01  1.9470917e-02 
   741 :  7.1460610e-01 -1.9470917e-02 
   742 :  6.6849499e-01 -1.9470917e-02 
   743 : -2.5383114e-01  1.6035174e-01 
   744 : -2.9113582e-01  1.8745517e-01 
   745 : -4.5476974e-01 -3.5447694e-01 
   746 : -4.9207442e-01 -3.8158037e-01 
   747 :  1.9659602e-01 -5.4205113e-01 
   748 :  2.1084514e-01 -5.8590540e-01 
   749 : -5.6668376e-01  4.3578723e-01 
   750 : -5.2937909e-01  4.0868380e-01 
   751 : -4.9207442e-01  3.8158037e-01 
   752 : -4.5476974e-01  3.5447694e-01 
   753 :  1.1681278e-01 -4.2252200e-01 
   754 :  1.0256367e-01 -3.7866772e-01 
   755 :  1.5384867e-01  4.1048831e-01 
   756 :  1.3959955e-01  3.6663403e-01 
   757 :  5.7627277e-01  1.9470917e-02 
   758 :  6.2238388e-01  1.9470917e-02 
   759 : -4.7765918e-01  3.2297233e-01 
   760 : -5.1496385e-01  3.5007576e-01 
   761 :  1.0256367e-01  3.7866772e-01 
   762 :  1.1681278e-01  4.2252200e-01 
   763 :  1.7380925e-01 -5.9793909e-01 
   764 :  1.5956014e-01 -5.5408481e-01 
   765 :  1.3959955e-01 -3.6663403e-01 
   766 :  1.5384867e-01 -4.1048831e-01 
   767 : -5.8957320e-01 -4.0428262e-01 
   768 : -5.5226852e-01 -3.7717919e-01 
   769 :  4.3793943e-01 -1.9470917e-02 
   770 :  3.9182832e-01 -1.9470917e-02 
   771 :  3.9182832e-01  1.9470917e-02 
   772 :  4.3793943e-01  1.9470917e-02 
   773 :  6.6849499e-01  1.9470917e-02 
   774 :  7.1460610e-01  1.9470917e-02 
   775 : -5.1496385e-01 -3.5007576e-01 
   776 : -4.7765918e-01 -3.2297233e-01 
   777 :  6.2238388e-01 -1.9470917e-02 
   778 :  5.7627277e-01 -1.9470917e-02 
   779 :  2.8209072e-01 -8.0517676e-01 
   780 :  2.9633984e-01 -8.4903103e-01 
   781 : -5.2937909e-01 -4.0868380e-01 
   782 : -5.6668376e-01 -4.3578723e-01 
   783 : -2.6824638e-01  2.1895978e-01 
   784 : -2.3094171e-01  1.9185635e-01 
   785 :  8.5293943e-01  1.9470917e-02 
   786 :  8.9905054e-01  1.9470917e-02 
   787 : -6.0398843e-01 -4.6289066e-01 
   788 : -6.4129311e-01 -4.8999409e-01 
   789 : -5.5226852e-01  3.7717919e-01 
   790 : -5.8957320e-01  4.0428262e-01 
   791 :  2.4505484e-01  8.1721045e-01 
   792 :  2.5930395e-01  8.6106472e-01 
   793 : -2.1652647e-01 -1.3324831e-01 
   794 : -1.7922180e-01 -1.0614488e-01 
   795 :  2.5349499e-01 -1.9470917e-02 
   796 :  2.0738388e-01 -1.9470917e-02 
   797 :  5.9816317e-02 -2.4710490e-01 
   798 :  4.5567200e-02 -2.0325063e-01 
   799 :  2.5359249e-01 -7.1746822e-01 
   800 :  2.6784161e-01 -7.6132249e-01 
   801 : -6.2687787e-01  4.3138605e-01 
   802 : -6.6418254e-01  4.5848949e-01 
   803 : -4.4035451e-01 -2.9586890e-01 
   804 : -4.0304983e-01 -2.6876547e-01 
   805 :  4.8405054e-01  1.9470917e-02 
   806 :  5.3016165e-01  1.9470917e-02 
   807 : -4.1746507e-01  3.2737350e-01 
   808 : -3.8016040e-01  3.0027007e-01 
   809 :  2.1655660e-01  7.2950190e-01 
   810 :  2.3080572e-01  7.7335618e-01 
   811 :  1.4531102e-01 -5.1023054e-01 
   812 :  1.3106190e-01 -4.6637627e-01 
   813 : -1.9363704e-01  1.6475292e-01 
   814 : -1.5633236e-01  1.3764949e-01 
   815 :  7.6071721e-01  1.9470917e-02 
   816 :  8.0682832e-01  1.9470917e-02 
   817 :  9.6852202e-02  2.3507122e-01 
   818 :  8.2603085e-02  1.9121694e-01 
   819 :  1.8234690e-01  4.9819685e-01 
   820 :  1.6809779e-01  4.5434258e-01 
   821 :  3.4571721e-01 -1.9470917e-02 
   822 :  2.9960610e-01 -1.9470917e-02 
   823 :  1.8805837e-01  6.4179336e-01 
   824 :  2.0230749e-01  6.8564763e-01 
   825 :  8.8314551e-02 -3.3481345e-01 
   826 :  7.4065434e-02 -2.9095918e-01 
   827 :  1.2535044e-01  3.2277976e-01 
   828 :  1.1110132e-01  2.7892549e-01 
   829 :  2.2509425e-01 -6.2975967e-01 
   830 :  2.3934337e-01 -6.7361394e-01 
   831 : -2.9113582e-01 -1.8745517e-01 
   832 : -2.5383114e-01 -1.6035174e-01 
   833 : -3.6574516e-01 -2.4166204e-01 
   834 : -3.2844049e-01 -2.1455861e-01 
   835 : -3.4285573e-01  2.7316664e-01 
   836 : -3.0555105e-01  2.4606321e-01 
   837 :  1.5956014e-01  5.5408481e-01 
   838 :  1.7380925e-01  5.9793909e-01 
   839 :  1.7068966e-02 -1.1554209e-01 
   840 :  3.4768327e-02 -1.0700591e-01 
   841 :  5.4104851e-02 -1.0350840e-01 
   842 :  4.6161711e-02 -7.9061927e-02 
   843 :  5.4104851e-02  1.0350840e-01 
   844 :  3.4768327e-02  1.0700591e-01 
   845 :  4.6161711e-02  7.9061927e-02 
   846 :  1.7068966e-02  1.1554209e-01 
   847 :  1.1516165e-01 -1.9470917e-02 
   848 :  1.1266752e-01 -1.4401618e-05 
   849 :  8.9611963e-02 -1.9485319e-02 
   850 :  1.1516165e-01  1.9470917e-02 
   851 :  8.9611963e-02  1.9456515e-02 
   852 : -5.7671661e-02  2.3737351e-02 
   853 : -5.7671661e-02 -2.3737351e-02 
   854 :  7.2883838e-02 -2.1320206e-02 
   855 :  7.5377974e-02 -4.0776722e-02 
   856 :  7.5304028e-02  4.0444770e-02 
   857 :  7.2809892e-02  2.0959452e-02 
   858 : -4.5171661e-02  4.5387986e-02 
   859 : -4.5171661e-02 -4.5387986e-02 
   860 :  6.8558913e-02 -1.4401618e-05 
   861 :  5.4324924e-02 -2.1305805e-02 
   862 :  5.4250979e-02  2.0973853e-02 
   863 :  4.2663572e-02  6.2253572e-02 
   864 :  6.2000096e-02  5.8756062e-02 
   865 :  6.2074042e-02 -5.9088013e-02 
   866 :  4.2737518e-02 -6.2585523e-02 
   867 : -1.4912474e-01 -1.0834547e-01 
   868 : -1.1902769e-01 -1.1054606e-01 
   869 : -1.4191713e-01 -7.9041451e-02 
   870 : -1.4912474e-01  1.0834547e-01 
   871 : -1.4191713e-01  7.9041451e-02 
   872 : -1.1902769e-01  1.1054606e-01 
   873 :  5.6960584e-02  1.7530665e-01 
   874 :  3.1318083e-02  1.5939636e-01 
   875 :  6.8353968e-02  1.4736267e-01 
   876 :  5.6960584e-02 -1.7530665e-01 
   877 :  6.8353968e-02 -1.4736267e-01 
   878 :  3.1318083e-02 -1.5939636e-01 
   879 :  1.8432832e-01 -3.4694470e-17 
   880 :  1.6127277e-01  1.9470917e-02 
   881 :  1.6127277e-01 -1.9470917e-02 
   882 : -6.8255719e-01 -6.7713573e-01 
   883 : -6.8255719e-01  6.7713573e-01 
   884 : -4.4633643e-01  8.5154636e-01 
   885 : -4.4633642e-01 -8.5154636e-01 
   886 :  4.1824924e-02 -4.2956440e-02 
   887 :  4.1750979e-02  4.2624488e-02 
   888 :  8.0298291e-01  5.2875909e-01 
   889 :  8.0298292e-01 -5.2875909e-01 
   890 : -8.5037349e-01 -4.4860713e-01 
   891 : -8.5037349e-01  4.4860713e-01 
   892 :  6.0594712e-01 -7.4646660e-01 
   893 :  6.0594712e-01  7.4646660e-01 
   894 : -5.3089992e-01  8.0158701e-01 
   895 : -5.3089992e-01 -8.0158701e-01 
   896 : -7.4806026e-01 -6.0394913e-01 
   897 : -7.4861492e-01 -5.7099802e-01 
   898 : -7.4806026e-01  6.0394913e-01 
   899 : -7.4861492e-01  5.7099802e-01 
   900 :  7.4486190e-01  6.0793626e-01 
   901 :  7.4486190e-01 -6.0793626e-01 
   902 :  6.7895288e-01 -6.8076005e-01 
   903 :  6.7895288e-01  6.8076005e-01 
   904 : -6.0991648e-01  7.4324621e-01 
   905 : -6.0991648e-01 -7.4324621e-01 
   906 : -7.4599951e-01 -5.4200037e-01 
   907 : -7.4599951e-01  5.4200037e-01 
   908 : -6.7139016e-01 -4.8779350e-01 
   909 :  1.4245529e-01 -4.3843229e-01 
   910 :  1.4245529e-01  4.3843229e-01 
   911 : -3.7295278e-01  2.7096606e-01 
   912 : -3.7295278e-01 -2.7096606e-01 
   913 :  5.5321721e-01 -8.3266727e-17 
   914 :  1.7095352e-01 -5.2614083e-01 
   915 :  1.9945175e-01  6.1384938e-01 
   916 : -4.4756212e-01  3.2517292e-01 
   917 : -4.4756212e-01 -3.2517292e-01 
   918 : -2.9834343e-01 -2.1675919e-01 
   919 : -2.9834343e-01  2.1675919e-01 
   920 :  4.6099499e-01 -6.9388939e-17 
   921 :  8.5458818e-02 -2.6301520e-01 
   922 :  6.4543943e-01 -9.0205621e-17 
   923 :  2.2794999e-01 -7.0155792e-01 
   924 :  2.2794999e-01  7.0155792e-01 
   925 :  8.5458818e-02  2.6301520e-01 
   926 : -5.2217147e-01 -3.7937978e-01 
   927 :  2.7655054e-01 -4.8572257e-17 
   928 : -2.2373409e-01 -1.6255233e-01 
   929 : -5.2217147e-01  3.7937978e-01 
   930 : -5.9678081e-01 -4.3358664e-01 
   931 :  2.5644822e-01  7.8926647e-01 
   932 :  8.2988388e-01 -1.1102230e-16 
   933 : -6.7139016e-01  4.8779350e-01 
   934 :  2.5644822e-01 -7.8926647e-01 
   935 : -5.9678081e-01  4.3358664e-01 
   936 :  7.3766165e-01 -1.0408341e-16 
   937 : -2.2373409e-01  1.6255233e-01 
   938 :  3.6877277e-01 -5.5511151e-17 
   939 :  1.1395705e-01  3.5072374e-01 
   940 :  1.9945175e-01 -6.1384938e-01 
   941 :  1.1395705e-01 -3.5072374e-01 
   942 :  1.7095352e-01  5.2614083e-01 
   943 : -8.0017928e-01  5.3303300e-01 
   944 : -8.0017928e-01 -5.3303300e-01 
   945 : -7.7150436e-01  5.3949341e-01 
   946 : -7.7150435e-01 -5.3949341e-01 
   947 :  8.2820874e-01  4.8667234e-01 
   948 :  5.6653559e-01  7.7569618e-01 
   949 : -4.0197977e-01  8.7252549e-01 
   950 : -8.7135263e-01  4.0425048e-01 
   951 : -8.7135263e-01 -4.0425048e-01 
   952 : -4.0197977e-01 -8.7252550e-01 
   953 :  5.6653560e-01 -7.7569618e-01 
   954 :  8.2820874e-01 -4.8667234e-01 
Number of edges 440 
     0 :      0     24 
     1 :     24     25 
     2 :     25     26 
     3 :     26     27 
     4 :     27     28 
     5 :     28      1 
     6 :      1     29 
     7 :     29     30 
     8 :     30     31 
     9 :     31     32 
    10 :     32     33 
    11 :     33      0 
    12 :      2     34 
    13 :     34     35 
    14 :     35     36 
    15 :     36     37 
    16 :     37     38 
    17 :     38     39 
    18 :     39     40 
    19 :     40     41 
    20 :     41     42 
    21 :     42     43 
    22 :     43     44 
    23 :     44     45 
    24 :     45     46 
    25 :     46     47 
    26 :     47     48 
    27 :     48     49 
    28 :     49     50 
    29 :     50     51 
    30 :     51     52 
    31 :     52     53 
    32 :     53     54 
    33 :     54     55 
    34 :     55     56 
    35 :     56     57 
    36 :     57     58 
    37 :     58     59 
    38 :     59     60 
    39 :     60     61 
    40 :     61     62 
    41 :     62     63 
    42 :     63     64 
    43 :     64     65 
    44 :     65     66 
    45 :     66     67 
    46 :     67     68 
    47 :     68     69 
    48 :     69     70 
    49 :     70     71 
    50 :     71     72 
    51 :     72     73 
    52 :     73     74 
    53 :     74     75 
    54 :     75     76 
    55 :     76     77 
    56 :     77     78 
    57 :     78     79 
    58 :     79     80 
    59 :     80     81 
    60 :     81     82 
    61 :     82     83 
    62 :     83     84 
    63 :     84     85 
    64 :     85     86 
    65 :     86     87 
    66 :     87     88 
    67 :     88     89 
    68 :     89     90 
    69 :     90     91 
    70 :     91     92 
    71 :     92     93 
    72 :     93     94 
    73 :     94     95 
    74 :     95     96 
    75 :     96      3 
    76 :      3     97 
    77 :     97     98 
    78 :     98     99 
    79 :     99    100 
    80 :    100    101 
    81 :    101    102 
    82 :    102    103 
    83 :    103    104 
    84 :    104    105 
    85 :    105    106 
    86 :    106    107 
    87 :    107    108 
    88 :    108    109 
    89 :    109    110 
    90 :    110    111 
    91 :    111    112 
    92 :    112    113 
    93 :    113    114 
    94 :    114    115 
    95 :    115    116 
    96 :    116    117 
    97 :    117    118 
    98 :    118    119 
    99 :    119    120 
   100 :    120    121 
   101 :    121    122 
   102 :    122    123 
   103 :    123    124 
   104 :    124    125 
   105 :    125    126 
   106 :    126    127 
   107 :    127    128 
   108 :    128    129 
   109 :    129    130 
   110 :    130    131 
   111 :    131    132 
   112 :    132    133 
   113 :    133    134 
   114 :    134    135 
   115 :    135    136 
   116 :    136    137 
   117 :    137    138 
   118 :    138    139 
   119 :    139    140 
   120 :    140    141 
   121 :    141    142 
   122 :    142    143 
   123 :    143    144 
   124 :    144    145 
   125 :    145    146 
   126 :    146    147 
   127 :    147    148 
   128 :    148    149 
   129 :    149    150 
   130 :    150    151 
   131 :    151    152 
   132 :    152    153 
   133 :    153    154 
   134 :    154    155 
   135 :    155    156 
   136 :    156    157 
   137 :    157    158 
   138 :    158    159 
   139 :    159      2 
   140 :      4    160 
   141 :    160      5 
   142 :      5    161 
   143 :    161    162 
   144 :    162    163 
   145 :    163    164 
   146 :    164    165 
   147 :    165    166 
   148 :    166    167 
   149 :    167    168 
   150 :    168    169 
   151 :    169    170 
   152 :    170    171 
   153 :    171    172 
   154 :    172    173 
   155 :    173    174 
   156 :    174    175 
   157 :    175    176 
   158 :    176    177 
   159 :    177      7 
   160 :      7    178 
   161 :    178    179 
   162 :    179    180 
   163 :    180    181 
   164 :    181    182 
   165 :    182    183 
   166 :    183    184 
   167 :    184    185 
   168 :    185    186 
   169 :    186    187 
   170 :    187    188 
   171 :    188    189 
   172 :    189    190 
   173 :    190    191 
   174 :    191    192 
   175 :    192    193 
   176 :    193    194 
   177 :    194    195 
   178 :    195    196 
   179 :    196    197 
   180 :    197    198 
   181 :    198      6 
   182 :      6    199 
   183 :    199    200 
   184 :    200    201 
   185 :    201    202 
   186 :    202    203 
   187 :    203    204 
   188 :    204    205 
   189 :    205    206 
   190 :    206    207 
   191 :    207    208 
   192 :    208    209 
   193 :    209    210 
   194 :    210    211 
   195 :    211    212 
   196 :    212    213 
   197 :    213    214 
   198 :    214    215 
   199 :    215      4 
   200 :      8    216 
   201 :    216      9 
   202 :      9    217 
   203 :    217    218 
   204 :    218    219 
   205 :    219    220 
   206 :    220    221 
   207 :    221    222 
   208 :    222    223 
   209 :    223    224 
   210 :    224    225 
   211 :    225    226 
   212 :    226    227 
   213 :    227    228 
   214 :    228    229 
   215 :    229    230 
   216 :    230    231 
   217 :    231    232 
   218 :    232    233 
   219 :    233     11 
   220 :     11    234 
   221 :    234    235 
   222 :    235    236 
   223 :    236    237 
   224 :    237    238 
   225 :    238    239 
   226 :    239    240 
   227 :    240    241 
   228 :    241    242 
   229 :    242    243 
   230 :    243    244 
   231 :    244    245 
   232 :    245    246 
   233 :    246    247 
   234 :    247    248 
   235 :    248    249 
   236 :    249    250 
   237 :    250    251 
   238 :    251    252 
   239 :    252    253 
   240 :    253    254 
   241 :    254     10 
   242 :     10    255 
   243 :    255    256 
   244 :    256    257 
   245 :    257    258 
   246 :    258    259 
   247 :    259    260 
   248 :    260    261 
   249 :    261    262 
   250 :    262    263 
   251 :    263    264 
   252 :    264    265 
   253 :    265    266 
   254 :    266    267 
   255 :    267    268 
   256 :    268    269 
   257 :    269    270 
   258 :    270    271 
   259 :    271      8 
   260 :     12    272 
   261 :    272     13 
   262 :     13    273 
   263 :    273    274 
   264 :    274    275 
   265 :    275    276 
   266 :    276    277 
   267 :    277    278 
   268 :    278    279 
   269 :    279    280 
   270 :    280    281 
   271 :    281    282 
   272 :    282    283 
   273 :    283    284 
   274 :    284    285 
   275 :    285    286 
   276 :    286    287 
   277 :    287    288 
   278 :    288    289 
   279 :    289     15 
   280 :     15    290 
   281 :    290    291 
   282 :    291    292 
   283 :    292    293 
   284 :    293    294 
   285 :    294    295 
   286 :    295    296 
   287 :    296    297 
   288 :    297    298 
   289 :    298    299 
   290 :    299    300 
   291 :    300    301 
   292 :    301    302 
   293 :    302    303 
   294 :    303    304 
   295 :    304    305 
   296 :    305    306 
   297 :    306    307 
   298 :    307    308 
   299 :    308    309 
   300 :    309    310 
   301 :    310     14 
   302 :     14    311 
   303 :    311    312 
   304 :    312    313 
   305 :    313    314 
   306 :    314    315 
   307 :    315    316 
   308 :    316    317 
   309 :    317    318 
   310 :    318    319 
   311 :    319    320 
   312 :    320    321 
   313 :    321    322 
   314 :    322    323 
   315 :    323    324 
   316 :    324    325 
   317 :    325    326 
   318 :    326    327 
   319 :    327     12 
   320 :     16    328 
   321 :    328     17 
   322 :     17    329 
   323 :    329    330 
   324 :    330    331 
   325 :    331    332 
   326 :    332    333 
   327 :    333    334 
   328 :    334    335 
   329 :    335    336 
   330 :    336    337 
   331 :    337    338 
   332 :    338    339 
   333 :    339    340 
   334 :    340    341 
   335 :    341    342 
   336 :    342    343 
   337 :    343    344 
   338 :    344    345 
   339 :    345     19 
   340 :     19    346 
   341 :    346    347 
   342 :    347    348 
   343 :    348    349 
   344 :    349    350 
   345 :    350    351 
   346 :    351    352 
   347 :    352    353 
   348 :    353    354 
   349 :    354    355 
   350 :    355    356 
   351 :    356    357 
   352 :    357    358 
   353 :    358    359 
   354 :    359    360 
   355 :    360    361 
   356 :    361    362 
   357 :    362    363 
   358 :    363    364 
   359 :    364    365 
   360 :    365    366 
   361 :    366     18 
   362 :     18    367 
   363 :    367    368 
   364 :    368    369 
   365 :    369    370 
   366 :    370    371 
   367 :    371    372 
   368 :    372    373 
   369 :    373    374 
   370 :    374    375 
   371 :    375    376 
   372 :    376    377 
   373 :    377    378 
   374 :    378    379 
   375 :    379    380 
   376 :    380    381 
   377 :    381    382 
   378 :    382    383 
   379 :    383     16 
   380 :     20    384 
   381 :    384     21 
   382 :     21    385 
   383 :    385    386 
   384 :    386    387 
   385 :    387    388 
   386 :    388    389 
   387 :    389    390 
   388 :    390    391 
   389 :    391    392 
   390 :    392    393 
   391 :    393    394 
   392 :    394    395 
   393 :    395    396 
   394 :    396    397 
   395 :    397    398 
   396 :    398    399 
   397 :    399    400 
   398 :    400    401 
   399 :    401     23 
   400 :     23    402 
   401 :    402    403 
   402 :    403    404 
   403 :    404    405 
   404 :    405    406 
   405 :    406    407 
   406 :    407    408 
   407 :    408    409 
   408 :    409    410 
   409 :    410    411 
   410 :    411    412 
   411 :    412    413 
   412 :    413    414 
   413 :    414    415 
   414 :    415    416 
   415 :    416    417 
   416 :    417    418 
   417 :    418    419 
   418 :    419    420 
   419 :    420    421 
   420 :    421    422 
   421 :    422     22 
   422 :     22    423 
   423 :    423    424 
   424 :    424    425 
   425 :    425    426 
   426 :    426    427 
   427 :    427    428 
   428 :    428    429 
   429 :    429    430 
   430 :    430    431 
   431 :    431    432 
   432 :    432    433 
   433 :    433    434 
   434 :    434    435 
   435 :    435    436 
   436 :    436    437 
   437 :    437    438 
   438 :    438    439 
   439 :    439     20 
Number of triangles 1480 
     0 :     53     54    511
     1 :     54    510    511
     2 :     54     55    510
     3 :    511    510    181
     4 :    140    512    139
     5 :    512    513    139
     6 :    512    419    513
     7 :    139    513    138
     8 :     91    514     90
     9 :    514    515     90
    10 :    514    307    515
    11 :     90    515     89
    12 :    104    516    103
    13 :    516    517    103
    14 :    516    293    517
    15 :    103    517    102
    16 :     55    518    510
    17 :    518    180    510
    18 :    518    179    180
    19 :    510    180    181
    20 :    419    420    513
    21 :    420    519    513
    22 :    420    421    519
    23 :    513    519    138
    24 :    305    306    520
    25 :    306    514    520
    26 :    306    307    514
    27 :    520    514     91
    28 :    293    294    517
    29 :    294    521    517
    30 :    294    295    521
    31 :    517    521    102
    32 :     59     60    523
    33 :     60    522    523
    34 :     60     61    522
    35 :    523    522     10
    36 :    134    524    133
    37 :    524    525    133
    38 :    524     19    525
    39 :    133    525    132
    40 :      8    526    528
    41 :    526    527    528
    42 :    526     27    527
    43 :    528    527    448
    44 :     30    529    531
    45 :    529    530    531
    46 :    529     17    530
    47 :    531    530    447
    48 :    365    366    533
    49 :    366    532    533
    50 :    366     18    532
    51 :    533    532    502
    52 :     11    234    535
    53 :    234    534    535
    54 :    234    235    534
    55 :    535    534    501
    56 :     61    536    522
    57 :    536    254    522
    58 :    536    253    254
    59 :    522    254     10
    60 :     19    346    525
    61 :    346    537    525
    62 :    346    347    537
    63 :    525    537    132
    64 :     75     76    539
    65 :     76    538    539
    66 :     76     77    538
    67 :    539    538    504
    68 :    116    117    541
    69 :    117    540    541
    70 :    117    118    540
    71 :    541    540    503
    72 :    409    542    543
    73 :    542    151    543
    74 :    542    150    151
    75 :    543    151    152
    76 :     41     42    545
    77 :     42    544    545
    78 :     42     43    544
    79 :    545    544    191
    80 :    407    408    546
    81 :    408    543    546
    82 :    408    409    543
    83 :    546    543    152
    84 :     41    545    547
    85 :    545    192    547
    86 :    545    191    192
    87 :    547    192    193
    88 :     57    548    549
    89 :    548    178    549
    90 :    548      7    178
    91 :    549    178    179
    92 :    421    422    551
    93 :    422    550    551
    94 :    422     22    550
    95 :    551    550    136
    96 :     45     46    553
    97 :     46    552    553
    98 :     46     47    552
    99 :    553    552    500
   100 :    146    147    555
   101 :    147    554    555
   102 :    147    148    554
   103 :    555    554    499
   104 :    122    556    121
   105 :    556    557    121
   106 :    556    357    557
   107 :    121    557    120
   108 :     71     72    559
   109 :     72    558    559
   110 :     72     73    558
   111 :    559    558    243
   112 :    355    356    560
   113 :    356    556    560
   114 :    356    357    556
   115 :    560    556    122
   116 :    245    561    244
   117 :    561    559    244
   118 :    561     71    559
   119 :    244    559    243
   120 :    106    107    563
   121 :    107    562    563
   122 :    107    108    562
   123 :    563    562    460
   124 :     85     86    565
   125 :     86    564    565
   126 :     86     87    564
   127 :    565    564    459
   128 :    142    143    567
   129 :    143    566    567
   130 :    143    144    566
   131 :    567    566    458
   132 :     49     50    569
   133 :     50    568    569
   134 :     50     51    568
   135 :    569    568    457
   136 :     57     58    548
   137 :     58    570    548
   138 :     58     59    570
   139 :    548    570      7
   140 :    136    550    135
   141 :    550    571    135
   142 :    550     22    571
   143 :    135    571    134
   144 :     27     26    527
   145 :     26    572    527
   146 :     26     25    572
   147 :    527    572    448
   148 :     32     31    573
   149 :     31    531    573
   150 :     31     30    531
   151 :    573    531    447
   152 :     55     56    518
   153 :     56    549    518
   154 :     56     57    549
   155 :    518    549    179
   156 :    138    519    137
   157 :    519    551    137
   158 :    519    421    551
   159 :    137    551    136
   160 :     77     78    575
   161 :     78    574    575
   162 :     78     79    574
   163 :    575    574    454
   164 :    114    115    577
   165 :    115    576    577
   166 :    115    116    576
   167 :    577    576    453
   168 :    112    113    579
   169 :    113    578    579
   170 :    113    114    578
   171 :    579    578    452
   172 :     79     80    581
   173 :     80    580    581
   174 :     80     81    580
   175 :    581    580    451
   176 :     93    582     92
   177 :    582    520     92
   178 :    582    305    520
   179 :     92    520     91
   180 :    295    583    521
   181 :    583    101    521
   182 :    583    100    101
   183 :    521    101    102
   184 :    303    304    584
   185 :    304    582    584
   186 :    304    305    582
   187 :    584    582     93
   188 :    295    296    583
   189 :    296    585    583
   190 :    296    297    585
   191 :    583    585    100
   192 :     47     48    587
   193 :     48    586    587
   194 :     48     49    586
   195 :    587    586    450
   196 :    144    145    589
   197 :    145    588    589
   198 :    145    146    588
   199 :    589    588    449
   200 :    407    546    590
   201 :    546    153    590
   202 :    546    152    153
   203 :    590    153    154
   204 :     39     40    591
   205 :     40    547    591
   206 :     40     41    547
   207 :    591    547    193
   208 :     61     62    536
   209 :     62    592    536
   210 :     62     63    592
   211 :    536    592    253
   212 :    132    537    131
   213 :    537    593    131
   214 :    537    347    593
   215 :    131    593    130
   216 :    413    414    595
   217 :    414    594    595
   218 :    414    415    594
   219 :    595    594    449
   220 :    185    186    597
   221 :    186    596    597
   222 :    186    187    596
   223 :    597    596    450
   224 :    405    406    598
   225 :    406    590    598
   226 :    406    407    590
   227 :    598    590    154
   228 :     39    591    599
   229 :    591    194    599
   230 :    591    193    194
   231 :    599    194    195
   232 :    253    592    252
   233 :    592    600    252
   234 :    592     63    600
   235 :    252    600    251
   236 :    347    348    593
   237 :    348    601    593
   238 :    348    349    601
   239 :    593    601    130
   240 :     83     84    603
   241 :     84    602    603
   242 :     84     85    602
   243 :    603    602    508
   244 :    108    109    605
   245 :    109    604    605
   246 :    109    110    604
   247 :    605    604    509
   248 :    235    236    607
   249 :    236    606    607
   250 :    236    237    606
   251 :    607    606    451
   252 :    363    364    609
   253 :    364    608    609
   254 :    364    365    608
   255 :    609    608    452
   256 :    361    362    611
   257 :    362    610    611
   258 :    362    363    610
   259 :    611    610    453
   260 :    237    238    613
   261 :    238    612    613
   262 :    238    239    612
   263 :    613    612    454
   264 :    124    614    123
   265 :    614    560    123
   266 :    614    355    560
   267 :    123    560    122
   268 :    245    615    561
   269 :    615     70    561
   270 :    615     69     70
   271 :    561     70     71
   272 :    183    184    617
   273 :    184    616    617
   274 :    184    185    616
   275 :    617    616    457
   276 :    415    416    619
   277 :    416    618    619
   278 :    416    417    618
   279 :    619    618    458
   280 :    309    310    621
   281 :    310    620    621
   282 :    310     14    620
   283 :    621    620    459
   284 :     15    290    623
   285 :    290    622    623
   286 :    290    291    622
   287 :    623    622    460
   288 :    353    354    624
   289 :    354    614    624
   290 :    354    355    614
   291 :    624    614    124
   292 :    245    246    615
   293 :    246    625    615
   294 :    246    247    625
   295 :    615    625     69
   296 :     27    526    626
   297 :    526    216    626
   298 :    526      8    216
   299 :    626    216      9
   300 :     16    328    627
   301 :    328    529    627
   302 :    328     17    529
   303 :    627    529     30
   304 :      7    570    628
   305 :    570    523    628
   306 :    570     59    523
   307 :    628    523     10
   308 :     22    629    571
   309 :    629    524    571
   310 :    629     19    524
   311 :    571    524    134
   312 :    411    412    631
   313 :    412    630    631
   314 :    412    413    630
   315 :    631    630    499
   316 :    187    188    633
   317 :    188    632    633
   318 :    188    189    632
   319 :    633    632    500
   320 :     23    402    635
   321 :    402    634    635
   322 :    402    403    634
   323 :    635    634    158
   324 :      6    636    198
   325 :    636    637    198
   326 :    636     35    637
   327 :    198    637    197
   328 :      2     34    638
   329 :     34    636    638
   330 :     34     35    636
   331 :    638    636      6
   332 :      2    639    159
   333 :    639    635    159
   334 :    639     23    635
   335 :    159    635    158
   336 :     95    640     94
   337 :    640    584     94
   338 :    640    303    584
   339 :     94    584     93
   340 :    100    585     99
   341 :    585    641     99
   342 :    585    297    641
   343 :     99    641     98
   344 :    359    360    643
   345 :    360    642    643
   346 :    360    361    642
   347 :    643    642    503
   348 :    239    240    645
   349 :    240    644    645
   350 :    240    241    644
   351 :    645    644    504
   352 :     81     82    647
   353 :     82    646    647
   354 :     82     83    646
   355 :    647    646    501
   356 :    110    111    649
   357 :    111    648    649
   358 :    111    112    648
   359 :    649    648    502
   360 :    301    302    650
   361 :    302    640    650
   362 :    302    303    640
   363 :    650    640     95
   364 :    297    298    641
   365 :    298    651    641
   366 :    298    299    651
   367 :    641    651     98
   368 :    405    598    652
   369 :    598    155    652
   370 :    598    154    155
   371 :    652    155    156
   372 :     37     38    653
   373 :     38    599    653
   374 :     38     39    599
   375 :    653    599    195
   376 :     63     64    600
   377 :     64    654    600
   378 :     64     65    654
   379 :    600    654    251
   380 :    130    601    129
   381 :    601    655    129
   382 :    601    349    655
   383 :    129    655    128
   384 :    403    404    656
   385 :    404    652    656
   386 :    404    405    652
   387 :    656    652    156
   388 :     37    653    657
   389 :    653    196    657
   390 :    653    195    196
   391 :    657    196    197
   392 :     65    658    654
   393 :    658    250    654
   394 :    658    249    250
   395 :    654    250    251
   396 :    349    350    655
   397 :    350    659    655
   398 :    350    351    659
   399 :    655    659    128
   400 :     12    272    661
   401 :    272    660    661
   402 :    272     13    660
   403 :    661    660      1
   404 :    351    352    663
   405 :    352    662    663
   406 :    352    353    662
   407 :    663    662    126
   408 :     67    664    665
   409 :    664    248    665
   410 :    664    247    248
   411 :    665    248    249
   412 :    126    662    125
   413 :    662    624    125
   414 :    662    353    624
   415 :    125    624    124
   416 :    247    664    625
   417 :    664     68    625
   418 :    664     67     68
   419 :    625     68     69
   420 :    299    300    667
   421 :    300    666    667
   422 :    300    301    666
   423 :    667    666      3
   424 :     13    668    670
   425 :    668    669    670
   426 :    668    440    669
   427 :    670    669    445
   428 :    440    671    669
   429 :    671    672    669
   430 :    671     16    672
   431 :    669    672    445
   432 :      9    673    675
   433 :    673    674    675
   434 :    673    444    674
   435 :    675    674    446
   436 :    444    676    674
   437 :    676    677    674
   438 :    676     12    677
   439 :    674    677    446
   440 :    288    289    679
   441 :    289    678    679
   442 :    289     15    678
   443 :    679    678    456
   444 :     14    311    681
   445 :    311    680    681
   446 :    311    312    680
   447 :    681    680    455
   448 :     18    367    683
   449 :    367    682    683
   450 :    367    368    682
   451 :    683    682    456
   452 :     23    639    684
   453 :    639    638    684
   454 :    639      2    638
   455 :    684    638      6
   456 :    170    171    686
   457 :    171    685    686
   458 :    171    172    685
   459 :    686    685    492
   460 :    376    377    688
   461 :    377    687    688
   462 :    377    378    687
   463 :    688    687    485
   464 :    320    321    690
   465 :    321    689    690
   466 :    321    322    689
   467 :    690    689    491
   468 :    340    341    692
   469 :    341    691    692
   470 :    341    342    691
   471 :    692    691    481
   472 :    378    379    694
   473 :    379    693    694
   474 :    379    380    693
   475 :    694    693    478
   476 :    434    435    696
   477 :    435    695    696
   478 :    435    436    695
   479 :    696    695    482
   480 :    172    173    698
   481 :    173    697    698
   482 :    173    174    697
   483 :    698    697    477
   484 :    266    267    700
   485 :    267    699    700
   486 :    267    268    699
   487 :    700    699    480
   488 :    210    211    702
   489 :    211    701    702
   490 :    211    212    701
   491 :    702    701    474
   492 :    230    231    704
   493 :    231    703    704
   494 :    231    232    703
   495 :    704    703    464
   496 :    174    175    706
   497 :    175    705    706
   498 :    175    176    705
   499 :    706    705    466
   500 :    398    399    708
   501 :    399    707    708
   502 :    399    400    707
   503 :    708    707    469
   504 :    268    269    710
   505 :    269    709    710
   506 :    269    270    709
   507 :    710    709    467
   508 :    318    319    712
   509 :    319    711    712
   510 :    319    320    711
   511 :    712    711    496
   512 :    374    375    714
   513 :    375    713    714
   514 :    375    376    713
   515 :    714    713    494
   516 :    324    325    716
   517 :    325    715    716
   518 :    325    326    715
   519 :    716    715    470
   520 :    262    263    718
   521 :    263    717    718
   522 :    263    264    717
   523 :    718    717    498
   524 :    392    393    720
   525 :    393    719    720
   526 :    393    394    719
   527 :    720    719    495
   528 :    430    431    722
   529 :    431    721    722
   530 :    431    432    721
   531 :    722    721    497
   532 :    400    401    724
   533 :    401    723    724
   534 :    401     23    723
   535 :    724    723    462
   536 :    232    233    726
   537 :    233    725    726
   538 :    233     11    725
   539 :    726    725    455
   540 :    176    177    728
   541 :    177    727    728
   542 :    177      7    727
   543 :    728    727    463
   544 :    344    345    730
   545 :    345    729    730
   546 :    345     19    729
   547 :    730    729    461
   548 :    342    343    732
   549 :    343    731    732
   550 :    343    344    731
   551 :    732    731    468
   552 :    436    437    734
   553 :    437    733    734
   554 :    437    438    733
   555 :    734    733    472
   556 :    286    287    736
   557 :    287    735    736
   558 :    287    288    735
   559 :    736    735    473
   560 :    380    381    738
   561 :    381    737    738
   562 :    381    382    737
   563 :    738    737    465
   564 :    212    213    740
   565 :    213    739    740
   566 :    213    214    739
   567 :    740    739    471
   568 :    396    397    742
   569 :    397    741    742
   570 :    397    398    741
   571 :    742    741    475
   572 :    322    323    744
   573 :    323    743    744
   574 :    323    324    743
   575 :    744    743    479
   576 :    372    373    746
   577 :    373    745    746
   578 :    373    374    745
   579 :    746    745    487
   580 :    428    429    748
   581 :    429    747    748
   582 :    429    430    747
   583 :    748    747    488
   584 :    228    229    750
   585 :    229    749    750
   586 :    229    230    749
   587 :    750    749    476
   588 :    226    227    752
   589 :    227    751    752
   590 :    227    228    751
   591 :    752    751    484
   592 :    334    335    754
   593 :    335    753    754
   594 :    335    336    753
   595 :    754    753    493
   596 :    166    167    756
   597 :    167    755    756
   598 :    167    168    755
   599 :    756    755    490
   600 :    204    205    758
   601 :    205    757    758
   602 :    205    206    757
   603 :    758    757    489
   604 :    316    317    760
   605 :    317    759    760
   606 :    317    318    759
   607 :    760    759    484
   608 :    264    265    762
   609 :    265    761    762
   610 :    265    266    761
   611 :    762    761    490
   612 :    338    339    764
   613 :    339    763    764
   614 :    339    340    763
   615 :    764    763    488
   616 :    432    433    766
   617 :    433    765    766
   618 :    433    434    765
   619 :    766    765    493
   620 :    284    285    768
   621 :    285    767    768
   622 :    285    286    767
   623 :    768    767    483
   624 :    390    391    770
   625 :    391    769    770
   626 :    391    392    769
   627 :    770    769    486
   628 :    208    209    772
   629 :    209    771    772
   630 :    209    210    771
   631 :    772    771    486
   632 :    202    203    774
   633 :    203    773    774
   634 :    203    204    773
   635 :    774    773    475
   636 :    282    283    776
   637 :    283    775    776
   638 :    283    284    775
   639 :    776    775    487
   640 :    394    395    778
   641 :    395    777    778
   642 :    395    396    777
   643 :    778    777    489
   644 :     22    423    780
   645 :    423    779    780
   646 :    423    424    779
   647 :    780    779    461
   648 :    370    371    782
   649 :    371    781    782
   650 :    371    372    781
   651 :    782    781    483
   652 :    220    221    784
   653 :    221    783    784
   654 :    221    222    783
   655 :    784    783    479
   656 :      6    199    786
   657 :    199    785    786
   658 :    199    200    785
   659 :    786    785    462
   660 :    368    369    788
   661 :    369    787    788
   662 :    369    370    787
   663 :    788    787    473
   664 :    314    315    790
   665 :    315    789    790
   666 :    315    316    789
   667 :    790    789    476
   668 :     10    255    792
   669 :    255    791    792
   670 :    255    256    791
   671 :    792    791    463
   672 :    274    275    794
   673 :    275    793    794
   674 :    275    276    793
   675 :    794    793    465
   676 :    386    387    796
   677 :    387    795    796
   678 :    387    388    795
   679 :    796    795    471
   680 :    330    331    798
   681 :    331    797    798
   682 :    331    332    797
   683 :    798    797    472
   684 :    424    425    800
   685 :    425    799    800
   686 :    425    426    799
   687 :    800    799    468
   688 :    312    313    802
   689 :    313    801    802
   690 :    313    314    801
   691 :    802    801    464
   692 :    280    281    804
   693 :    281    803    804
   694 :    281    282    803
   695 :    804    803    494
   696 :    206    207    806
   697 :    207    805    806
   698 :    207    208    805
   699 :    806    805    495
   700 :    224    225    808
   701 :    225    807    808
   702 :    225    226    807
   703 :    808    807    496
   704 :    256    257    810
   705 :    257    809    810
   706 :    257    258    809
   707 :    810    809    466
   708 :    336    337    812
   709 :    337    811    812
   710 :    337    338    811
   711 :    812    811    497
   712 :    218    219    814
   713 :    219    813    814
   714 :    219    220    813
   715 :    814    813    470
   716 :    200    201    816
   717 :    201    815    816
   718 :    201    202    815
   719 :    816    815    469
   720 :    162    163    818
   721 :    163    817    818
   722 :    163    164    817
   723 :    818    817    467
   724 :    168    169    820
   725 :    169    819    820
   726 :    169    170    819
   727 :    820    819    498
   728 :    388    389    822
   729 :    389    821    822
   730 :    389    390    821
   731 :    822    821    474
   732 :    258    259    824
   733 :    259    823    824
   734 :    259    260    823
   735 :    824    823    477
   736 :    332    333    826
   737 :    333    825    826
   738 :    333    334    825
   739 :    826    825    482
   740 :    164    165    828
   741 :    165    827    828
   742 :    165    166    827
   743 :    828    827    480
   744 :    426    427    830
   745 :    427    829    830
   746 :    427    428    829
   747 :    830    829    481
   748 :    276    277    832
   749 :    277    831    832
   750 :    277    278    831
   751 :    832    831    478
   752 :    278    279    834
   753 :    279    833    834
   754 :    279    280    833
   755 :    834    833    485
   756 :    222    223    836
   757 :    223    835    836
   758 :    223    224    835
   759 :    836    835    491
   760 :    260    261    838
   761 :    261    837    838
   762 :    261    262    837
   763 :    838    837    492
   764 :    301    650    666
   765 :    650     96    666
   766 :    650     95     96
   767 :    666     96      3
   768 :     98    651     97
   769 :    651    667     97
   770 :    651    299    667
   771 :     97    667      3
   772 :    403    656    634
   773 :    656    157    634
   774 :    656    156    157
   775 :    634    157    158
   776 :     35     36    637
   777 :     36    657    637
   778 :     36     37    657
   779 :    637    657    197
   780 :     65     66    658
   781 :     66    665    658
   782 :     66     67    665
   783 :    658    665    249
   784 :    128    659    127
   785 :    659    663    127
   786 :    659    351    663
   787 :    127    663    126
   788 :     17    839    530
   789 :    839    840    530
   790 :    839    443    840
   791 :    530    840    447
   792 :    443    841    840
   793 :    841    842    840
   794 :    841     20    842
   795 :    840    842    447
   796 :      5    843    845
   797 :    843    844    845
   798 :    843    441    844
   799 :    845    844    448
   800 :    441    846    844
   801 :    846    528    844
   802 :    846      8    528
   803 :    844    528    448
   804 :     21    847    849
   805 :    847    848    849
   806 :    847    442    848
   807 :    849    848    506
   808 :    442    850    848
   809 :    850    851    848
   810 :    850      4    851
   811 :    848    851    506
   812 :     12    661    677
   813 :    661    852    677
   814 :    661      1    852
   815 :    677    852    446
   816 :      1    660    853
   817 :    660    670    853
   818 :    660     13    670
   819 :    853    670    445
   820 :     21    849    855
   821 :    849    854    855
   822 :    849    506    854
   823 :    855    854    507
   824 :      4    856    851
   825 :    856    857    851
   826 :    856    505    857
   827 :    851    857    506
   828 :      1     28    852
   829 :     28    858    852
   830 :     28     27    858
   831 :    852    858    446
   832 :     30     29    859
   833 :     29    853    859
   834 :     29      1    853
   835 :    859    853    445
   836 :    506    860    854
   837 :    860    861    854
   838 :    860      0    861
   839 :    854    861    507
   840 :    505    862    857
   841 :    862    860    857
   842 :    862      0    860
   843 :    857    860    506
   844 :      5    845    864
   845 :    845    863    864
   846 :    845    448    863
   847 :    864    863    505
   848 :    447    842    866
   849 :    842    865    866
   850 :    842     20    865
   851 :    866    865    507
   852 :    274    867    869
   853 :    867    868    869
   854 :    867    382    868
   855 :    869    868    440
   856 :    218    870    872
   857 :    870    871    872
   858 :    870    326    871
   859 :    872    871    444
   860 :    162    873    875
   861 :    873    874    875
   862 :    873    270    874
   863 :    875    874    441
   864 :    330    876    878
   865 :    876    877    878
   866 :    876    438    877
   867 :    878    877    443
   868 :    386    879    881
   869 :    879    880    881
   870 :    879    214    880
   871 :    881    880    442
   872 :     27    626    858
   873 :    626    675    858
   874 :    626      9    675
   875 :    858    675    446
   876 :     16    627    672
   877 :    627    859    672
   878 :    627     30    859
   879 :    672    859    445
   880 :    112    882    648
   881 :    882    533    648
   882 :    882    365    533
   883 :    648    533    502
   884 :    235    883    534
   885 :    883    647    534
   886 :    883     81    647
   887 :    534    647    501
   888 :    241    884    644
   889 :    884    539    644
   890 :    884     75    539
   891 :    644    539    504
   892 :    118    885    540
   893 :    885    643    540
   894 :    885    359    643
   895 :    540    643    503
   896 :     32    573    886
   897 :    573    866    886
   898 :    573    447    866
   899 :    886    866    507
   900 :    448    572    863
   901 :    572    887    863
   902 :    572     25    887
   903 :    863    887    505
   904 :    189    888    632
   905 :    888    553    632
   906 :    888     45    553
   907 :    632    553    500
   908 :    148    889    554
   909 :    889    631    554
   910 :    889    411    631
   911 :    554    631    499
   912 :    291    890    622
   913 :    890    563    622
   914 :    890    106    563
   915 :    622    563    460
   916 :     87    891    564
   917 :    891    621    564
   918 :    891    309    621
   919 :    564    621    459
   920 :    417    892    618
   921 :    892    567    618
   922 :    892    142    567
   923 :    618    567    458
   924 :     51    893    568
   925 :    893    617    568
   926 :    893    183    617
   927 :    568    617    457
   928 :    239    894    612
   929 :    894    575    612
   930 :    894     77    575
   931 :    612    575    454
   932 :    116    895    576
   933 :    895    611    576
   934 :    895    361    611
   935 :    576    611    453
   936 :    365    882    608
   937 :    882    579    608
   938 :    882    112    579
   939 :    608    579    452
   940 :     81    883    580
   941 :    883    607    580
   942 :    883    235    607
   943 :    580    607    451
   944 :    110    896    604
   945 :    896    897    604
   946 :    896     18    897
   947 :    604    897    509
   948 :     11    898    899
   949 :    898    603    899
   950 :    898     83    603
   951 :    899    603    508
   952 :    187    900    596
   953 :    900    587    596
   954 :    900     47    587
   955 :    596    587    450
   956 :    146    901    588
   957 :    901    595    588
   958 :    901    413    595
   959 :    588    595    449
   960 :     25     24    887
   961 :     24    862    887
   962 :     24      0    862
   963 :    887    862    505
   964 :      0     33    861
   965 :     33    886    861
   966 :     33     32    886
   967 :    861    886    507
   968 :    415    902    594
   969 :    902    589    594
   970 :    902    144    589
   971 :    594    589    449
   972 :     49    903    586
   973 :    903    597    586
   974 :    903    185    597
   975 :    586    597    450
   976 :    237    904    606
   977 :    904    581    606
   978 :    904     79    581
   979 :    606    581    451
   980 :    114    905    578
   981 :    905    609    578
   982 :    905    363    609
   983 :    578    609    452
   984 :    363    905    610
   985 :    905    577    610
   986 :    905    114    577
   987 :    610    577    453
   988 :     79    904    574
   989 :    904    613    574
   990 :    904    237    613
   991 :    574    613    454
   992 :     15    906    678
   993 :    906    683    678
   994 :    906     18    683
   995 :    678    683    456
   996 :     11    907    725
   997 :    907    681    725
   998 :    907     14    681
   999 :    725    681    455
  1000 :    368    908    682
  1001 :    908    679    682
  1002 :    908    288    679
  1003 :    682    679    456
  1004 :    185    903    616
  1005 :    903    569    616
  1006 :    903     49    569
  1007 :    616    569    457
  1008 :    144    902    566
  1009 :    902    619    566
  1010 :    902    415    619
  1011 :    566    619    458
  1012 :    432    909    721
  1013 :    909    812    721
  1014 :    909    336    812
  1015 :    721    812    497
  1016 :    264    910    717
  1017 :    910    820    717
  1018 :    910    168    820
  1019 :    717    820    498
  1020 :    320    911    711
  1021 :    911    808    711
  1022 :    911    224    808
  1023 :    711    808    496
  1024 :    376    912    713
  1025 :    912    804    713
  1026 :    912    280    804
  1027 :    713    804    494
  1028 :    394    913    719
  1029 :    913    806    719
  1030 :    913    206    806
  1031 :    719    806    495
  1032 :    336    909    753
  1033 :    909    766    753
  1034 :    909    432    766
  1035 :    753    766    493
  1036 :    430    914    747
  1037 :    914    764    747
  1038 :    914    338    764
  1039 :    747    764    488
  1040 :    168    910    755
  1041 :    910    762    755
  1042 :    910    264    762
  1043 :    755    762    490
  1044 :    172    915    685
  1045 :    915    838    685
  1046 :    915    260    838
  1047 :    685    838    492
  1048 :    318    916    759
  1049 :    916    752    759
  1050 :    916    226    752
  1051 :    759    752    484
  1052 :    374    917    745
  1053 :    917    776    745
  1054 :    917    282    776
  1055 :    745    776    487
  1056 :    378    918    687
  1057 :    918    834    687
  1058 :    918    278    834
  1059 :    687    834    485
  1060 :    206    913    757
  1061 :    913    778    757
  1062 :    913    394    778
  1063 :    757    778    489
  1064 :    322    919    689
  1065 :    919    836    689
  1066 :    919    222    836
  1067 :    689    836    491
  1068 :    392    920    769
  1069 :    920    772    769
  1070 :    920    208    772
  1071 :    769    772    486
  1072 :    436    921    695
  1073 :    921    826    695
  1074 :    921    332    826
  1075 :    695    826    482
  1076 :    204    922    773
  1077 :    922    742    773
  1078 :    922    396    742
  1079 :    773    742    475
  1080 :    342    923    691
  1081 :    923    830    691
  1082 :    923    426    830
  1083 :    691    830    481
  1084 :    174    924    697
  1085 :    924    824    697
  1086 :    924    258    824
  1087 :    697    824    477
  1088 :    268    925    699
  1089 :    925    828    699
  1090 :    925    164    828
  1091 :    699    828    480
  1092 :    372    926    781
  1093 :    926    768    781
  1094 :    926    284    768
  1095 :    781    768    483
  1096 :    212    927    701
  1097 :    927    822    701
  1098 :    927    388    822
  1099 :    701    822    474
  1100 :    222    919    783
  1101 :    919    744    783
  1102 :    919    322    744
  1103 :    783    744    479
  1104 :    380    928    693
  1105 :    928    832    693
  1106 :    928    276    832
  1107 :    693    832    478
  1108 :    316    929    789
  1109 :    929    750    789
  1110 :    929    228    750
  1111 :    789    750    476
  1112 :    370    930    787
  1113 :    930    736    787
  1114 :    930    286    736
  1115 :    787    736    473
  1116 :    176    931    705
  1117 :    931    810    705
  1118 :    931    256    810
  1119 :    705    810    466
  1120 :    332    921    797
  1121 :    921    734    797
  1122 :    921    436    734
  1123 :    797    734    472
  1124 :    400    932    707
  1125 :    932    816    707
  1126 :    932    200    816
  1127 :    707    816    469
  1128 :    270    873    709
  1129 :    873    818    709
  1130 :    873    162    818
  1131 :    709    818    467
  1132 :    232    933    703
  1133 :    933    802    703
  1134 :    933    312    802
  1135 :    703    802    464
  1136 :    326    870    715
  1137 :    870    814    715
  1138 :    870    218    814
  1139 :    715    814    470
  1140 :    388    927    795
  1141 :    927    740    795
  1142 :    927    212    740
  1143 :    795    740    471
  1144 :    426    923    799
  1145 :    923    732    799
  1146 :    923    342    732
  1147 :    799    732    468
  1148 :    276    928    793
  1149 :    928    738    793
  1150 :    928    380    738
  1151 :    793    738    465
  1152 :    200    932    785
  1153 :    932    724    785
  1154 :    932    400    724
  1155 :    785    724    462
  1156 :    312    933    680
  1157 :    933    726    680
  1158 :    933    232    726
  1159 :    680    726    455
  1160 :    256    931    791
  1161 :    931    728    791
  1162 :    931    176    728
  1163 :    791    728    463
  1164 :    424    934    779
  1165 :    934    730    779
  1166 :    934    344    730
  1167 :    779    730    461
  1168 :     19    629    729
  1169 :    629    780    729
  1170 :    629     22    780
  1171 :    729    780    461
  1172 :     23    684    723
  1173 :    684    786    723
  1174 :    684      6    786
  1175 :    723    786    462
  1176 :      7    628    727
  1177 :    628    792    727
  1178 :    628     10    792
  1179 :    727    792    463
  1180 :    314    935    801
  1181 :    935    704    801
  1182 :    935    230    704
  1183 :    801    704    464
  1184 :    382    867    737
  1185 :    867    794    737
  1186 :    867    274    794
  1187 :    737    794    465
  1188 :    258    924    809
  1189 :    924    706    809
  1190 :    924    174    706
  1191 :    809    706    466
  1192 :    344    934    731
  1193 :    934    800    731
  1194 :    934    424    800
  1195 :    731    800    468
  1196 :    164    925    817
  1197 :    925    710    817
  1198 :    925    268    710
  1199 :    817    710    467
  1200 :    202    936    815
  1201 :    936    708    815
  1202 :    936    398    708
  1203 :    815    708    469
  1204 :    220    937    813
  1205 :    937    716    813
  1206 :    937    324    716
  1207 :    813    716    470
  1208 :    214    879    739
  1209 :    879    796    739
  1210 :    879    386    796
  1211 :    739    796    471
  1212 :    438    876    733
  1213 :    876    798    733
  1214 :    876    330    798
  1215 :    733    798    472
  1216 :    288    908    735
  1217 :    908    788    735
  1218 :    908    368    788
  1219 :    735    788    473
  1220 :    390    938    821
  1221 :    938    702    821
  1222 :    938    210    702
  1223 :    821    702    474
  1224 :    398    936    741
  1225 :    936    774    741
  1226 :    936    202    774
  1227 :    741    774    475
  1228 :    230    935    749
  1229 :    935    790    749
  1230 :    935    314    790
  1231 :    749    790    476
  1232 :    260    915    823
  1233 :    915    698    823
  1234 :    915    172    698
  1235 :    823    698    477
  1236 :    278    918    831
  1237 :    918    694    831
  1238 :    918    378    694
  1239 :    831    694    478
  1240 :    324    937    743
  1241 :    937    784    743
  1242 :    937    220    784
  1243 :    743    784    479
  1244 :    166    939    827
  1245 :    939    700    827
  1246 :    939    266    700
  1247 :    827    700    480
  1248 :    428    940    829
  1249 :    940    692    829
  1250 :    940    340    692
  1251 :    829    692    481
  1252 :    334    941    825
  1253 :    941    696    825
  1254 :    941    434    696
  1255 :    825    696    482
  1256 :    286    930    767
  1257 :    930    782    767
  1258 :    930    370    782
  1259 :    767    782    483
  1260 :    228    929    751
  1261 :    929    760    751
  1262 :    929    316    760
  1263 :    751    760    484
  1264 :    280    912    833
  1265 :    912    688    833
  1266 :    912    376    688
  1267 :    833    688    485
  1268 :    210    938    771
  1269 :    938    770    771
  1270 :    938    390    770
  1271 :    771    770    486
  1272 :    284    926    775
  1273 :    926    746    775
  1274 :    926    372    746
  1275 :    775    746    487
  1276 :    340    940    763
  1277 :    940    748    763
  1278 :    940    428    748
  1279 :    763    748    488
  1280 :    396    922    777
  1281 :    922    758    777
  1282 :    922    204    758
  1283 :    777    758    489
  1284 :    266    939    761
  1285 :    939    756    761
  1286 :    939    166    756
  1287 :    761    756    490
  1288 :    224    911    835
  1289 :    911    690    835
  1290 :    911    320    690
  1291 :    835    690    491
  1292 :    262    942    837
  1293 :    942    686    837
  1294 :    942    170    686
  1295 :    837    686    492
  1296 :    434    941    765
  1297 :    941    754    765
  1298 :    941    334    754
  1299 :    765    754    493
  1300 :    282    917    803
  1301 :    917    714    803
  1302 :    917    374    714
  1303 :    803    714    494
  1304 :    208    920    805
  1305 :    920    720    805
  1306 :    920    392    720
  1307 :    805    720    495
  1308 :    226    916    807
  1309 :    916    712    807
  1310 :    916    318    712
  1311 :    807    712    496
  1312 :    338    914    811
  1313 :    914    722    811
  1314 :    914    430    722
  1315 :    811    722    497
  1316 :    170    942    819
  1317 :    942    718    819
  1318 :    942    262    718
  1319 :    819    718    498
  1320 :     14    943    620
  1321 :    943    565    620
  1322 :    943     85    565
  1323 :    620    565    459
  1324 :    108    944    562
  1325 :    944    623    562
  1326 :    944     15    623
  1327 :    562    623    460
  1328 :     83    898    646
  1329 :    898    535    646
  1330 :    898     11    535
  1331 :    646    535    501
  1332 :     18    896    532
  1333 :    896    649    532
  1334 :    896    110    649
  1335 :    532    649    502
  1336 :    413    901    630
  1337 :    901    555    630
  1338 :    901    146    555
  1339 :    630    555    499
  1340 :     47    900    552
  1341 :    900    633    552
  1342 :    900    187    633
  1343 :    552    633    500
  1344 :    361    895    642
  1345 :    895    541    642
  1346 :    895    116    541
  1347 :    642    541    503
  1348 :     77    894    538
  1349 :    894    645    538
  1350 :    894    239    645
  1351 :    538    645    504
  1352 :     14    907    945
  1353 :    907    899    945
  1354 :    907     11    899
  1355 :    945    899    508
  1356 :     18    906    897
  1357 :    906    946    897
  1358 :    906     15    946
  1359 :    897    946    509
  1360 :     85    943    602
  1361 :    943    945    602
  1362 :    943     14    945
  1363 :    602    945    508
  1364 :     15    944    946
  1365 :    944    605    946
  1366 :    944    108    605
  1367 :    946    605    509
  1368 :      4    160    856
  1369 :    160    864    856
  1370 :    160      5    864
  1371 :    856    864    505
  1372 :     20    384    865
  1373 :    384    855    865
  1374 :    384     21    855
  1375 :    865    855    507
  1376 :    214    215    880
  1377 :    215    850    880
  1378 :    215      4    850
  1379 :    880    850    442
  1380 :      5    161    843
  1381 :    161    875    843
  1382 :    161    162    875
  1383 :    843    875    441
  1384 :    270    271    874
  1385 :    271    846    874
  1386 :    271      8    846
  1387 :    874    846    441
  1388 :      9    217    673
  1389 :    217    872    673
  1390 :    217    218    872
  1391 :    673    872    444
  1392 :    326    327    871
  1393 :    327    676    871
  1394 :    327     12    676
  1395 :    871    676    444
  1396 :     13    273    668
  1397 :    273    869    668
  1398 :    273    274    869
  1399 :    668    869    440
  1400 :    382    383    868
  1401 :    383    671    868
  1402 :    383     16    671
  1403 :    868    671    440
  1404 :     17    329    839
  1405 :    329    878    839
  1406 :    329    330    878
  1407 :    839    878    443
  1408 :    438    439    877
  1409 :    439    841    877
  1410 :    439     20    841
  1411 :    877    841    443
  1412 :     21    385    847
  1413 :    385    881    847
  1414 :    385    386    881
  1415 :    847    881    442
  1416 :     43     44    947
  1417 :     44    888    947
  1418 :     44     45    888
  1419 :    947    888    189
  1420 :     43    947    544
  1421 :    947    190    544
  1422 :    947    189    190
  1423 :    544    190    191
  1424 :     51     52    893
  1425 :     52    948    893
  1426 :     52     53    948
  1427 :    893    948    183
  1428 :     53    511    948
  1429 :    511    182    948
  1430 :    511    181    182
  1431 :    948    182    183
  1432 :     73     74    949
  1433 :     74    884    949
  1434 :     74     75    884
  1435 :    949    884    241
  1436 :     73    949    558
  1437 :    949    242    558
  1438 :    949    241    242
  1439 :    558    242    243
  1440 :     89    950     88
  1441 :    950    891     88
  1442 :    950    309    891
  1443 :     88    891     87
  1444 :    307    308    515
  1445 :    308    950    515
  1446 :    308    309    950
  1447 :    515    950     89
  1448 :    106    890    105
  1449 :    890    951    105
  1450 :    890    291    951
  1451 :    105    951    104
  1452 :    291    292    951
  1453 :    292    516    951
  1454 :    292    293    516
  1455 :    951    516    104
  1456 :    120    952    119
  1457 :    952    885    119
  1458 :    952    359    885
  1459 :    119    885    118
  1460 :    357    358    557
  1461 :    358    952    557
  1462 :    358    359    952
  1463 :    557    952    120
  1464 :    142    892    141
  1465 :    892    953    141
  1466 :    892    417    953
  1467 :    141    953    140
  1468 :    417    418    953
  1469 :    418    512    953
  1470 :    418    419    512
  1471 :    953    512    140
  1472 :    411    889    954
  1473 :    889    149    954
  1474 :    889    148    149
  1475 :    954    149    150
  1476 :    409    410    542
  1477 :    410    954    542
  1478 :    410    411    954
  1479 :    542    954    150
Number of domains 24
    Domain :      0 
    Name : RoueInterne1
    Number of elements :      6
     0     1     2     3     4     5
    Domain :      1 
    Name : RoueInterne2
    Number of elements :      6
     6     7     8     9    10    11
    Domain :      2 
    Name : RoueExterne1
    Number of elements :     64
    12    13    14    15    16    17    18    19    20    21
    22    23    24    25    26    27    28    29    30    31
    32    33    34    35    36    37    38    39    40    41
    42    43    44    45    46    47    48    49    50    51
    52    53    54    55    56    57    58    59    60    61
    62    63    64    65    66    67    68    69    70    71
    72    73    74    75
    Domain :      3 
    Name : RoueExterne2
    Number of elements :     64
    76    77    78    79    80    81    82    83    84    85
    86    87    88    89    90    91    92    93    94    95
    96    97    98    99   100   101   102   103   104   105
   106   107   108   109   110   111   112   113   114   115
   116   117   118   119   120   121   122   123   124   125
   126   127   128   129   130   131   132   133   134   135
   136   137   138   139
    Domain :      4 
    Name : Entity 4 
    Number of elements :      2
   140   141
    Domain :      5 
    Name : Entity 5 
    Number of elements :     18
   142   143   144   145   146   147   148   149   150   151
   152   153   154   155   156   157   158   159
    Domain :      6 
    Name : Entity 6 
    Number of elements :     22
   160   161   162   163   164   165   166   167   168   169
   170   171   172   173   174   175   176   177   178   179
   180   181
    Domain :      7 
    Name : Entity 7 
    Number of elements :     18
   182   183   184   185   186   187   188   189   190   191
   192   193   194   195   196   197   198   199
    Domain :      8 
    Name : Entity 8 
    Number of elements :      2
   200   201
    Domain :      9 
    Name : Entity 9 
    Number of elements :     18
   202   203   204   205   206   207   208   209   210   211
   212   213   214   215   216   217   218   219
    Domain :     10 
    Name : Entity 10 
    Number of elements :     22
   220   221   222   223   224   225   226   227   228   229
   230   231   232   233   234   235   236   237   238   239
   240   241
    Domain :     11 
    Name : Entity 11 
    Number of elements :     18
   242   243   244   245   246   247   248   249   250   251
   252   253   254   255   256   257   258   259
    Domain :     12 
    Name : Entity 12 
    Number of elements :      2
   260   261
    Domain :     13 
    Name : Entity 13 
    Number of elements :     18
   262   263   264   265   266   267   268   269   270   271
   272   273   274   275   276   277   278   279
    Domain :     14 
    Name : Entity 14 
    Number of elements :     22
   280   281   282   283   284   285   286   287   288   289
   290   291   292   293   294   295   296   297   298   299
   300   301
    Domain :     15 
    Name : Entity 15 
    Number of elements :     18
   302   303   304   305   306   307   308   309   310   311
   312   313   314   315   316   317   318   319
    Domain :     16 
    Name : Entity 16 
    Number of elements :      2
   320   321
    Domain :     17 
    Name : Entity 17 
    Number of elements :     18
   322   323   324   325   326   327   328   329   330   331
   332   333   334   335   336   337   338   339
    Domain :     18 
    Name : Entity 18 
    Number of elements :     22
   340   341   342   343   344   345   346   347   348   349
   350   351   352   353   354   355   356   357   358   359
   360   361
    Domain :     19 
    Name : Entity 19 
    Number of elements :     18
   362   363   364   365   366   367   368   369   370   371
   372   373   374   375   376   377   378   379
    Domain :     20 
    Name : Entity 20 
    Number of elements :      2
   380   381
    Domain :     21 
    Name : Entity 21 
    Number of elements :     18
   382   383   384   385   386   387   388   389   390   391
   392   393   394   395   396   397   398   399
    Domain :     22 
    Name : Entity 22 
    Number of elements :     22
   400   401   402   403   404   405   406   407   408   409
   410   411   412   413   414   415   416   417   418   419
   420   421
    Domain :     23 
    Name : Entity 23 
    Number of elements :     18
   422   423   424   425   426   427   428   429   430   431
   432   433   434   435   436   437   438   439
