Size 899,2
0.000000000000000000e+00,0.000000000000000000e+00
0.000000000000000000e+00,0.000000000000000000e+00
3.151746114373217706e-09,-3.461113035684396638e-07
-2.300626699056620041e-08,-3.373594769946848220e-07
1.105297115047372436e-08,-9.271241009239352502e-09
1.367589403830910243e-09,-8.745130846635495213e-09
-4.802223339015734457e-09,-3.770212272868120540e-07
4.193122326304718855e-08,-7.523991622496533709e-08
-5.193252718768059389e-10,-3.512905577247997169e-09
-6.637038004239405535e-09,-2.109292569021013066e-09
5.412044870386540175e-08,-8.226327475804864362e-08
-1.554174779928874195e-07,-2.701280821521344510e-07
4.726039762819655753e-09,-1.348294161429350755e-08
-5.088801751602208919e-09,-1.388781621259379603e-08
-1.425649158524017489e-07,-2.707811172814640940e-07
1.354837871731385296e-07,-2.729856083061617670e-07
6.130365002271175596e-09,-2.332688671127469309e-09
8.185136412194249871e-10,-3.979650692232476490e-09
1.512893045119969959e-07,-2.755852810201648131e-07
-5.363001607207052254e-08,-8.956329580241531877e-08
-1.268752702827778777e-09,-9.248787240128734095e-09
-1.049435888435623432e-08,-8.482877108415988131e-09
-3.744130502166248928e-08,-8.066057715309925731e-08
1.196686314479915891e-08,-3.793303616707243977e-07
0.000000000000000000e+00,0.000000000000000000e+00
0.000000000000000000e+00,0.000000000000000000e+00
0.000000000000000000e+00,0.000000000000000000e+00
0.000000000000000000e+00,0.000000000000000000e+00
0.000000000000000000e+00,0.000000000000000000e+00
0.000000000000000000e+00,0.000000000000000000e+00
0.000000000000000000e+00,0.000000000000000000e+00
0.000000000000000000e+00,0.000000000000000000e+00
0.000000000000000000e+00,0.000000000000000000e+00
0.000000000000000000e+00,0.000000000000000000e+00
0.000000000000000000e+00,0.000000000000000000e+00
0.000000000000000000e+00,0.000000000000000000e+00
0.000000000000000000e+00,0.000000000000000000e+00
0.000000000000000000e+00,0.000000000000000000e+00
0.000000000000000000e+00,0.000000000000000000e+00
0.000000000000000000e+00,0.000000000000000000e+00
0.000000000000000000e+00,0.000000000000000000e+00
0.000000000000000000e+00,0.000000000000000000e+00
0.000000000000000000e+00,0.000000000000000000e+00
0.000000000000000000e+00,0.000000000000000000e+00
0.000000000000000000e+00,0.000000000000000000e+00
0.000000000000000000e+00,0.000000000000000000e+00
0.000000000000000000e+00,0.000000000000000000e+00
0.000000000000000000e+00,0.000000000000000000e+00
0.000000000000000000e+00,0.000000000000000000e+00
0.000000000000000000e+00,0.000000000000000000e+00
-8.272179847996527012e-09,-3.451415806020785823e-07
-2.334516791232310236e-08,-3.421131073885087396e-07
-4.460703885745150797e-08,-3.415695988058073556e-07
-6.713839757640512607e-08,-3.435709429639277568e-07
-8.950388144345238375e-08,-3.478672456337985068e-07
-1.104881930817770888e-07,-3.540405722247630740e-07
-1.290571560460643241e-07,-3.615111104690568450e-07
-1.443015359268515069e-07,-3.696193196972353972e-07
-1.555131659934810402e-07,-3.775997087911021897e-07
-1.615675823130209995e-07,-3.844929945870653856e-07
-1.615852766042708124e-07,-3.912589879779148394e-07
-1.553085974421605143e-07,-3.944640262376021048e-07
-1.426968638370519112e-07,-3.928875307519448761e-07
-1.249463260853621315e-07,-3.862085692535783834e-07
-1.026197889800693716e-07,-3.737600282384551556e-07
-7.710883114152501921e-08,-3.553743533986281043e-07
-4.962833025196932479e-08,-3.310578548331015304e-07
-2.183917397125523260e-08,-3.013568505725938505e-07
4.658225935397803294e-09,-2.671010008569229344e-07
2.816487259063144519e-08,-2.296797381495256196e-07
4.701722802536643643e-08,-1.909233409892849683e-07
5.972847425096297423e-08,-1.529021129940779307e-07
6.429293309260013049e-08,-1.192772793973609395e-07
6.053819429556358214e-08,-9.232508702340231511e-08
5.018394748497590800e-08,-7.863294621785499741e-08
3.500267720841542668e-08,-7.546723029135491276e-08
1.852177706852136595e-08,-8.364950985914415878e-08
1.698802308830027696e-10,-1.044406970210234914e-07
-1.568542167893971517e-08,-1.376050022252462052e-07
-2.761848922447172150e-08,-1.776517870652946496e-07
-3.509506042848972520e-08,-2.212272826555923477e-07
-3.803905645975437482e-08,-2.656614119372664086e-07
-3.676867646391871355e-08,-3.085024181539213179e-07
-3.188669765257023544e-08,-3.476254307148442335e-07
-2.427454311982565871e-08,-3.814466269225603945e-07
-1.495703766643411582e-08,-4.085376311200291347e-07
-5.084498626867676986e-09,-4.282270752127149021e-07
4.172488464918425122e-09,-4.398584933395710173e-07
1.168519556086131030e-08,-4.436301963992300594e-07
1.640776609335683339e-08,-4.396467679368547772e-07
1.749560500439493280e-08,-4.288521949208557298e-07
1.426825292777488565e-08,-4.120220679336484586e-07
6.378516680373791038e-09,-3.906530291422896735e-07
-6.299326973800193824e-09,-3.660368771325760760e-07
-2.347045303086384891e-08,-3.399809638625302656e-07
-4.454670401063627882e-08,-3.142403143213742141e-07
-6.826022460939022635e-08,-2.907907874417270679e-07
-9.439239202679653084e-08,-2.721716085307924463e-07
-1.190836270242175385e-07,-2.620997823632593449e-07
-1.389892987887058056e-07,-2.611338329873025433e-07
-1.482222288476907960e-07,-2.682073240605709272e-07
-1.495365918317873563e-07,-2.773940902415951687e-07
-1.459575782610483217e-07,-2.854969765410044939e-07
-1.392203536601076074e-07,-2.938268674493407564e-07
-1.301810796081022524e-07,-3.018401184729891397e-07
-1.194784276704945191e-07,-3.091618921696760299e-07
-1.077520929769361705e-07,-3.155817305025498355e-07
-9.549816714083167773e-08,-3.210153224314562656e-07
-8.309358474184111919e-08,-3.254872352323475567e-07
-7.078704528102793111e-08,-3.290828268860601626e-07
-5.868333776249297935e-08,-3.319352450273342853e-07
-4.677717272557985539e-08,-3.341846532924808833e-07
-3.494018613353620023e-08,-3.359630951805822389e-07
-1.049782528091329176e-08,-3.383738763807754656e-07
3.049199877271199049e-09,-3.388569553718638457e-07
1.770758122095697583e-08,-3.385811931252385244e-07
3.348312284187950149e-08,-3.372917148874279966e-07
5.019372952016229331e-08,-3.347560462117875304e-07
6.751155405361694674e-08,-3.307802493036164234e-07
8.492913706235004199e-08,-3.252644623123401453e-07
1.017644216052488242e-07,-3.182167927362952576e-07
1.172205726613511198e-07,-3.098103814017651425e-07
1.302766909071651492e-07,-3.004128307285928830e-07
1.397198805527382033e-07,-2.907062670455900645e-07
1.447302558721982943e-07,-2.817648834283208788e-07
1.438852354622545459e-07,-2.719972563087972951e-07
1.342160265562540313e-07,-2.650265320295020561e-07
1.126087188645977591e-07,-2.670689484978733311e-07
8.546388190452251132e-08,-2.794604148818636918e-07
5.653746214120849238e-08,-3.017532303993562115e-07
3.029012654943468001e-08,-3.297182774314017817e-07
7.167613275103412088e-09,-3.603855729314344247e-07
-1.148185900187732567e-08,-3.914822467685275020e-07
-2.496511434693963830e-08,-4.209469409335922348e-07
-3.294284618324795794e-08,-4.467242881267824717e-07
-3.555540348316598547e-08,-4.673193433412296356e-07
-3.319783721857847484e-08,-4.810415156415033289e-07
-2.664308576072529574e-08,-4.869859708435069486e-07
-1.685162225967526409e-08,-4.840925802898008127e-07
-5.012276981817874745e-09,-4.722196166092625000e-07
7.592389848588208284e-09,-4.511544317557555580e-07
1.963137198637723696e-08,-4.216187067995577074e-07
2.979815845167417213e-08,-3.843860717152127082e-07
3.692618101987619460e-08,-3.410525612642893399e-07
4.001401026725506794e-08,-2.934251987883820556e-07
3.837223831011031359e-08,-2.438884063304060959e-07
3.163796806519290808e-08,-1.952314621889310874e-07
1.989121044629030438e-08,-1.504569526099327749e-07
3.739862953157325296e-09,-1.133738984333432938e-07
-1.519138220533107275e-08,-9.018229074723923078e-08
-3.194118906893592064e-08,-8.089232301144704253e-08
-4.738788286467304630e-08,-8.382651713308585145e-08
-5.762870244063266398e-08,-9.840789492941446125e-08
-6.060490419362074833e-08,-1.279868294382787044e-07
-5.416275270877009866e-08,-1.651685292147963060e-07
-3.843524042792601148e-08,-2.072846994289471323e-07
-1.576678555397520682e-08,-2.501036602837571870e-07
1.210646932780183823e-08,-2.912316205899261495e-07
4.324803834019515625e-08,-3.285640199201130368e-07
7.567319489805348154e-08,-3.605012667019774618e-07
1.075194917511111701e-07,-3.861045567973101606e-07
1.368502160515926450e-07,-4.047583914426805074e-07
1.622569100205278032e-07,-4.164879847529695002e-07
1.821243501773019383e-07,-4.215155248760399556e-07
1.958198929364721830e-07,-4.206580956367770634e-07
2.019650242929401542e-07,-4.143289103639409357e-07
2.006888311936121445e-07,-4.040135299744768025e-07
1.922506047882515192e-07,-3.935875354513634471e-07
1.777566490980482380e-07,-3.820634698825317857e-07
1.585336029001809237e-07,-3.705911511143304208e-07
1.355112435247914217e-07,-3.600981719952502509e-07
1.098259207446915889e-07,-3.513845715897222564e-07
8.284351778430071319e-08,-3.451439316107345228e-07
5.609451647642326814e-08,-3.418659305378510286e-07
3.138972657142481483e-08,-3.417982404360994904e-07
1.482512597104578429e-08,-3.449707886209099294e-07
4.853701741442853000e-09,-7.089678262664524084e-09
3.437292623564412989e-09,-6.156407529750705342e-09
3.424360875041808832e-09,-5.479679856155010196e-09
3.558782013260530958e-09,-4.991109121495955675e-09
3.294030330599092248e-09,-5.064885506957270635e-09
3.320486487312764250e-09,-1.831190539125552145e-08
7.107430917377227098e-09,-2.670170044344328781e-08
1.220475193027103294e-08,-3.463629966857911877e-08
1.825089953374766718e-08,-4.212442926736747344e-08
2.476005619025594415e-08,-4.906548276634047703e-08
3.126922010262494117e-08,-5.537047365929561264e-08
3.736374889500946447e-08,-6.096561318291770844e-08
4.267533840573875276e-08,-6.579506387972977372e-08
4.693525294015587918e-08,-6.983885768135325476e-08
4.999678417857232463e-08,-7.298962438485039205e-08
4.996934806912598236e-08,-7.423412078758777804e-08
2.174315376986100364e-08,-9.060551061493536502e-08
1.727608779322735882e-09,-1.140058423752758077e-07
-1.971812286667155912e-08,-1.434110799514362513e-07
-4.217050619017155806e-08,-1.766497117705243728e-07
-6.492487710288162550e-08,-2.112792329459152195e-07
-8.718310831197610653e-08,-2.454716804424023370e-07
-1.081197154854998862e-07,-2.777668509398807684e-07
-1.267005648991894484e-07,-3.069299700397410454e-07
-1.422315412495834479e-07,-3.324170174232510745e-07
-1.537435838747378328e-07,-3.535568136789514654e-07
-1.608734593803262220e-07,-3.704681173629640536e-07
-1.629186387301508063e-07,-3.830782410207808266e-07
-1.599293505505450796e-07,-3.915938490251005118e-07
-1.526107702284899718e-07,-3.970594836061614077e-07
-1.404654244348706164e-07,-3.974801158978995289e-07
-1.255264921231469900e-07,-3.965371450937150857e-07
-1.078101250335613784e-07,-3.944734398495765795e-07
-8.811224637815175219e-08,-3.916355286738452115e-07
-6.717945759017052263e-08,-3.882962913243855030e-07
-4.605451676389765183e-08,-3.846475988584764834e-07
-2.580916729002003125e-08,-3.807521513388124234e-07
9.618205246109148114e-09,-3.752376319220697428e-07
2.206273885014244123e-08,-3.628471338493428848e-07
3.245019551944075992e-08,-3.402539522723236157e-07
4.078278979917554359e-08,-3.094214014165753303e-07
4.689952746699648917e-08,-2.720887326113732962e-07
5.061499560548449088e-08,-2.301860721770903864e-07
5.174264078537853065e-08,-1.858062616155182858e-07
5.009603586176783509e-08,-1.411987452987497852e-07
4.548788237262415222e-08,-9.876718437551904000e-08
3.771965783557062225e-08,-6.106543935450899275e-08
2.651811227165034726e-08,-3.078297165372211439e-08
-1.100630998214826428e-09,-1.080340928575509807e-09
-2.013998510253415936e-09,-7.422093620965453111e-10
-2.524919912825209549e-09,-1.115022372847053876e-09
-3.172118887191378768e-09,-1.628339430945363761e-09
-4.276516984143729248e-09,-2.158958755223644506e-09
-2.167501854866925399e-08,-1.006297612231776588e-08
-3.862075057482313226e-08,-2.479310863657306677e-08
-5.707796817483929304e-08,-4.549460221667810553e-08
-7.602092904975755764e-08,-7.044585992193910059e-08
-9.455429779838038679e-08,-9.814501609837761084e-08
-1.118546363225746783e-07,-1.271998124893872419e-07
-1.271724806686474806e-07,-1.563220117153609629e-07
-1.398307441073334220e-07,-1.843262800757574776e-07
-1.492036278361572964e-07,-2.101027471117422217e-07
-1.547983419626304985e-07,-2.326106093712854065e-07
-1.568234695054900539e-07,-2.516130188355045148e-07
-1.449813614407186860e-07,-2.926331597476123674e-07
-1.298406568085820461e-07,-3.146684883379316483e-07
-1.106009085580364984e-07,-3.381801703288071350e-07
-8.881700739246429151e-08,-3.615530009771744063e-07
-6.751479414196517032e-08,-3.840779629222061165e-07
-4.738563968999436134e-08,-4.044637538722408250e-07
-2.914276935823018577e-08,-4.214108627321411499e-07
-1.317463933395663568e-08,-4.340080437707248092e-07
2.847309552026734905e-10,-4.410673639223675097e-07
1.132078322735284914e-08,-4.421226593762011090e-07
2.009378644973512690e-08,-4.363318356951703982e-07
2.699476102325726597e-08,-4.237879573902698603e-07
3.241818307322799836e-08,-4.041958675493882917e-07
3.684779265741230696e-08,-3.782600998344204038e-07
4.069785860747499574e-08,-3.463782254874624604e-07
4.430995254772746518e-08,-3.098438091661020231e-07
4.786866730985587505e-08,-2.698216577073964877e-07
5.133993816964790308e-08,-2.280921277641556299e-07
5.441691791073905640e-08,-1.865805107773229737e-07
5.648501850736568617e-08,-1.473649743795002822e-07
5.654705000293901186e-08,-1.128721723547336744e-07
4.909334418603823233e-08,-7.200897350300475967e-08
4.752539399062827883e-08,-6.564693840300351169e-08
4.596256732174588553e-08,-5.890776160639518205e-08
4.273794111808335406e-08,-5.174278578116128255e-08
3.813988067752309674e-08,-4.442624033210100592e-08
3.251092601219164497e-08,-3.712268015591302193e-08
2.618250475209587753e-08,-2.999709621475084859e-08
1.953001984146784115e-08,-2.323177411585975719e-08
1.297302661420443810e-08,-1.702355028382112942e-08
6.993946600665776146e-09,-1.159717643319408750e-08
2.334447285265771623e-09,-7.223712339929418487e-09
3.333839679799430993e-10,-8.234866954068329415e-09
-8.558774182751344802e-10,-7.668486074463181543e-09
3.834651368758661289e-11,-7.574683082688204865e-09
9.270697173013704820e-10,-7.732821674989413222e-09
-3.659013777103025361e-10,-8.360969558798695969e-09
-7.999363675029924815e-09,-3.542339811783401579e-08
-4.477879049951139223e-09,-6.008628603463380544e-08
4.227981915545814780e-09,-8.773491338142037861e-08
1.688070432354774171e-08,-1.170862844634532217e-07
3.234858861482950070e-08,-1.468473821572591318e-07
4.956481135816882483e-08,-1.758093919176153541e-07
6.753923230344144167e-08,-2.028665041962065664e-07
8.535497624365297586e-08,-2.270172401546465350e-07
1.021962203966657953e-07,-2.474016254507987401e-07
1.174470136649948866e-07,-2.632499398987396717e-07
1.298360930858449812e-07,-2.722444710355146890e-07
1.229167460607952537e-07,-2.750077694617601493e-07
1.087821883155256968e-07,-2.788666588842841941e-07
9.322759109279589191e-08,-2.838381820834098774e-07
7.698500753405494465e-08,-2.891970675836958802e-07
6.054543089352223338e-08,-2.944440690131084948e-07
4.441380044824374661e-08,-2.992129960263188019e-07
2.893880500959325624e-08,-3.032666033332435147e-07
1.434631442467252542e-08,-3.064668571804839255e-07
7.692621942297503470e-10,-3.087320441487338393e-07
-1.182861442670982319e-08,-3.100269782711934538e-07
-2.359897728699145275e-08,-3.103146291608527087e-07
-3.485792824263257821e-08,-3.095934295467253627e-07
-4.591765139377422778e-08,-3.079207130499991499e-07
-5.701678271311278024e-08,-3.053793963629995478e-07
-6.827708868527793543e-08,-3.020375955515157857e-07
-7.971938582905608345e-08,-2.979827082931754690e-07
-9.128887651572501420e-08,-2.933305885480975590e-07
-1.028322096801070338e-07,-2.882587043122653388e-07
-1.140873311040280378e-07,-2.830269267691772059e-07
-1.247654757565264661e-07,-2.779919806605968653e-07
-1.343972101076358678e-07,-2.736784094107263806e-07
-1.352374412243816418e-07,-2.686422559972224532e-07
-1.224547377830652764e-07,-2.596965650592439291e-07
-1.068188840045118546e-07,-2.442896775603686409e-07
-8.950804286407977981e-08,-2.242705209620988952e-07
-7.120310308465782838e-08,-2.004364012322883379e-07
-5.273337571055568696e-08,-1.736690592090002120e-07
-3.501999133612936066e-08,-1.449768934922093608e-07
-1.905797249971672752e-08,-1.154723650338322203e-07
-5.918647835414113499e-09,-8.637062670578966681e-08
3.259666607445582485e-09,-5.897102050424171008e-08
7.210355626708880036e-09,-3.459483286768325892e-08
4.080927040977244759e-09,-2.132688051647966915e-09
3.103401091446412518e-09,-1.554314275636135495e-09
2.540762517795395625e-09,-1.044891219962604150e-09
2.101396413083969346e-09,-6.892414807554348606e-10
1.224838047185857400e-09,-1.144089860004679074e-09
-1.722320581881854921e-09,-8.228071685959924966e-09
-6.204820336860592269e-09,-1.309952405139194098e-08
-1.204929363129861535e-08,-1.905026720098118939e-08
-1.846928236308474790e-08,-2.579230592069509957e-08
-2.497651177016757484e-08,-3.309709850103794802e-08
-3.114585545899174527e-08,-4.076610677041780133e-08
-3.659583100183046599e-08,-4.861503151928587216e-08
-4.098891666755057365e-08,-5.647754954747255533e-08
-4.395976543942144861e-08,-6.418377009783370865e-08
-4.517516112934682885e-08,-7.140789941647320026e-08
-4.676842862431517257e-08,-7.814364815224283834e-08
-5.827823028578320025e-08,-1.239855243244519236e-07
-6.007967649588082296e-08,-1.626500701889822419e-07
-5.958427534409438072e-08,-2.065484961785728925e-07
-5.792192310070000102e-08,-2.529211061255568116e-07
-5.577993709213905647e-08,-2.994404443946853341e-07
-5.350139680691403666e-08,-3.439115398754194943e-07
-5.111628342369208752e-08,-3.843418131359137136e-07
-4.841065773104162762e-08,-4.193969347257494284e-07
-4.499065437468221632e-08,-4.476350984179898046e-07
-4.038245493266528792e-08,-4.685910645212526781e-07
-3.403323209342315374e-08,-4.814902061608008522e-07
-2.549247902535793113e-08,-4.866528884006316825e-07
-1.431526836291489811e-08,-4.839979896736564769e-07
-3.184931277712331200e-10,-4.744672370071903789e-07
1.659221643477494437e-08,-4.586149326965480670e-07
3.614946106900125571e-08,-4.377769307724451589e-07
5.790483905073547988e-08,-4.130136533648205119e-07
8.104951160768978627e-08,-3.857762446975820152e-07
1.046299236989831320e-07,-3.575869614903044940e-07
1.252629079295202531e-07,-3.292625002280651971e-07
1.411271393787742793e-07,-3.026519694677603091e-07
1.516018158985934314e-07,-2.548908682962643848e-07
1.495138783322397587e-07,-2.354410782893546228e-07
1.443087778628449981e-07,-2.126923763358868360e-07
1.353466248543305995e-07,-1.866292136340157298e-07
1.231168540069413586e-07,-1.583491190719579028e-07
1.082515366278863264e-07,-1.289673881027915483e-07
9.142282613190583518e-08,-9.966149160007722498e-08
7.337479442124233651e-08,-7.171231064513143440e-08
5.492530001500313741e-08,-4.650425913285383277e-08
3.696356712785281761e-08,-2.553352247802911400e-08
2.053202372839588696e-08,-1.054526709191347430e-08
-3.341384967325698513e-09,-5.105222788394785810e-09
-3.672401279692119002e-09,-4.807899649998220946e-09
-3.581769523332463424e-09,-5.360144324574150664e-09
-3.520817121002922412e-09,-6.369431166985897402e-09
-4.531532151367862492e-09,-7.271477444349785054e-09
-2.526133658976342662e-08,-3.046632249967197478e-08
-3.583546911809400539e-08,-6.080421913740263411e-08
-4.304103012047237547e-08,-9.848570887094039807e-08
-4.709417024653472225e-08,-1.409142781011885838e-07
-4.818500937733145019e-08,-1.855221914673800118e-07
-4.650148511766934691e-08,-2.299020448478457981e-07
-4.223030242887623204e-08,-2.718050538936907493e-07
-3.555732177593302659e-08,-3.091391132886096280e-07
-2.666588325272067846e-08,-3.399570013576803697e-07
-1.575307860259825446e-08,-3.624678272713971331e-07
-3.012954465129688643e-09,-3.751748610076075154e-07
3.551244426896619675e-08,-3.863691163215191030e-07
5.899841688794902288e-08,-3.934138772836239618e-07
8.406259884601039383e-08,-4.000860967053112103e-07
1.092292312316389826e-07,-4.063833481124104689e-07
1.332027421727235395e-07,-4.121142337001425103e-07
1.549753443555589410e-07,-4.169787494432500985e-07
1.735596132171080169e-07,-4.205756180133443796e-07
1.888315368863960679e-07,-4.226145876752522437e-07
1.984215156496305052e-07,-4.189076488414140235e-07
2.028701586188900031e-07,-4.116680497811982079e-07
2.013319073257674414e-07,-3.996727065741539252e-07
1.937196834175389407e-07,-3.826672251549593476e-07
1.808387351903051029e-07,-3.607197930084770597e-07
1.630816922014033635e-07,-3.336633542583226307e-07
1.415847119201375989e-07,-3.022720315975214214e-07
1.171394787904146192e-07,-2.671454999225570364e-07
9.096672123931427359e-08,-2.297168652294121288e-07
6.402083904408184414e-08,-1.916465098078505145e-07
3.725368925154612131e-08,-1.550622779801667153e-07
1.149541332949815806e-08,-1.227590838902723159e-07
-1.276193525433817728e-08,-9.720743377492861967e-08
-4.793969479376525497e-08,-8.001427963621003064e-08
-4.845359907259511048e-08,-7.868762062848978550e-08
-4.555257287812381458e-08,-7.509786992931183827e-08
-4.149329528487676560e-08,-7.058533541610753335e-08
-3.636791504541725268e-08,-6.527645352418934089e-08
-3.043668060002671853e-08,-5.918638600101009541e-08
-2.407515054913705841e-08,-5.237267645272606515e-08
-1.770484755495311012e-08,-4.491138723174577110e-08
-1.179626703259682481e-08,-3.689382244790291832e-08
-6.841128870557791940e-09,-2.842438479397347360e-08
-3.168845217222032694e-09,-1.948586572081930730e-08
4.794233858614856831e-09,-2.111599508522687062e-08
6.717901415940713561e-10,-2.746177123032534903e-08
-5.754536741093561533e-09,-2.045391928517241178e-08
2.192815356352303786e-09,-1.272848500550007673e-08
-1.807188152404991722e-09,-1.381206386590748674e-08
1.410588553427682366e-07,-2.658970304940910387e-07
4.978851329921749579e-08,-7.432962251843932324e-08
3.558845005213153638e-09,-3.787011954198343851e-07
-4.747211104842332726e-08,-8.078625683911049767e-08
-1.468103108330447162e-07,-2.621661705664033096e-07
1.284204524198710312e-09,-3.905946930961630874e-09
-1.621037515041071184e-09,-4.168811662917019500e-09
-1.517451710731591073e-07,-2.686155884320452110e-07
1.469164159038667008e-07,-2.721899512447300912e-07
2.891058275910974020e-09,-3.425555468154751545e-07
-4.519846610918577799e-08,-6.979171457666972043e-08
-3.078472751025980390e-08,-6.497866607909824788e-08
1.222238133878799874e-09,-9.711177680223861343e-08
-1.166651118310857240e-08,-2.791914185563681545e-08
2.886418791846885355e-08,-6.616800327416903878e-08
1.233328289098300953e-08,-2.577671475214528699e-08
-1.288314450408417022e-07,-2.283369640021118552e-07
4.687923845299228270e-08,-6.452211454393057510e-08
-3.674334932208598113e-08,-5.705744182986459289e-08
-6.467341066191195556e-08,-1.214303029386187616e-07
-2.455709764067784489e-08,-4.277097916868778561e-08
2.334792428023393846e-09,-2.732649335952290050e-07
-9.958233737542645879e-08,-1.789484871619730962e-07
1.778827642108330333e-09,-1.856604006570920603e-07
3.800600167216862672e-08,-5.280486571836753282e-08
2.549909815111894665e-08,-3.956625462871873495e-08
6.177036602412210282e-08,-1.231215870883880399e-07
1.240660453648859632e-07,-2.311760403322661348e-07
9.571757272518874648e-08,-1.811708307261037411e-07
-4.996096866833687300e-10,-4.593370001710419907e-09
6.613686138103687938e-10,-5.007730159428443760e-09
1.901027736602953544e-09,-5.430765555281430422e-09
4.839527906790877263e-08,-7.249032955403049802e-08
-4.586839514415225021e-08,-7.807054520933461280e-08
-1.414214758978669062e-09,-9.243509714737867636e-10
1.596504469975387733e-09,-1.059247118256741705e-09
1.103129941197583435e-07,-3.325012782427019087e-07
-8.035590157270587546e-08,-3.054296475966458714e-07
3.097204453214937320e-09,-3.690010698023459726e-07
-3.006353737839592690e-08,-2.382303309980873130e-07
5.141138955706344466e-08,-2.593936155067884742e-07
-2.481168719542359131e-09,-3.429773269161233611e-09
2.418509293059364405e-09,-3.717464601693925192e-09
1.625709802364176032e-07,-3.839050617595048822e-07
-1.257209112354132326e-07,-3.541879622388899621e-07
1.378624375938209024e-08,-1.629856985367235826e-07
-8.585382693002094011e-10,-1.764686930996079924e-07
-1.043261405949217388e-09,-6.697839226030765751e-09
9.861228971586881524e-10,-6.496187302118147383e-09
1.250706631121569466e-07,-2.857874906716029683e-07
-1.301952348565870130e-07,-2.780701313559056684e-07
1.952856589482818090e-07,-4.110065919904760125e-07
-1.550049997733393606e-07,-3.821189924015313425e-07
4.149063535443877639e-08,-1.036201307084043645e-07
-3.490971161554829590e-08,-1.109774371646549981e-07
8.384095112933816943e-08,-3.292911821591205444e-07
-9.228443789377381814e-08,-3.142646931285336896e-07
2.022697374772904095e-07,-4.170576750995586515e-07
-1.626107486365409570e-07,-3.915711090809466022e-07
4.118718183436155599e-09,-3.785783237240985068e-09
-2.991125420406501428e-09,-2.966932513330061667e-09
-4.066350491120587403e-09,-4.435666192745701586e-09
-1.830307094361617411e-09,-6.750742712786042191e-10
-2.167502878106870009e-09,-8.376524169581893190e-10
2.019912375580951939e-09,-7.989802688509242532e-10
1.794453901504426616e-09,-6.462941997303353395e-10
3.236433257006692896e-08,-3.887834746278955383e-07
1.261666852254230947e-08,-4.160198967030577103e-07
-2.707687049614633918e-08,-3.865567110474666897e-07
-4.528884201972709825e-08,-3.638906425741441417e-07
1.837910508400192006e-07,-4.066992048515164845e-07
1.675224966277382700e-07,-3.991808473631319783e-07
-1.488826055267585075e-07,-3.872567124986735736e-07
-1.360142972671355915e-07,-3.827743423082401137e-07
-3.877895936522923265e-09,-4.427432200824678557e-07
-1.585487062906293173e-08,-4.630402526963726363e-07
-1.160759359546006878e-08,-4.086616193236237650e-07
-1.333958599803854933e-10,-4.252472159963670613e-07
1.458196287763560073e-07,-3.910784420159230464e-07
1.228157259773653918e-07,-3.830997042279434690e-07
-1.185633483190408551e-07,-3.777660261348458562e-07
-9.984483232698111240e-08,-3.726529103181518347e-07
-2.792534636113319904e-09,-4.283949111353599847e-09
5.579523443271243850e-08,-3.577095942970620262e-07
-6.675975830593648761e-08,-3.379597326279982978e-07
1.964578136725940635e-07,-4.130946147638533162e-07
-1.586240338153129849e-07,-3.906039858412598553e-07
-2.390105731482277563e-08,-4.789714290075424073e-07
-2.789617054619309088e-08,-4.869397759953803082e-07
8.018602437993543259e-09,-4.379001178153422398e-07
1.257897202914548457e-08,-4.436860209600056884e-07
9.595577518791423966e-08,-3.759055336613974493e-07
7.041917708766938934e-08,-3.698017975889434870e-07
-7.771402179565596565e-08,-3.681598475365860118e-07
-5.640116326122967812e-08,-3.643742282449515629e-07
1.699319821679142838e-09,-4.395888507530519682e-10
-1.633294678363802643e-09,-4.542037958391524938e-10
-1.408151882125355758e-07,-2.797572376697101941e-07
-1.326759413983646383e-07,-2.860383394176431428e-07
1.206418621150264968e-07,-2.898611768397175014e-07
1.325182289537976675e-07,-2.830469544836156833e-07
-2.856930009906316233e-08,-4.873218352978692852e-07
-2.657344977253979427e-08,-4.795456766004581763e-07
1.436334503645148230e-08,-4.427224302907812328e-07
1.376271355330571092e-08,-4.347199464316578171e-07
4.390578688118855243e-08,-3.653436728317468021e-07
2.220017273203231517e-08,-3.623113976133779079e-07
-1.489090586363732117e-08,-3.605312226638820824e-07
-3.386843731977647697e-08,-3.619448815356492838e-07
-2.443448074127493282e-09,-5.504043762915194116e-10
2.153849293943174429e-09,-5.953551319424322690e-10
-1.221602880076621699e-07,-2.926939589132664438e-07
-1.113724150911895252e-07,-2.987831955819640734e-07
8.973811828764666860e-08,-3.038062134720244549e-07
1.053441440780820644e-07,-2.971483470681456764e-07
-2.279673011083076272e-08,-4.622030933729745399e-07
-1.817080701199279447e-08,-4.379990003816921606e-07
8.942200614433912273e-09,-3.958676014611337793e-07
1.174912127405977363e-08,-4.182430773329433562e-07
-9.913591899592380525e-08,-3.045732056337323820e-07
-8.755788058876942235e-08,-3.094474285350518090e-07
5.583300771015953010e-08,-3.148393528061340780e-07
7.218975204718086038e-08,-3.099176969302024426e-07
-1.373186818404185244e-08,-4.039594670047458174e-07
-1.016413465560271428e-08,-3.658424424155699445e-07
6.458258580494816828e-09,-3.648019628380090893e-07
4.685334252578876285e-09,-3.302888347172806623e-07
-1.472947835295557905e-07,-2.737727937233671057e-07
1.413366045705074576e-07,-2.768614411464828521e-07
-7.515460470689392013e-08,-3.137555045982867615e-07
-6.379647773089191302e-08,-3.171425700661433188e-07
2.357474211982395233e-08,-3.215288420616911327e-07
3.871358885126418070e-08,-3.187873870743790305e-07
-8.563020390797680403e-09,-3.196321880848594731e-07
-8.899681694702415802e-09,-2.734364236695415210e-07
4.802128921271594965e-09,-2.886455841842432739e-07
6.557578350510231786e-09,-2.471604476857147593e-07
-2.787862192929331060e-09,-3.569182027079879577e-09
-2.150949698039003551e-09,-4.643224876977302381e-09
2.111584852132345637e-09,-4.431291502138065397e-09
2.717880479306283113e-09,-3.591793660044956263e-09
3.041493845374815775e-10,-5.756796242838208484e-09
-2.708882114347490329e-10,-5.711974831867740615e-09
-5.182989995599493385e-08,-3.199377227789707132e-07
-4.082965431799988984e-08,-3.219417081145979840e-07
-4.688146351435111898e-09,-3.240924884149937982e-07
8.389189681390543012e-09,-3.232840110841024954e-07
-1.212277620808937663e-08,-2.230077789932159806e-07
-1.717586001414446699e-08,-1.776323821924255516e-07
1.100644438088996772e-08,-2.019765778839403798e-07
1.698330352991503953e-08,-1.613923586530144078e-07
3.331965372003283911e-08,-9.278097623138461993e-08
2.510352305387556814e-08,-1.223346606317206668e-07
-2.451337996246746510e-08,-1.339162014207893261e-07
-3.209266859222105305e-08,-1.008213002762641927e-07
-2.900235738561304812e-08,-3.233838139908804655e-07
-1.765541164131770844e-08,-3.240846807582961979e-07
4.243819673912999799e-08,-7.642424556949798176e-08
-4.062698707977680181e-08,-8.260543391596099440e-08
-7.575722718286272739e-10,-2.571488381479850517e-09
-2.918287295763686959e-10,-7.880523242302462980e-09
4.272467878025299950e-10,-7.352050950051963438e-09
7.539403660368249444e-10,-2.400480775694669386e-09
2.989647133510685390e-11,-3.731193444462012315e-07
-7.076350228140964784e-09,-3.560457960355515728e-07
1.354947133632717262e-08,-3.567034993791542329e-07
6.578244505739722322e-09,-3.742154800064331494e-07
-4.160233006628052354e-08,-7.849860258444057656e-08
-4.871438588610166924e-08,-8.167801382283625276e-08
5.028370551568943833e-08,-7.531273580816795124e-08
4.410241400215843821e-08,-7.310051336300383854e-08
3.817968412973930868e-10,-7.633954083611677006e-09
6.107646556817900731e-11,-3.327206832736598299e-09
-6.265431021422650966e-11,-3.249929938900960179e-09
-3.532137052497803439e-10,-7.505402343324870913e-09
3.046456685630162177e-09,-3.567003336101090454e-07
1.408146993710530369e-09,-1.900359792774078745e-09
3.251531665890372779e-09,-4.653452112920929823e-09
-3.382296299188313569e-09,-4.426127011206498360e-09
-1.463769089191720549e-09,-1.941414504800199825e-09
5.350291513637248029e-10,-2.062528270201277711e-09
-4.434665168755977684e-10,-1.877098643982640766e-09
-1.577231801674956468e-09,-2.131074340085162857e-09
-3.198597315637679148e-09,-5.111291616603385697e-09
3.190391211798279893e-09,-5.338981896192231927e-09
2.680931695682983560e-09,-3.958353975661682979e-09
4.065404123383758271e-09,-5.963890000085198123e-09
1.854175951451122383e-09,-6.285029536539144949e-10
1.024971870605933667e-09,-2.922957197373053503e-10
-9.379950598893579594e-10,-2.556619977847309524e-10
-1.712515825955489674e-09,-6.134045579129552967e-10
-2.167158982551050441e-09,-2.903178041184570876e-09
-9.436854644168421010e-11,-5.600215464509665618e-10
-7.796076413116074009e-11,-6.222877923465203267e-10
1.673140349246944471e-09,-3.173715703498692285e-09
1.577676238032336545e-09,-2.339889122228390740e-09
1.864147954446404938e-09,-2.221152759081766052e-09
-4.457525059244550928e-08,-8.668108752743081146e-08
-4.320600475817304135e-08,-7.853604579235604446e-08
-4.734986299291152850e-08,-8.165529155877039924e-08
4.881625974399636390e-08,-8.130683119882876572e-08
5.055867479635705542e-08,-7.652627983532172356e-08
4.669217833881055440e-08,-7.306177067675630492e-08
-1.622886661735182571e-07,-3.901367193741760975e-07
-1.596077197485731976e-07,-3.932608910292338782e-07
1.978508318299784269e-07,-4.186562035707253557e-07
2.017094825735248948e-07,-4.129273450004720453e-07
-6.858718805568084671e-08,-3.145776457930924422e-07
-9.039894228768918427e-08,-3.378447217069001729e-07
8.221694224208835815e-08,-3.573864856514434119e-07
5.734955917292741663e-08,-3.298948985568895181e-07
1.454220943185311209e-07,-2.747846954367540772e-07
1.422420892443506776e-07,-2.732419245329386992e-07
-1.481481965522534979e-07,-2.703189668692215668e-07
-1.502487944603352271e-07,-2.712468776945451501e-07
-4.962800938173987460e-08,-1.035324461757138285e-07
-3.317967052652582854e-08,-9.161027364411671078e-08
3.915492138001621007e-08,-8.573168184997376348e-08
5.398637849306076963e-08,-9.696393976304785474e-08
7.357811354643066383e-09,-6.167313580184401822e-09
1.435682683549654337e-07,-2.714532513898545897e-07
1.496741214367611668e-07,-2.724611123702134344e-07
1.448468658139807025e-07,-2.693966004687310577e-07
-1.476485687205748941e-07,-2.665404572305478296e-07
-1.490822823594424827e-07,-2.654541765887616356e-07
-1.541411113451870052e-07,-2.680025224641129174e-07
-1.452133517147100102e-07,-2.752988222105764126e-07
-1.351704285068228815e-07,-2.658101027812776955e-07
1.302794889193892758e-07,-2.710633928295788433e-07
1.411621932102458221e-07,-2.821336553506726687e-07
-1.438650770882369304e-08,-4.256791721079419198e-08
-8.511648934016746515e-09,-1.600101849190841312e-08
1.332251453444966824e-09,-3.827965162181627069e-08
-3.528736083011599038e-09,-1.809705605213687753e-08
-1.964714342869053444e-08,-2.304764649312769128e-08
-7.323085740709965642e-09,-8.698300923387553593e-09
4.538763382517682508e-09,-1.900950166925140812e-08
9.391640805041414260e-10,-1.176561425211975080e-08
-3.598511666708384482e-09,-1.392269397775014357e-08
-2.372634131222681408e-10,-8.653686334131710616e-09
6.536724332971218905e-09,-9.176492166471061359e-09
1.835254616703765320e-08,-2.374827428076700691e-08
9.659988346021915291e-09,-1.631034058619387698e-08
1.602364514209496605e-08,-4.268919125449130441e-08
6.072339467889455552e-10,-7.836410169399862644e-09
4.184136761660831462e-09,-1.262810908768547835e-08
2.835620200054908081e-09,-1.752727422878585233e-08
-2.424944573143019967e-09,-3.738956588187746363e-08
-6.874520324819157077e-10,-1.261740119275742850e-08
-4.210035906716731397e-09,-2.040295892212002976e-08
-9.752702676191265051e-10,-2.418663132801504072e-09
8.520933399202755994e-10,-2.271415602598463655e-09
1.444139961195457277e-07,-2.527053802597305970e-07
1.483232610091640672e-07,-2.691791590122408955e-07
-4.847374235514410479e-08,-7.931576479689353127e-08
-4.427714315769049850e-08,-8.097041437150914968e-08
9.475910215886745922e-09,-3.727844500325257237e-07
3.262976531567544367e-09,-3.798797424631036186e-07
4.883595657612958328e-08,-7.071053389385378236e-08
5.169390025833907411e-08,-7.651411796601714139e-08
-1.367920868873632490e-07,-2.607311053299385675e-07
-1.443301031183886824e-07,-2.685100074543386121e-07
4.725074125854601828e-08,-7.477741763039737471e-08
5.033993818013382452e-08,-7.327792800109502136e-08
1.381094743520718203e-07,-2.719171032047507749e-07
1.314480861624316382e-07,-2.643850141393580618e-07
3.933145763770188670e-09,-3.805429675499038555e-07
-2.799110882488173816e-09,-3.725584042404610894e-07
-4.979710517061076214e-08,-8.332592603842134572e-08
-4.647979405759312229e-08,-7.678460312949153644e-08
-1.536418458311510932e-07,-2.649027489308316758e-07
-1.499131769931255143e-07,-2.494993934973481261e-07
-6.110089889266536332e-10,-3.380278400307250594e-09
5.653041170509515539e-10,-3.239994000898806729e-09
1.066378546771505286e-08,-6.290669868486095730e-08
1.521093180412239466e-08,-4.141592505405551618e-08
3.316414286105801686e-08,-4.434210557586479030e-08
-1.868933632942252236e-08,-7.751784153539017519e-08
9.468754212659277660e-10,-5.859888615328794046e-08
2.085939990626048185e-08,-7.765270631448163422e-08
9.397211171771674977e-09,-2.639282862103650177e-08
6.637660820248609487e-09,-1.904275601329919697e-08
9.490447945845285823e-09,-1.839976454395591323e-08
-3.495254903819126691e-08,-4.337411569709382397e-08
-1.664381759089765303e-08,-4.048536248691538539e-08
-1.222856853384499600e-08,-6.175329201401685763e-08
-8.761144227237071817e-09,-2.022048202628323039e-08
-6.108404892504295288e-09,-2.065193235388793683e-08
-8.929656390159592300e-09,-2.832446711534792703e-08
-5.758043442934274121e-11,-9.573704518794453750e-09
3.359248923157603690e-09,-8.680293395190632813e-09
-5.760108799161842190e-10,-1.003522150454410312e-08
-3.743538671483329380e-09,-9.058485538957138039e-09
9.763530746220677875e-10,-8.076376809702517559e-10
1.416892046050314201e-09,-2.605263894032768857e-09
-1.216811777997553861e-09,-2.328998755000629544e-09
-8.653692502082750306e-10,-7.108629665389077372e-10
1.131773368625107500e-07,-3.012087852309656834e-07
8.475403677620111803e-08,-2.635139302379155379e-07
8.183910609058979967e-08,-2.973012650407590979e-07
-8.328484261560648985e-08,-2.766313182208684197e-07
-5.597925793662281515e-08,-2.729142159697004343e-07
-5.902044855526285887e-08,-2.420489528100175912e-07
1.384605360105131041e-07,-3.329726956082085984e-07
1.388087215825779878e-07,-3.604941913271866755e-07
1.623748226134717243e-07,-3.610777466875185685e-07
-1.050336244781887300e-07,-3.060741222227091660e-07
-1.258065825967157344e-07,-3.325279606661101892e-07
-1.050007881379121048e-07,-3.317117607616107091e-07
-3.589063139080135309e-08,-2.073711347381816374e-07
-7.662436598754431034e-09,-2.000022288041188168e-07
-1.300954603411998223e-08,-1.700732205154312424e-07
5.746420344504942702e-08,-2.254593305611911840e-07
3.022883257904064135e-08,-1.843704846366057810e-07
2.479878820295751933e-08,-2.173345841253911378e-07
1.237109684922991371e-09,-4.981121122904634263e-09
1.668255698134210853e-09,-2.196984509349615209e-09
-9.741022661223848658e-10,-4.490099164670322966e-09
-1.415844611114548539e-09,-1.926598690589035006e-09
1.805521690301313363e-07,-3.827285573335040226e-07
1.821543849370942757e-07,-3.999529998722933800e-07
1.943387668290807743e-07,-3.994605286098496545e-07
-1.417973164329874044e-07,-3.533807413091722070e-07
-1.542156017530405511e-07,-3.701042487356005382e-07
-1.430699598890366561e-07,-3.702508338882234457e-07
7.295617213763237373e-09,-1.368891680670880829e-07
2.895783901758586835e-08,-1.307017943550593984e-07
2.420997255345637427e-08,-1.088925858525426165e-07
5.860511965182302362e-09,-1.477751649001545366e-07
-1.470286076481700721e-08,-1.169718452625348217e-07
-1.935074292568025371e-08,-1.408153265768173920e-07
2.016361452548303813e-07,-4.104074118982010551e-07
2.018983997069875809e-07,-4.160234512451563362e-07
2.026411002497345222e-07,-4.163739015373804971e-07
-1.611695084766825036e-07,-3.817823948057304265e-07
-1.628142178424760268e-07,-3.890823470904546792e-07
-1.614456722883952400e-07,-3.885288426391362613e-07
-1.291997742063826676e-07,-2.944285801601711848e-07
-1.116950049663462033e-07,-3.142557094609507324e-07
-1.125500995410996952e-07,-2.949200082423648450e-07
1.242000330983268413e-07,-3.051976959807637362e-07
1.059660662867344155e-07,-3.060769059666990038e-07
1.053447391099888966e-07,-3.290571385374022809e-07
4.765601868876388069e-08,-6.484101072658042974e-08
4.917531706124406253e-08,-6.971024058829264226e-08
4.860675456540839629e-08,-6.935500325986389706e-08
1.384991050176832541e-07,-2.334625151629032211e-07
1.342705271969842119e-07,-2.508157431478971753e-07
1.202626083519332730e-07,-2.489380737376167803e-07
1.486351690223584254e-08,-3.546357258250960728e-07
3.195660812681971624e-09,-3.655672391660736212e-07
-8.800861735214826787e-09,-3.544587990531363851e-07
-4.698221869713317596e-08,-7.486376211675328581e-08
-4.721625569798342087e-08,-7.552074655415568544e-08
-4.565993180697934767e-08,-7.036770674174530016e-08
-1.251664057141732990e-07,-2.457578889365074860e-07
-1.394932282861201827e-07,-2.475873223880560039e-07
-1.435463816170477652e-07,-2.306080808525599382e-07
-1.551358879096055018e-07,-3.901589507900046513e-07
-1.613584179365700856e-07,-3.920485777818361262e-07
1.955299593073938828e-07,-4.179851970833215129e-07
2.018098233836477694e-07,-4.177669911021131620e-07
-1.141385199379362215e-07,-2.761114629479146887e-07
-9.346535887127171995e-08,-2.919530052478514873e-07
1.074415828601681611e-07,-2.837823665355299342e-07
8.476249939279367393e-08,-3.028207385182020365e-07
-1.509775587164805020e-07,-2.681435380842272494e-07
1.454507611510245483e-07,-2.719230317680448476e-07
-2.890967646456244427e-08,-1.702643971101924279e-07
-4.229740326351211293e-08,-1.352982634508997777e-07
3.797414272288422686e-08,-1.574565074873253085e-07
4.868350012824809435e-08,-1.258447087249470966e-07
-1.252329246371527506e-07,-3.719601066662041359e-07
-1.426030654160069912e-07,-3.833877507064142396e-07
1.623031386624586366e-07,-4.022411769400919159e-07
1.818282437284073198e-07,-4.128712227661956197e-07
2.550768399247204202e-09,-9.608040884810987530e-09
2.016044899120954242e-09,-5.848225987845869381e-09
-2.200152741766404392e-09,-6.112436046019680119e-09
-2.718479639986925949e-09,-9.910976800648866371e-09
1.784926086772142594e-08,-2.544271967278648104e-07
-7.399127993126345057e-09,-2.122577802604276811e-07
-9.601746070738095665e-10,-2.336671807880497170e-07
2.019594192455327557e-08,-1.954242060953020555e-07
-7.864536100164585092e-08,-3.317402566647308703e-07
-1.034714677019194088e-07,-3.542906592368045640e-07
1.088249207655330891e-07,-3.608661081418671047e-07
1.374486807011108287e-07,-3.844537105529974136e-07
1.290072188273687681e-07,-2.103521801189694247e-07
1.164563488399666931e-07,-1.840891313692623196e-07
1.109620814289702944e-07,-2.076843397956912438e-07
1.062933789056296731e-07,-2.288816146445691504e-07
9.042364508881067553e-08,-2.050520154619316977e-07
3.529825265709822689e-08,-4.529671007471329427e-08
2.910489208111463802e-08,-3.836371786031899427e-08
3.203810927432169545e-08,-4.632066428290263883e-08
3.483562798538886919e-08,-5.386623285316569929e-08
2.848577598690374816e-08,-4.754860457721348444e-08
-1.107653768443786110e-07,-2.260871367270191206e-07
-9.443018385267115056e-08,-2.025774867040872609e-07
-1.152865749713537416e-07,-2.051683928150242278e-07
-1.336243747103004017e-07,-2.077968770805954711e-07
-1.206407770738779356e-07,-1.818278339614314784e-07
-2.138697017640854287e-08,-1.185062714172017433e-07
-2.256097126095332807e-08,-1.629026101782748666e-07
1.500705676990793104e-09,-1.403204959338199405e-07
-1.490668534005896047e-08,-2.709930476074097370e-08
-2.145813052424100055e-08,-3.434623281517715296e-08
-1.798178429518980665e-08,-3.534501693491161132e-08
2.411068246439946299e-08,-1.186485128220036224e-07
2.584069881407743564e-08,-1.630448050172713153e-07
-1.470927599764795646e-08,-3.616041650993596411e-08
-2.109426215365998984e-08,-4.378154548368421341e-08
4.050294128163371671e-08,-5.964677713750926399e-08
6.743658092828803247e-08,-9.707367141997098951e-08
8.493888710866709177e-08,-1.263107960834486005e-07
-1.785697204426109127e-08,-2.924573811583875265e-07
-2.070303073487549140e-08,-2.521272073540306038e-07
2.245953566604219421e-08,-3.145959952439613196e-08
-4.155976396941395837e-08,-1.182159115591432826e-07
-5.897022422409204560e-08,-1.475895650231631983e-07
-3.918129081878282191e-08,-5.659848316995533454e-08
-3.398572044248281266e-08,-4.925335523958058416e-08
2.056799241863494504e-09,-2.307249538168671241e-07
-2.230213472216361469e-08,-2.082187906746663209e-07
-2.563137572410280758e-08,-8.916638252106131906e-08
1.015345683656693745e-07,-1.557111213632298823e-07
-8.244576639991709751e-08,-1.506692839628001214e-07
-7.689246398064040050e-08,-1.760788527995273861e-07
-3.094470645636915180e-08,-5.005217281441805515e-08
-2.795581204126391672e-08,-4.178575909708123900e-08
4.987117549998375257e-08,-6.928768508453645600e-08
-4.320875401872176508e-08,-6.367874250991505298e-08
7.905671278979859215e-08,-1.526189437089614450e-07
4.516265663926238440e-08,-6.481252498305130437e-08
1.576994572217736651e-08,-2.474684301115401052e-08
-1.385872968777011157e-08,-3.271933512399510797e-07
2.613775418281753954e-08,-2.083608094987985823e-07
-2.760089617550691749e-08,-5.106320332542604873e-08
-1.052640974922186443e-07,-1.537240045810618178e-07
-5.215223120481707999e-08,-6.806135716537366816e-08
2.509455135453905349e-08,-2.522692167801329980e-07
2.358032815304612695e-08,-9.056987063460747475e-08
-3.379421225161191070e-08,-5.789419364437438617e-08
-4.374275432498155870e-08,-6.983158362891924586e-08
7.336704040075492217e-08,-1.782619094402857399e-07
1.936055927231630366e-08,-3.273354682742869398e-07
-8.819584352826848632e-08,-1.245826565560802210e-07
4.492126350871433319e-08,-5.866535437978002987e-08
1.531457306724890503e-08,-3.369610147911019258e-08
4.472548629829572303e-08,-9.387262504669823578e-08
-4.713736926529893364e-08,-9.243240874497864695e-08
2.280421470863509478e-08,-2.925986541910589757e-07
-3.928455713823505416e-08,-6.417699446951609101e-08
-7.020895905704610767e-08,-9.559671988000005727e-08
5.593436847289294370e-08,-1.495012827323826177e-07
4.067887033551005622e-08,-5.211016156148531261e-08
4.305476968977762765e-08,-5.890222900905865060e-08
2.183601183337281183e-08,-4.078889579878592256e-08
-4.159874166583194774e-08,-6.366737058144042216e-08
3.901702028147468412e-08,-1.198700482996039074e-07
2.612437874069221501e-09,-3.111871705945639516e-07
1.878375406294236218e-08,-3.267063523057027739e-08
7.810236444192848544e-08,-3.302038609466152277e-07
4.749923959859728462e-08,-2.945731533246692896e-07
-5.222195852366081755e-08,-3.030970775711874488e-07
-2.608802555706165324e-08,-2.702905861575385215e-07
1.184602914964892058e-09,-9.617894043506234953e-10
3.778084067890329000e-11,-8.428041481682799447e-09
2.401760125874135650e-10,-9.160572848790624324e-09
4.948096487562617222e-08,-7.411679970414954018e-08
-4.698497071592598208e-08,-8.038013585791494741e-08
1.913117104340784960e-09,-1.246505794756397185e-08
-4.700619952990380163e-09,-6.509076674081529874e-09
7.043007969663456103e-09,-7.304615692194520072e-09
3.465367087346698306e-09,-3.787213846608590596e-07
4.410763063873444611e-09,-3.978373976349041220e-09
3.802931477699889574e-10,-1.641219614284169567e-09
