Size 899,2
1.945264045363331950e-202,0.000000000000000000e+00
4.331698607803293773e-202,0.000000000000000000e+00
5.317308065043633963e-203,2.695384514651554256e-203
3.188747251068349700e-207,1.005704497802007304e-208
-9.322447336535730140e-203,-9.344908206644162962e-217
-2.803364314537661136e-201,8.608940285481788429e-220
7.102746978783592582e-205,-2.095723520229698886e-212
9.402290125588373378e-202,3.902423402202449834e-215
-1.804463664264432913e-201,-2.373608116767016627e-218
-1.805583436551795392e-202,4.019376030535817720e-217
1.239488140837963474e-201,4.735119115905950662e-216
1.969448753707749887e-204,-7.539309663647487993e-214
-2.871336229991300972e-202,2.886261287166574186e-215
1.749190711281062773e-202,3.539906252092104934e-215
-3.334020071607237302e-207,-9.827819786528855663e-214
3.480976460817198667e-208,7.169640775466989496e-213
-1.670718868084789142e-203,-9.130526464223406364e-216
-2.924688146934804591e-202,-2.616688381848227520e-215
4.191375041962327956e-205,5.192568430800956796e-213
7.729477671701371623e-202,8.419587913768637154e-215
-7.443308757010323567e-203,2.853585154226022538e-215
-1.170074987398879457e-202,-1.167698388645959277e-216
5.811868148185793863e-202,1.334661765445743277e-214
7.098825146999779922e-205,-2.095746762919287759e-212
3.083834293038922507e-202,0.000000000000000000e+00
-2.180707685966344886e-201,0.000000000000000000e+00
-3.147790716012544486e-201,0.000000000000000000e+00
1.732776860237678252e-201,0.000000000000000000e+00
3.200701893460358826e-201,0.000000000000000000e+00
2.574742836833232199e-201,0.000000000000000000e+00
-9.493883162474467710e-202,0.000000000000000000e+00
-1.312868228873591902e-201,0.000000000000000000e+00
5.016113311718504752e-202,0.000000000000000000e+00
-6.619624333323073633e-202,0.000000000000000000e+00
-2.560096183342337223e-202,0.000000000000000000e+00
-5.431241727111727108e-203,0.000000000000000000e+00
2.132155045638555109e-202,0.000000000000000000e+00
3.382417332872986792e-202,-2.290295105603720267e-216
2.513062120888125609e-202,1.728948908757810221e-215
1.743570169408504595e-202,4.516465368961785541e-215
1.042914812677688912e-202,4.430545916792541993e-215
5.803892756955451563e-203,1.536600594516498086e-215
3.002503832691551538e-203,-1.406541033549747608e-215
-1.045903341940491979e-202,-3.246853406333184148e-215
-1.527470722688578308e-202,-2.088805010872990245e-215
-8.233885941736557489e-203,8.570900895854180821e-216
-9.396567669882159401e-203,3.701365296212443998e-215
-1.932445691643327263e-203,2.639237058354185179e-215
-5.985470299210743918e-203,4.193378247756482629e-216
-9.156715066456730798e-203,1.929673079107649982e-217
5.681136711646316437e-203,-7.671747344633831717e-212
-4.062735772901886627e-202,-3.160530597796020017e-212
-4.186078323840679943e-202,-3.100128931871378887e-212
-3.156478917683426890e-202,-3.011561699963642421e-212
-2.004077766527997402e-202,-2.899653255568750199e-212
-1.139901826684140256e-202,-2.762607059865967792e-212
3.088384628390556974e-203,-2.606684346192568150e-212
1.140364738867945205e-202,-2.421938507063743542e-212
2.352582016009043229e-202,-2.219228125004830136e-212
3.706533460001051224e-202,-1.995767189853704912e-212
4.793586281973606733e-202,-1.743812034234355182e-212
5.143759702997317444e-202,-1.488065620625031845e-212
6.137866487768943598e-202,-1.184533826255868454e-212
6.463953531429210921e-202,-9.293128283375828771e-213
5.517179990646131260e-202,-7.406034637998140272e-213
5.252369356523319323e-202,-5.606230146051389401e-213
7.280553066658686866e-202,-3.670321252120848805e-213
9.461607060120710923e-202,-1.681707020174881152e-213
9.180841164651469039e-202,-2.135834117086888222e-213
9.511548650525805065e-202,-2.735825780436945349e-213
1.097743508871497925e-201,-1.785624274591907533e-213
1.357198294224595140e-201,-1.015288910690452486e-213
1.466557719876333825e-201,-4.557762847045507324e-214
1.668026506061299986e-201,-1.725742063845503774e-214
1.658801152259619771e-201,5.005351917668825952e-215
1.827034053657504067e-201,1.948113507735859133e-215
1.898246573683107288e-201,6.417198783099540838e-216
1.951060935175223276e-201,7.824346217212225042e-216
2.005528282060048641e-201,3.473507737502601411e-215
2.060094551064800969e-201,8.255707855299785377e-215
2.092044420239528440e-201,1.262384215748967096e-214
2.093512842599185496e-201,1.434577299161302004e-214
2.078853804119221233e-201,1.395331118395127459e-214
2.053220766943123651e-201,1.281114843786862691e-214
2.018670633771843937e-201,1.358470637172710037e-214
1.955435902321982617e-201,1.244856251453400391e-214
1.898987251969518409e-201,1.577989579000518516e-214
1.814423312066061600e-201,1.836701029861901583e-214
1.708239742585643718e-201,2.088569308706146161e-214
1.602418152346380924e-201,2.578609096707370496e-214
1.481561561315410202e-201,3.137652469025103578e-214
1.334216781887293143e-201,3.700713268990865334e-214
1.178722450298327351e-201,4.437978891899919253e-214
1.021430254768909112e-201,5.416349290111201778e-214
8.408542757713468899e-202,6.479406692999111145e-214
6.322959414046672552e-202,9.662889386110754748e-214
4.436609188197123516e-202,-2.504346872662754206e-214
2.472996278482374713e-202,-7.678716413592892239e-214
1.262831103734059361e-202,-8.515688162184389669e-214
2.968509307529315253e-204,-1.285488880177368517e-213
4.159654069025249558e-204,-2.313686397603177269e-213
-2.251516456190975693e-206,5.600792198162615358e-213
-8.783375759157763257e-207,-5.505672646362419973e-212
-2.911814139461829588e-207,3.761496182734043587e-211
-5.527884601628585248e-208,2.097425288896162692e-210
1.118941888034570791e-208,2.152295794505296327e-210
1.107927007423168950e-209,2.641337371942783101e-210
-3.194801791229597378e-210,1.831873089878886665e-209
7.955238863882864309e-210,5.658848434341697390e-210
-4.380955345843335644e-209,4.799564259272125517e-209
8.130693715450814491e-210,1.245592593898613399e-209
-3.870399890475436803e-210,8.423172448125207296e-209
-1.733092385752846707e-210,1.899365583388149033e-209
2.303407770207834759e-210,1.901171285415738837e-209
9.033016955758064928e-210,8.394178760078317972e-209
9.810252492395788135e-210,1.255304564078222303e-209
-3.307459039299194276e-210,4.819480986441620448e-209
4.563252472506021889e-209,5.846648117200673331e-210
1.750109347118874984e-209,1.765147869511712680e-209
-3.166263127537401357e-209,2.526789858424985349e-210
-7.956026300997180477e-209,4.285707412613304542e-210
-1.167377049949408062e-208,2.421984855322781852e-212
2.475278613336663465e-208,7.866758827901892593e-212
1.952824327755628044e-207,-1.551769026773723866e-212
5.885206317119122240e-207,1.501616903278332640e-212
1.503513380705222073e-204,8.947631194080206545e-213
-9.601670959452429387e-204,7.739619486293665325e-213
2.069084172076382629e-203,6.585716168387601548e-213
4.021303521594232321e-203,5.696074975408942813e-213
1.343963790268431488e-202,3.991741971068653535e-213
2.499976321730831469e-202,1.081392828531049493e-213
4.360303114526946287e-202,6.948553973585464699e-214
5.830857225929384450e-202,5.269272341919005325e-214
6.982905621811436578e-202,4.661412275575015817e-214
8.247979772132944709e-202,4.024107296930915778e-214
9.553596657853815554e-202,3.344836213162204994e-214
1.052431079544998030e-201,2.999545103344486414e-214
1.134420312651188710e-201,2.815051835421204045e-214
1.232463048174979813e-201,2.489725981157022801e-214
1.309791152534911525e-201,2.421474919373338095e-214
1.348087178830888206e-201,2.857286623241020641e-214
1.414684304594227674e-201,2.680842107760463525e-214
1.447471310869567288e-201,3.214887348301091495e-214
1.475680295613925354e-201,3.579291077703124990e-214
1.472913403775665932e-201,3.811001531817395728e-214
1.432476690228485053e-201,3.547531569143582386e-214
1.396247721296604058e-201,2.658147776286404998e-214
1.394054331981898034e-201,1.621544066398970023e-214
1.412822594308999505e-201,9.688629891083057873e-215
1.362197780988896277e-201,8.050661404644396364e-215
1.211227383634218093e-201,8.813310128730421066e-215
1.112480943594551815e-201,1.444244277190525881e-214
1.047260013658274885e-201,-7.282778904429227940e-215
9.078212382259332370e-202,-3.496863343521973223e-214
8.533788899249508747e-202,-9.154268298847503832e-214
6.716696323900457117e-202,-1.696049641930457940e-213
5.924301695018107684e-202,-2.662062110714238119e-213
6.128224645267161927e-202,-2.013945839869228115e-213
6.903258538236711590e-202,-1.514042146794506893e-213
5.513938021018824035e-202,-3.563109699026318833e-213
4.279135520878793756e-202,-5.538467477948302179e-213
4.965805847853065765e-202,-7.371969985953756146e-213
6.235229764355944272e-202,-9.286672119043780833e-213
6.031221961548430009e-202,-1.185212507931822709e-212
5.142246514021199666e-202,-1.487932985806171989e-212
4.790755559022654395e-202,-1.744061946270839797e-212
3.704487122443119356e-202,-1.995743201420426048e-212
2.351949413417684855e-202,-2.219261470807989592e-212
1.140437727595497546e-202,-2.421964592223655566e-212
3.077441488337638483e-203,-2.606616177199059748e-212
-1.139227064598133470e-202,-2.762648635536821469e-212
-2.004400657279347931e-202,-2.899645480827766651e-212
-3.156423312689695375e-202,-3.011577317542480987e-212
-4.186087746905527177e-202,-3.100137786684294037e-212
-4.062743652049384871e-202,-3.160523378568061165e-212
5.681110630743731065e-203,-7.671754277534250233e-212
-1.674888111545496589e-201,-6.857089128874456479e-217
-2.554867231513228917e-201,-4.689555048434235989e-217
3.341133292281662253e-201,-2.522293291381908173e-217
2.127823440899094083e-201,-2.042050710009253609e-218
-6.090580521011420068e-202,1.790608620952406830e-219
-2.305202159373658226e-201,2.482558831430393568e-217
-1.719374601719551084e-201,9.411505841823894249e-217
-1.680439004294543680e-201,2.066404034398155885e-216
-1.327452431190109222e-201,3.739039650739095135e-216
-1.090592327734771019e-201,5.837329487526128530e-216
-1.176518043408872729e-201,8.259979534354632403e-216
-6.484608455025566992e-202,1.117232757641129716e-215
-3.261967902675479218e-202,1.461576145971714057e-215
-4.805310690424919100e-203,1.877356964910253159e-215
6.371813930673714031e-202,2.397087615405821072e-215
7.365744106020455564e-202,2.955354271561074835e-215
9.293559525673865885e-202,-8.571267202017163332e-215
9.646040647461109963e-202,-4.015168739863743684e-214
9.168515202920314685e-202,-7.761849721672031037e-214
7.610312718516617762e-202,-1.357668410162307113e-213
5.867621903024477722e-202,-2.418051965461903783e-213
5.229650736899666303e-202,-2.565086366060564042e-213
5.871342530462785202e-202,-1.941506640832953543e-213
6.402276820602749278e-202,-1.811815924375244361e-213
6.179488518785327685e-202,-3.408356106876808833e-213
5.317001112567203445e-202,-5.094382127690769279e-213
4.862318685388332330e-202,-6.520399688381223740e-213
4.234764873061669075e-202,-8.004462583309409620e-213
3.081636992416219907e-202,-9.470328175582685115e-213
1.824475580898459989e-202,-1.124422661944093314e-212
8.613071399894435271e-203,-1.327123382814079134e-212
4.419271506844801719e-204,-1.511060504451134630e-212
-1.315346427510679551e-202,-1.666299035823812821e-212
-2.061711793226426806e-202,-1.804527232732591801e-212
-3.153232213383162724e-202,-1.917458186544520700e-212
-4.108883832503902184e-202,-2.007846127052236448e-212
-4.262494905896601963e-202,-2.071285357560651481e-212
-2.044108082797800453e-202,5.987943526760950946e-212
7.323080223387600358e-205,-4.525671892535669111e-212
-2.043540307850131114e-202,4.498591788037083445e-212
7.325669490387814574e-205,-4.398588120874841634e-212
-2.043352564463446395e-202,4.126383585401812792e-212
6.840057998004591925e-205,-1.043047919216734557e-212
-2.042980744000660528e-202,9.541162185106477159e-213
6.849175072654671657e-205,-1.013412212105002260e-212
-2.042735932644965925e-202,2.655815557009499916e-213
6.486338102179323352e-205,3.357945325050100039e-213
-1.688166127866515485e-202,-2.377646672496144992e-216
-5.881160765612904321e-201,-1.850458114217254335e-218
-5.854964066739656976e-201,-2.523688104123425692e-218
-3.213351310822568616e-201,-1.133905014431836261e-218
-1.802319705724320475e-201,-3.393100572040593889e-218
6.752972698802846476e-202,-1.025954928265926036e-218
-1.572206282616415312e-202,9.566129171585335370e-216
-1.205847685909777748e-202,4.045402362685437461e-215
-9.693492430552296248e-203,4.334644143258548368e-215
-7.574988305520135798e-203,2.155682602395226052e-215
-6.219870255366116521e-203,3.319501544446292627e-215
-4.507693448966839359e-203,-4.305623428823878829e-215
-2.196431089495336649e-203,-9.038500531697360555e-215
-5.750646376841948887e-204,-1.766491513622650897e-214
-5.360066147048892302e-205,-2.528956695412542146e-214
8.182864263805850366e-208,-4.034016431203630865e-214
-3.295802401050075679e-205,-4.611696049398071087e-214
3.184278792942345310e-204,4.567604647747662209e-214
9.986439422728747316e-204,8.550195110692729404e-214
1.407542874951385827e-202,6.467879428099331666e-214
2.167055045131394446e-202,5.463750386205358256e-214
3.733890548870840426e-202,4.603972861496523406e-214
5.159188214934375447e-202,3.875222446174471650e-214
6.780593386367623444e-202,3.341048315258015427e-214
8.219256554531670306e-202,2.843228386590431759e-214
9.376664194790660491e-202,2.347537297935165627e-214
1.046322440691967604e-201,1.972390940613857259e-214
1.152958261841506686e-201,1.774509960128080156e-214
1.233194610733800680e-201,1.510004753712353542e-214
1.290722335056954934e-201,1.234758710051123258e-214
1.356729398073356901e-201,1.367020605780110915e-214
1.391165201681592816e-201,1.280511974752715144e-214
1.418049187566415478e-201,1.389517018208721510e-214
1.434470992886727090e-201,1.439590798770418982e-214
1.436444696600869431e-201,1.322564122241476817e-214
1.409143430715452133e-201,9.605272530267322595e-215
1.356407747154100030e-201,4.985269940226854622e-215
1.296197637920582468e-201,1.626776169753948523e-215
8.127844430574708640e-202,3.202249649894209360e-216
8.502305777726077218e-202,1.656552785380616857e-216
4.106548945149965333e-202,5.766514856732965021e-217
-1.395181030472504110e-202,-3.252377532542935627e-218
-3.026509433799281733e-202,-1.862278958067475746e-217
-8.955827715500085964e-202,-1.669935793517161440e-217
-1.116298921237683669e-201,-4.569835108289015273e-218
-1.078758897093457375e-201,3.290593034052151780e-218
-1.520196821384001240e-201,-2.476550654103645159e-218
-1.562072826559470037e-201,-3.227717390526242924e-218
-1.976557477528260966e-201,-1.010238534012893646e-218
-4.442005673216282687e-203,3.471281991632074384e-215
1.711597234806684199e-202,3.943804496108535107e-215
4.323906391281364481e-202,4.497135115684795310e-215
3.433126098331826570e-202,3.873382731892050378e-215
2.546471849806856146e-202,2.975826181268058857e-215
1.106277440102357483e-202,4.024577409118557578e-215
5.138312993579263617e-203,5.568826641239936333e-215
-2.238835487155065802e-204,2.841407062223977425e-214
-4.297308780441107838e-203,7.724005806786451877e-214
-6.499224680966577349e-203,1.154922468455196869e-213
-5.854346332354802863e-203,1.592751780403959920e-213
-5.699447428505023986e-203,2.123495623752981205e-213
-6.270465767524350752e-203,2.811816984427606228e-213
-6.069319160080869394e-203,3.847606005944285418e-213
-5.047770664635373766e-203,4.903731390869137751e-213
-2.462181418562210392e-203,5.934645975007687617e-213
-9.656174763922854580e-209,7.125648893119489133e-213
-1.267225211914480421e-208,2.218028197455367029e-212
-6.986108364216824891e-209,1.715519885951450319e-211
9.158481759044314565e-210,-1.524633987496244342e-211
1.674721021457091907e-209,-6.276679878775437510e-211
1.017361483138999352e-208,-8.065609536591948768e-211
-8.875210667500824175e-209,7.092179099489780103e-211
4.564166371305478930e-208,-9.647575847083186996e-211
-4.942907985988655384e-209,4.078221851653396345e-211
3.767157750068832626e-208,-7.956028221006241665e-211
-1.866900467173876821e-208,2.627137744181637241e-211
3.929256680235267593e-208,-8.157824057609674987e-211
-1.502702862839129684e-208,8.392199437940293184e-211
2.737872450983526880e-208,-1.002476889283408261e-210
4.814887757485677693e-211,7.977085290154334443e-211
7.018831961693972642e-209,-1.713340951257880664e-210
5.514556683119744392e-209,2.328566839507662690e-210
5.248025507858441292e-209,-7.840041361432871760e-211
1.450818512468487064e-208,-2.847351990002929201e-211
1.167271779732133571e-208,8.564189405769606348e-212
-9.319412108239373457e-208,-4.869379314616405135e-214
-8.955226120385388043e-204,-8.219094311833749852e-214
-3.123092899288585090e-203,-6.335977285257107005e-214
-4.885039793377386042e-203,-4.638862024717911255e-214
-6.640387949163433514e-203,-3.504829029310784196e-214
-7.961936409896232859e-203,-2.389055521525738444e-214
-1.037324978594770919e-202,-1.416733500044876654e-214
-1.299742782081315556e-202,-9.048739106556651257e-215
-1.690763474042457252e-202,-6.547636364030326058e-216
-1.808199089636675743e-202,2.487366843067839087e-215
-2.195993923303488814e-202,2.760365474659693845e-215
-2.224145903223690113e-202,4.880472645528664839e-215
-6.265626718534747104e-203,3.507936569249289579e-215
-9.845426078434586330e-203,4.837755985772312629e-215
-1.229098442040670543e-202,2.100436222220689497e-215
-1.353954259068584272e-202,-1.077820441102512552e-215
-2.991557565019084693e-202,-3.099624040438254007e-215
-2.389207312313894724e-203,-1.474108369097385850e-215
2.397449770868928249e-202,-1.119655455652308495e-215
1.931720960716013506e-202,5.010470427293147946e-216
6.712011951765426230e-202,2.484721925093003242e-215
4.571266290969673100e-202,2.610483773121885013e-215
1.203364613422261777e-202,3.065824699930479083e-215
2.801251845401949770e-202,2.908919837471925714e-215
-5.688713689245727103e-203,2.281986922368398489e-215
1.527425785926325940e-202,3.725892542943030657e-215
6.477811419616684873e-202,5.051992303236450255e-215
5.014113435787871589e-202,6.498580677209159070e-215
7.916991218952075270e-202,1.186851878866763966e-214
7.690472781680180851e-202,1.956072108976615185e-214
7.958773973517156468e-202,2.939049386466068331e-214
8.497405612730806151e-202,3.658300710576605821e-214
8.950454718934932121e-202,3.802335779995676222e-214
9.013559219162198196e-202,3.555104959071315179e-214
8.775289627382430928e-202,3.221127458618723183e-214
8.512046604400783879e-202,2.687299134077880813e-214
7.850646513835324569e-202,2.878510825718422864e-214
7.505044887772713953e-202,2.487595047022402688e-214
6.853697562822563113e-202,2.434130194086839061e-214
5.897188552247527115e-202,2.716577876545246752e-214
5.074382300224561393e-202,2.919188312780417834e-214
4.250297207005390882e-202,3.115430399982245928e-214
3.023152375801305452e-202,3.596832004625525483e-214
1.648122373883390508e-202,4.215997002456796175e-214
9.566142199710451543e-203,4.751368891773583196e-214
3.131269324938647161e-203,5.321553243887841090e-214
2.587439084878591938e-203,6.774225992083778355e-214
-9.767922302989462248e-204,1.026581772708006626e-213
-6.560151232564699708e-205,2.532502844473807723e-213
8.603145170702839728e-205,4.123178816977341139e-213
-7.322909876073972860e-205,3.093361672990970147e-213
-1.597988976643428916e-204,2.249349392798559296e-213
-1.301986948803119358e-203,1.745182656727171057e-213
-4.156969971954218624e-203,1.251071383327137612e-213
-6.235240341446794256e-203,8.784392331582849069e-214
-6.170089357099774349e-203,4.286515711699773599e-214
-6.051505356967595705e-203,6.969710789453767016e-215
-5.723752089137304265e-203,3.658173237556196557e-215
-5.959866723295105649e-203,4.107412381800805962e-215
-5.435445665516565367e-203,1.238605389018812344e-215
-2.467164279455662056e-203,9.914882226126144444e-216
-2.722213347682704646e-203,-9.795382462256030811e-216
-9.271088014681413714e-203,4.692476289127802771e-217
-5.676948930347795625e-203,4.827869090214638624e-217
-2.865238423863816616e-203,-1.218416388206310549e-217
-1.688169837354456852e-202,-2.610406058356057196e-216
6.482611795939607180e-205,3.357712679231463835e-213
-2.042739666931114236e-202,2.655582440297523840e-213
6.845483915439488071e-205,-1.013435472650749804e-212
-2.042984457516779377e-202,9.540928756594970407e-213
6.836322992670603663e-205,-1.043071175720406182e-212
-2.043356328689954363e-202,4.126360214695653013e-212
7.321933195214623758e-205,-4.398611373326603362e-212
-2.043543995012416262e-202,4.498568403093261144e-212
7.319408848986134893e-205,-4.525695140933685480e-212
-2.044111919641438434e-202,5.987920110635646850e-212
-4.262502145311828901e-202,-2.071301976224276350e-212
-4.108892274951036952e-202,-2.007880298409371438e-212
-3.153159152129924677e-202,-1.917518904756470404e-212
-2.062105874535239241e-202,-1.804591779302206960e-212
-1.314572597026131910e-202,-1.666487401099426411e-212
4.321083360395656075e-204,-1.511194200281622880e-212
8.611407631612290792e-203,-1.327425412860639734e-212
1.824355810394109027e-202,-1.124888075042782666e-212
3.080115700991953528e-202,-9.463351261001577285e-213
4.232116269355455901e-202,-7.980240822530210262e-213
4.860346562511249884e-202,-6.468776032753344681e-213
5.314656054798619487e-202,-5.018570073117980485e-213
6.042591937603667306e-202,-3.292198484669770469e-213
6.209740209948162095e-202,-1.649215097612793951e-213
5.385576463598590824e-202,-1.805955451598923488e-213
4.450815593570548365e-202,-2.477240666662508359e-213
4.599349033317550501e-202,-2.344715680341561796e-213
5.719561945857687462e-202,-1.259701360343305068e-213
6.660563359287792022e-202,-6.736012549335846554e-214
6.712019287900979171e-202,-2.971566341793650627e-214
6.046035569443144963e-202,1.453283564970501256e-215
5.217761027098589527e-202,1.072742272328033246e-214
4.264250450788619742e-202,1.001584430007249650e-214
-1.192965932687573895e-202,8.604938128908732755e-215
1.531633787418406603e-202,8.425504153345854869e-215
2.786748190075834750e-202,9.313344317016607203e-215
2.330569459874962392e-202,8.706555645799442138e-215
6.948143828497345497e-202,8.326574496285160875e-215
3.962701868340263919e-202,7.109432375737637820e-215
8.638651442382744448e-203,4.647402121829817012e-215
1.601287916241977965e-202,3.836020693041795163e-215
-2.790591072813964334e-202,3.119591347174791318e-215
1.618698247435667943e-203,3.145988690181230745e-215
1.137628096060732869e-202,-2.402085743069901278e-216
-1.908326559680237438e-202,3.516982096768501206e-215
-2.001023153713114175e-201,-3.379662341332032495e-219
-1.499172158858425432e-202,2.968071281912376996e-215
-2.025698003883069670e-206,5.037198071103274437e-213
7.569147053744899606e-202,1.184049849980443533e-215
7.816861181759674766e-203,5.986848762746694133e-212
4.963494572519774457e-202,8.083895296661094017e-215
1.546488730813125419e-205,-6.812896592360251246e-214
-2.422379926921560630e-202,1.382615302214426771e-216
1.256299117256490141e-202,-1.072210685596644349e-216
1.715587236645777974e-205,-1.027337151460214055e-213
1.495310817497131406e-204,7.186096169730970103e-213
7.822539885995385998e-203,4.498191324203597781e-212
-1.815036015760529303e-204,8.643534114967698077e-215
-1.420376586126249894e-202,2.350248487508087912e-215
7.830582119360681691e-203,2.653607694575905688e-213
1.120639432405313014e-202,2.761279048729318330e-215
-6.087524381675849465e-203,5.623441561600981379e-215
-1.621205511074565113e-201,-1.395844709412930523e-217
-1.486812365678447213e-203,-3.706453253728886316e-214
1.688850682096127401e-202,6.530252749220619485e-216
3.033624528270546781e-202,6.280662765180206987e-215
-8.712663786818254763e-203,-2.286572976224511447e-215
5.874941823458294864e-202,2.960996871567798892e-215
7.824416980762279855e-203,4.125616386973252463e-212
-5.519169036951979229e-203,-1.538509853392335025e-214
7.828134321813722673e-203,9.540683799947546622e-213
-4.533828794595629686e-202,2.618533878005046762e-216
-1.098324809219173906e-201,3.912298305097640816e-217
-5.713981793465526107e-203,8.267581995233404122e-214
-3.299285696210236983e-203,2.942216735099051181e-213
-6.169184680728176014e-203,1.667797642999033276e-213
8.195694701089624010e-202,-1.531929275626470208e-218
-3.472811428543455585e-203,1.394367718223128551e-216
8.438741186973024387e-203,-5.569728657652649645e-217
1.335392290921990444e-201,1.346126890389278643e-215
8.316675668972385091e-202,8.044027069981213195e-215
-4.405551673551540152e-203,-1.865975250358057829e-218
-1.879004814016362986e-202,-3.409630325311615174e-215
4.293619496892079606e-202,-1.661931790146144397e-213
5.187327223209861464e-202,-1.824693168221910970e-213
1.349412855140634077e-202,-2.568703676099018939e-212
8.706206625020749156e-202,-2.717881145626313651e-213
6.410240502693908114e-202,-2.640406786179727167e-213
-2.528948155145131569e-203,1.065487560755135194e-215
-1.645524323188189614e-201,-7.065387763928844960e-219
6.307869379211432431e-202,-5.366265647134576817e-213
6.522938277286903021e-202,-5.437066607897737654e-213
9.183946281969243522e-202,-1.108823004693933643e-213
5.938609589300055599e-202,-1.008645231048239599e-213
2.750409220815404166e-202,5.244626280638996261e-216
2.954170959203349248e-203,1.044899243875028067e-215
1.114288407084311923e-204,5.106323227561857821e-213
3.190416457608661169e-203,-6.410880580651734374e-214
5.250820535262015664e-202,-8.681689730718639977e-213
5.253074586669494707e-202,-8.695944498726298199e-213
1.058889375287267223e-201,-2.537299971697591082e-214
6.439159037046172569e-202,-1.489333753123416608e-214
3.940643014590221678e-203,9.532387360231818405e-214
2.274315985685904753e-202,9.903047405138346588e-214
4.094942001880500516e-202,-1.266050574879858660e-212
4.097921895182730089e-202,-1.265311954531669248e-212
-1.777298953172872109e-202,-1.616387587489553912e-217
7.130582906700403930e-204,-2.430933065933816639e-217
-7.941326015125411490e-203,-1.117405159129235149e-216
1.196581130272667975e-201,2.291638374931190129e-219
-5.829455881252911310e-202,9.389975288114800642e-220
-2.172875693191946828e-204,4.703401380583013508e-215
-3.603129731256744051e-203,1.582402045722349731e-215
2.190874921903383158e-202,5.304974042435547286e-214
3.805993623398641545e-202,4.727154642150054404e-214
7.741973836584429725e-202,4.559571670463856816e-214
5.907536605639107401e-202,5.435116775525872469e-214
1.505287856278889115e-202,-1.774505082398050535e-212
6.071238692875261536e-203,-1.964967402195060759e-212
1.505424402773320208e-202,-1.774445614139256533e-212
6.076643863932552451e-203,-1.964898688643023118e-212
5.152673664498424478e-202,4.109335662668855603e-214
6.150923260552772624e-202,3.499670930478356062e-214
9.373073059644655049e-202,3.790715519694074530e-214
1.073498949927797096e-201,3.255286066157960878e-214
-5.546634444611433481e-203,-2.133832537286614936e-212
-1.618053085598518792e-202,-2.282565222991892841e-212
-5.545362127989424022e-203,-2.133807023490329700e-212
-1.618264601496745964e-202,-2.282577388568842466e-212
-3.213143940494801209e-203,-3.247735565786687075e-216
1.201852360457957740e-202,6.987952064292477060e-214
4.211980471664266970e-202,6.493655084511805750e-214
2.776548535015833143e-202,-1.558865998940171629e-212
2.777706230315601523e-202,-1.558675703549383923e-212
7.214815097546099689e-202,3.061621535540958068e-214
8.292170047973596115e-202,2.857537150153649975e-214
1.207093015017096781e-201,2.704592186766859889e-214
1.330698301766507624e-201,2.237535103714864536e-214
-2.617453048365487220e-202,-2.403962849299622882e-212
-3.635093988341690185e-202,-2.506078714912752517e-212
-2.617313498082702148e-202,-2.403957218708109434e-212
-3.635123085502480419e-202,-2.506078818447357130e-212
-5.932293085544313248e-203,-1.436586648614529098e-215
7.277614718453653309e-203,-2.177218879566842937e-218
-3.099897589327416982e-207,-6.346744068156177507e-213
-7.891673908339620162e-208,-2.712306801338764605e-211
-1.040536480171316938e-208,-1.576324312060628724e-212
3.067295385404006752e-208,1.351772135460576628e-212
9.110184118213279924e-202,2.592991474381947064e-214
9.749002206982203584e-202,2.436307945586483994e-214
1.432385535435966963e-201,1.901056873865393545e-214
1.516877005892301629e-201,1.671585433780610889e-214
-4.165952857662652422e-202,-2.581277271797302089e-212
-1.632934088951068445e-202,-2.648085051129791762e-212
-1.632928525501298137e-202,-2.648066730279461959e-212
-4.165944879533010461e-202,-2.581265194620041716e-212
-1.343431138297236023e-202,-2.593939213062148852e-219
4.187488281843174208e-203,4.110912817957686115e-215
1.207643891642906220e-208,-8.832694706105660969e-212
1.115433412330319604e-208,1.144378366151237804e-210
-5.646591038598255102e-209,-5.928245476891580000e-211
-1.178526150029010316e-208,-3.929687966431109472e-211
1.047698061308215236e-201,2.654584079556250690e-214
1.099130156542997911e-201,2.764614997544888055e-214
1.659136786456954188e-201,1.288118003419788841e-214
1.598220704241865979e-201,1.374699969383135688e-214
3.178687987510665662e-209,-1.114028052892566476e-210
1.996154485650742961e-209,3.469530219473349666e-212
3.412157540836105835e-209,3.405909436828906461e-211
-9.165982803378593170e-211,-2.927709975443207472e-211
1.129433553623705687e-201,2.944520373251132621e-214
1.155545940777586506e-201,3.370173313236617491e-214
1.701247435840115864e-201,1.310056522267802788e-214
1.733718409110756652e-201,1.324163681489408157e-214
-9.298847063644444579e-207,-1.823748377948947300e-213
2.116689797602790046e-207,8.661306372899571182e-213
-1.485703892743319539e-209,-1.079368171927322012e-211
-7.760464719447408020e-210,8.201801269256158849e-212
3.785811011778468295e-210,-2.252315749888611553e-212
1.444062574592263322e-209,-4.004776200226170110e-211
1.171753273911889113e-201,3.675648432394975011e-214
1.199032479870193172e-201,3.696514318483949697e-214
1.744371850815615899e-201,1.405338269616371328e-214
1.739539888790921594e-201,1.358674566590437400e-214
-8.353315391754450770e-203,1.745838773690220082e-215
-2.611160496850863528e-203,3.366424706142426849e-215
2.606696713105310215e-201,-6.309477903344043925e-219
2.747104871515121873e-201,5.542933615677653021e-219
3.872355005325879891e-202,1.479714954153586309e-215
3.011590547564293760e-202,1.442292066372039604e-215
6.310131816893663709e-210,-2.199585918427531913e-211
1.457318350118091279e-210,-1.612962168426535412e-211
5.383102771918070625e-210,-1.901365577179675877e-213
9.138132333630717739e-210,-8.381857577005975751e-212
1.215902348986009563e-201,3.177217771889306026e-214
1.194824829058531974e-201,2.293144669267071774e-214
1.724849192327988732e-201,1.078036043815032726e-214
1.710798946780518646e-201,6.540917560000135087e-215
1.616145983235313440e-201,6.613008834073430659e-216
1.676522099680202780e-201,2.469318624431836525e-215
1.109394862469612656e-201,1.387593095887982604e-214
1.002838465376456640e-201,9.150993178575831363e-215
-6.738295871968039751e-210,3.678719398910116344e-212
-4.857022192093418728e-210,2.692152325982357443e-212
1.524681893093765511e-201,9.196780625197943195e-216
9.538771747918568237e-202,8.191927197940174146e-215
-5.801707689879775694e-203,1.963464980444748941e-215
-1.715365639896816417e-203,3.214272011530503238e-215
-2.520185167628729665e-201,-7.675582729177884047e-219
2.086994890543115268e-201,1.939432123937797258e-219
4.380418166667783377e-208,-2.302533510728162532e-212
1.726252755282113136e-208,-2.824042758008532698e-212
-1.719346051634854305e-208,-2.824049682294249428e-212
2.285269859124147449e-208,-2.302537714394617366e-212
1.029144388861059413e-201,8.747764028099894113e-215
7.499370279093992167e-202,8.111672406879499623e-215
1.238964335695564021e-201,9.143494819036051149e-216
1.651552921333394179e-201,1.880956285984927793e-215
3.095901036392693891e-202,2.921322222677932377e-215
3.549893935970113913e-202,2.144778937891369068e-216
2.060815423169453803e-202,2.114022012960702226e-216
8.539799959435410499e-203,2.598287661711033306e-215
5.342148897424012194e-204,8.831971387641294100e-213
-2.047737964185379381e-201,-2.846687866351459313e-220
3.394017291909656659e-201,-1.716925176918820231e-219
-1.176934359960690227e-202,-4.510228321648386333e-216
-6.218151557588098673e-203,1.758693136043627155e-215
5.001987733019641671e-203,-9.183730407703324985e-216
-1.864999783366063828e-201,4.807727080828536012e-219
-4.661768371589946254e-203,3.788642114513742146e-216
-4.981051236471574253e-203,-6.371667956623495833e-216
-2.515471183249172844e-201,-1.568677922896819272e-217
-2.011083832388096108e-201,-4.918065714301201648e-218
-1.753930312817803791e-201,-3.230678823585026384e-217
-4.994799041743758097e-203,-2.330644788061948516e-215
5.138636539086441333e-203,-2.453275134389852538e-215
1.123315265577925921e-201,5.624996490450409659e-219
-1.633491652187759502e-201,-1.762228234337701153e-218
-2.047488929740116148e-202,4.792305627249086272e-217
-1.819685275986574684e-202,-1.237459331257342584e-218
1.150256162323340294e-202,3.220285963599437421e-215
4.896049418468519671e-203,-1.323377653622840561e-215
-2.772657513155329631e-201,-2.307974492019977485e-220
-3.685361650402133032e-202,-1.262471577841398364e-218
7.859384535279299677e-202,6.688922811532414364e-215
6.954773013189965396e-202,1.082569880933968404e-214
9.145791328068963772e-202,1.480336479122100687e-214
1.270721405473565213e-201,-3.085300258276861514e-215
1.474252084214188253e-201,5.327222208554628736e-215
1.125330455774756406e-201,2.956269242480582586e-215
3.894632232764513110e-202,-1.640391284656825080e-212
2.885884949378073472e-202,-1.198483460365877280e-212
2.884839418133238564e-202,-1.198951958072506404e-212
3.892247213127118638e-202,-1.640334065876301999e-212
4.212104370938489103e-202,1.006891160941980298e-213
2.212672159595869186e-202,5.770031502315098336e-214
3.482344884420117028e-203,7.802026620395759229e-214
1.184771401828579547e-202,9.701968695432017294e-214
-8.472215780967772326e-206,8.661263637332123768e-213
1.045616100822484455e-205,7.170222347465868331e-213
2.777538165871004655e-205,-9.938789451610877490e-214
-2.736240909860765395e-205,-1.812992459567022594e-213
8.678341213378342271e-202,-1.096111912645841524e-214
6.361765437367693013e-202,-1.601017551139965277e-215
1.025341801569879743e-201,-1.128535253053876866e-214
1.389307271425726445e-201,-2.119264668492916950e-214
-1.605922085593106506e-202,-4.546665914721038036e-217
-5.939541452138934840e-206,6.248620634223569047e-213
7.125824446932628775e-205,6.059307733380048325e-213
1.079325133328493115e-204,7.473127383090906619e-213
4.202908918577842371e-204,-7.598855804024106872e-214
3.710121745244425192e-204,-1.158214833947716378e-213
7.941113527227062294e-205,-7.688273182336005936e-214
-6.254921587540871882e-204,-6.859200861191822950e-214
1.773606694868528942e-203,-8.383866618487773472e-214
-4.591789866794061389e-204,6.378942281642715390e-213
-6.694816953757688720e-204,5.147672266957106189e-213
-1.772274284459501224e-203,1.677759623842970174e-213
4.110513711612049429e-203,-1.680499313501268584e-216
3.274384889222123076e-203,3.784975296527057611e-215
9.142195386860237773e-203,3.676138436244859120e-215
-1.620955551843890666e-202,3.701470670909876325e-215
-1.943891767580350946e-202,9.840192948078023465e-216
-1.917396591737852982e-201,-8.168083433705587868e-218
-2.505219841466203649e-201,-4.447974396646492497e-218
7.489766734423429274e-203,8.248336932441595910e-216
-2.054207792905323770e-202,-5.221349668639402562e-216
6.489082999203469369e-205,1.527526520668401671e-215
-4.513493275132729599e-203,3.691730479610702314e-215
2.921401978899011944e-203,-1.639941966974718062e-216
-1.772253332632182968e-203,1.677800027791285918e-213
-1.898545432554144409e-201,-2.444267300229071450e-218
-1.825506937448288422e-201,-2.197986699763441404e-218
-2.278927979170329232e-202,3.238258463090693275e-215
-2.020837069384603541e-202,4.663497054379859663e-215
-2.229136076980973997e-202,3.331148593884725083e-215
-2.780972202382040361e-203,2.896903166340500806e-215
1.898696993170181480e-202,-1.519371735304708670e-216
-2.233334734984350975e-202,8.859345085238341919e-218
-5.672360236336909151e-205,4.053082391682227784e-213
8.339540838213745874e-206,5.119660382946939861e-213
5.136354000333194524e-202,8.642725464920304471e-215
5.709906300766411655e-202,9.379873222580959599e-215
3.273086020030729572e-206,7.311374725594906814e-213
4.375900067707011447e-206,1.946111665291448674e-212
8.056427194416691739e-202,5.702809231440804561e-216
9.609556887089766712e-202,8.648489564189246120e-216
-4.581402002908538365e-204,-6.507410873135325321e-214
-7.970865810730424820e-206,-8.252224412371364278e-214
8.790319099665409618e-202,2.169987831870358178e-215
7.456185321787662487e-202,1.733482379391524128e-215
3.227314438628807566e-205,6.010603282832637660e-213
-1.337443319604165795e-203,4.966568124064394728e-213
4.354948553321093677e-206,1.946107479418175893e-212
3.252134528163265695e-206,7.311332969899821004e-213
6.181726065093328466e-202,8.878412560843890000e-215
5.774584579004152445e-202,8.477819909366807303e-215
-2.285680210794761954e-205,-7.210789567748710079e-214
2.550731539340349878e-206,-4.633223550147339526e-214
2.644356262251907349e-202,-1.892719322033966602e-217
-4.113167067993484441e-203,8.194124253152048692e-217
-1.630161654586341741e-203,5.703076767979969575e-215
-3.082467777864959684e-203,4.527507750375115091e-215
-6.136617247346078837e-203,3.936443387484911513e-215
5.748632086430122222e-207,3.006856031002913512e-213
2.832280547698192673e-202,3.357920943392635103e-213
5.958147339013491544e-207,3.006896645650217430e-213
-1.652859786179303830e-201,9.392562192063685626e-218
-1.650027447334266467e-201,-4.696190710509933098e-218
-1.573600222259069700e-201,5.482039812021068527e-219
-1.351496842836069031e-202,4.501905819664024305e-215
-1.772778469494362205e-202,4.703282649494313837e-215
-1.811894875788932325e-202,2.723471115236338193e-215
1.968843177597639598e-202,2.572722073432415166e-215
2.256617415224440552e-202,3.185475857671032504e-215
1.372986292622734878e-202,3.043276509476201042e-215
-2.215676283373856642e-202,1.206760606206133863e-215
-2.504239535066379578e-202,1.264561674176353885e-215
6.733063709202422035e-203,1.482082907685532870e-215
1.487963530546473352e-202,1.069401113770151627e-215
1.304404049414815983e-202,-2.698874451418506714e-215
-2.045838699811364076e-202,-2.442049399160155311e-215
3.771824116733576945e-201,-2.043958722062069830e-218
-1.345196716547386296e-202,5.182811618820933171e-219
4.340408711320138102e-202,-1.805579278196878356e-213
4.845045530077121886e-202,-2.550469164439928182e-213
5.060122239533929589e-202,-1.809175159326431718e-213
5.173744883368359608e-202,-1.941157063379814716e-213
6.569236837987037233e-202,-1.943277228983327902e-213
6.255389531496636832e-202,-2.633669345772541956e-213
5.270516327332998019e-202,-1.645653920665633226e-213
5.203731650757874376e-202,-3.570842866943323368e-213
6.241627205637346812e-202,-3.494297749607228124e-213
5.776312217193651158e-202,-1.808904869971340530e-213
6.444134526975133589e-202,-3.604126400950490548e-213
5.695144382318057785e-202,-3.678410966709929950e-213
8.188655958167887332e-202,-2.273142928941111472e-213
9.617851233593333462e-202,-2.069432110549211920e-213
9.501391358887968525e-202,-1.235908732257618754e-213
6.091323720173147063e-202,-2.195405476096199611e-213
6.800382702356032726e-202,-1.136947136508873022e-213
6.782195840325163945e-202,-1.986229639284269004e-213
-3.758619159189542273e-203,-1.162498059212844295e-215
2.858188091572440445e-203,-2.792912008319137323e-215
-5.561085031713108191e-201,-1.179849448554458241e-218
-3.700079783297368987e-201,-1.754748883983888908e-218
5.999525436085272406e-202,-5.192951651076929563e-213
5.899295505622869936e-202,-7.023562017508700744e-213
5.274454890609776752e-202,-6.784614849399890622e-213
6.122561404717746344e-202,-5.266746764732417356e-213
5.276662609851451115e-202,-6.829509360071332338e-213
6.001126769122618869e-202,-7.064160756894243593e-213
9.491212077105872640e-202,-7.067649810919635809e-214
9.746660089278023883e-202,-6.833434501220093007e-214
9.219721126095959169e-202,-3.287847586643753027e-214
6.396943555882758341e-202,-6.034907469691306400e-214
5.792966014793861026e-202,-2.245907168102204974e-214
6.074687000888600812e-202,-5.811373599841879713e-214
4.803918901401203379e-202,-8.343381850889727324e-213
4.723042200732051422e-202,-1.047985213648270546e-212
4.160129073711715911e-202,-9.920424614787632446e-213
4.806004593436182250e-202,-8.363086874603830616e-213
4.162830814101701852e-202,-9.922282267399676129e-213
4.724967375731344821e-202,-1.047946811225586461e-212
1.998666038679967226e-203,3.090696428073738034e-214
1.356926230565012236e-202,9.595351685288101114e-214
1.354622413139268225e-202,1.608352529888589449e-214
-4.346518531442256251e-204,2.751196276187716404e-213
1.864036193012644080e-203,3.059026615052469917e-213
2.195211477811739917e-203,9.541063755204845315e-214
5.756688066961498717e-202,3.753158342572401244e-216
7.632728379550665058e-202,9.167342616073944061e-216
3.957292576812149084e-202,1.331632898329530635e-215
-2.902404554190167466e-204,3.020429893979584139e-213
-6.187590528954684481e-204,3.994772974955741180e-213
-4.374643205668639241e-203,3.922217419328416056e-213
4.334626560659359693e-207,-1.353839897438457475e-214
2.833117409172677028e-202,-4.525965479590803596e-212
4.125112086608164330e-207,-1.354255460928839110e-214
1.967101186650153703e-202,8.376112093440496828e-215
5.652082671900189070e-202,9.025289357154974557e-215
3.498276574346032648e-202,6.975457270066743204e-215
-2.294751119987208047e-203,-4.724136382080420960e-214
-2.626663069498395254e-204,-4.702967248083059561e-214
-1.122881840094304142e-204,-3.891450183711189679e-214
5.203308476983268556e-202,-1.129051417719963156e-212
4.803483380292703689e-202,-1.379448514418174648e-212
5.201194891677739580e-202,-1.129613133196819879e-212
4.801144726358683649e-202,-1.379704090335877677e-212
1.420900416780275993e-202,-7.086782615511615607e-214
2.364577727641091341e-202,-1.452940872887718578e-214
2.200660196654529547e-203,5.407142026005638627e-213
4.058099229903436023e-203,3.757604406859517850e-213
-3.393277102355922088e-206,-8.000138630349731030e-214
-8.091027358260009300e-205,6.000183254251534761e-213
6.326337447960821335e-202,-9.664264611077684910e-214
7.524987498869178050e-202,-4.707327335836335213e-214
1.031912355086311584e-201,-1.066444267119103841e-213
1.212696275895430825e-201,-5.754038039477247334e-214
6.553717702278651433e-202,-7.305202287947378009e-213
6.041333434140712203e-202,-8.992826447445882316e-213
6.329458840068000239e-202,-7.269068862309960437e-213
5.936635416277526956e-202,-8.982417710394705315e-213
-1.596183268139776822e-202,2.047593670983299232e-215
-2.335335277699546206e-202,4.372798101490007976e-216
2.030887489428035988e-202,5.945982965263714166e-216
2.253386765058542754e-202,2.361615298256118730e-215
6.444835825903419286e-202,-2.641437160242496877e-213
5.838138314483383349e-202,-1.870393936864034983e-213
9.407000091904826719e-202,-2.717476264796482682e-213
9.243282521056723583e-202,-1.955648893679153343e-213
5.272371889341546228e-202,-3.724963291978576038e-213
5.534054958671165721e-202,-5.524580238213709818e-213
4.335634394225352629e-202,-3.618603783187104748e-213
5.013483409160496667e-202,-5.455435717486333266e-213
-2.164010868820572607e-203,2.218065350738177736e-213
-5.130476216308655432e-203,1.705443034654018932e-213
-5.708267143753220688e-203,2.190259957065890984e-213
-5.907527646323003605e-203,2.878560307801230588e-213
-6.260969730136375370e-203,2.155105549016941188e-213
-6.859535653137940485e-202,1.644304439498252495e-217
-1.071846056088620269e-201,-1.171583654086535970e-217
-1.054437470921098162e-201,1.230441296466699763e-216
-8.530086400801191975e-202,5.085488866635312008e-216
-1.122876310524501765e-201,3.156469310411094697e-216
-4.437290536909202487e-203,-3.567955623645698310e-214
-6.034208532763066724e-203,-2.468625951578460085e-214
-3.843549564630444418e-203,-2.513365920826192504e-214
-9.710753478080723593e-204,-2.496720602231432139e-214
-2.956638762560689261e-203,-1.676296856985752973e-214
-1.239497724813228008e-206,-3.739177737600352842e-213
-1.554547871782630380e-208,-2.965046011653085928e-214
2.832643411712907480e-202,-1.013431184945721230e-212
3.957606313291618838e-202,2.992398779261955132e-215
6.074841212051432829e-202,2.993725732786430628e-215
5.400468667371301030e-202,3.229038541639011095e-215
-1.218546313482387172e-206,-3.739137011666150484e-213
5.405777841339673589e-209,-2.964636759040380675e-214
2.773392184498603193e-202,3.379575083351834830e-215
5.984466270567416380e-202,4.506421821600486375e-215
-4.187395147176538725e-202,7.376745246689165663e-216
-5.893550779015466403e-203,3.911659204034060665e-214
-6.185911761309380984e-203,8.501610491019356651e-214
-5.384386041865811426e-207,-1.361047562582653877e-213
1.889613749297483934e-206,1.541665349120185271e-212
-1.116660878439576091e-201,-1.495687709322055781e-217
-1.218881494440346133e-202,-1.439310157942565847e-215
-9.415139271528301997e-203,-9.222128765776216075e-215
1.299961320952981496e-202,3.863417536303263271e-215
1.978896461000680827e-202,2.731785897424969378e-215
2.832634262624137403e-202,-1.042945622153799407e-212
3.025875974605778916e-208,-4.446831822548381110e-214
-1.550129884617182708e-202,2.611687580705566044e-215
-6.231312792968290864e-203,1.228774358345827269e-213
-7.152665537743816603e-203,-9.412818180313911259e-215
-7.602496120134057789e-203,-1.473254859547213921e-214
1.477073147296689414e-202,4.119611515616045013e-215
3.209317583647059019e-202,2.959051119263579241e-215
-5.746011460267742964e-203,6.468915413273893194e-215
-4.612651492334797272e-204,5.550943018901320369e-215
-6.172894778043565432e-203,1.199382889213727594e-213
-1.282109992948828701e-202,1.010440923080358915e-215
-1.352825964882163191e-201,-5.067902589779338323e-218
3.998895405323074499e-207,4.999933576982462178e-214
5.121001256272928513e-208,-4.446421457215638025e-214
4.345052868193084056e-202,6.594597833340791180e-215
-5.179012058919474308e-203,-9.058476187331096733e-215
-1.013860336275156601e-202,2.330370847852148485e-215
1.910565173189941315e-206,1.541669471045832663e-212
-5.417652681483010849e-203,3.219486194587367820e-214
2.384256991581936240e-202,7.867232202541470790e-215
-2.221015952693331285e-203,9.015495222861402398e-215
-5.956115335316449206e-203,1.627599926403300591e-213
4.208409476333828606e-207,5.000348028044557660e-214
-6.511152099160183031e-203,-3.326941105616942133e-215
4.528855904053926141e-203,2.103759778484125799e-216
-1.451275220937526380e-201,6.389763908253596796e-217
-5.952067828271742778e-203,3.570790769898790274e-214
-1.130150992850865425e-202,2.941738799598408840e-215
-5.174870888895697127e-207,-1.361006232078767387e-213
1.990096150932071181e-202,8.727856104531944923e-215
-8.344943844848877889e-203,3.078286803702526678e-215
-5.661880880727672981e-203,1.180369250789525622e-213
-2.798756811282514467e-202,8.831031248585473809e-217
-2.408598427718533922e-202,4.383068699555025268e-216
-1.157614364576659143e-201,1.636487414758945116e-216
5.020244605195158505e-203,7.212636717851254833e-215
-6.330440499121718603e-203,7.972408301965734251e-214
2.833119931928308866e-202,-4.398883790064592932e-212
-1.191091230546826230e-201,-1.780151179832725337e-218
5.236985337097934271e-202,-1.595155786373419990e-213
6.758420552772383313e-202,-1.897753500341646017e-213
6.881222373866437439e-202,-1.759808016541572421e-213
9.200575455664962786e-202,-2.026803320990323338e-213
4.591383670717270353e-203,-3.630740535448682958e-218
-3.044392216885432152e-201,-2.733591558183614049e-218
-2.090555246000905735e-202,1.198402392563929034e-215
1.034017776909529461e-201,1.704374402807296489e-215
6.229933506522721828e-202,8.983627671687024237e-215
1.622086408852537472e-202,-1.348294939268638432e-216
9.593518600987968583e-203,-7.246576070681045291e-217
5.043145329900154919e-204,-6.835423723653885613e-217
2.832965990173315056e-202,-1.418116256571726201e-212
-1.418720514895677052e-203,-3.447412530392925446e-217
7.889749910984128736e-203,-1.807489312413781843e-217
