Number of nodes 621 
     0 :  0.0000000e+00  1.0000000e+00 
     1 :  0.0000000e+00  0.0000000e+00 
     2 :  1.0000000e+00  1.0000000e+00 
     3 :  1.0000000e+00  7.5000000e-01 
     4 :  5.0000000e-01  7.5000000e-01 
     5 :  5.0000000e-01  2.5000000e-01 
     6 :  1.0000000e+00  2.5000000e-01 
     7 :  1.0000000e+00  0.0000000e+00 
     8 :  0.0000000e+00  9.6428571e-01 
     9 :  0.0000000e+00  3.5714286e-02 
    10 :  0.0000000e+00  1.0714286e-01 
    11 :  0.0000000e+00  1.7857143e-01 
    12 :  0.0000000e+00  2.5000000e-01 
    13 :  0.0000000e+00  3.2142857e-01 
    14 :  0.0000000e+00  3.9285714e-01 
    15 :  0.0000000e+00  4.6428571e-01 
    16 :  0.0000000e+00  5.3571429e-01 
    17 :  0.0000000e+00  6.0714286e-01 
    18 :  0.0000000e+00  6.7857143e-01 
    19 :  0.0000000e+00  7.5000000e-01 
    20 :  0.0000000e+00  8.2142857e-01 
    21 :  0.0000000e+00  8.9285714e-01 
    22 :  0.0000000e+00  9.2857143e-01 
    23 :  0.0000000e+00  8.5714286e-01 
    24 :  0.0000000e+00  7.8571429e-01 
    25 :  0.0000000e+00  7.1428571e-01 
    26 :  0.0000000e+00  6.4285714e-01 
    27 :  0.0000000e+00  5.7142857e-01 
    28 :  0.0000000e+00  5.0000000e-01 
    29 :  0.0000000e+00  4.2857143e-01 
    30 :  0.0000000e+00  3.5714286e-01 
    31 :  0.0000000e+00  2.8571429e-01 
    32 :  0.0000000e+00  2.1428571e-01 
    33 :  0.0000000e+00  1.4285714e-01 
    34 :  0.0000000e+00  7.1428571e-02 
    35 :  9.6428571e-01  1.0000000e+00 
    36 :  3.5714286e-02  1.0000000e+00 
    37 :  1.0714286e-01  1.0000000e+00 
    38 :  1.7857143e-01  1.0000000e+00 
    39 :  2.5000000e-01  1.0000000e+00 
    40 :  3.2142857e-01  1.0000000e+00 
    41 :  3.9285714e-01  1.0000000e+00 
    42 :  4.6428571e-01  1.0000000e+00 
    43 :  5.3571429e-01  1.0000000e+00 
    44 :  6.0714286e-01  1.0000000e+00 
    45 :  6.7857143e-01  1.0000000e+00 
    46 :  7.5000000e-01  1.0000000e+00 
    47 :  8.2142857e-01  1.0000000e+00 
    48 :  8.9285714e-01  1.0000000e+00 
    49 :  9.2857143e-01  1.0000000e+00 
    50 :  8.5714286e-01  1.0000000e+00 
    51 :  7.8571429e-01  1.0000000e+00 
    52 :  7.1428571e-01  1.0000000e+00 
    53 :  6.4285714e-01  1.0000000e+00 
    54 :  5.7142857e-01  1.0000000e+00 
    55 :  5.0000000e-01  1.0000000e+00 
    56 :  4.2857143e-01  1.0000000e+00 
    57 :  3.5714286e-01  1.0000000e+00 
    58 :  2.8571429e-01  1.0000000e+00 
    59 :  2.1428571e-01  1.0000000e+00 
    60 :  1.4285714e-01  1.0000000e+00 
    61 :  7.1428571e-02  1.0000000e+00 
    62 :  1.0000000e+00  7.8125000e-01 
    63 :  1.0000000e+00  8.4375000e-01 
    64 :  1.0000000e+00  9.0625000e-01 
    65 :  1.0000000e+00  9.6875000e-01 
    66 :  1.0000000e+00  8.1250000e-01 
    67 :  1.0000000e+00  8.7500000e-01 
    68 :  1.0000000e+00  9.3750000e-01 
    69 :  9.6428571e-01  7.5000000e-01 
    70 :  8.9285714e-01  7.5000000e-01 
    71 :  8.2142857e-01  7.5000000e-01 
    72 :  7.5000000e-01  7.5000000e-01 
    73 :  6.7857143e-01  7.5000000e-01 
    74 :  6.0714286e-01  7.5000000e-01 
    75 :  5.3571429e-01  7.5000000e-01 
    76 :  9.2857143e-01  7.5000000e-01 
    77 :  8.5714286e-01  7.5000000e-01 
    78 :  7.8571429e-01  7.5000000e-01 
    79 :  7.1428571e-01  7.5000000e-01 
    80 :  6.4285714e-01  7.5000000e-01 
    81 :  5.7142857e-01  7.5000000e-01 
    82 :  4.6442129e-01  7.4745536e-01 
    83 :  4.6442129e-01  2.5254464e-01 
    84 :  3.9614625e-01  2.7259200e-01 
    85 :  3.3628482e-01  3.1106261e-01 
    86 :  2.8968662e-01  3.6483980e-01 
    87 :  2.6012676e-01  4.2956686e-01 
    88 :  2.5000000e-01  5.0000000e-01 
    89 :  2.6012676e-01  5.7043314e-01 
    90 :  2.8968662e-01  6.3516020e-01 
    91 :  3.3628482e-01  6.8893739e-01 
    92 :  3.9614625e-01  7.2740800e-01 
    93 :  4.2956686e-01  7.3987324e-01 
    94 :  3.6483980e-01  7.1031338e-01 
    95 :  3.1106261e-01  6.6371518e-01 
    96 :  2.7259200e-01  6.0385375e-01 
    97 :  2.5254464e-01  5.3557871e-01 
    98 :  2.5254464e-01  4.6442129e-01 
    99 :  2.7259200e-01  3.9614625e-01 
   100 :  3.1106261e-01  3.3628482e-01 
   101 :  3.6483980e-01  2.8968662e-01 
   102 :  4.2956686e-01  2.6012676e-01 
   103 :  5.3571429e-01  2.5000000e-01 
   104 :  6.0714286e-01  2.5000000e-01 
   105 :  6.7857143e-01  2.5000000e-01 
   106 :  7.5000000e-01  2.5000000e-01 
   107 :  8.2142857e-01  2.5000000e-01 
   108 :  8.9285714e-01  2.5000000e-01 
   109 :  9.6428571e-01  2.5000000e-01 
   110 :  5.7142857e-01  2.5000000e-01 
   111 :  6.4285714e-01  2.5000000e-01 
   112 :  7.1428571e-01  2.5000000e-01 
   113 :  7.8571429e-01  2.5000000e-01 
   114 :  8.5714286e-01  2.5000000e-01 
   115 :  9.2857143e-01  2.5000000e-01 
   116 :  1.0000000e+00  3.1250000e-02 
   117 :  1.0000000e+00  9.3750000e-02 
   118 :  1.0000000e+00  1.5625000e-01 
   119 :  1.0000000e+00  2.1875000e-01 
   120 :  1.0000000e+00  6.2500000e-02 
   121 :  1.0000000e+00  1.2500000e-01 
   122 :  1.0000000e+00  1.8750000e-01 
   123 :  3.5714286e-02  0.0000000e+00 
   124 :  9.6428571e-01  0.0000000e+00 
   125 :  8.9285714e-01  0.0000000e+00 
   126 :  8.2142857e-01  0.0000000e+00 
   127 :  7.5000000e-01  0.0000000e+00 
   128 :  6.7857143e-01  0.0000000e+00 
   129 :  6.0714286e-01  0.0000000e+00 
   130 :  5.3571429e-01  0.0000000e+00 
   131 :  4.6428571e-01  0.0000000e+00 
   132 :  3.9285714e-01  0.0000000e+00 
   133 :  3.2142857e-01  0.0000000e+00 
   134 :  2.5000000e-01  0.0000000e+00 
   135 :  1.7857143e-01  0.0000000e+00 
   136 :  1.0714286e-01  0.0000000e+00 
   137 :  7.1428571e-02  0.0000000e+00 
   138 :  1.4285714e-01  0.0000000e+00 
   139 :  2.1428571e-01  0.0000000e+00 
   140 :  2.8571429e-01  0.0000000e+00 
   141 :  3.5714286e-01  0.0000000e+00 
   142 :  4.2857143e-01  0.0000000e+00 
   143 :  5.0000000e-01  0.0000000e+00 
   144 :  5.7142857e-01  0.0000000e+00 
   145 :  6.4285714e-01  0.0000000e+00 
   146 :  7.1428571e-01  0.0000000e+00 
   147 :  7.8571429e-01  0.0000000e+00 
   148 :  8.5714286e-01  0.0000000e+00 
   149 :  9.2857143e-01  0.0000000e+00 
   150 :  2.8099843e-01  2.3673313e-01 
   151 :  2.0220460e-01  2.3792356e-01 
   152 :  1.5463445e-01  7.8702902e-01 
   153 :  3.4392833e-01  8.4958276e-01 
   154 :  3.7825309e-02  7.4915144e-01 
   155 :  9.8129028e-02  4.8048468e-01 
   156 :  2.8790023e-02  2.8868502e-01 
   157 :  6.8114736e-02  5.6204692e-01 
   158 :  5.0282307e-01  9.4115827e-01 
   159 :  9.6429259e-01  9.3751296e-01 
   160 :  5.0469563e-01  8.8268214e-01 
   161 :  6.0807267e-01  8.1477657e-01 
   162 :  4.6415261e-01  3.3165023e-02 
   163 :  3.2085722e-01  3.6291487e-02 
   164 :  1.0521552e-01  7.4376328e-02 
   165 :  6.3785532e-02  4.4959248e-01 
   166 :  6.0671914e-02  4.1254571e-01 
   167 :  1.8416803e-01  3.2999695e-01 
   168 :  9.2857094e-01  1.8751318e-01 
   169 :  6.0708792e-01  9.4827980e-02 
   170 :  1.3721093e-01  1.5148565e-01 
   171 :  3.5673113e-01  3.5482617e-02 
   172 :  4.6395146e-01  1.3164780e-01 
   173 :  3.9997186e-01  7.7975139e-01 
   174 :  2.8447094e-01  6.8420382e-01 
   175 :  2.4336133e-01  7.5684122e-01 
   176 :  2.9774351e-01  9.0551251e-01 
   177 :  2.0777004e-01  3.8239737e-01 
   178 :  1.4827209e-01  6.6859510e-01 
   179 :  1.9530418e-01  4.6630143e-01 
   180 :  9.6428555e-01  3.1253269e-02 
   181 :  8.2142481e-01  1.5632763e-01 
   182 :  8.9288211e-01  8.1255090e-01 
   183 :  5.7339988e-01  8.7885448e-01 
   184 :  9.2859036e-01  8.4378795e-01 
   185 :  5.3805507e-01  8.1916750e-01 
   186 :  5.3837336e-01  9.1057277e-01 
   187 :  5.7289483e-01  8.1635564e-01 
   188 :  7.1452886e-01  8.1302740e-01 
   189 :  7.8581421e-01  8.1270938e-01 
   190 :  6.7906539e-01  8.4480485e-01 
   191 :  2.2594741e-01  6.5996219e-01 
   192 :  1.9741293e-01  5.4353016e-01 
   193 :  2.0324352e-01  5.8129281e-01 
   194 :  7.1690551e-02  6.3647232e-01 
   195 :  7.5065889e-02  7.1118603e-01 
   196 :  2.2095494e-01  3.3781122e-01 
   197 :  7.8584492e-01  8.4402026e-01 
   198 :  6.7856112e-01  3.1433945e-02 
   199 :  7.0767593e-02  3.6702713e-02 
   200 :  9.2857082e-01  6.2513202e-02 
   201 :  4.9988302e-01  1.9167006e-01 
   202 :  7.0038139e-02  7.3453799e-02 
   203 :  1.7267252e-01  1.5301829e-01 
   204 :  4.3372492e-01  9.4177288e-01 
   205 :  4.3864035e-01  8.8527142e-01 
   206 :  1.3007331e-01  3.7541295e-01 
   207 :  5.0392159e-01  8.2395766e-01 
   208 :  2.4073833e-01  2.3939859e-01 
   209 :  2.1203408e-01  7.5647513e-02 
   210 :  7.4999211e-01  6.2643353e-02 
   211 :  4.9983913e-01  6.5131642e-02 
   212 :  7.8570995e-01  1.8759379e-01 
   213 :  4.4254631e-01  7.9388233e-01 
   214 :  5.3557682e-01  1.2789387e-01 
   215 :  4.9991144e-01  3.2613390e-02 
   216 :  1.8667942e-01  6.6530822e-01 
   217 :  1.8391350e-01  9.3174787e-01 
   218 :  7.5022019e-01  8.7545026e-01 
   219 :  7.8585571e-01  8.7528852e-01 
   220 :  9.6429231e-01  8.1251325e-01 
   221 :  6.7855304e-01  6.2842846e-02 
   222 :  3.2029993e-01  7.2769087e-02 
   223 :  7.5222383e-02  8.5795887e-01 
   224 :  1.9557777e-01  7.8989197e-01 
   225 :  3.5603982e-01  1.0680179e-01 
   226 :  2.8254508e-01  1.5086167e-01 
   227 :  3.1988684e-01  2.2666898e-01 
   228 :  5.7134036e-01  1.2687490e-01 
   229 :  6.0709916e-01  6.3302598e-02 
   230 :  2.8695663e-01  7.7136118e-01 
   231 :  4.4265498e-01  8.3335157e-01 
   232 :  1.7147403e-01  5.8623757e-01 
   233 :  1.6571541e-01  4.2631805e-01 
   234 :  7.4999092e-01  1.5644124e-01 
   235 :  2.8495798e-01  3.6974563e-02 
   236 :  3.7838505e-02  8.2154258e-01 
   237 :  3.6824774e-01  9.1081832e-01 
   238 :  3.7152339e-02  8.9322978e-01 
   239 :  1.0622808e-01  3.7142388e-02 
   240 :  2.1242036e-01  6.1950906e-01 
   241 :  3.2519522e-01  9.6920274e-01 
   242 :  2.8172103e-01  1.9166215e-01 
   243 :  4.9978509e-01  1.2942473e-01 
   244 :  8.9285582e-01  1.5628006e-01 
   245 :  1.0015894e-01  1.8740027e-01 
   246 :  3.2503920e-01  7.8424656e-01 
   247 :  3.9600341e-01  9.7050609e-01 
   248 :  3.0648266e-02  2.5354277e-01 
   249 :  6.0841757e-01  8.7756526e-01 
   250 :  5.7220564e-01  7.8374197e-01 
   251 :  7.5015583e-01  8.1283159e-01 
   252 :  3.3950938e-02  1.4504230e-01 
   253 :  3.3166933e-02  1.8137348e-01 
   254 :  6.0708601e-01  1.2620877e-01 
   255 :  1.4058827e-01  7.5126911e-02 
   256 :  3.6435104e-01  9.4017632e-01 
   257 :  3.7952007e-02  7.8543878e-01 
   258 :  1.5131442e-01  8.6026198e-01 
   259 :  8.5716463e-01  7.8129511e-01 
   260 :  6.4317735e-01  7.8204007e-01 
   261 :  8.5718368e-01  9.3758121e-01 
   262 :  6.7910260e-01  8.7608712e-01 
   263 :  6.4284130e-01  3.1531414e-02 
   264 :  6.4282032e-01  1.2577739e-01 
   265 :  8.9285647e-01  3.1262408e-02 
   266 :  3.7255958e-01  8.8209984e-01 
   267 :  2.3756042e-01  7.9545760e-01 
   268 :  4.4086180e-01  8.5844574e-01 
   269 :  1.5298970e-01  7.0864655e-01 
   270 :  3.2743784e-02  4.9377809e-01 
   271 :  1.4300528e-01  6.2934691e-01 
   272 :  1.2491584e-01  2.6969994e-01 
   273 :  9.2482140e-02  4.0001503e-01 
   274 :  9.2667869e-02  2.6295495e-01 
   275 :  3.3823228e-01  8.7865187e-01 
   276 :  8.2142451e-01  9.3827164e-02 
   277 :  3.5599981e-01  1.7924236e-01 
   278 :  4.2805814e-01  1.3468342e-01 
   279 :  4.2808959e-01  1.0129367e-01 
   280 :  7.4372727e-02  8.9373184e-01 
   281 :  1.4705103e-01  9.3063126e-01 
   282 :  3.9386757e-01  2.4056011e-01 
   283 :  4.2886852e-01  2.3084659e-01 
   284 :  1.9943602e-01  4.2548827e-01 
   285 :  2.2505146e-01  4.6491291e-01 
   286 :  4.9979408e-01  9.7445877e-02 
   287 :  8.5714034e-01  9.3798744e-02 
   288 :  1.7467668e-01  1.1394566e-01 
   289 :  1.9581133e-01  7.0813873e-01 
   290 :  1.3468834e-01  5.5244924e-01 
   291 :  3.2097401e-02  2.1761836e-01 
   292 :  6.1391552e-02  2.5766436e-01 
   293 :  8.2142579e-01  1.8755956e-01 
   294 :  4.0959738e-01  8.5740671e-01 
   295 :  4.0588657e-01  8.8440846e-01 
   296 :  6.0834421e-01  8.4639787e-01 
   297 :  8.5719620e-01  9.0635658e-01 
   298 :  8.5714054e-01  1.5629892e-01 
   299 :  2.0622422e-01  1.9470857e-01 
   300 :  1.3913142e-01  1.1307593e-01 
   301 :  6.7855022e-01  1.5671944e-01 
   302 :  5.3560954e-01  6.4303163e-02 
   303 :  3.8337317e-01  8.2773791e-01 
   304 :  3.5084577e-01  8.2148184e-01 
   305 :  3.7413040e-02  7.1272099e-01 
   306 :  2.7139912e-01  8.3728974e-01 
   307 :  6.0829613e-01  9.0840846e-01 
   308 :  6.4360849e-01  9.0770295e-01 
   309 :  6.4316407e-01  9.6930678e-01 
   310 :  9.6428929e-01  7.8125715e-01 
   311 :  5.7212752e-01  9.6986185e-01 
   312 :  8.9287057e-01  7.8127764e-01 
   313 :  5.7137448e-01  1.8899578e-01 
   314 :  3.9206159e-01  1.3849160e-01 
   315 :  7.4999559e-01  3.1327216e-02 
   316 :  6.4283353e-01  1.8807830e-01 
   317 :  4.9996216e-01  2.2146877e-01 
   318 :  5.7140130e-01  2.1960269e-01 
   319 :  9.2857065e-01  9.3767228e-02 
   320 :  5.3567696e-01  2.2021873e-01 
   321 :  8.0822643e-02  3.6928888e-01 
   322 :  9.2859196e-01  8.7504087e-01 
   323 :  5.3690654e-01  7.8621171e-01 
   324 :  8.2151246e-01  9.0641850e-01 
   325 :  6.4284491e-01  2.1906867e-01 
   326 :  6.0712438e-01  2.1926534e-01 
   327 :  2.8073477e-01  2.9690657e-01 
   328 :  3.5906895e-01  2.5387087e-01 
   329 :  9.2857106e-01  3.1257144e-02 
   330 :  3.2323471e-01  2.7145666e-01 
   331 :  8.2151927e-01  8.7518399e-01 
   332 :  7.1441721e-01  7.8154183e-01 
   333 :  9.2859045e-01  9.0628745e-01 
   334 :  9.7049530e-02  2.2540493e-01 
   335 :  7.8571144e-01  3.1299678e-02 
   336 :  6.8009567e-02  1.4727171e-01 
   337 :  7.1428041e-01  2.1887618e-01 
   338 :  9.6428539e-01  9.3757866e-02 
   339 :  6.7856338e-01  2.1894972e-01 
   340 :  3.5889306e-02  6.3973007e-01 
   341 :  7.3550020e-02  6.7380272e-01 
   342 :  3.6732974e-02  6.7622401e-01 
   343 :  4.1294807e-01  7.5932209e-01 
   344 :  3.3668337e-01  7.5667983e-01 
   345 :  3.8254640e-01  7.4746752e-01 
   346 :  7.5020363e-01  8.4417490e-01 
   347 :  7.8576825e-01  7.8136438e-01 
   348 :  7.1460066e-01  9.0687864e-01 
   349 :  3.5587540e-01  1.4282064e-01 
   350 :  1.0398243e-01  1.1179818e-01 
   351 :  7.1427000e-01  1.2532053e-01 
   352 :  5.3563410e-01  1.8996661e-01 
   353 :  7.5020323e-01  9.0665796e-01 
   354 :  8.5720054e-01  8.7511596e-01 
   355 :  6.4362691e-01  8.4541901e-01 
   356 :  2.9949822e-01  7.3895723e-01 
   357 :  1.7619459e-01  7.5591310e-02 
   358 :  7.1427552e-01  1.8773155e-01 
   359 :  6.7854744e-01  1.2549937e-01 
   360 :  7.5008421e-01  7.8143202e-01 
   361 :  6.4368058e-01  8.7667761e-01 
   362 :  6.0801098e-01  9.3904177e-01 
   363 :  6.0760878e-01  9.6955125e-01 
   364 :  1.1642853e-01  3.0878110e-01 
   365 :  1.7113101e-01  3.7837661e-01 
   366 :  4.9941796e-02  3.5228596e-01 
   367 :  6.9484974e-02  3.5055819e-01 
   368 :  6.0764254e-01  7.8261375e-01 
   369 :  9.2858590e-01  8.1252910e-01 
   370 :  6.7877645e-01  7.8172468e-01 
   371 :  5.7273881e-01  9.3967127e-01 
   372 :  5.3876067e-01  8.8060551e-01 
   373 :  8.2146315e-01  7.8132196e-01 
   374 :  8.2149258e-01  8.1263227e-01 
   375 :  5.3674389e-01  9.7021667e-01 
   376 :  6.7895078e-01  8.1334617e-01 
   377 :  8.5719596e-01  8.4385784e-01 
   378 :  7.1452629e-01  9.3797015e-01 
   379 :  5.3558158e-01  9.6235995e-02 
   380 :  7.1427896e-01  3.1369479e-02 
   381 :  2.4906183e-01  3.7453218e-02 
   382 :  7.8570792e-01  9.3870861e-02 
   383 :  5.7135208e-01  1.5808824e-01 
   384 :  1.7744321e-01  3.7688262e-02 
   385 :  4.6400156e-01  1.6362412e-01 
   386 :  6.4325489e-02  2.2126270e-01 
   387 :  2.1321085e-01  3.7689086e-02 
   388 :  4.6412042e-01  1.9474672e-01 
   389 :  7.4998974e-01  1.2520551e-01 
   390 :  8.5714113e-01  1.8753747e-01 
   391 :  6.7854834e-01  9.4203870e-02 
   392 :  1.8974013e-01  8.6252883e-01 
   393 :  1.9736065e-01  7.5065029e-01 
   394 :  3.9916938e-01  9.4126207e-01 
   395 :  2.2422718e-01  8.9966579e-01 
   396 :  4.6396896e-01  9.9117537e-02 
   397 :  8.2142676e-01  3.1281788e-02 
   398 :  5.0147241e-01  9.7055541e-01 
   399 :  4.6821310e-01  9.4169155e-01 
   400 :  4.3117420e-01  9.7078304e-01 
   401 :  4.6630099e-01  9.7077948e-01 
   402 :  6.7905867e-01  9.0721113e-01 
   403 :  9.2858606e-01  9.3752840e-01 
   404 :  8.2151226e-01  8.4392153e-01 
   405 :  9.6429512e-01  8.7501860e-01 
   406 :  7.5945136e-02  7.4844177e-01 
   407 :  3.6069882e-01  9.6995890e-01 
   408 :  1.1476028e-01  7.4809974e-01 
   409 :  7.1427365e-01  6.2722116e-02 
   410 :  3.9220008e-01  1.7292417e-01 
   411 :  9.2857068e-01  1.2501863e-01 
   412 :  5.0172367e-01  7.9237009e-01 
   413 :  8.2149277e-01  9.3762819e-01 
   414 :  8.9288996e-01  8.4381616e-01 
   415 :  3.5634954e-01  7.1056000e-02 
   416 :  1.6556600e-01  2.3444763e-01 
   417 :  5.7139075e-01  3.1889879e-02 
   418 :  2.0880968e-01  1.5368591e-01 
   419 :  2.1063133e-01  1.1418048e-01 
   420 :  8.9285615e-01  1.8752301e-01 
   421 :  4.1845468e-01  8.0846518e-01 
   422 :  2.2069202e-01  9.3320345e-01 
   423 :  3.9231415e-01  6.9286243e-02 
   424 :  3.5673143e-01  2.1622995e-01 
   425 :  3.3449345e-02  5.3032347e-01 
   426 :  3.4183763e-02  5.6680994e-01 
   427 :  6.6684751e-02  5.2475800e-01 
   428 :  1.3047567e-01  4.3093761e-01 
   429 :  2.5769297e-01  3.4820023e-01 
   430 :  2.4176914e-01  3.8821197e-01 
   431 :  9.6428553e-01  1.8750598e-01 
   432 :  8.2142536e-01  6.2558884e-02 
   433 :  7.4999650e-01  2.1883006e-01 
   434 :  6.4282471e-01  1.5698731e-01 
   435 :  1.0236997e-01  1.4947449e-01 
   436 :  1.8676355e-01  8.9736651e-01 
   437 :  6.9806509e-02  5.9924241e-01 
   438 :  3.5007940e-02  6.0326465e-01 
   439 :  4.6428530e-01  2.2458566e-01 
   440 :  2.4409308e-01  6.1201767e-01 
   441 :  1.9473830e-01  5.0541087e-01 
   442 :  2.2613263e-01  5.3941579e-01 
   443 :  2.2348396e-01  5.0243637e-01 
   444 :  8.2142434e-01  1.2508381e-01 
   445 :  5.7134326e-01  9.5395737e-02 
   446 :  2.6044599e-01  6.4812903e-01 
   447 :  1.6372108e-01  4.6913850e-01 
   448 :  3.1856885e-02  4.5725073e-01 
   449 :  3.0329015e-02  4.2116753e-01 
   450 :  2.7903772e-02  3.8682254e-01 
   451 :  2.6822436e-02  3.2237955e-01 
   452 :  4.6009551e-01  7.8205659e-01 
   453 :  4.2496545e-01  7.8735307e-01 
   454 :  4.3963534e-01  7.6960865e-01 
   455 :  3.9061694e-01  8.0279075e-01 
   456 :  7.5867120e-02  8.2186027e-01 
   457 :  2.5352261e-01  9.6742985e-01 
   458 :  3.7550849e-02  8.5746372e-01 
   459 :  1.3064783e-01  2.2997798e-01 
   460 :  3.1926889e-01  1.8589711e-01 
   461 :  7.8570840e-01  1.5637205e-01 
   462 :  1.1494044e-01  7.8575295e-01 
   463 :  7.6165207e-02  7.8536160e-01 
   464 :  3.5057978e-01  7.3203522e-01 
   465 :  2.2812646e-01  8.6579389e-01 
   466 :  2.8337666e-01  1.1201502e-01 
   467 :  8.9285598e-01  6.2522945e-02 
   468 :  3.1938820e-01  1.4718252e-01 
   469 :  1.4178147e-01  3.7488605e-02 
   470 :  1.0741923e-01  6.3305133e-01 
   471 :  1.3831531e-01  5.9077972e-01 
   472 :  1.0168756e-01  5.5721950e-01 
   473 :  1.0430815e-01  5.9508673e-01 
   474 :  1.1427779e-01  8.2262509e-01 
   475 :  1.4920196e-01  8.9566592e-01 
   476 :  3.7750242e-01  8.5429503e-01 
   477 :  3.4992233e-02  7.2449557e-02 
   478 :  9.6428542e-01  1.2500848e-01 
   479 :  4.9981652e-01  1.6090264e-01 
   480 :  9.6461100e-02  4.4083821e-01 
   481 :  7.8480494e-02  3.2986722e-01 
   482 :  8.6641532e-02  2.9876082e-01 
   483 :  8.5714025e-01  1.2505290e-01 
   484 :  2.4366345e-01  1.9452484e-01 
   485 :  1.1335174e-01  7.0978166e-01 
   486 :  1.1064974e-01  6.7129669e-01 
   487 :  3.9269006e-01  2.0705176e-01 
   488 :  3.9256951e-01  3.4641109e-02 
   489 :  7.4999332e-01  1.8764732e-01 
   490 :  5.2990274e-02  3.2447354e-01 
   491 :  1.4838158e-01  3.2119251e-01 
   492 :  9.6429454e-01  9.0626702e-01 
   493 :  8.9289004e-01  9.0631551e-01 
   494 :  6.4345029e-01  8.1387532e-01 
   495 :  5.7331089e-01  8.4794412e-01 
   496 :  7.1462782e-01  8.7570092e-01 
   497 :  7.3418286e-02  9.2927059e-01 
   498 :  1.5323376e-01  8.2415961e-01 
   499 :  3.0859202e-01  8.4371319e-01 
   500 :  7.1427060e-01  9.4042830e-02 
   501 :  6.6461342e-02  1.8431672e-01 
   502 :  5.0481053e-01  8.5352033e-01 
   503 :  5.3869032e-01  8.5029862e-01 
   504 :  9.6429434e-01  8.4376730e-01 
   505 :  3.4536654e-02  1.0872417e-01 
   506 :  3.1978718e-01  1.0963487e-01 
   507 :  2.3252099e-01  8.3126694e-01 
   508 :  1.7820653e-01  6.2505434e-01 
   509 :  4.3622613e-01  9.1317870e-01 
   510 :  2.8946571e-01  9.6832693e-01 
   511 :  1.6983181e-01  1.9310159e-01 
   512 :  2.9341260e-01  9.3682435e-01 
   513 :  1.8119066e-01  9.6590219e-01 
   514 :  7.2423365e-02  9.6466548e-01 
   515 :  9.2857925e-01  7.8126577e-01 
   516 :  5.0394966e-01  9.1186295e-01 
   517 :  8.9288232e-01  9.3754978e-01 
   518 :  6.0710696e-01  1.8842410e-01 
   519 :  7.8570921e-01  6.2592143e-02 
   520 :  1.1171752e-01  8.9449714e-01 
   521 :  3.5941002e-01  7.9473808e-01 
   522 :  5.7518139e-02  2.9259084e-01 
   523 :  6.5391727e-02  4.8725349e-01 
   524 :  4.7188593e-01  8.3015208e-01 
   525 :  4.7138241e-01  8.8453484e-01 
   526 :  4.7222511e-01  8.5685497e-01 
   527 :  9.6428546e-01  6.2506033e-02 
   528 :  4.2837436e-01  3.3849700e-02 
   529 :  6.0711840e-01  3.1676843e-02 
   530 :  8.9285567e-01  9.3779997e-02 
   531 :  4.6995264e-01  9.1288616e-01 
   532 :  5.3565611e-01  3.2194135e-02 
   533 :  8.5714087e-01  6.2537229e-02 
   534 :  1.3453112e-01  1.9046201e-01 
   535 :  4.4351571e-01  8.1116329e-01 
   536 :  3.3339227e-01  9.0840501e-01 
   537 :  4.2820507e-01  6.7641852e-02 
   538 :  7.8581439e-01  9.3769946e-01 
   539 :  7.8584501e-01  9.0651313e-01 
   540 :  7.5015556e-01  9.3780753e-01 
   541 :  6.7894244e-01  9.3821118e-01 
   542 :  5.3766224e-01  9.4041502e-01 
   543 :  6.7877191e-01  9.6912714e-01 
   544 :  2.6593196e-01  8.6995592e-01 
   545 :  1.0866511e-01  9.6495364e-01 
   546 :  6.4342671e-01  9.3855907e-01 
   547 :  3.5370519e-02  3.6214845e-02 
   548 :  6.9154591e-02  1.1030321e-01 
   549 :  2.8418198e-01  7.4211166e-02 
   550 :  8.9289275e-01  8.7507127e-01 
   551 :  1.6676182e-01  5.4787280e-01 
   552 :  2.4968799e-01  7.1022468e-01 
   553 :  3.6998298e-01  7.6985886e-01 
   554 :  1.3227409e-01  5.1378011e-01 
   555 :  2.5916947e-02  3.5452113e-01 
   556 :  9.9676580e-02  5.1914597e-01 
   557 :  2.4553188e-01  1.5307089e-01 
   558 :  7.4999013e-01  9.3938415e-02 
   559 :  3.9212743e-01  1.0391693e-01 
   560 :  8.5714173e-01  3.1270118e-02 
   561 :  1.1312347e-01  8.5881795e-01 
   562 :  2.5723954e-01  9.3494541e-01 
   563 :  7.8570765e-01  1.2513151e-01 
   564 :  6.0709311e-01  1.5741176e-01 
   565 :  1.9542796e-01  2.8367797e-01 
   566 :  1.5889815e-01  2.7710827e-01 
   567 :  1.9276850e-01  8.2688945e-01 
   568 :  3.2912150e-01  9.3863734e-01 
   569 :  2.3499028e-01  2.8968915e-01 
   570 :  6.4282888e-01  6.3026449e-02 
   571 :  1.6415505e-01  5.0914899e-01 
   572 :  3.1788407e-01  7.1175661e-01 
   573 :  6.7855591e-01  1.8786497e-01 
   574 :  2.4692098e-01  1.1357114e-01 
   575 :  5.7136086e-01  6.3711481e-02 
   576 :  9.2857077e-01  1.5626722e-01 
   577 :  2.7815038e-01  8.0440097e-01 
   578 :  2.6130792e-01  9.0247862e-01 
   579 :  4.1368907e-01  8.3191719e-01 
   580 :  3.1585730e-01  8.1351657e-01 
   581 :  8.9285565e-01  1.2503253e-01 
   582 :  2.3293591e-01  5.7589271e-01 
   583 :  4.6898515e-01  8.0490530e-01 
   584 :  2.1740985e-01  9.6660090e-01 
   585 :  9.6428546e-01  1.5625782e-01 
   586 :  1.0243798e-01  3.4590109e-01 
   587 :  5.4910933e-02  3.7989522e-01 
   588 :  5.7318783e-01  9.0937012e-01 
   589 :  4.2814706e-01  1.6762186e-01 
   590 :  1.4492784e-01  9.6535635e-01 
   591 :  8.5718330e-01  8.1258306e-01 
   592 :  2.4805963e-01  7.5197384e-02 
   593 :  4.0243793e-01  9.1247518e-01 
   594 :  1.3098588e-01  4.7392330e-01 
   595 :  1.5489012e-01  7.4853164e-01 
   596 :  5.3559625e-01  1.5917108e-01 
   597 :  1.1020450e-01  9.2982760e-01 
   598 :  2.3104039e-01  4.2684427e-01 
   599 :  4.2839843e-01  1.9981818e-01 
   600 :  6.4282165e-01  9.4451125e-02 
   601 :  4.6404137e-01  6.6241024e-02 
   602 :  3.0269711e-01  8.7444274e-01 
   603 :  7.1460284e-01  8.4441875e-01 
   604 :  7.1427181e-01  1.5654949e-01 
   605 :  7.1441596e-01  9.6900099e-01 
   606 :  7.5008430e-01  9.6891500e-01 
   607 :  7.8576855e-01  9.6885736e-01 
   608 :  8.2146334e-01  9.6881916e-01 
   609 :  8.5716494e-01  9.6879381e-01 
   610 :  8.9287077e-01  9.6877676e-01 
   611 :  9.2857940e-01  9.6876526e-01 
   612 :  9.6428950e-01  9.6875702e-01 
   613 :  7.8571202e-01  2.1880091e-01 
   614 :  8.2142713e-01  2.1878232e-01 
   615 :  8.5714196e-01  2.1877030e-01 
   616 :  8.9285663e-01  2.1876244e-01 
   617 :  9.2857119e-01  2.1875713e-01 
   618 :  9.6428564e-01  2.1875323e-01 
   619 :  3.6692390e-02  9.2887945e-01 
   620 :  3.6205030e-02  9.6445552e-01 
Number of edges 150 
     0 :      0      8 
     1 :      8     22 
     2 :     22     21 
     3 :     21     23 
     4 :     23     20 
     5 :     20     24 
     6 :     24     19 
     7 :     19     25 
     8 :     25     18 
     9 :     18     26 
    10 :     26     17 
    11 :     17     27 
    12 :     27     16 
    13 :     16     28 
    14 :     28     15 
    15 :     15     29 
    16 :     29     14 
    17 :     14     30 
    18 :     30     13 
    19 :     13     31 
    20 :     31     12 
    21 :     12     32 
    22 :     32     11 
    23 :     11     33 
    24 :     33     10 
    25 :     10     34 
    26 :     34      9 
    27 :      9      1 
    28 :      2     35 
    29 :     35     49 
    30 :     49     48 
    31 :     48     50 
    32 :     50     47 
    33 :     47     51 
    34 :     51     46 
    35 :     46     52 
    36 :     52     45 
    37 :     45     53 
    38 :     53     44 
    39 :     44     54 
    40 :     54     43 
    41 :     43     55 
    42 :     55     42 
    43 :     42     56 
    44 :     56     41 
    45 :     41     57 
    46 :     57     40 
    47 :     40     58 
    48 :     58     39 
    49 :     39     59 
    50 :     59     38 
    51 :     38     60 
    52 :     60     37 
    53 :     37     61 
    54 :     61     36 
    55 :     36      0 
    56 :      3     62 
    57 :     62     66 
    58 :     66     63 
    59 :     63     67 
    60 :     67     64 
    61 :     64     68 
    62 :     68     65 
    63 :     65      2 
    64 :      3     69 
    65 :     69     76 
    66 :     76     70 
    67 :     70     77 
    68 :     77     71 
    69 :     71     78 
    70 :     78     72 
    71 :     72     79 
    72 :     79     73 
    73 :     73     80 
    74 :     80     74 
    75 :     74     81 
    76 :     81     75 
    77 :     75      4 
    78 :      4     82 
    79 :     82     93 
    80 :     93     92 
    81 :     92     94 
    82 :     94     91 
    83 :     91     95 
    84 :     95     90 
    85 :     90     96 
    86 :     96     89 
    87 :     89     97 
    88 :     97     88 
    89 :     88     98 
    90 :     98     87 
    91 :     87     99 
    92 :     99     86 
    93 :     86    100 
    94 :    100     85 
    95 :     85    101 
    96 :    101     84 
    97 :     84    102 
    98 :    102     83 
    99 :     83      5 
   100 :      5    103 
   101 :    103    110 
   102 :    110    104 
   103 :    104    111 
   104 :    111    105 
   105 :    105    112 
   106 :    112    106 
   107 :    106    113 
   108 :    113    107 
   109 :    107    114 
   110 :    114    108 
   111 :    108    115 
   112 :    115    109 
   113 :    109      6 
   114 :      7    116 
   115 :    116    120 
   116 :    120    117 
   117 :    117    121 
   118 :    121    118 
   119 :    118    122 
   120 :    122    119 
   121 :    119      6 
   122 :      1    123 
   123 :    123    137 
   124 :    137    136 
   125 :    136    138 
   126 :    138    135 
   127 :    135    139 
   128 :    139    134 
   129 :    134    140 
   130 :    140    133 
   131 :    133    141 
   132 :    141    132 
   133 :    132    142 
   134 :    142    131 
   135 :    131    143 
   136 :    143    130 
   137 :    130    144 
   138 :    144    129 
   139 :    129    145 
   140 :    145    128 
   141 :    128    146 
   142 :    146    127 
   143 :    127    147 
   144 :    147    126 
   145 :    126    148 
   146 :    148    125 
   147 :    125    149 
   148 :    149    124 
   149 :    124      7 
Number of quads 545 
     0 :    409    210    558    500
     1 :    315    335    519    210
     2 :    406    195    485    408
     3 :    510    512    568    241
     4 :    580    246    521    304
     5 :    458    236    456    223
     6 :    347    360     72     78
     7 :    543    309    546    541
     8 :    608    607    538    413
     9 :    588    186    372    183
    10 :    190    355    494    376
    11 :    368    250     81     74
    12 :    348    402    262    496
    13 :    297    324    331    354
    14 :    532    417    575    302
    15 :    140    133    163    235
    16 :    390    420    616    615
    17 :    181    298    390    293
    18 :    317    320    103      5
    19 :    320    318    110    103
    20 :    435    170    534    245
    21 :     98     88    443    285
    22 :    307    588    183    249
    23 :    496    262    190    603
    24 :    332    370     73     79
    25 :    414    377    591    182
    26 :    384    387    209    357
    27 :    318    326    104    110
    28 :    326    325    111    104
    29 :    359    351    604    301
    30 :     11    253    291     32
    31 :    327    330     85    100
    32 :    330    328    101     85
    33 :    235    163    222    549
    34 :     67    405    504     63
    35 :    495    503    185    187
    36 :    375    398    158    542
    37 :    370    260     80     73
    38 :    202    164    350    548
    39 :    215    532    302    211
    40 :    253    501    386    291
    41 :    349    314    410    277
    42 :    148    125    265    560
    43 :    325    339    105    111
    44 :    339    337    112    105
    45 :    199    239    164    202
    46 :    194    341    342    340
    47 :    340    342     18     26
    48 :    342    305     25     18
    49 :    341    195    305    342
    50 :    393    289    552    175
    51 :    552    174    572    356
    52 :    579    421    535    231
    53 :    331    219    197    404
    54 :    603    190    376    188
    55 :    503    502    207    185
    56 :    492    333    322    405
    57 :    319    338    478    411
    58 :    171    488    423    415
    59 :    201    352    320    317
    60 :    380    315    210    409
    61 :    363    311    371    362
    62 :    550    354    377    414
    63 :    197    346    251    189
    64 :    250    323     75     81
    65 :    552    289    216    191
    66 :    174    446     90     95
    67 :    464     94     92    345
    68 :    168    431    618    617
    69 :    124      7    116    180
    70 :    245    534    459    334
    71 :    585    118    122    431
    72 :    282    283    102     84
    73 :    282     84    101    328
    74 :    161    187    250    368
    75 :    609    608    413    261
    76 :    546    362    307    308
    77 :    309    363    362    546
    78 :    362    371    588    307
    79 :    355    296    161    494
    80 :    218    496    603    346
    81 :     64    492    405     67
    82 :    434    301    573    316
    83 :    556    427    523    155
    84 :    586    321    367    481
    85 :    428    233    447    594
    86 :    274    482    522    292
    87 :    273    166    587    321
    88 :     53     44    363    309
    89 :     62    310     69      3
    90 :    542    158    516    186
    91 :    189    251    360    347
    92 :    360    332     79     72
    93 :     65    612    159     68
    94 :    324    539    219    331
    95 :     63    504    220     66
    96 :    312    259     77     70
    97 :     45     53    309    543
    98 :    323    412      4     75
    99 :     44     54    311    363
   100 :    260    368     74     80
   101 :    404    197    189    374
   102 :    405    322    184    504
   103 :    311    375    542    371
   104 :    214    228    383    596
   105 :    592    549    466    574
   106 :    528    162    601    537
   107 :    287    530    581    483
   108 :    410    589    599    487
   109 :    557    226    242    484
   110 :    419    574    557    418
   111 :    600    391    359    264
   112 :    420    168    617    616
   113 :    209    592    574    419
   114 :    113    106    433    613
   115 :    316    573    339    325
   116 :    537    601    396    279
   117 :    382    276    444    563
   118 :    467    200    319    530
   119 :    130    144    417    532
   120 :    144    129    529    417
   121 :    131    143    215    162
   122 :    506    225    349    468
   123 :    123    137    199    547
   124 :    602    499    153    275
   125 :    584    422    562    457
   126 :    266    476    294    295
   127 :    106    112    337    433
   128 :    286    379    214    243
   129 :    129    145    263    529
   130 :    255    357    288    300
   131 :     56    400    401     42
   132 :     42    401    398     55
   133 :    401    399    158    398
   134 :    400    204    399    401
   135 :    220    369    515    310
   136 :    219    218    346    197
   137 :    493    297    354    550
   138 :    251    188    332    360
   139 :    610    609    261    517
   140 :    308    307    249    361
   141 :    262    361    355    190
   142 :    373    347     78     71
   143 :    476    303    579    294
   144 :    223    456    474    561
   145 :     22     21    238    619
   146 :    544    306    499    602
   147 :    338    117    121    478
   148 :    212    293    614    613
   149 :    244    576    168    420
   150 :    424    487    282    328
   151 :    539    353    218    219
   152 :     52     45    543    605
   153 :    607    606    540    538
   154 :    402    308    361    262
   155 :    357    209    419    288
   156 :    483    581    244    298
   157 :    242    460    227    150
   158 :    389    563    461    234
   159 :    143    130    532    215
   160 :    558    382    563    389
   161 :    358    489    433    337
   162 :    478    121    118    585
   163 :    163    171    415    222
   164 :    145    128    198    263
   165 :     58    510    241     40
   166 :     23     20    236    458
   167 :    241    568    256    407
   168 :    234    461    212    489
   169 :    391    500    351    359
   170 :    336    435    245    501
   171 :    477    202    548    505
   172 :    594    554    556    155
   173 :    172    243    479    385
   174 :    208    150    327    569
   175 :    425    426     27     16
   176 :    425    427    157    426
   177 :    167    565    569    196
   178 :    451    555     30     13
   179 :    284    177    430    598
   180 :    206    491    167    365
   181 :    423    537    279    559
   182 :    128    146    380    198
   183 :    484    242    150    208
   184 :    264    359    301    434
   185 :    252    336    501    253
   186 :    469    384    357    255
   187 :    135    139    387    384
   188 :    570    221    391    600
   189 :    574    466    226    557
   190 :    200    527    338    319
   191 :    468    349    277    460
   192 :     20     24    257    236
   193 :    595    269    289    393
   194 :    157    437    438    426
   195 :    426    438     17     27
   196 :    438    340     26     17
   197 :    437    194    340    438
   198 :    283    439     83    102
   199 :      9    547    477     34
   200 :    439    317      5     83
   201 :    519    432    276    382
   202 :    344    464    345    553
   203 :    442    443     88     97
   204 :    582     89     96    440
   205 :    598     87     98    285
   206 :    443    441    179    285
   207 :    153    304    303    476
   208 :    351    389    234    604
   209 :    300    288    203    170
   210 :    487    599    283    282
   211 :    141    132    488    171
   212 :     90    446    440     96
   213 :    174     95     91    572
   214 :    620    619    497    514
   215 :    523    270    448    165
   216 :    248    156     31     12
   217 :    248    291    386    292
   218 :    491    364    272    566
   219 :    156    451     13     31
   220 :    365    167    196    177
   221 :    545    597    281    590
   222 :    213    453    454    452
   223 :    452    454     82      4
   224 :    454    343     93     82
   225 :    453    173    343    454
   226 :    597    520    475    281
   227 :    247    394    204    400
   228 :    306    577    580    499
   229 :    281    475    436    217
   230 :    497    280    520    597
   231 :    258    498    567    392
   232 :    514    497    597    545
   233 :    475    258    392    436
   234 :    395    465    544    578
   235 :    568    536    237    256
   236 :     37    545    590     60
   237 :    176    602    275    536
   238 :    461    181    293    212
   239 :    352    313    318    320
   240 :    383    564    518    313
   241 :    518    316    325    326
   242 :     36    620    514     61
   243 :     39    457    510     58
   244 :    553    345    343    173
   245 :    289    269    178    216
   246 :    314    278    589    410
   247 :    445    169    254    228
   248 :    263    198    221    570
   249 :    350    300    170    435
   250 :    194    437    473    470
   251 :    178    486    470    271
   252 :    437    157    472    473
   253 :    567    224    267    507
   254 :    436    392    465    395
   255 :    257    154    406    463
   256 :    230    356    344    246
   257 :    298    244    420    390
   258 :    126    148    560    397
   259 :    125    149    329    265
   260 :    587    450    555    366
   261 :    274    334    459    272
   262 :    450     14     30    555
   263 :    489    212    613    433
   264 :    329    180    527    200
   265 :    301    604    358    573
   266 :    466    506    468    226
   267 :    195    341    486    485
   268 :    271    470    473    471
   269 :    217    436    395    422
   270 :    341    194    470    486
   271 :    302    575    445    379
   272 :    527    120    117    338
   273 :    142    131    162    528
   274 :    229    570    600    169
   275 :    481    367    366    490
   276 :    196    569    327    429
   277 :    522    490    451    156
   278 :    261    413    324    297
   279 :    296    495    187    161
   280 :     66    220    310     62
   281 :    361    249    296    355
   282 :    377    404    374    591
   283 :     43     55    398    375
   284 :    369    182    312    515
   285 :    333    493    550    322
   286 :    139    134    381    387
   287 :    563    444    181    461
   288 :    222    415    225    506
   289 :    228    254    564    383
   290 :    256    237    593    394
   291 :     19     25    305    154
   292 :    237    266    295    593
   293 :    364    482    274    272
   294 :    169    600    264    254
   295 :    353    348    496    218
   296 :    605    543    541    378
   297 :    541    546    308    402
   298 :    259    373     71     77
   299 :    335    397    432    519
   300 :    573    358    337    339
   301 :    133    141    171    163
   302 :    582    442     97     89
   303 :    471    473    472    290
   304 :    192    441    443    442
   305 :    474    462    152    498
   306 :    499    580    304    153
   307 :    578    544    602    176
   308 :    238    458    223    280
   309 :    203    418    299    511
   310 :    233    284    179    447
   311 :     40    241    407     57
   312 :     61    514    545     37
   313 :    394    593    509    204
   314 :    520    561    258    475
   315 :    184    414    182    369
   316 :    354    331    404    377
   317 :    540    378    348    353
   318 :    612    611    403    159
   319 :    162    215    211    601
   320 :    170    203    511    534
   321 :    225    559    314    349
   322 :    210    519    382    558
   323 :    577    230    246    580
   324 :     21     23    458    238
   325 :    421    453    213    535
   326 :    482    481    490    522
   327 :    425     16     28    270
   328 :    206    586    364    491
   329 :    321    587    366    367
   330 :    160    525    526    502
   331 :    502    526    524    207
   332 :    526    268    231    524
   333 :    525    205    268    526
   334 :    151    208    569    565
   335 :    132    142    528    488
   336 :    534    511    416    459
   337 :    240    193    582    440
   338 :    191    240    440    446
   339 :     60    590    513     38
   340 :    500    558    389    351
   341 :    599    388    439    283
   342 :    388    201    317    439
   343 :    254    264    434    564
   344 :    158    399    531    516
   345 :    516    531    525    160
   346 :    531    509    205    525
   347 :    399    204    509    531
   348 :    138    135    384    469
   349 :    432    533    287    276
   350 :    381    235    549    592
   351 :    619    238    280    497
   352 :    498    152    224    567
   353 :     57    407    247     41
   354 :    562    578    176    512
   355 :    505    548    336    252
   356 :    515    312     70     76
   357 :    403    517    493    333
   358 :    185    207    412    323
   359 :    249    183    495    296
   360 :    372    160    502    503
   361 :    371    542    186    588
   362 :    310    515     76     69
   363 :    413    538    539    324
   364 :    346    603    188    251
   365 :    408    485    269    595
   366 :    536    275    266    237
   367 :    465    507    306    544
   368 :    188    376    370    332
   369 :    159    403    333    492
   370 :    504    184    369    220
   371 :    187    185    323    250
   372 :    397    560    533    432
   373 :    560    265    467    533
   374 :    591    374    373    259
   375 :    322    550    414    184
   376 :    606    605    378    540
   377 :    186    516    160    372
   378 :    551    290    554    571
   379 :    178    269    485    486
   380 :    508    271    471    232
   381 :    572     91     94    464
   382 :    216    508    240    191
   383 :    206    365    233    428
   384 :    427    556    472    157
   385 :    295    294    268    205
   386 :    490    366    555    451
   387 :    299    484    208    151
   388 :     10    505    252     33
   389 :    501    245    334    386
   390 :    575    229    169    445
   391 :    239    469    255    164
   392 :    586    481    482    364
   393 :    462    408    595    152
   394 :     38    513    584     59
   395 :    392    567    507    465
   396 :    455    173    453    421
   397 :    292    386    334    274
   398 :    150    227    330    327
   399 :    221    409    500    391
   400 :    511    299    151    416
   401 :    415    423    559    225
   402 :    429    327    100     86
   403 :    165    448    449    166
   404 :    488    528    537    423
   405 :    154    305    195    406
   406 :    463    406    408    462
   407 :    196    429    430    177
   408 :    598    430     99     87
   409 :    137    136    239    199
   410 :    277    410    487    424
   411 :    279    396    172    278
   412 :    547    199    202    477
   413 :    418    557    484    299
   414 :    449     29     14    450
   415 :    594    447    571    554
   416 :     12     32    291    248
   417 :    427    425    270    523
   418 :    460    277    424    227
   419 :    232    551    192    193
   420 :    292    522    156    248
   421 :    232    471    290    551
   422 :    356    572    464    344
   423 :    275    153    476    266
   424 :    456    463    462    474
   425 :    552    191    446    174
   426 :    576    585    431    168
   427 :    226    468    460    242
   428 :    581    411    576    244
   429 :    243    214    596    479
   430 :    278    172    385    589
   431 :    444    483    298    181
   432 :     33    252    253     11
   433 :    596    383    313    352
   434 :    164    255    300    350
   435 :    530    319    411    581
   436 :    590    281    217    513
   437 :    345     92     93    343
   438 :    216    178    271    508
   439 :    211    302    379    286
   440 :    529    263    570    229
   441 :    549    222    506    466
   442 :    507    267    577    306
   443 :    236    257    463    456
   444 :    561    474    498    258
   445 :    146    127    315    380
   446 :    533    467    530    287
   447 :    149    124    180    329
   448 :    431    122    119    618
   449 :    385    479    201    388
   450 :    508    232    193    240
   451 :    290    472    556    554
   452 :    213    452    583    535
   453 :    535    583    524    231
   454 :    583    412    207    524
   455 :    452      4    412    583
   456 :    304    521    455    303
   457 :    224    393    175    267
   458 :    593    295    205    509
   459 :    246    344    553    521
   460 :     24     19    154    257
   461 :    407    256    394    247
   462 :    559    279    278    314
   463 :    136    138    469    239
   464 :    448     15     29    449
   465 :    491    566    565    167
   466 :    206    273    321    586
   467 :    206    428    480    273
   468 :    480    165    166    273
   469 :    155    523    165    480
   470 :    374    189    347    373
   471 :    182    591    259    312
   472 :    494    161    368    260
   473 :    417    529    229    575
   474 :     34    477    505     10
   475 :    604    234    489    358
   476 :    379    445    228    214
   477 :     59    584    457     39
   478 :    512    176    536    568
   479 :    175    552    356    230
   480 :    376    494    260    370
   481 :     54     43    375    311
   482 :     68    159    492     64
   483 :    183    372    503    495
   484 :    517    261    297    493
   485 :    459    416    566    272
   486 :    564    434    316    518
   487 :    134    140    235    381
   488 :    513    217    422    584
   489 :    294    579    231    268
   490 :     41    247    400     56
   491 :    193    192    442    582
   492 :    447    179    441    571
   493 :    166    449    450    587
   494 :    416    151    565    566
   495 :    270     28     15    448
   496 :    303    455    421    579
   497 :    422    395    578    562
   498 :    127    147    335    315
   499 :    396    286    243    172
   500 :    180    116    120    527
   501 :    276    287    483    444
   502 :    521    553    173    455
   503 :    457    562    512    510
   504 :    152    595    393    224
   505 :    293    390    615    614
   506 :    387    381    592    209
   507 :    429     86     99    430
   508 :    428    594    155    480
   509 :    285    179    284    598
   510 :    265    329    200    467
   511 :    198    380    409    221
   512 :    147    126    397    335
   513 :    551    571    441    192
   514 :    280    223    561    520
   515 :    313    518    326    318
   516 :    601    211    286    396
   517 :    288    419    418    203
   518 :    365    177    284    233
   519 :    548    350    435    336
   520 :    227    424    328    330
   521 :      1    123    547      9
   522 :    267    175    230    577
   523 :    538    540    353    539
   524 :    611    610    517    403
   525 :    378    541    402    348
   526 :    589    385    388    599
   527 :    411    478    585    576
   528 :    479    596    352    201
   529 :     46     52    605    606
   530 :     51     46    606    607
   531 :     47     51    607    608
   532 :     50     47    608    609
   533 :     48     50    609    610
   534 :     49     48    610    611
   535 :     35     49    611    612
   536 :      2     35    612     65
   537 :    107    113    613    614
   538 :    114    107    614    615
   539 :    108    114    615    616
   540 :    115    108    616    617
   541 :    109    115    617    618
   542 :      6    109    618    119
   543 :      8     22    619    620
   544 :      0      8    620     36
Number of domains 8
  Domain :      0 
  Name : Symmetry
  Number of elements :     28
     0     1     2     3     4     5     6     7     8     9
    10    11    12    13    14    15    16    17    18    19
    20    21    22    23    24    25    26    27
  Domain :      1 
  Name : Entity 1 
  Number of elements :     28
    28    29    30    31    32    33    34    35    36    37
    38    39    40    41    42    43    44    45    46    47
    48    49    50    51    52    53    54    55
  Domain :      2 
  Name : Entity 2 
  Number of elements :      8
    56    57    58    59    60    61    62    63
  Domain :      3 
  Name : Entity 3 
  Number of elements :     14
    64    65    66    67    68    69    70    71    72    73
    74    75    76    77
  Domain :      4 
  Name : Entity 4 
  Number of elements :     22
    78    79    80    81    82    83    84    85    86    87
    88    89    90    91    92    93    94    95    96    97
    98    99
  Domain :      5 
  Name : Entity 5 
  Number of elements :     14
   100   101   102   103   104   105   106   107   108   109
   110   111   112   113
  Domain :      6 
  Name : Entity 6 
  Number of elements :      8
   114   115   116   117   118   119   120   121
  Domain :      7 
  Name : Bottom
  Number of elements :     28
   122   123   124   125   126   127   128   129   130   131
   132   133   134   135   136   137   138   139   140   141
   142   143   144   145   146   147   148   149
