Number of nodes 180 
     0 : -5.0000000e-01 -1.0000000e+00 
     1 :  0.0000000e+00 -1.0000000e+00 
     2 :  0.0000000e+00  0.0000000e+00 
     3 : -5.0000000e-01  0.0000000e+00 
     4 :  0.0000000e+00 -1.0000000e+00 
     5 :  3.7500000e-01  5.0000000e-01 
     6 : -4.0000000e-01 -1.0000000e+00 
     7 : -3.0000000e-01 -1.0000000e+00 
     8 : -2.0000000e-01 -1.0000000e+00 
     9 : -1.0000000e-01 -1.0000000e+00 
    10 :  0.0000000e+00 -9.0000000e-01 
    11 :  0.0000000e+00 -8.0000000e-01 
    12 :  0.0000000e+00 -7.0000000e-01 
    13 :  0.0000000e+00 -6.0000000e-01 
    14 :  0.0000000e+00 -5.0000000e-01 
    15 :  0.0000000e+00 -4.0000000e-01 
    16 :  0.0000000e+00 -3.0000000e-01 
    17 :  0.0000000e+00 -2.0000000e-01 
    18 :  0.0000000e+00 -1.0000000e-01 
    19 : -1.0000000e-01  0.0000000e+00 
    20 : -2.0000000e-01  0.0000000e+00 
    21 : -3.0000000e-01  0.0000000e+00 
    22 : -4.0000000e-01  0.0000000e+00 
    23 : -5.0000000e-01 -1.0000000e-01 
    24 : -5.0000000e-01 -2.0000000e-01 
    25 : -5.0000000e-01 -3.0000000e-01 
    26 : -5.0000000e-01 -4.0000000e-01 
    27 : -5.0000000e-01 -5.0000000e-01 
    28 : -5.0000000e-01 -6.0000000e-01 
    29 : -5.0000000e-01 -7.0000000e-01 
    30 : -5.0000000e-01 -8.0000000e-01 
    31 : -5.0000000e-01 -9.0000000e-01 
    32 : -9.6073598e-03 -9.0245484e-01 
    33 : -3.8060234e-02 -8.0865828e-01 
    34 : -8.4265194e-02 -7.2221488e-01 
    35 : -1.4644661e-01 -6.4644661e-01 
    36 : -2.2221488e-01 -5.8426519e-01 
    37 : -3.0865828e-01 -5.3806023e-01 
    38 : -4.0245484e-01 -5.0960736e-01 
    39 : -5.0000000e-01 -5.0000000e-01 
    40 : -5.9754516e-01 -5.0960736e-01 
    41 : -6.9134172e-01 -5.3806023e-01 
    42 : -7.7778512e-01 -5.8426519e-01 
    43 : -8.5355339e-01 -6.4644661e-01 
    44 : -9.1573481e-01 -7.2221488e-01 
    45 : -9.6193977e-01 -8.0865828e-01 
    46 : -9.9039264e-01 -9.0245484e-01 
    47 : -1.0000000e+00 -1.0000000e+00 
    48 : -9.9039264e-01 -1.0975452e+00 
    49 : -9.6193977e-01 -1.1913417e+00 
    50 : -9.1573481e-01 -1.2777851e+00 
    51 : -8.5355339e-01 -1.3535534e+00 
    52 : -7.7778512e-01 -1.4157348e+00 
    53 : -6.9134172e-01 -1.4619398e+00 
    54 : -5.9754516e-01 -1.4903926e+00 
    55 : -5.0000000e-01 -1.5000000e+00 
    56 : -4.0245484e-01 -1.4903926e+00 
    57 : -3.0865828e-01 -1.4619398e+00 
    58 : -2.2221488e-01 -1.4157348e+00 
    59 : -1.4644661e-01 -1.3535534e+00 
    60 : -8.4265194e-02 -1.2777851e+00 
    61 : -3.8060234e-02 -1.1913417e+00 
    62 : -9.6073598e-03 -1.0975452e+00 
    63 :  3.3838835e-01  5.8838835e-01 
    64 :  2.5000000e-01  6.2500000e-01 
    65 :  1.6161165e-01  5.8838835e-01 
    66 :  1.2500000e-01  5.0000000e-01 
    67 :  1.6161165e-01  4.1161165e-01 
    68 :  2.5000000e-01  3.7500000e-01 
    69 :  3.3838835e-01  4.1161165e-01 
    70 : -9.9512033e-02 -6.9951203e-01 
    71 : -9.7781757e-02 -4.9778176e-01 
    72 : -3.9943353e-01 -2.9943353e-01 
    73 : -9.8703239e-02 -2.9870324e-01 
    74 : -3.9920367e-01 -4.9920367e-01 
    75 : -3.9975974e-01 -6.9975974e-01 
    76 : -9.9987437e-02 -8.9998744e-01 
    77 : -1.9983710e-01 -9.9837096e-02 
    78 : -2.9998470e-01 -8.9998470e-01 
    79 : -3.9994355e-01 -9.9943552e-02 
    80 : -3.9999000e-01 -8.9999000e-01 
    81 : -9.9509637e-02 -1.9950964e-01 
    82 : -9.9859748e-02 -9.9859748e-02 
    83 : -9.9877675e-02 -7.9987768e-01 
    84 : -9.7981089e-02 -3.9798109e-01 
    85 : -3.9974469e-01 -1.9974469e-01 
    86 : -3.9943167e-01 -5.9943167e-01 
    87 : -1.9997407e-01 -8.9997407e-01 
    88 : -2.9984687e-01 -9.9846866e-02 
    89 : -9.8728341e-02 -5.9872834e-01 
    90 : -3.9908815e-01 -3.9908815e-01 
    91 : -3.9992064e-01 -7.9992064e-01 
    92 : -1.9826071e-01 -2.9826071e-01 
    93 : -1.9931224e-01 -1.9931224e-01 
    94 : -2.9865620e-01 -5.9865620e-01 
    95 : -2.9786173e-01 -3.9786173e-01 
    96 : -2.9984822e-01 -7.9984822e-01 
    97 : -1.9980858e-01 -7.9980858e-01 
    98 : -1.9930641e-01 -6.9930641e-01 
    99 : -1.9731079e-01 -4.9731079e-01 
   100 : -2.9942844e-01 -1.9942844e-01 
   101 : -1.9760857e-01 -3.9760857e-01 
   102 : -2.9826517e-01 -4.9826517e-01 
   103 : -1.9849175e-01 -5.9849175e-01 
   104 : -2.9877881e-01 -2.9877881e-01 
   105 : -2.9942581e-01 -6.9942581e-01 
   106 : -7.8379578e-01 -1.2958689e+00 
   107 : -1.8663195e-01 -7.4599492e-01 
   108 : -8.0785828e-01 -6.8996810e-01 
   109 : -2.2159372e-01 -1.2724894e+00 
   110 : -4.1437245e-01 -1.4302838e+00 
   111 : -4.2634596e-01 -6.1680561e-01 
   112 : -9.1161643e-02 -9.9355408e-01 
   113 : -8.9093665e-01 -1.0095124e+00 
   114 : -5.6694726e-01 -1.3853374e+00 
   115 : -6.0741223e-01 -6.2254901e-01 
   116 : -8.7820332e-01 -1.1002866e+00 
   117 : -8.2753495e-01 -8.1042763e-01 
   118 : -1.6193119e-01 -1.2010029e+00 
   119 : -3.6291618e-01 -1.3921426e+00 
   120 : -3.4086632e-01 -6.4517475e-01 
   121 : -8.4633084e-01 -1.1895370e+00 
   122 : -8.7962646e-01 -9.1770072e-01 
   123 : -7.0414921e-01 -6.5331027e-01 
   124 : -6.6605815e-01 -1.3540192e+00 
   125 : -1.3100880e-01 -7.7813484e-01 
   126 : -7.9731828e-01 -1.0171754e+00 
   127 : -3.7099413e-01 -7.3985343e-01 
   128 : -3.5914243e-01 -1.2665385e+00 
   129 : -7.0351902e-01 -7.5868590e-01 
   130 : -6.4390446e-01 -1.2615217e+00 
   131 : -7.6760572e-01 -8.7494679e-01 
   132 : -7.4713515e-01 -1.1787916e+00 
   133 : -5.1519318e-01 -6.0980705e-01 
   134 : -4.7628812e-01 -1.4119544e+00 
   135 : -6.0853707e-01 -7.2255366e-01 
   136 : -7.7892248e-01 -1.0953881e+00 
   137 : -1.2033576e-01 -1.1187374e+00 
   138 : -2.6013715e-01 -6.9228133e-01 
   139 : -2.9199839e-01 -1.3369131e+00 
   140 : -1.1851786e-01 -8.5779852e-01 
   141 : -1.8836174e-01 -1.0033800e+00 
   142 : -5.8300520e-01 -8.0309722e-01 
   143 : -2.8912771e-01 -7.7990017e-01 
   144 : -5.2203110e-01 -1.2715413e+00 
   145 : -5.2578600e-01 -7.0217671e-01 
   146 : -2.8531465e-01 -1.1975667e+00 
   147 : -4.4926731e-01 -7.1065322e-01 
   148 : -4.2843408e-01 -1.3359615e+00 
   149 : -1.7564341e-01 -1.0824635e+00 
   150 : -7.8790795e-01 -9.3842421e-01 
   151 : -7.3380753e-01 -1.0200487e+00 
   152 : -6.9647866e-01 -1.0702911e+00 
   153 : -7.2158053e-01 -1.2429569e+00 
   154 : -2.6248871e-01 -1.0503842e+00 
   155 : -6.3311879e-01 -1.0125713e+00 
   156 : -4.1995932e-01 -1.1948134e+00 
   157 : -5.4308526e-01 -1.1854444e+00 
   158 : -2.1576713e-01 -8.7248425e-01 
   159 : -7.0871441e-01 -9.6583700e-01 
   160 : -4.0678889e-01 -8.2475215e-01 
   161 : -2.2028180e-01 -1.1312303e+00 
   162 : -4.7874950e-01 -7.8929543e-01 
   163 : -6.3340727e-01 -1.1546084e+00 
   164 : -5.2939150e-01 -7.6497885e-01 
   165 : -6.7189382e-01 -8.6891715e-01 
   166 : -4.4694218e-01 -9.0326257e-01 
   167 : -4.8093734e-01 -1.1257325e+00 
   168 : -3.3763035e-01 -1.1188581e+00 
   169 : -5.2256063e-01 -8.5994212e-01 
   170 : -3.3450095e-01 -8.7783115e-01 
   171 : -2.9819525e-01 -9.5742049e-01 
   172 : -5.5521331e-01 -1.0666520e+00 
   173 : -5.7726148e-01 -9.3387827e-01 
   174 : -4.9383204e-01 -9.8330611e-01 
   175 : -3.7750414e-01 -1.0264238e+00 
   176 : -3.8969168e-01 -9.3110307e-01 
   177 :  2.2485867e-01  5.4330843e-01 
   178 :  2.7183904e-01  5.0047505e-01 
   179 :  2.2553601e-01  4.5835662e-01 
Number of edges 70 
     0 :      0      6 
     1 :      6      7 
     2 :      7      8 
     3 :      8      9 
     4 :      9      1 
     5 :      1     10 
     6 :     10     11 
     7 :     11     12 
     8 :     12     13 
     9 :     13     14 
    10 :     14     15 
    11 :     15     16 
    12 :     16     17 
    13 :     17     18 
    14 :     18      2 
    15 :      2     19 
    16 :     19     20 
    17 :     20     21 
    18 :     21     22 
    19 :     22      3 
    20 :      3     23 
    21 :     23     24 
    22 :     24     25 
    23 :     25     26 
    24 :     26     27 
    25 :     27     28 
    26 :     28     29 
    27 :     29     30 
    28 :     30     31 
    29 :     31      0 
    30 :      4     32 
    31 :     32     33 
    32 :     33     34 
    33 :     34     35 
    34 :     35     36 
    35 :     36     37 
    36 :     37     38 
    37 :     38     39 
    38 :     39     40 
    39 :     40     41 
    40 :     41     42 
    41 :     42     43 
    42 :     43     44 
    43 :     44     45 
    44 :     45     46 
    45 :     46     47 
    46 :     47     48 
    47 :     48     49 
    48 :     49     50 
    49 :     50     51 
    50 :     51     52 
    51 :     52     53 
    52 :     53     54 
    53 :     54     55 
    54 :     55     56 
    55 :     56     57 
    56 :     57     58 
    57 :     58     59 
    58 :     59     60 
    59 :     60     61 
    60 :     61     62 
    61 :     62      4 
    62 :      5     63 
    63 :     63     64 
    64 :     64     65 
    65 :     65     66 
    66 :     66     67 
    67 :     67     68 
    68 :     68     69 
    69 :     69      5 
Number of triangles 0 
Number of domains 6
  Domain :      0 
  Name : Outer Disk
  Number of elements :      5
     0     1     2     3     4
  Domain :      1 
  Name : Bottom
  Number of elements :     10
     5     6     7     8     9    10    11    12    13    14
  Domain :      2 
  Name : Left
  Number of elements :      5
    15    16    17    18    19
  Domain :      3 
  Name : Right
  Number of elements :     10
    20    21    22    23    24    25    26    27    28    29
  Domain :      4 
  Name : Top
  Number of elements :     32
    30    31    32    33    34    35    36    37    38    39
    40    41    42    43    44    45    46    47    48    49
    50    51    52    53    54    55    56    57    58    59
    60    61
  Domain :      5 
  Name : Inner Disk
  Number of elements :      8
    62    63    64    65    66    67    68    69
