Size 899,2
0.000000000000000000e+00,0.000000000000000000e+00
0.000000000000000000e+00,0.000000000000000000e+00
1.386741590757289601e-08,-2.419614072283019436e-06
-9.302902321988988163e-08,1.880241744691342396e-06
1.035805026082985636e-07,-8.127966750852708940e-08
1.602506717292026914e-07,-3.823703847023711601e-08
1.909831041457383088e-07,-2.141662334820819525e-06
1.687672487441988137e-06,-7.482189277342667474e-07
1.747428927620649254e-07,1.793120951790568011e-08
1.718649886621311807e-07,9.436944022265148499e-09
1.813798869244739717e-06,-4.058425192314216488e-07
1.156140137757603893e-06,1.113200199510202219e-06
1.008249271178680669e-07,6.382138428395026217e-08
4.799061614307033607e-09,3.611178717698646326e-08
8.680877460259864572e-07,1.326140955767300160e-06
-8.599941349310280440e-07,1.431847375026910667e-06
-3.523913139647738945e-08,2.247765232350985888e-09
-3.253126186299645683e-08,2.068772259808370106e-08
-1.160250175262442071e-06,1.201550562939635760e-06
-1.951674005145335953e-06,-4.802552089862695151e-07
-1.441600287831522610e-08,-4.548601264647283506e-08
-3.329962299874870337e-08,-6.381361281148881131e-08
-1.821495301262572643e-06,-8.422713532733130959e-07
-1.619011233888751930e-07,-2.138171984046247719e-06
6.990926148248995277e-08,0.000000000000000000e+00
1.098022868466629242e-07,0.000000000000000000e+00
1.311921557980759062e-07,0.000000000000000000e+00
1.418854484591025381e-07,0.000000000000000000e+00
1.441900573804881969e-07,0.000000000000000000e+00
1.499246157578398953e-07,0.000000000000000000e+00
1.571949550081947473e-07,0.000000000000000000e+00
1.579969355893976435e-07,0.000000000000000000e+00
1.531161957544668826e-07,0.000000000000000000e+00
1.416646738656441636e-07,0.000000000000000000e+00
1.145464931595989542e-07,0.000000000000000000e+00
7.971134341335547139e-08,0.000000000000000000e+00
4.341368908419420572e-08,0.000000000000000000e+00
0.000000000000000000e+00,0.000000000000000000e+00
0.000000000000000000e+00,0.000000000000000000e+00
0.000000000000000000e+00,0.000000000000000000e+00
0.000000000000000000e+00,0.000000000000000000e+00
0.000000000000000000e+00,0.000000000000000000e+00
0.000000000000000000e+00,0.000000000000000000e+00
0.000000000000000000e+00,0.000000000000000000e+00
0.000000000000000000e+00,0.000000000000000000e+00
0.000000000000000000e+00,0.000000000000000000e+00
0.000000000000000000e+00,0.000000000000000000e+00
0.000000000000000000e+00,0.000000000000000000e+00
0.000000000000000000e+00,0.000000000000000000e+00
0.000000000000000000e+00,0.000000000000000000e+00
1.501089708019092337e-07,-2.406529629864864229e-06
2.727280978548533508e-07,-2.380962540040270285e-06
3.716903818419906866e-07,-2.354638120043825991e-06
4.593964233655637951e-07,-2.327544452295083884e-06
5.381319237768391708e-07,-2.300286664938147999e-06
6.099434752074418895e-07,-2.272981836232933907e-06
6.772116885352521855e-07,-2.245407268745651815e-06
7.416801442784956461e-07,-2.217099570548116128e-06
8.051588745863891930e-07,-2.187337912385277271e-06
8.693292748903955051e-07,-2.155184394399713217e-06
9.357764048574429401e-07,-2.120512470682302814e-06
1.005578273911895995e-06,-2.081365946660116936e-06
1.079874143307476071e-06,-2.035773283608656510e-06
1.158345899676716796e-06,-1.982609614390118195e-06
1.241137336766271088e-06,-1.920453848692900854e-06
1.327314332548606176e-06,-1.848315559350279841e-06
1.416123396239555358e-06,-1.765285612520678317e-06
1.505997362348291714e-06,-1.671043707093316363e-06
1.595466731193419900e-06,-1.565401525367112763e-06
1.682604077668584981e-06,-1.448971309199744789e-06
1.765466691249751535e-06,-1.322568594818102589e-06
1.842047380652432242e-06,-1.187874514660094018e-06
1.910436291192589873e-06,-1.046807580292415094e-06
1.968761091284626465e-06,-9.016493650604146282e-07
2.015880801939715468e-06,-7.556330805365284033e-07
2.048069183331510110e-06,-6.119963433316101131e-07
2.067238105185052488e-06,-4.783898826365346518e-07
2.073540307545801693e-06,-3.616568317616129199e-07
2.074072715287673133e-06,-2.647990015028423446e-07
2.071239374255117922e-06,-1.811660453078582807e-07
2.066360381402108551e-06,-1.074389190427935181e-07
2.060250497344018082e-06,-4.139109424336644919e-08
2.053380442149903335e-06,1.959597690455723891e-08
2.045870981595171354e-06,7.754259511920400036e-08
2.037534157336527566e-06,1.345043751493544162e-07
2.027950372504768821e-06,1.921351094436104423e-07
2.016473519146717393e-06,2.518295515376041469e-07
2.002329402714073774e-06,3.147569636155982299e-07
1.984627960414840966e-06,3.816167029232847056e-07
1.962437543206286374e-06,4.530383080487520290e-07
1.934832522902815266e-06,5.290537586196948259e-07
1.900914155729397518e-06,6.097591714867281990e-07
1.859908778016561662e-06,6.946036488615049130e-07
1.811115393740393985e-06,7.832317073459965521e-07
1.754000948736554341e-06,8.748380724878261910e-07
1.687804230572054346e-06,9.693452150592194495e-07
1.614534568791097213e-06,1.066822356236819285e-06
1.530411101707272856e-06,1.165467460800973007e-06
1.435211680204847988e-06,1.264130789042483025e-06
1.330156467711805980e-06,1.359933689117837546e-06
1.215667811106876797e-06,1.450593504994590613e-06
1.095275063250815120e-06,1.531438339846768161e-06
9.737844098484267212e-07,1.602654287722774916e-06
8.545692585457877080e-07,1.663229433574406664e-06
7.394746583154307808e-07,1.714628794610082800e-06
6.282757590965672946e-07,1.757656435004734877e-06
5.212107740710944350e-07,1.792940346228436578e-06
4.189213317232130945e-07,1.821077920575634033e-06
3.214799397985608858e-07,1.842791835679957695e-06
2.292206384737903891e-07,1.858786597786563769e-06
1.419015849787211815e-07,1.869822427414403683e-06
5.946597383777651090e-08,1.876622143384382410e-06
-1.867819545260663520e-08,1.879884200085187226e-06
-1.644593835757913355e-07,1.877991846054830477e-06
-2.337623741506324805e-07,1.873318599012786752e-06
-3.019659893389725852e-07,1.866458044503319151e-06
-3.702046508573436671e-07,1.857475157361712280e-06
-4.397278323332331422e-07,1.846201262645042191e-06
-5.119984535831371114e-07,1.832238279813464877e-06
-5.883527783677063889e-07,1.814928350746860829e-06
-6.704622125000345846e-07,1.793318845176740107e-06
-7.595936383093724339e-07,1.766214787752074716e-06
-8.577162019484675417e-07,1.732012835663645837e-06
-9.687218752561700606e-07,1.688017299208227108e-06
-1.091404404457826529e-06,1.629244249401704426e-06
-1.221427642640675573e-06,1.556060257027417985e-06
-1.349370101387559516e-06,1.466175016291974629e-06
-1.470715827883943976e-06,1.365834767352587976e-06
-1.583036242479843628e-06,1.258345628833574452e-06
-1.684261331498388395e-06,1.147255792971007812e-06
-1.773308033279114773e-06,1.034977837370831245e-06
-1.853893864620516988e-06,9.244413966658886184e-07
-1.923535254273990668e-06,8.163048300565945808e-07
-1.982839581531652301e-06,7.112811721803861120e-07
-2.032291805600563967e-06,6.107822784859024872e-07
-2.072689720619089238e-06,5.155359697505969871e-07
-2.104960394553171248e-06,4.265137961856414893e-07
-2.130245709688810216e-06,3.437752996867543742e-07
-2.149737693589253902e-06,2.674913521983887772e-07
-2.164667443143444986e-06,1.969779985914701879e-07
-2.176216731217346790e-06,1.315230316112554625e-07
-2.185434876253933021e-06,6.972722832526130638e-08
-2.193209488394314303e-06,9.999815231962057894e-09
-2.200149033172654329e-06,-4.966100665798681272e-08
-2.206578359247857225e-06,-1.116333730575675959e-07
-2.212443274886620986e-06,-1.783302943760533171e-07
-2.217279643000897314e-06,-2.527469072819424737e-07
-2.220215632541134088e-06,-3.374699705054218736e-07
-2.219818463824531587e-06,-4.362507806881375893e-07
-2.213361873747925361e-06,-5.571524291081682840e-07
-2.192333822993264542e-06,-6.962651735051552961e-07
-2.155072941522379951e-06,-8.441944130146954506e-07
-2.101575724029399193e-06,-9.888392080804339225e-07
-2.039582072094934714e-06,-1.123703420029138624e-06
-1.971900692500380575e-06,-1.250035545702032528e-06
-1.900444208863644647e-06,-1.367201266148803731e-06
-1.825910505079870180e-06,-1.475504175438451678e-06
-1.749494793833827704e-06,-1.574524091793819330e-06
-1.672141354344891836e-06,-1.664631663618970486e-06
-1.594677916641569112e-06,-1.746188097509364560e-06
-1.517481808839498960e-06,-1.819994257612015574e-06
-1.440923210382117486e-06,-1.886810421454215155e-06
-1.364833739075578775e-06,-1.947592777372698467e-06
-1.289059908541536447e-06,-2.003232709492011480e-06
-1.212977456885178053e-06,-2.054645415066314933e-06
-1.135947902683442844e-06,-2.102660611392887077e-06
-1.056842485632252967e-06,-2.148208879118147279e-06
-9.748997757648714982e-07,-2.190491119680827406e-06
-8.893015512789605774e-07,-2.230215813449520730e-06
-7.994504862263630879e-07,-2.267398376730214530e-06
-7.044515802742889608e-07,-2.301943954870748097e-06
-6.036946189858763622e-07,-2.333590903146208600e-06
-4.963194074263319115e-07,-2.361898753008542138e-06
-3.819543012585317007e-07,-2.386282354218634100e-06
-2.601348281815447084e-07,-2.405938168892172691e-06
-1.252497492649207536e-07,-2.419823127306545710e-06
1.212640615274544599e-07,-7.033968211906120538e-08
1.417622336169544406e-07,-5.493072448025107994e-08
1.553576411909674445e-07,-3.937525303621236393e-08
1.620162052727551065e-07,-2.832916220665685891e-08
1.642913327055033885e-07,-2.504303732944515981e-08
1.948355932209908077e-07,-9.654740538301884668e-08
2.566905831505273383e-07,-1.563153835572837748e-07
3.443058587551101266e-07,-2.191514319830138992e-07
4.540732811369240729e-07,-2.841717335136226964e-07
5.822918904204603078e-07,-3.502564159484411410e-07
7.252889370522085303e-07,-4.162772817598219613e-07
8.794405298223419951e-07,-4.811182259536467372e-07
1.041169788212014011e-06,-5.436808736712198760e-07
1.206996540448999874e-06,-6.028998182946240594e-07
1.373606756435117451e-06,-6.576338402390798136e-07
1.535708947995230808e-06,-7.056303030202444979e-07
1.629051994694399860e-06,-8.792475011007046232e-07
1.566034248687043305e-06,-1.011668982392350444e-06
1.499628659053093397e-06,-1.140907183306845165e-06
1.430654362837253697e-06,-1.264676582216400092e-06
1.359961108628295429e-06,-1.381463654235152549e-06
1.288858419975729542e-06,-1.489756835623639364e-06
1.218070193961758067e-06,-1.589016230876056061e-06
1.148751838890714129e-06,-1.678461393944215294e-06
1.081286033693212795e-06,-1.758405562821119062e-06
1.016394211500951365e-06,-1.828661880329658190e-06
9.539043768019238674e-07,-1.890017059624463875e-06
8.939194801147629784e-07,-1.942873086571379260e-06
8.357862259847622112e-07,-1.987852218251529559e-06
7.781654870467357575e-07,-2.025913095820166033e-06
7.207202590748781865e-07,-2.057112069986396353e-06
6.614586471620965468e-07,-2.083525980842572312e-06
5.992763381618344929e-07,-2.105331220616147169e-06
5.327508736723512414e-07,-2.122624448114750914e-06
4.599906153992141313e-07,-2.135299282646958106e-06
3.793949764881465260e-07,-2.143009232890471011e-06
2.884012165287154565e-07,-2.145051298206923959e-06
2.170815011148054702e-07,-1.971783008261377530e-06
2.362606001334125914e-07,-1.790336513353655346e-06
2.500093920240345249e-07,-1.596480482067565079e-06
2.582856490022754065e-07,-1.394468419072596495e-06
2.608845223041662322e-07,-1.188935154708470005e-06
2.576252692917265136e-07,-9.847373254222192953e-07
2.483226987724140389e-07,-7.868674888111486589e-07
2.327932384768555960e-07,-6.004743840438348525e-07
2.108557180244676866e-07,-4.308065919086602054e-07
1.821966796649718184e-07,-2.832144660552044794e-07
1.460442202327236635e-07,-1.650018960557446716e-07
1.653067024742925950e-07,6.235466697860553551e-09
1.644718973848548878e-07,2.051838553694717362e-09
1.648837918249466877e-07,1.221043768073564385e-09
1.663394368918735594e-07,2.289983715223690412e-09
1.683205880685206541e-07,5.878985751684931827e-09
2.257657673477295638e-07,3.636716159538787506e-08
2.857429966986904577e-07,7.938483999242352298e-08
3.539554364558786268e-07,1.375355033640176156e-07
4.298210726889637261e-07,2.098281034647759193e-07
5.122021992238317155e-07,2.949585684785603098e-07
5.998405072767374588e-07,3.914452215068772243e-07
6.914086361114100820e-07,4.977149078009295664e-07
7.855051934450380228e-07,6.120941347806828825e-07
8.806582732234556902e-07,7.328137935046269228e-07
9.753335292855712050e-07,8.580608893150576014e-07
1.067368323223767377e-06,9.854563507531236542e-07
1.257642981108760716e-06,1.031878027601415034e-06
1.352986347600783665e-06,9.493439064376946244e-07
1.440449059539692110e-06,8.676219501703800048e-07
1.520425917150704501e-06,7.871625569514222107e-07
1.588769555732659073e-06,7.088102646183426909e-07
1.650092482024652607e-06,6.320286111005457419e-07
1.704189791868245668e-06,5.580988510762796206e-07
1.751335079585926730e-06,4.872307858594272013e-07
1.791781135033872009e-06,4.200161677978179416e-07
1.825978762980302787e-06,3.562518438319368537e-07
1.854308958070774332e-06,2.960712864653691490e-07
1.877229090324550484e-06,2.388518827235773616e-07
1.895091518048382534e-06,1.841696307826478242e-07
1.908195199953495515e-06,1.310010427316339889e-07
1.916683856270893094e-06,7.831500062015658531e-08
1.920532339647358238e-06,2.476279823769999055e-08
1.919484576628593694e-06,-3.128605049550972375e-08
1.913041708256624128e-06,-9.137364757337418931e-08
1.900364183654109373e-06,-1.576608476426877565e-07
1.880369813805147068e-06,-2.316868062148643196e-07
1.851572376723934012e-06,-3.157192994467982552e-07
1.654407914328158252e-06,-3.362262450316428989e-07
1.494014757714745532e-06,-2.731385503418453488e-07
1.329630289502795387e-06,-2.126575974338300971e-07
1.163057189259060746e-06,-1.558069133541393026e-07
9.977710014894664044e-07,-1.038997744311617646e-07
8.373289231673172819e-07,-5.814346609786995493e-08
6.852706896873709482e-07,-1.974552481402462328e-08
5.451806754745605606e-07,1.006840805161171487e-08
4.206888042289327758e-07,3.005443366207656803e-08
3.154781486989367226e-07,3.892794192900722156e-08
2.333289989374102018e-07,3.526858813692581809e-08
7.660262045833094297e-08,6.601665942046396074e-08
4.678147101793515676e-08,6.473025207363565670e-08
2.121340892063857558e-08,5.663838331590325412e-08
3.558593367965574648e-09,4.503240594500128341e-08
-5.061521858776814036e-10,3.484846305720427161e-08
6.176476190586065675e-09,8.734086077131764759e-08
-1.146619339784649187e-08,1.588471750910539167e-07
-4.709778783562697120e-08,2.486762366044665127e-07
-9.836660642435115523e-08,3.539248039151737182e-07
-1.635711287513276380e-07,4.721116106710677559e-07
-2.409749413128465864e-07,6.005914290062153711e-07
-3.287556334183249836e-07,7.365982118498195140e-07
-4.250175839589558548e-07,8.772623857656823986e-07
-5.277641083950024676e-07,1.019567330643936700e-06
-6.348639915045457432e-07,1.160478393025789632e-06
-7.446123489666522529e-07,1.297734406554031925e-06
-7.763556904396299859e-07,1.498751580663482877e-06
-6.940883025899820305e-07,1.555588620278639950e-06
-6.175740716758247067e-07,1.601670983989912728e-06
-5.456511317929925551e-07,1.638564758243071276e-06
-4.776983478870989111e-07,1.667518182444431638e-06
-4.123358577101002291e-07,1.689720802676162225e-06
-3.487250472434372220e-07,1.706016575365299412e-06
-2.856914884260597533e-07,1.717091143462722025e-06
-2.223481849864868165e-07,1.723388258676738730e-06
-1.578320485199570994e-07,1.725174541138017127e-06
-9.135622847653638927e-08,1.722548386084708798e-06
-2.239431013132125326e-08,1.715436531406446195e-06
4.982269662884083137e-08,1.703639640247469879e-06
1.255888795130852430e-07,1.686887360645987340e-06
2.054628986570523432e-07,1.664803022570564446e-06
2.893363862375223733e-07,1.636999004238046905e-06
3.774934422959431137e-07,1.602988571173172591e-06
4.694844099824487383e-07,1.562366062594790972e-06
5.653333954052503413e-07,1.514625469042999872e-06
6.643182271667363010e-07,1.459428998359994195e-06
7.661254188529013442e-07,1.396386874271544484e-06
7.709290345947055100e-07,1.200455510339291920e-06
6.770437761496211891e-07,1.073714375796402121e-06
5.860501610173635784e-07,9.458640611991870915e-07
4.993384508936253301e-07,8.189756031415533172e-07
4.182387676622377733e-07,6.950885240616414514e-07
3.439914575476304013e-07,5.761711723007908427e-07
2.777540470284927841e-07,4.640744572662308400e-07
2.206087926627019286e-07,3.605461979207598642e-07
1.735618588764378188e-07,2.672250632187103946e-07
1.375959870855630754e-07,1.856758981082776527e-07
1.139691572192243492e-07,1.179284717863162195e-07
-2.316893298627669217e-08,8.781746410597734493e-09
-1.975113818546182132e-08,8.229493971423812326e-09
-1.919125088658721855e-08,6.244406096267640252e-09
-2.001911530966269460e-08,4.521405017293734849e-09
-2.138709216421186319e-08,7.390633499470938201e-09
-1.050315645234339794e-07,4.377284614578908890e-08
-2.060495063283152413e-07,4.981900154055831626e-08
-3.349517232723346136e-07,4.014055970040905291e-08
-4.867053286753766267e-07,1.654678319121470951e-08
-6.563665331799590488e-07,-1.926706508390411644e-08
-8.390591369779509284e-07,-6.565108786382241874e-08
-1.029953739624741107e-06,-1.209751297034339969e-07
-1.224265833859047807e-06,-1.836267857778714843e-07
-1.417199808975271303e-06,-2.519964782915328211e-07
-1.604053146976829838e-06,-3.243935492875036996e-07
-1.781346462545889418e-06,-3.993691783464939063e-07
-1.991218128725928198e-06,-3.893827554961481705e-07
-2.021584203790024057e-06,-3.039682127179295757e-07
-2.042558862697909192e-06,-2.290556860981569661e-07
-2.055643614897297878e-06,-1.621485220139548593e-07
-2.061931172984654736e-06,-1.014075325052377626e-07
-2.062244046251499575e-06,-4.437589180666164451e-08
-2.057027967693818955e-06,1.082483200463035560e-08
-2.046454086033245100e-06,6.605497231556235865e-08
-2.030431012867497180e-06,1.229746074778760089e-07
-2.008687839333796168e-06,1.827273295573353391e-07
-1.980776756205444577e-06,2.465632967404927170e-07
-1.946224445878288195e-06,3.148684776885124193e-07
-1.904446773364422245e-06,3.883589266686251370e-07
-1.855011055327090456e-06,4.667045368962690205e-07
-1.797433279405842342e-06,5.500391253592422070e-07
-1.731546587669251714e-06,6.374366129488915851e-07
-1.657217271432067549e-06,7.284489716974567368e-07
-1.574935246380135370e-06,8.213693771651331682e-07
-1.480362299863851611e-06,9.163332515789487542e-07
-1.378838976995188084e-06,1.012278607447674527e-06
-1.270961065919536736e-06,1.108135190949220898e-06
-1.067524816766158420e-06,1.064690700765059307e-06
-9.679352041153265967e-07,9.230047850819148488e-07
-8.617568333051833851e-07,7.811167918675301407e-07
-7.528188877861194462e-07,6.432731159192610739e-07
-6.434183777776998222e-07,5.122242255321292224e-07
-5.357476635954235135e-07,3.907340964898083302e-07
-4.319460734829967639e-07,2.814944825730658255e-07
-3.340800648596311909e-07,1.870960087541924444e-07
-2.441527541440863496e-07,1.100506510217166428e-07
-1.641264250805281137e-07,5.275489284913205725e-08
-9.541363574825152428e-08,1.684511111128543385e-08
-2.053121593036719790e-08,-2.779366778997385025e-08
-2.087147103508665901e-08,-2.723090819101839810e-08
-1.966026642046159383e-08,-3.149415565775077974e-08
-1.856689317664181161e-08,-4.029892562521792961e-08
-1.986408662955353163e-08,-4.965371968008184897e-08
-8.286646239506735409e-08,-1.639950824161391476e-07
-1.208536588879783693e-07,-2.852509370086253373e-07
-1.523756378908846048e-07,-4.324385737623853299e-07
-1.773677256044482819e-07,-6.020085625324105532e-07
-1.959287444612138121e-07,-7.884107007092358292e-07
-2.082568345796715139e-07,-9.862835761263272512e-07
-2.145420826214282324e-07,-1.190480255318031572e-06
-2.149715789628147067e-07,-1.396011771200133858e-06
-2.097296940442772587e-07,-1.598052287164209437e-06
-1.989657710334225432e-07,-1.791965499075009058e-06
-1.826512845631365242e-07,-1.972300589193910053e-06
-2.764321450793201289e-07,-2.136038334951666398e-06
-3.891060414323005297e-07,-2.128983617416774979e-06
-4.950490100386686799e-07,-2.116586695461377474e-06
-5.947632327049393964e-07,-2.099242560466579594e-06
-6.884327051531594352e-07,-2.077242697618525031e-06
-7.767717673109806200e-07,-2.050792334081652552e-06
-8.602165308826519219e-07,-2.019990625777977648e-06
-9.395449910683858474e-07,-1.984818392477945380e-06
-1.015000417759965954e-06,-1.946068690517180127e-06
-1.087159467348778919e-06,-1.902130569742588278e-06
-1.156723414677246352e-06,-1.852813791594909799e-06
-1.224297175823083191e-06,-1.797629025775492221e-06
-1.290329273320733417e-06,-1.736095072671670981e-06
-1.355299192012730058e-06,-1.667507756210934808e-06
-1.419254361257746882e-06,-1.591555857640553842e-06
-1.482369982617083983e-06,-1.507565593860903106e-06
-1.544282234204598809e-06,-1.415494857202374086e-06
-1.604891139214502646e-06,-1.314978318964292403e-06
-1.663485900587820886e-06,-1.206422994226464192e-06
-1.719760556146931517e-06,-1.089921631468148911e-06
-1.773289140281417402e-06,-9.667686096199791522e-07
-1.650992950505344723e-06,-8.037477686409851788e-07
-1.467342292889964189e-06,-7.564734861518927437e-07
-1.275170418681165616e-06,-6.995237859159461965e-07
-1.080819010854012944e-06,-6.354972757963609559e-07
-8.888488560012726151e-07,-5.659254615081920131e-07
-7.039948905209091125e-07,-4.922840224792167149e-07
-5.310785118829602336e-07,-4.160763078639756194e-07
-3.749687090136958386e-07,-3.388227451093548824e-07
-2.405825211994527942e-07,-2.620550615825449864e-07
-1.328499099535827462e-07,-1.872831123909084906e-07
-5.662549855707877189e-08,-1.156978466244017376e-07
-3.942910570700969809e-08,4.566603767267452574e-08
3.248512656205873412e-08,-1.542677052819639313e-07
1.668185410600189372e-07,7.210628652127193970e-08
2.055288681479131396e-07,-2.804344216839198327e-08
-7.025316521793653829e-08,-3.289223272459504494e-08
-9.081938119451786966e-07,1.182707840502899323e-06
1.597320483469108251e-06,-5.229069318506859353e-07
1.716722222274383932e-08,-1.977539260519179766e-06
-1.720390532481188657e-06,-6.040420354593212690e-07
9.200072693900911610e-07,1.093538288232764410e-06
1.239540123001410591e-07,1.825119949216238910e-08
-5.753562880256723506e-09,7.809246583434930524e-09
1.084679760771050094e-06,1.320658779313970113e-06
-1.082358515049294325e-06,1.423173044955747120e-06
2.014760566361061543e-08,-1.599687219958354911e-06
-1.347451657249207351e-06,-4.761858941870333045e-07
2.609522934391443080e-07,1.984708926344467187e-07
2.921605996972267591e-08,-4.247814470560928286e-07
-2.802115187702173755e-07,-1.085341269431831426e-07
-1.417905297921201861e-07,1.740460180285734203e-07
3.761703036128873650e-07,-9.252246448406981538e-08
7.328100348541088219e-07,8.385668700535683743e-07
1.268534138199776075e-06,-4.078610927978809932e-07
-9.577759529190665060e-07,-3.429486176147222464e-07
3.928285376821847628e-07,3.765311128076663047e-07
-5.891586457960857396e-07,-2.162149142003235963e-07
2.317128909255777728e-08,-1.189228044359317584e-06
5.534308287906261504e-07,5.944584205074269752e-07
2.619735150690313403e-08,-7.840724437115331135e-07
9.366928712083825365e-07,-2.919139366222073300e-07
6.296880381346758025e-07,-1.836969342450379025e-07
-2.950321971295469041e-07,3.730250716052988625e-07
-6.945348919816022562e-07,9.000230704106626438e-07
-4.845683727841475548e-07,6.222944768418245746e-07
1.543182348906027812e-07,-3.745439563195544236e-09
-6.844582684514588726e-09,-5.829479770159839443e-09
3.784099520815874671e-08,-5.604907276016298620e-08
1.848559502377508844e-06,-6.128349267703645452e-07
-1.986374770442198960e-06,-6.995886985946816308e-07
1.617984095028998509e-07,7.435924006097811006e-09
-1.352658618850068541e-08,7.917739327300171105e-09
-1.503576030714473105e-06,-1.670551399027351679e-06
1.312987189283992122e-06,-1.679635266699362286e-06
1.755821809271251482e-08,-2.237702752472955256e-06
1.477219316223967366e-06,-1.471487144489515553e-06
-1.646263123804878419e-06,-1.493320231380019821e-06
-1.306301072276091615e-08,-1.888769230874518138e-08
1.416419402408213263e-07,-1.999990374743954382e-08
-1.357306429259345857e-06,-1.812548835046358772e-06
1.151491787757944636e-06,-1.841444989992430913e-06
1.631231030760740679e-06,-1.220920819458726849e-06
-1.780363352264318721e-06,-1.277903256272577989e-06
3.223919629478405626e-10,2.015282708044104113e-08
6.791004377280862908e-08,3.428149179515277686e-08
-1.384772476055214438e-06,1.209739349812415928e-06
1.359022397761924416e-06,1.122702680799441602e-06
-1.212039936746484868e-06,-1.926873714051821761e-06
1.005185922122492710e-06,-1.962463708775896489e-06
1.756097325368787921e-06,-9.687086821970553134e-07
-1.892823966984384863e-06,-1.051681168988748448e-06
-1.570070875656980698e-06,1.026628444075290319e-06
1.517324134524283693e-06,9.623108909401133894e-07
-1.075067409236559920e-06,-2.015464256631830201e-06
8.840215807273604911e-07,-2.046770168908014479e-06
9.272961108993205783e-08,-3.542532091860781099e-08
-3.466507356489919126e-09,-2.914418595108205646e-08
-1.589158402962300934e-08,-2.810011230728193023e-08
1.612947677606816089e-07,-5.976551634908477220e-11
1.587885913650741701e-07,-1.593139217056344853e-10
-1.451107237703113657e-08,5.273268814718576327e-09
-1.363049620755103863e-08,4.695661336516721005e-09
-1.756290057731538371e-06,8.190978546592129931e-07
-1.827039865149487042e-06,7.240354608461876735e-07
1.730340630073111414e-06,7.053393893338239385e-07
1.672106800609061735e-06,7.855774420468270081e-07
-9.146950100848338527e-07,-2.105249805871061488e-06
-8.340015315876295557e-07,-2.140716734504343354e-06
7.600235373936495275e-07,-2.122225604491794854e-06
7.018312685827186710e-07,-2.150490450062242389e-06
-1.890049302890572369e-06,6.235014730724880086e-07
-1.942639329949535459e-06,5.355613012970445223e-07
1.782127269414798364e-06,6.205040508302624409e-07
1.825489808762926826e-06,5.460874969411620354e-07
-7.415465081237211840e-07,-2.172500227599507508e-06
-6.511788836293470246e-07,-2.201293664399519067e-06
6.365296508690486542e-07,-2.175732176846455714e-06
5.729055346453763314e-07,-2.198756220908418725e-06
-1.363963432359805429e-08,-2.454257594250875107e-08
-1.674087516172869703e-06,9.260290251420536172e-07
1.604246621727088483e-06,8.762312153197081576e-07
-9.985223558379512089e-07,-2.066447644783964418e-06
8.229163756374712708e-07,-2.090486335976222644e-06
-1.987668914369219691e-06,4.453297246712434709e-07
-2.024124377183219200e-06,3.676335038201962092e-07
1.862786781193889219e-06,4.692454976710547788e-07
1.893274183592639511e-06,4.024401456793200455e-07
-5.472668567146030318e-07,-2.225644149511896188e-06
-4.447420729582627160e-07,-2.246837899749642128e-06
4.984897596334465865e-07,-2.219128511953883869e-06
4.224517600522938615e-07,-2.237824354594213546e-06
-1.427636669313749227e-08,3.974649514544727785e-09
1.622888556259604532e-07,1.463297339683638615e-09
8.620698670434148161e-07,1.499955039722243920e-06
7.565883952871192099e-07,1.560206625764134791e-06
-7.706812179125964048e-07,1.641718063922746126e-06
-8.609102550108996427e-07,1.592640482076532075e-06
-2.054085245041173956e-06,2.895618959309767698e-07
-2.077636367460230817e-06,2.227066273504386074e-07
1.918603431937723487e-06,3.344146619633029976e-07
1.938843889748020978e-06,2.751840304945135186e-07
-3.270488845967274407e-07,-2.262281841000445129e-06
-2.100609455761975007e-07,-2.274031908595736775e-06
2.323288122062587116e-07,-2.266359659223456933e-06
3.305016090046873892e-07,-2.253225033640101470e-06
1.531298501796934941e-07,7.166607758638161559e-10
-1.703476653284947627e-08,2.251402295855006853e-09
6.454457464375020727e-07,1.614100474770756102e-06
5.460300278687251617e-07,1.658429020431876795e-06
-6.046573967322564291e-07,1.714060528266099206e-06
-6.810845066637664058e-07,1.682469275823358609e-06
-2.096153745080522518e-06,1.557601326376237335e-07
-2.110274179290441220e-06,9.752310912430951392e-08
1.967653853136828029e-06,1.608937547208166925e-07
1.955032586771989813e-06,2.146866282133101823e-07
4.429138452824574415e-07,1.696737846949123982e-06
3.514306028539725601e-07,1.727067445589388516e-06
-4.603135540991388522e-07,1.759614032039458957e-06
-5.277096778962676884e-07,1.739869242669912725e-06
-2.120660665968767903e-06,3.766029001941588860e-08
-2.128050010945031837e-06,-1.697127808192483426e-08
1.977130763396750641e-06,1.043562470760497224e-07
1.984032200887803077e-06,5.169816607342236178e-08
9.815988355858433079e-07,1.428870513181254533e-06
-9.750149088658816106e-07,1.530333791600693803e-06
2.577431126131308239e-07,1.752065581074536890e-06
1.750939214736775769e-07,1.770692411844948975e-06
-3.274142120476956023e-07,1.786756509923618790e-06
-3.906559418418936000e-07,1.775295532192473057e-06
-2.132270180433828821e-06,-7.658525852465272707e-08
-2.133873612456549074e-06,-1.350581277271783162e-07
1.988056495991627738e-06,-6.673811958535128667e-09
1.989649153394413140e-06,-6.449775554213409164e-08
-1.382338140666572073e-08,-1.792960389721348681e-08
-1.031552023702196430e-08,-2.097468955121528418e-08
1.535433132505668887e-07,-1.707503235642058113e-08
1.533169510663926427e-07,-1.517409819762287048e-08
4.965289253288879724e-09,2.651202865504627766e-08
2.727094467165348363e-08,3.487426202936918920e-08
9.102660103746557118e-08,1.784832737070141214e-06
1.684934412154595362e-08,1.794072814212256465e-06
-1.962642229615959808e-07,1.799774913171517882e-06
-2.598432917862014262e-07,1.794965267275058566e-06
-2.131596785753757401e-06,-2.035159364962208189e-07
-2.125749311533666414e-06,-2.750467676397182350e-07
1.987543335698500846e-06,-1.324272394297002826e-07
1.982027030469038400e-06,-2.033030015169111282e-07
1.953399986738791412e-06,-3.828458857680357087e-07
1.970484127121512953e-06,-2.899087872029537797e-07
-2.113563789769521189e-06,-3.628801703389353225e-07
-2.095516116079302301e-06,-4.577491596772242812e-07
-5.882763349295155072e-08,1.799606749790537668e-06
-1.263218570531930556e-07,1.801346362951864132e-06
1.928169191783972367e-06,-5.067261210111957072e-07
-2.069091333288712052e-06,-5.869754107612529729e-07
-3.554121023324375727e-09,-7.851810179385577660e-09
-9.565507045545232332e-09,-2.647564327910381176e-08
1.560075768884340916e-07,-2.165533531533876449e-08
1.485746889101804431e-07,-6.415413704232458426e-09
1.068613945864121918e-07,-2.188720861374193401e-06
1.542129567055698475e-07,-2.314530515331778440e-06
-1.259576648309566266e-07,-2.322361372068035432e-06
-7.341587199062588570e-08,-2.188198918022366076e-06
-2.090861510924665312e-06,-6.965699364082271345e-07
-1.968324269093395666e-06,-5.868338754903675917e-07
1.830123057464270144e-06,-5.064530407680549087e-07
1.950504357194231251e-06,-6.111835187485391097e-07
-1.756139067234578451e-10,3.174992483918717754e-08
4.658561078681115668e-10,1.059400558416784139e-08
3.757666967803962712e-08,1.815953338815003750e-08
5.670513070064962548e-08,5.055778878629447156e-08
1.610517679333987694e-08,-2.326959953226602715e-06
1.423315898480036453e-07,-7.436026660902271681e-09
1.541034865957711614e-07,-2.522239616803451152e-08
-1.796157973718735266e-08,-2.438745833259354403e-08
-7.455041827321361721e-09,-9.666838741047537246e-09
-2.895743770396632497e-09,-8.533210520702986872e-10
1.513450630416834706e-07,4.803562271991769319e-10
-7.876663446248014037e-09,-1.140828627552410014e-08
-1.695745914748040540e-08,-2.970740140476861831e-08
1.423162050633459590e-07,-3.613394090639113542e-08
1.217871628744129259e-07,-2.579192231713329970e-08
1.213544488607642511e-07,-4.732791114898790745e-08
-1.859516192907682036e-08,5.615605291627231062e-09
-7.522357355437925101e-09,2.656366124226788378e-09
1.600966691927508154e-07,2.023955138316642755e-09
1.641151922676693654e-07,4.082437934093775477e-09
1.500216093742569841e-07,1.306426003017103619e-08
1.324518642777711508e-07,2.285586325743937530e-09
-5.643009867652579684e-09,1.337381571652127994e-09
-2.057961557916151997e-08,3.871953940782749669e-09
1.280734547367688093e-07,-1.153014842041744862e-08
1.019947355488982471e-07,-1.565705593534507565e-08
-1.962345293878845510e-06,-9.136185460750782121e-07
-1.904550878404195281e-06,-7.714500410442908027e-07
-2.041894010130351558e-06,-8.446921027565550885e-07
1.827638810664637581e-06,-8.228516444406998283e-07
1.905610261128826375e-06,-7.546342070237060593e-07
1.769147445476239595e-06,-6.804169157371146795e-07
8.766904037246221049e-07,-2.102269104126746539e-06
8.299215345026989817e-07,-2.035689641139562926e-06
-1.007720426627976341e-06,-2.000314887750429305e-06
-1.066087178587364958e-06,-2.081446172765104828e-06
1.605144631822630037e-06,9.659599957740153029e-07
1.518095326428561091e-06,8.720023355419346174e-07
-1.571752474419789638e-06,9.212858720910030699e-07
-1.674183149516394022e-06,1.030781539748868599e-06
-1.086325940627174697e-06,1.529812384160193178e-06
-9.687994581038891060e-07,1.427259223556465571e-06
9.756547806780398222e-07,1.323330478947099427e-06
1.089692527206925722e-06,1.427107967585721016e-06
-1.996166497866646378e-06,-1.020598835817478832e-06
-1.857742662206976291e-06,-9.462842877673896294e-07
1.721163126938278088e-06,-8.565245811573253491e-07
1.863077460748412877e-06,-9.348780961810240627e-07
9.663301839500287127e-08,-5.702570930416829434e-08
-1.253815443921775108e-06,1.334478797363084007e-06
-1.121508909708558520e-06,1.313453855957106580e-06
-1.213971651131305900e-06,1.443266044546899821e-06
1.243359828529247357e-06,1.236857123050668418e-06
1.207926701037349377e-06,1.340033547086843871e-06
1.120596910653328718e-06,1.216647749130891173e-06
1.258863707858570686e-06,1.118566317851732151e-06
1.344549850552378552e-06,1.239636797597780721e-06
-1.366958393841847782e-06,1.337994348877684080e-06
-1.272018561201221516e-06,1.205868919878086850e-06
-3.392552253897921596e-08,-2.140204951008438539e-07
-1.306951681804998464e-08,-1.044686573444804717e-07
-2.903096026894846957e-08,9.344309977861059207e-08
-6.690932912002356223e-09,4.184581836593051306e-08
2.193861435432503966e-07,7.616948856492100952e-08
1.735406379261224902e-07,3.327768789882065225e-08
2.288053442858291705e-07,-8.208784475564256910e-08
1.741728939562251982e-07,-4.175380770149900126e-08
-1.287582976159114704e-07,1.334218054528478245e-10
-4.892497107743426018e-08,7.610762100081276841e-09
-4.267984995563131657e-08,1.444755359852551553e-08
-9.224473379693098886e-08,4.991332948031009957e-08
7.869068348462401245e-08,-1.107569023469228235e-07
9.729737361766662008e-08,-2.130763218908102517e-07
1.880973967232176156e-07,6.205684937114187805e-09
2.527942913656614007e-07,-1.317985432933775361e-09
1.279814542821582607e-07,6.879019319312265952e-08
1.546177799884906863e-07,1.229261191075220248e-07
-3.142010241467344191e-08,-4.978106927585584015e-08
-9.877512588520660414e-08,-9.763271845107044970e-08
-1.578878361394235220e-09,4.932865112557918814e-09
1.045526370991800043e-07,1.118848223124838431e-08
-9.367673940980722934e-07,1.054309592932221034e-06
-1.035871994936286666e-06,1.192669732775719899e-06
-1.596939195949050968e-06,-6.767951640274657372e-07
-1.772491393603182309e-06,-7.276860235962226264e-07
1.215936997624185282e-07,-1.886549179202825058e-06
1.104375265826106359e-07,-2.061951454015298889e-06
1.545767098423838517e-06,-4.006361841206295560e-07
1.706456975337603173e-06,-4.612263110354031384e-07
7.989537210291038824e-07,1.083104397449367938e-06
8.935850043079085784e-07,1.209934549908486795e-06
1.644034681856666648e-06,-6.376644219418627890e-07
1.487006465304896035e-06,-5.882809706084819424e-07
-8.820481001772735967e-07,1.308787049671497225e-06
-7.734307983991098487e-07,1.170811545342946203e-06
-7.733139104255925809e-08,-2.060421269522319658e-06
-8.592406216298002697e-08,-1.887243399619898414e-06
-1.838514507589270294e-06,-5.375893438046436440e-07
-1.662679553807174571e-06,-4.688815831714921158e-07
1.038653635675123538e-06,1.103441442294589671e-06
9.470441970651296535e-07,9.760694167194571629e-07
-3.102354794905144720e-10,8.262457130761414231e-09
7.419926484132597642e-08,1.571198816320493994e-08
-6.860017463430364149e-08,1.662650790118435147e-07
-8.337967763405918089e-08,9.984764665708633305e-08
-1.552264410501982708e-07,1.057031590017827642e-07
-5.228849069492643876e-08,-3.495312656819635537e-07
3.085236991154734312e-08,-2.757061588447431638e-07
1.122819885700400266e-07,-3.485527375069693988e-07
3.096205649685785987e-07,-1.289594657732555069e-07
2.786452456788750234e-07,-5.631113666944423539e-08
3.429827364474913078e-07,-1.915034286703421012e-08
2.750937843434342983e-07,1.333514204788987458e-07
2.085902394342334625e-07,1.282381571037332931e-07
1.934082201827472900e-07,1.919865698271843800e-07
-2.396326634173167294e-07,-2.020568731098520370e-08
-1.604046028401416972e-07,-6.584748749469799942e-08
-1.983155846098164340e-07,-1.532855763164684075e-07
1.407514338315596107e-07,3.922651233957986391e-08
1.115915819903325252e-07,3.932324564447874529e-08
-1.592867422045504358e-08,1.953246395887890769e-08
-2.981317826167867488e-10,2.094099699060144260e-08
-4.556049256068270973e-09,3.013459327525623374e-09
-1.028016143997391693e-08,6.339177610501106766e-09
1.580564196610792057e-07,6.829316592938798653e-09
1.555550551752910133e-07,3.909090928264561011e-09
-1.493401148852952967e-06,-1.590985934558444271e-06
-1.562167751691419932e-06,-1.500258010819326708e-06
-1.572977624103090637e-06,-1.584426071712328711e-06
1.301754982522895183e-06,-1.587516907183535596e-06
1.392534140312999187e-06,-1.578795076730258822e-06
1.380559013103314556e-06,-1.480584638079562258e-06
-1.427599911013618907e-06,-1.668620801398731194e-06
-1.428600879497262848e-06,-1.743342853871840866e-06
-1.356406993646999452e-06,-1.741481800489987615e-06
1.227902741486210273e-06,-1.678579997376713962e-06
1.150580542917002717e-06,-1.762917052373541436e-06
1.228883136021084579e-06,-1.763687760105405428e-06
1.454890617661902873e-06,-1.370128233409877175e-06
1.552813217492327064e-06,-1.348638937366027918e-06
1.529589350883787241e-06,-1.243066146237674291e-06
-1.626314875852390918e-06,-1.406167969926602523e-06
-1.690598353767245427e-06,-1.296537152179660221e-06
-1.711694758476264284e-06,-1.388412184295648020e-06
-1.814751293141492009e-08,7.875590757694655665e-09
-2.136029078403963023e-08,1.386353313561410179e-08
1.634901774030807156e-07,7.600693447938509169e-09
1.663506283033145631e-07,1.255961367937164307e-08
-1.289603550522736080e-06,-1.804628191698718043e-06
-1.283459617620074936e-06,-1.870720080902877549e-06
-1.218057744341923337e-06,-1.862978753008740850e-06
1.081149767701687088e-06,-1.834236440845076720e-06
1.010846467649189157e-06,-1.898080187333325150e-06
1.074992223127285266e-06,-1.904510178389089887e-06
1.599271226884641528e-06,-1.117073877034285635e-06
1.693482448535716821e-06,-1.095399794164381165e-06
1.661441034899549915e-06,-9.903931847925277789e-07
-1.750912079730690349e-06,-1.185615300168962263e-06
-1.805248214119771387e-06,-1.070900180825125927e-06
-1.835758692824047373e-06,-1.166898903983951738e-06
-1.149166012869667678e-06,-1.914186312910309835e-06
-1.143279206311193852e-06,-1.971439735695342603e-06
-1.080949848323466721e-06,-1.958692787535576573e-06
9.473658805971264931e-07,-1.951721804711329999e-06
8.888005097002443723e-07,-1.996139829903917769e-06
9.422221253053230396e-07,-2.006153242483746825e-06
1.355780966757501768e-06,1.034280380740829385e-06
1.437049373045537784e-06,9.562611729761635742e-07
1.440032778346729632e-06,1.040518499109817514e-06
-1.381866149936231848e-06,1.110141063794495892e-06
-1.478782641749156976e-06,1.116813579268796025e-06
-1.476092916578454755e-06,1.019941953209434617e-06
1.382043169906138973e-06,-3.407037496395780820e-07
1.434935163632158251e-06,-4.660240432866313850e-07
1.321750176811680853e-06,-5.331714628662906237e-07
-8.310641458690541424e-07,9.120755823731609603e-07
-8.019597824707782842e-07,1.042180414016012786e-06
-6.653818364990233027e-07,1.030200500937362672e-06
1.304462603608559333e-07,-1.697426925368761077e-06
1.860888360430145237e-08,-1.794862652851181296e-06
-9.168089490018456726e-08,-1.698250195948609955e-06
-1.408664186393043676e-06,-6.180289191231173296e-07
-1.538230557558910388e-06,-5.414973981889885181e-07
-1.477748488974311482e-06,-3.997902432840931464e-07
7.056471434596298109e-07,9.553434577095586235e-07
8.261186800604267130e-07,9.656664062762642723e-07
8.531272243526188683e-07,8.487242307468745148e-07
1.005571042249454318e-06,-2.023893884828763777e-06
9.428246125699478460e-07,-2.063460393277312683e-06
-1.212649510812543108e-06,-1.991238325034112234e-06
-1.143945070808140986e-06,-2.035190493811444160e-06
1.445997675597704923e-06,1.144247481842414672e-06
1.523180030031082576e-06,1.061187668755462385e-06
-1.484441928519880423e-06,1.233790465900004460e-06
-1.575740685182320345e-06,1.140262165818168804e-06
1.004237264827416219e-06,1.209452725915151290e-06
-9.987896344849555399e-07,1.307326731749748296e-06
-1.874521750379471106e-06,-1.263986182440459619e-06
-1.933069358441193401e-06,-1.152370963663268502e-06
1.735735013507449199e-06,-1.204163189016555714e-06
1.798708756347691598e-06,-1.078410730864884677e-06
1.155245459551905721e-06,-1.914466742894103736e-06
1.078719859930417496e-06,-1.971816218419552442e-06
-1.361290049849690303e-06,-1.881134404333062829e-06
-1.287448735578139606e-06,-1.937116602741628518e-06
8.550732085582105510e-08,4.815836563812785561e-08
9.634956804509983959e-08,2.753866024305739803e-08
-1.262917679341299765e-10,1.480555254106505063e-08
1.603833976318816710e-09,2.829187827937220208e-08
-1.734192119030119172e-06,-1.484392990590333167e-06
-1.803865430440836773e-06,-1.378790922480462005e-06
1.577960817742305399e-06,-1.460040904937672606e-06
1.657235569410057917e-06,-1.336536632853589129e-06
1.320618172974685434e-06,-1.766573588418062496e-06
1.236215474092901232e-06,-1.844330179577864471e-06
-1.510895227677595607e-06,-1.746853633315791881e-06
-1.435770842999859484e-06,-1.816090006516823109e-06
-7.233509086097196606e-07,7.707071101854604537e-07
-6.158698370655564982e-07,6.334507878183996805e-07
-5.880328489047711201e-07,7.590299675576952017e-07
-5.589951846022366828e-07,8.880390525400800709e-07
-4.563069129520442368e-07,7.472787147458027681e-07
8.857064473278266689e-07,-1.726989801419876403e-07
7.301074849625518793e-07,-1.243803457873277523e-07
7.783128269558569544e-07,-2.362628929568537415e-07
8.285363765388919059e-07,-3.552381432189844704e-07
6.767803481760102645e-07,-2.952258574550699168e-07
6.147431622599069708e-07,8.283952897244986632e-07
5.276481534307432662e-07,7.042992537570521247e-07
6.414402433659309253e-07,7.141590293376110360e-07
7.592188871673261484e-07,7.239293702661455761e-07
6.668014428607958083e-07,6.037297033457023112e-07
-6.721864836386786577e-08,-5.098832971820932959e-07
-7.888039681919925544e-08,-6.897902004030270334e-07
2.770630127738485409e-08,-5.960604979772960876e-07
-3.768877093826835923e-07,-5.221649964548071573e-08
-5.354691692112727476e-07,-9.430772217016413854e-08
-4.247832319911690402e-07,-1.591987550548162993e-07
1.241442401782724306e-07,-5.091103057347262570e-07
1.327873032395899367e-07,-6.890231821073519104e-07
-3.259430985483953158e-07,-2.148163475086128950e-07
-4.767926375292270920e-07,-2.805670038785391959e-07
9.889530579386773029e-07,-4.156348108081043203e-07
-3.160178670542565219e-07,2.744487426737295448e-07
-4.101240316286905449e-07,3.825891802172647749e-07
-9.528852164012311047e-08,-1.293199587907808670e-06
-9.282470296083741216e-08,-1.086599861118368329e-06
5.853660997520364988e-07,-8.187928170757425494e-08
3.022087713431579215e-07,3.683572077832131745e-07
3.701603858680248532e-07,4.724733489141633954e-07
-1.090226572702499899e-06,-2.649652202738047183e-07
-8.969780323296040088e-07,-2.022835292425385923e-07
2.468435192386761420e-08,-9.835110357980815296e-07
-8.738602430698313012e-08,-8.837741217785971836e-07
2.429505791741551861e-07,2.743422742991627697e-07
-5.107563653022586762e-07,5.031513209579012216e-07
4.701331506573536632e-07,4.813284136952484512e-07
4.457009303108117116e-07,5.850390854066365025e-07
-7.684393748318394226e-07,-2.779903280315892882e-07
-7.104538077847343671e-07,-1.448659332309375940e-07
-2.304122883390145325e-07,1.813143456582385005e-07
-1.285421427726886955e-06,-3.313240900613930986e-07
-3.862273837512991340e-07,4.926997653592318139e-07
1.154495951559963050e-06,-4.752962977017216280e-07
4.551005957874597766e-07,-4.639947001931762699e-08
-9.487244377899485012e-08,-1.498662984984181477e-06
1.382678992333008079e-07,-8.830012848058890146e-07
-6.459409445387722556e-07,-3.489562530615000805e-07
5.773123519528379281e-07,4.899817499927280562e-07
3.398248879635966726e-07,2.046201632735413205e-07
1.406801248251304615e-07,-1.085826865390350249e-06
-1.231192613573320449e-07,2.570341328157304473e-07
-8.285059155998562959e-07,-4.184258915846753899e-07
-1.214594945204791355e-06,-5.544558803919284843e-07
-3.594122344523817858e-07,6.109714397653117409e-07
1.366775392953155191e-07,-1.497888704065433916e-06
4.921287480082542416e-07,3.844531088107768431e-07
1.215233077373792729e-06,-2.820340632948043245e-07
4.136624309819844467e-07,-1.809217498098475654e-07
-2.129298777303918703e-07,2.659474941668932684e-07
3.227243592296095658e-07,2.817259478917359421e-07
1.401181169951418015e-07,-1.292428372503924792e-06
-1.019651041263377608e-06,-4.874336378375274666e-07
4.125553002955393579e-07,2.888102818048908515e-07
-2.703144466760908171e-07,4.819974046398624604e-07
1.048593104140853299e-06,-2.256443811971903135e-07
1.101270594033618312e-06,-3.494906549844073759e-07
5.372767062343464016e-07,-2.367359139136967813e-07
-1.152365320269850250e-06,-4.095262335951988110e-07
-1.909353326889724125e-07,3.631288018469325620e-07
2.165963162617837554e-08,-1.396231002777958772e-06
4.944228641279574715e-07,-1.353878059367359616e-07
-1.585957320650573304e-06,-1.667476113830641147e-06
-1.659761138008727860e-06,-1.580937046990940349e-06
1.406752454115232190e-06,-1.675020546847244542e-06
1.492131455199830893e-06,-1.573632270868483864e-06
5.395405026880913246e-08,-1.895683112513227789e-08
1.694702379616028959e-07,-1.220149170965565690e-08
-2.572563216546266511e-08,-1.497483033119155543e-08
1.727821908838701381e-06,-5.700401888816931464e-07
-1.861394068891063156e-06,-6.549567803787793721e-07
3.834654514713812279e-08,-9.215234791577119791e-08
-1.104672432576473780e-09,-5.782633412069975816e-08
7.358644053694730362e-08,-6.914773520801140949e-08
1.723802617978021875e-08,-2.116555977305179684e-06
6.739234505193101396e-08,-4.560977363170445984e-08
2.254611756763878526e-08,-2.790486200506754972e-08
