Size 955,2
0.000000000000000000e+00,0.000000000000000000e+00
0.000000000000000000e+00,0.000000000000000000e+00
1.872263540189598189e-08,-8.741793405237381406e-06
-1.739867818074949129e-07,7.633539720675056392e-06
1.547336566641804350e-07,-1.180092891170595142e-07
1.837659994253023919e-07,-8.166401647396681578e-08
3.626447860553080424e-07,-8.086674220736415618e-06
6.966651271101054936e-06,-2.708246936599956584e-06
2.115731682173410693e-07,2.294480675719015011e-08
2.121885144612123570e-07,2.336026225187962281e-08
7.211206007756156442e-06,-1.999902239433139063e-06
4.430823913644035387e-06,5.244895479937721985e-06
7.186284220950761297e-08,1.220445013076845279e-07
5.872038153926140968e-09,1.002786587337597848e-07
3.799191407869667193e-06,5.711126879808058456e-06
-3.834162846003713998e-06,5.851170189067729761e-06
-8.176595173060191592e-08,2.660854268716043475e-08
-8.327807440581895444e-08,2.618713325018896954e-08
-4.465728584844532299e-06,5.377382777579883900e-06
-7.431068804778151181e-06,-2.110691334064733306e-06
-5.382911555174223898e-08,-8.598476892110790169e-08
-6.311214822492751842e-08,-1.096043808869538701e-07
-7.192001918765541915e-06,-2.809452240281807782e-06
-3.251865489000435914e-07,-8.083551192307954043e-06
9.909966737455614655e-08,0.000000000000000000e+00
1.438049268334257129e-07,0.000000000000000000e+00
1.527700079104896213e-07,0.000000000000000000e+00
1.422047845069386633e-07,0.000000000000000000e+00
8.798525256522160921e-08,0.000000000000000000e+00
0.000000000000000000e+00,0.000000000000000000e+00
0.000000000000000000e+00,0.000000000000000000e+00
0.000000000000000000e+00,0.000000000000000000e+00
0.000000000000000000e+00,0.000000000000000000e+00
0.000000000000000000e+00,0.000000000000000000e+00
4.349753353339160181e-07,-8.718647087583486345e-06
8.269928216853745768e-07,-8.672033573852588493e-06
1.193724048339742471e-06,-8.613393831918422311e-06
1.545119907627251550e-06,-8.542150282493391603e-06
1.884423653180934759e-06,-8.458703611207964035e-06
2.214887369161263626e-06,-8.362796912649363856e-06
2.539348693764076984e-06,-8.253775036505312898e-06
2.860140910352560423e-06,-8.130570394520336249e-06
3.179006263697785245e-06,-7.991818004664289781e-06
3.497070874058726443e-06,-7.836155905012003370e-06
3.815109290780265297e-06,-7.661921731772933255e-06
4.134010805092277311e-06,-7.467480488432112613e-06
4.455866268347363987e-06,-7.253033246463883053e-06
4.777488675831771211e-06,-7.015647946534760142e-06
5.102206285937133399e-06,-6.749547320103529500e-06
5.422204138404849478e-06,-6.459133707585173667e-06
5.740600657653820378e-06,-6.138973639263938634e-06
6.049578081976553673e-06,-5.793635832780136255e-06
6.345199803580254905e-06,-5.422037828969823430e-06
6.625714567689855766e-06,-5.028307186704415696e-06
6.887918083713949037e-06,-4.615470201458711444e-06
7.128701736912600477e-06,-4.186753542135490242e-06
7.345136807063822653e-06,-3.746089493361439880e-06
7.534569034528230014e-06,-3.298536839252457498e-06
7.695802826074252555e-06,-2.847343692429334244e-06
7.824272690297461480e-06,-2.398021018072630073e-06
7.914023091927362976e-06,-1.969665373247424285e-06
7.974862436924173276e-06,-1.573505665125019268e-06
8.016057935552120409e-06,-1.207463299138035920e-06
8.040831813530109902e-06,-8.627186912704410516e-07
8.051368471051760685e-06,-5.348637418209026470e-07
8.049453822468916763e-06,-2.193417481448066801e-07
8.035866755447561416e-06,8.820755076294838391e-08
8.010764023701453463e-06,3.917757642126970847e-07
7.973640404727025120e-06,6.948701692979729613e-07
7.923501240940645206e-06,1.000403259677207978e-06
7.858905734627427047e-06,1.310598266930824258e-06
7.778292914123946384e-06,1.626969874445569224e-06
7.679758852270062862e-06,1.950270509246552074e-06
7.561781861378549526e-06,2.280515124823385306e-06
7.422508686828758253e-06,2.617421255324872970e-06
7.260409263279513476e-06,2.960904352196576026e-06
7.076503747354629049e-06,3.312103679439505409e-06
6.867190552764657837e-06,3.666299809234097456e-06
6.627660730408284007e-06,4.026563377773281940e-06
6.362376821720253233e-06,4.383371978877128058e-06
6.067515701297134103e-06,4.739076293479317682e-06
5.747662319358617067e-06,5.084809243599616922e-06
5.402050091265963927e-06,5.420819711055703297e-06
5.034574576748084397e-06,5.740695712494316203e-06
4.645962340810442227e-06,6.042331470526177463e-06
4.240822678683178248e-06,6.315240754266917377e-06
3.839546807601742693e-06,6.550953654862569497e-06
3.442649959856168135e-06,6.757576559096495359e-06
3.054283517919868837e-06,6.941286067107397319e-06
2.671125857557663857e-06,7.100517182701225436e-06
2.293110202162007402e-06,7.236322081779756105e-06
1.920800282966318756e-06,7.350128579137404580e-06
1.554922622054198924e-06,7.442838863566080767e-06
1.195882203958432162e-06,7.515884891621860931e-06
8.438088264156205513e-07,7.570318510693303015e-06
4.985197428310605631e-07,7.607414895497531622e-06
1.595170315545141340e-07,7.628169150786959022e-06
-5.030278718875377235e-07,7.624096782717019277e-06
-8.288018301934491740e-07,7.600181822175950777e-06
-1.152676955123807988e-06,7.562003320390135703e-06
-1.476193821804474494e-06,7.509453949436634875e-06
-1.800995660951596756e-06,7.442032906196675759e-06
-2.128766313161158119e-06,7.358986476940287718e-06
-2.461149507727933495e-06,7.258967029569077410e-06
-2.799630797145277230e-06,7.140643708059687473e-06
-3.146064311336436474e-06,7.001809356072827981e-06
-3.503308062212043058e-06,6.840090205159231920e-06
-3.879498292727982495e-06,6.656434135390276538e-06
-4.271254082044954751e-06,6.441370347414686971e-06
-4.681517586278158036e-06,6.178456535303692435e-06
-5.079839600418958294e-06,5.879970581561660281e-06
-5.463011402619029152e-06,5.555918763846379901e-06
-5.826398864481339954e-06,5.210719458599360515e-06
-6.166508281421869873e-06,4.849939433826883024e-06
-6.481149872875074975e-06,4.475672879821234616e-06
-6.765674757734229431e-06,4.097331194181652151e-06
-7.022608526536833510e-06,3.713806073735482337e-06
-7.247094096190890105e-06,3.335890893286779950e-06
-7.443681057576688601e-06,2.961002909551515827e-06
-7.616445138585622152e-06,2.594884979083415555e-06
-7.764073410278211169e-06,2.236696623870492626e-06
-7.888194719896363439e-06,1.886891480447203643e-06
-7.990895271383196340e-06,1.546114819582020455e-06
-8.073898584337689855e-06,1.214652257488507534e-06
-8.139441425557070037e-06,8.919520855548630497e-07
-8.189373963617760179e-06,5.765924742086382220e-07
-8.225478486646978536e-06,2.663585835815654158e-07
-8.249047991137566883e-06,-4.174058649104194355e-08
-8.260871182778445977e-06,-3.513463414548251882e-07
-8.261043311292192766e-06,-6.666320912085808533e-07
-8.248979326608087384e-06,-9.921617393995645195e-07
-8.223079242090330950e-06,-1.332695540724331632e-06
-8.181275527406049570e-06,-1.692818732277766343e-06
-8.120547601505919008e-06,-2.081921215591631666e-06
-8.031211027347665257e-06,-2.502408380904459530e-06
-7.901899627860075687e-06,-2.941580715188025174e-06
-7.740768555900323213e-06,-3.376518769312322638e-06
-7.556680722601910247e-06,-3.801217541282466980e-06
-7.349528752545020604e-06,-4.216620790806761429e-06
-7.121340798989115826e-06,-4.619390377226086975e-06
-6.874128343144746043e-06,-5.007110169561507278e-06
-6.610009743330013891e-06,-5.377841859842520703e-06
-6.331032355431364002e-06,-5.729776097030107551e-06
-6.038241789260725980e-06,-6.060411208488264126e-06
-5.734293253406721795e-06,-6.370622751298757506e-06
-5.423636061846021898e-06,-6.657764074647576100e-06
-5.104470250477798025e-06,-6.925051673424846648e-06
-4.780859463470480487e-06,-7.170117395051055617e-06
-4.451103851452786684e-06,-7.396004408008379593e-06
-4.116726779220568816e-06,-7.603768263130444463e-06
-3.776812251827567351e-06,-7.793259061081846286e-06
-3.431047786798411321e-06,-7.965086308712068488e-06
-3.079210128483012482e-06,-8.119753473412688697e-06
-2.720987859877840360e-06,-8.257598130352070229e-06
-2.355909319758830767e-06,-8.378835130446102072e-06
-1.983395882340614848e-06,-8.483524071161374107e-06
-1.602844631006260144e-06,-8.571469430927237094e-06
-1.213704574684717709e-06,-8.642317015741965105e-06
-8.158107054153300728e-07,-8.695443671036831874e-06
-4.041421337686128630e-07,-8.731329305990350552e-06
1.736570206102884537e-07,-9.357926645761872730e-08
2.697036752951849237e-07,-1.740130343279917792e-07
4.070994162073340100e-07,-2.793358939308506059e-07
6.138998549908252185e-07,-4.027169865622545620e-07
8.638077479728773042e-07,-5.339935917404133458e-07
1.169161859342454986e-06,-6.788928669687245099e-07
1.508719802733064978e-06,-8.289688900008787316e-07
1.890783716919225328e-06,-9.885669826603149381e-07
2.298324463303162402e-06,-1.150664516027762013e-06
2.735762690785902260e-06,-1.318302507344559908e-06
3.190190946171281442e-06,-1.485839319006253473e-06
3.662254896372509777e-06,-1.655047138919090604e-06
4.143058000096251200e-06,-1.821630687363107028e-06
4.629582759759234949e-06,-1.986126357329957163e-06
5.116813993643309787e-06,-2.145535494725376828e-06
5.598187869068733305e-06,-2.299269933180196773e-06
6.072924926807061372e-06,-2.445816092308955564e-06
6.529657272393151550e-06,-2.581560945895963582e-06
6.780408949424263216e-06,-3.150616660989182690e-06
6.571289257943839046e-06,-3.593563796356764088e-06
6.340810036967004057e-06,-4.029336613071498312e-06
6.090769324414025775e-06,-4.452773006486205038e-06
5.823135029367243102e-06,-4.859664671362742380e-06
5.539920953955280563e-06,-5.247250426602106690e-06
5.249365908014332307e-06,-5.610802022806324178e-06
4.948791884929284661e-06,-5.951103623964168060e-06
4.645998898163723096e-06,-6.261323223869269837e-06
4.337974013930600667e-06,-6.546033183289069765e-06
4.031739792355521972e-06,-6.800458825627412949e-06
3.722033893339576909e-06,-7.030503992555144485e-06
3.412610938356162344e-06,-7.231244495668930346e-06
3.100589141139079323e-06,-7.409575782521827980e-06
2.786117738763930191e-06,-7.566133544317751698e-06
2.468185075671054761e-06,-7.701477770737104499e-06
2.145125596729451332e-06,-7.816358426454297645e-06
1.814703139330199511e-06,-7.911211889590364166e-06
1.474129324797921833e-06,-7.986161438685339400e-06
1.120226355503144432e-06,-8.040957704661949110e-06
7.491823652601377332e-07,-8.074825523216289555e-06
3.908656608203618236e-07,-7.653021937330539037e-06
4.151695820547533714e-07,-7.199655875019593561e-06
4.365327114341378359e-07,-6.715667233620647262e-06
4.532256618392490048e-07,-6.214363294874372841e-06
4.663426899123014870e-07,-5.693508605828416409e-06
4.743298880069762199e-07,-5.163556579063852871e-06
4.784032298419757463e-07,-4.626555952591107214e-06
4.768606922670549484e-07,-4.089360947193635199e-06
4.710512949144639249e-07,-3.558794900836853570e-06
4.591422354972110152e-07,-3.037745112427935766e-06
4.426139133658617177e-07,-2.538180136153127091e-06
4.195022713244372798e-07,-2.058643527816571630e-06
3.914176219618072811e-07,-1.616625762563395465e-06
3.562617165067244570e-07,-1.205963001661525864e-06
3.158114833767829129e-07,-8.500157456655798099e-07
2.678283596732255582e-07,-5.373031420234800604e-07
2.138491267177215145e-07,-2.989394602021917428e-07
2.092032000997737660e-07,1.763319225779755937e-08
3.257292981952211232e-07,1.016167873110042643e-07
4.528149434676626399e-07,2.135078351022150578e-07
6.060302350684081674e-07,3.644768213402829939e-07
7.759529465980885373e-07,5.417033176041439222e-07
9.700001458612531749e-07,7.548700585085915970e-07
1.178303129769559533e-06,9.917060619496126963e-07
1.407144861280932708e-06,1.260022725001255476e-06
1.647459761204967722e-06,1.548843871505617793e-06
1.904176354615823344e-06,1.863937498140821692e-06
2.169199847608931876e-06,2.195843454277194586e-06
2.445927682335235730e-06,2.548041505974744867e-06
2.727415177428114832e-06,2.912835217555798922e-06
3.015348726935824125e-06,3.291170346142231377e-06
3.304105087972281357e-06,3.677354648022527221e-06
3.593508497706166070e-06,4.069545187466387643e-06
3.879587611408356426e-06,4.464449972813025834e-06
4.159222836360526194e-06,4.856946195296306524e-06
4.806124473844813482e-06,4.934615248706774865e-06
5.165327844994113560e-06,4.609136091197766311e-06
5.500654924175814479e-06,4.275020185813288423e-06
5.813199791102895310e-06,3.932732862721510755e-06
6.096962848888318329e-06,3.589988899812986462e-06
6.355641358455436139e-06,3.244983621631756179e-06
6.583986248760084239e-06,2.906224371680198599e-06
6.787739752384155308e-06,2.568746417476709080e-06
6.960450311925314419e-06,2.238440657282280955e-06
7.109611263261337156e-06,1.912523196010451303e-06
7.235967789746812633e-06,1.592431189357474954e-06
7.340108117463107580e-06,1.278314206684615836e-06
7.423124080829968857e-06,9.695398190130588295e-07
7.485701653733065647e-06,6.647417252184318168e-07
7.528462419129193008e-06,3.617669892631946559e-07
7.551556990509259804e-06,5.778221219807352183e-08
7.554651356643551920e-06,-2.506598351357851316e-07
7.536737685200211055e-06,-5.675095594812547054e-07
7.496219914257760953e-06,-8.969972867761817650e-07
7.430448091695412466e-06,-1.243599672350288483e-06
7.336590224729270266e-06,-1.611809542309758107e-06
6.770983196220198581e-06,-1.831537234920064048e-06
6.322063241150942923e-06,-1.666274543172905173e-06
5.855430606640248638e-06,-1.497612271642308903e-06
5.378281033269663047e-06,-1.330655654215075102e-06
4.893047789972035552e-06,-1.164814924588257374e-06
4.405481854828633732e-06,-1.003372942318128736e-06
3.921360212753934217e-06,-8.468461682690908916e-07
3.442806333047999545e-06,-6.974517928382458578e-07
2.979545230831569491e-06,-5.569392468024726357e-07
2.530011499317704925e-06,-4.263670430015129524e-07
2.107964894151691215e-06,-3.087532955868371281e-07
1.708040533886853622e-06,-2.039649220800766637e-07
1.348144290158044699e-06,-1.163237587192333165e-07
1.018996998954186025e-06,-4.446728857235293039e-08
7.427732919704779409e-07,5.926984617001699867e-09
5.062216525709404404e-07,3.749934224023955454e-08
3.351422427068665724e-07,4.326206150301816893e-08
3.315220061917378100e-08,1.154077171541554462e-07
-1.819698058116997569e-08,2.026712251038100529e-07
-7.138510885180633028e-08,3.424529435996307511e-07
-1.615776364296105539e-07,5.287578372211767866e-07
-2.758858415480616755e-07,7.434989676335099359e-07
-4.221957250673026563e-07,9.985842200412064530e-07
-5.901538378493027004e-07,1.277929103091502942e-06
-7.856674188632086538e-07,1.590951413131502003e-06
-9.997366158078819002e-07,1.923320130505439636e-06
-1.236320039457769935e-06,2.281944690577211691e-06
-1.487997773118577047e-06,2.654485086280434884e-06
-1.756588950807880316e-06,3.045087325657801072e-06
-2.036431140254729897e-06,3.443649112580525264e-06
-2.327023739888620305e-06,3.851307581369796110e-06
-2.624646669394410331e-06,4.260463121415779318e-06
-2.926334128113335091e-06,4.668947218467529433e-06
-3.230295186070223605e-06,5.071533591079114619e-06
-3.530726800838989679e-06,5.464252191550135442e-06
-3.480606062851029612e-06,6.105343902568145684e-06
-3.128381737223429623e-06,6.326641661359315560e-06
-2.789228830776098689e-06,6.506938549043953687e-06
-2.454875014570606910e-06,6.660184315622356772e-06
-2.125328745727301227e-06,6.788562286514693101e-06
-1.799396772732842129e-06,6.893554920273054945e-06
-1.475627220412558792e-06,6.976904353866974724e-06
-1.152559657337645827e-06,7.039665452826108855e-06
-8.286906129003804993e-07,7.082724814940945590e-06
-5.026352704927107016e-07,7.106534814055505998e-06
-1.731659798312237459e-07,7.111236928116192495e-06
1.607696643485484215e-07,7.096651604079922169e-06
5.000689407426012726e-07,7.062349241264808254e-06
8.453924657478372066e-07,7.007637106162000311e-06
1.197038331036852456e-06,6.931784536169072944e-06
1.555014093710626044e-06,6.833711016022542556e-06
1.918938731519025320e-06,6.712612999488181662e-06
2.288190055028058805e-06,6.567211233257879155e-06
2.661773922933377928e-06,6.396874454867451083e-06
3.037805857610910147e-06,6.200560492813193791e-06
3.419968329362947336e-06,5.969483320028520269e-06
3.508004941134373038e-06,5.329061470089167721e-06
3.219174069251810914e-06,4.942559311736753715e-06
2.929730266115962174e-06,4.550514603345194325e-06
2.643686544913152009e-06,4.155832045883775725e-06
2.363118462764828539e-06,3.763642737121175448e-06
2.089697676470712003e-06,3.374727173489586585e-06
1.827092155814061204e-06,2.996177605136819300e-06
1.574927783899893983e-06,2.626095228514096262e-06
1.338375864508967781e-06,2.273465598933073133e-06
1.115179356041965193e-06,1.933980461264285915e-06
9.118312380442266844e-07,1.618263449022814942e-06
7.243711785497779102e-07,1.319842964793180336e-06
5.604357495379200713e-07,1.050734941244628160e-06
4.145409918436497387e-07,8.025530900228625133e-07
2.952682396338392948e-07,5.884412234721433478e-07
1.958626619600392121e-07,3.983202416542843102e-07
1.260151316097526342e-07,2.472449318129824106e-07
-7.891794860535019013e-08,2.502473105397863143e-08
-2.179567525462341814e-07,4.652317946900349276e-08
-4.035682109798500147e-07,4.081689378462924056e-08
-6.600294464600339866e-07,7.240155456890104873e-09
-9.588628629159926560e-07,-4.684516787844641866e-08
-1.313870601478297914e-06,-1.240070555598079337e-07
-1.701160059705541569e-06,-2.182166650559303302e-07
-2.130052253684131212e-06,-3.306430266648655614e-07
-2.581450664926837795e-06,-4.567852835289266977e-07
-3.060223636675333569e-06,-5.964072133593416906e-07
-3.551959790756294202e-06,-7.464869481907749570e-07
-4.057189215849487053e-06,-9.054216072400509074e-07
-4.566074149883587004e-06,-1.071633032237166057e-06
-5.074916955631126885e-06,-1.242185013837858200e-06
-5.578362831481137779e-06,-1.416907340592814735e-06
-6.068556087010899898e-06,-1.591614157770249557e-06
-6.544104815134385957e-06,-1.767432079205738389e-06
-6.994794874015832920e-06,-1.938290413858314569e-06
-7.553513632475548098e-06,-1.730643751593971682e-06
-7.645203957119040252e-06,-1.368429651284543550e-06
-7.709180682377320820e-06,-1.026192603524050998e-06
-7.748078810054461239e-06,-6.992076545776309806e-07
-7.764307098090222193e-06,-3.827906015535917349e-07
-7.759241046429208745e-06,-7.249906960700814074e-08
-7.733630923876687994e-06,2.357970041525390583e-07
-7.687545613223254864e-06,5.456832931933120636e-07
-7.620582400907783038e-06,8.600621996538694357e-07
-7.531844061189551671e-06,1.181075694965353639e-06
-7.420457199280886077e-06,1.509981307193318755e-06
-7.285115639268088057e-06,1.847201852902854978e-06
-7.125184258915034713e-06,2.192275581046054027e-06
-6.939886609405938272e-06,2.543283747898135167e-06
-6.721029461677162755e-06,2.902969681397891201e-06
-6.476258115379419874e-06,3.264558385228308171e-06
-6.199818702284351285e-06,3.632683967432748218e-06
-5.897954739680496464e-06,3.998107013415595679e-06
-5.568099790812988552e-06,4.361216622720116291e-06
-5.217223255273544178e-06,4.714398762303399239e-06
-4.846768104646819174e-06,5.054839331600331134e-06
-4.194490544569228834e-06,4.984292103790430518e-06
-3.910747718782313889e-06,4.580918111377247085e-06
-3.615907693281174526e-06,4.170792721130026450e-06
-3.315317227624515873e-06,3.761575310482437910e-06
-3.012842495786693572e-06,3.356020685201307228e-06
-2.709520668048543531e-06,2.957645194683830981e-06
-2.411456807057861912e-06,2.572358878912204344e-06
-2.117420166002595664e-06,2.200281860057353637e-06
-1.835265134577653785e-06,1.849922401758625483e-06
-1.561613228936981840e-06,1.518267397139057329e-06
-1.305905113217689035e-06,1.216188943380546403e-06
-1.062795386407817571e-06,9.377860961429681581e-07
-8.431326915958971289e-07,6.960468531939052259e-07
-6.397787167891498687e-07,4.824146900243608357e-07
-4.647880567814735606e-07,3.117895776064249954e-07
-3.095633870346493964e-07,1.734812596389313285e-07
-1.869295496448936683e-07,8.255009014442166217e-08
-5.599850051865141267e-08,-8.592443977898472900e-08
-1.357414632806192457e-07,-2.980634832169451940e-07
-1.919138986382437539e-07,-5.386174924432779073e-07
-2.423683107553253548e-07,-8.508704089674904484e-07
-2.852537619087999408e-07,-1.206806409864271432e-06
-3.227850767732747733e-07,-1.617490851307845790e-06
-3.532528420364468775e-07,-2.059507477360576265e-06
-3.787500734402530243e-07,-2.539043293909809508e-06
-3.976635607723248781e-07,-3.038608351706991213e-06
-4.119577025496737921e-07,-3.559658165112036367e-06
-4.201521920969660794e-07,-4.090224199197207520e-06
-4.240798560764829757e-07,-4.627419164733351390e-06
-4.223918350872129988e-07,-5.164420112918078849e-06
-4.167889070749463429e-07,-5.694372847655294685e-06
-4.060520083848893802e-07,-6.215217956401129956e-06
-3.917671077565617365e-07,-6.716518892552169248e-06
-3.728608374500573349e-07,-7.200735840517044086e-06
-3.504495276550141742e-07,-7.653632724879437456e-06
-7.315104355036984720e-07,-8.062638275215241800e-06
-1.132092694046688774e-06,-8.020338077890904228e-06
-1.522864472283140392e-06,-7.956860352328035704e-06
-1.904318119472817286e-06,-7.872581178708877567e-06
-2.276829375065432762e-06,-7.767753449127185803e-06
-2.640850048734512722e-06,-7.642541120203786144e-06
-2.996799679495617660e-06,-7.496945159298492057e-06
-3.345006828516390614e-06,-7.330860850813790769e-06
-3.685630310214527573e-06,-7.144199903799216562e-06
-4.018372566081307692e-06,-6.936861064636888124e-06
-4.344399758524545945e-06,-6.705848525684918438e-06
-4.661656794691263117e-06,-6.453337023296943336e-06
-4.972802685975398625e-06,-6.176539407648803922e-06
-5.273943822587730284e-06,-5.877896185758927237e-06
-5.566954228017109008e-06,-5.554925162408983471e-06
-5.847062115476773032e-06,-5.211597294316817353e-06
-6.116271946382679195e-06,-4.847499264393919918e-06
-6.369258122267122503e-06,-4.465581835988276890e-06
-6.604646123168131768e-06,-4.067549274850164677e-06
-6.821107061440783132e-06,-3.656067293410809995e-06
-7.017331393150570676e-06,-3.234384173079746013e-06
-6.752881029668992415e-06,-2.689030634295730498e-06
-6.290858051866118045e-06,-2.557616622255602598e-06
-5.804425893011180491e-06,-2.412960993592097501e-06
-5.307531489769143809e-06,-2.259090130002721183e-06
-4.799935362941115163e-06,-2.097403031864279078e-06
-4.290438018182028320e-06,-1.929017808944012172e-06
-3.783503512101518486e-06,-1.756960911246844512e-06
-3.283845777343549517e-06,-1.581038754293737852e-06
-2.800352120033449192e-06,-1.405751647083765831e-06
-2.333534408884957220e-06,-1.229495540219866207e-06
-1.896829491232585644e-06,-1.058292048955825488e-06
-1.486435573043173319e-06,-8.890932768230980738e-07
-1.120449573530442780e-06,-7.294768754702218020e-07
-7.906496554542019578e-07,-5.749147590570091912e-07
-5.198952761674805487e-07,-4.345873911231770015e-07
-2.953416234919776543e-07,-3.024363869604572959e-07
-1.450614212688221810e-07,-1.890207451416312512e-07
-9.858812855332698285e-08,1.385632907576805678e-07
2.954366756404987458e-07,-6.274793599525806462e-08
3.883737335795545059e-08,-2.904481363370885387e-07
-1.739362559071169135e-07,-6.909780980512122406e-08
2.237526194663018279e-07,1.699179303068471720e-07
-2.719469108718677590e-08,4.030148832177120166e-08
1.387725088542036734e-07,4.800460198961017235e-08
-5.369824325208045628e-08,-2.304190901913792154e-08
1.856599885860408069e-07,-1.653376175487062838e-08
-5.192811442942113526e-06,-6.409996313455143947e-06
4.868106274662533631e-06,-6.498611574810451051e-06
5.776292788563809441e-06,4.498490077921626591e-06
-5.858735804792109832e-06,4.596711478795495962e-06
-6.473549526015998993e-06,3.856425786974995257e-06
6.353756996336304599e-06,3.800116578738662750e-06
3.835096502091878663e-06,5.093743827198319095e-06
-3.865221084221615688e-06,5.225169467056752751e-06
5.485871462170048102e-06,-5.868486423392385680e-06
-5.793951889553117803e-06,-5.800994235852602583e-06
3.621011934623301077e-06,6.250056548632385503e-06
-3.669841511223921967e-06,6.371018811705163628e-06
-6.876906301078310794e-06,-2.316298871796673864e-06
1.975914391438533888e-08,-7.657371298464001698e-06
6.652453862639550502e-06,-2.209204446084855116e-06
3.261605241563145715e-06,4.310060687990115281e-06
-3.101378183968641807e-07,4.159764083887205088e-07
5.728037225773650119e-06,-1.898755236741426752e-06
6.724899256403976727e-07,-1.964894294697009198e-07
-5.938277052195195931e-06,-2.002798723233400604e-06
2.240533811418200634e-08,-6.718496747296556697e-06
4.480935264485590192e-07,4.729185732863135348e-07
3.667352799360649916e-08,-8.442806300757037245e-07
-5.837065404033847496e-07,-2.116342503751256216e-07
-3.271332348419292266e-06,4.420277431596726060e-06
3.431828027753835218e-08,-1.612606559798637929e-06
2.477603597752953397e-08,-5.695198374195390537e-06
2.688684596759323329e-06,3.526638827732485042e-06
4.761421399639710697e-06,-1.575518519533799889e-06
-6.299969751922957905e-07,8.436381284928303325e-07
7.629507307891212389e-07,8.996732215980814868e-07
1.254060476279010721e-06,-3.961268094383333094e-07
-4.937932724368938218e-06,-1.669971423824929084e-06
-1.212319489738943594e-06,-4.251796896952974070e-07
-2.669510961776552896e-06,3.603068580470792155e-06
2.135450032711627674e-06,2.770640863758483163e-06
-1.043600338593566818e-06,1.400551563607884983e-06
3.193185281020100677e-08,-2.535757158720026025e-06
-2.082957516294897327e-06,2.807246943655168678e-06
-3.919566826781080704e-06,-1.330947851147106836e-06
2.716171315722853518e-08,-4.626987697115263892e-06
1.996006702422286574e-06,-6.475758790069141305e-07
1.157569817217435720e-06,1.436492972403236866e-06
3.790789833824400282e-06,-1.250625835175870458e-06
-2.009987285690826690e-06,-6.933553555144472020e-07
-1.534140068202446943e-06,2.063649006900185668e-06
2.954679735303518100e-08,-3.557855938541140868e-06
1.619760169487018293e-06,2.066605000989099188e-06
-2.928187933017731719e-06,-1.000406994065441286e-06
2.855477910591600142e-06,-9.369237171619460672e-07
-4.555623371324341011e-06,-6.929636284759905039e-06
4.236055001257403691e-06,-7.018697358738496873e-06
5.096581628093937115e-06,5.168360200323731734e-06
-5.146179710111752705e-06,5.295680824068920392e-06
-6.974090979049682142e-06,3.111317384289628229e-06
6.820950961017568192e-06,3.101611942717574544e-06
1.454593526676328104e-07,-4.972170005007551297e-08
2.959577137181263184e-08,-9.843738259976999364e-08
-3.483089567876319410e-08,-4.838795585640453811e-08
4.375388453292877741e-06,5.755193568604619674e-06
-4.408839524542668438e-06,5.891730871668761867e-06
6.608438711732433244e-06,-4.319815813887585706e-06
6.358456483603278030e-06,-4.741586881844059654e-06
-6.621832977450600719e-06,-4.737216401872879977e-06
-6.857443134826878394e-06,-4.341221222825426140e-06
2.101893339787562154e-06,6.967712065171213570e-06
2.477022684790579343e-06,6.832690401408847602e-06
-2.624415329309502703e-06,6.899138671508278140e-06
-2.289509324253786954e-06,7.017711269379036937e-06
6.849642840381941557e-06,-3.889649675007810370e-06
-7.085239874216966597e-06,-3.936455164360333652e-06
1.735187578455077944e-06,7.089975142687151796e-06
-1.962112409702246047e-06,7.124868544970175013e-06
7.614063956066915377e-06,-1.780706872015292860e-06
7.516359939643641904e-06,-2.196991267984768629e-06
-7.729843580187186863e-06,-2.305245754525665394e-06
-7.825873570101100533e-06,-1.896374850280200826e-06
1.793620638145681118e-07,1.013745992866562094e-08
1.649706847549624715e-07,1.377266150793430149e-09
1.979170916010370536e-07,4.918347814895889771e-09
-4.575809890469333539e-08,1.492108542691628425e-08
-6.834626187164605959e-08,4.510800195090119586e-09
-2.458976448204373187e-08,2.678157215118491436e-09
-4.803419355333145308e-06,5.336263874945182974e-06
-5.181659150704210618e-06,5.004865084325324295e-06
5.130720824987786958e-06,4.887306565871697468e-06
4.763805272469685369e-06,5.206891258094680831e-06
7.696991378654804769e-06,-1.402512698714605510e-06
-7.907809205269737804e-06,-1.524946915244656400e-06
6.842408728541400824e-06,3.379114669052096898e-06
7.044783891297796444e-06,3.030766307118980730e-06
-7.213417316912852457e-06,3.035591249610411875e-06
-6.996567168785856389e-06,3.407433089480413630e-06
-3.560291317184233245e-06,-7.561791171830780519e-06
-3.211894568108717840e-06,-7.726358401843043023e-06
3.297070039191718713e-06,-7.622207542399385447e-06
2.979646302789673844e-06,-7.774261971029871096e-06
-2.859997444546966635e-06,-7.881116687100960284e-06
2.663311743823669569e-06,-7.915569478367402763e-06
7.247493089984401664e-06,-2.999057467700125445e-06
7.057110538102328840e-06,-3.445054319437904862e-06
-7.464581531407929047e-06,-3.089890810585421491e-06
-7.282213797033611426e-06,-3.515791551825059456e-06
4.502415116554479273e-06,-7.016121789838369276e-06
4.184967733190752992e-06,-7.246609319254297742e-06
-4.503334925889719276e-06,-7.164436138274098144e-06
-4.827869486701734219e-06,-6.926827663349982560e-06
-7.648017079282878612e-06,1.693781276683794068e-06
-7.522530746843460918e-06,2.038310235243782433e-06
7.334003489097932101e-06,2.093449259784203227e-06
7.452246131075281044e-06,1.767398440556689180e-06
-7.758575564475512872e-06,1.360060556797972557e-06
7.557030264096723021e-06,1.449825652102215023e-06
-3.962270421706285203e-06,6.404179324833867924e-06
-3.585877029815329187e-06,6.612797068099364144e-06
3.531296036225205298e-06,6.508692381308199964e-06
3.925956409828099995e-06,6.281410379258874625e-06
-5.764469579938713579e-06,-6.088229394539362743e-06
-6.060434765013898367e-06,-5.765242247803579230e-06
5.764530325923610050e-06,-5.830820512044166853e-06
5.454629928597372081e-06,-6.167878881623859885e-06
7.405607295812577949e-06,-2.549518825013615950e-06
-7.620308427203807019e-06,-2.652265914635460442e-06
1.642408973276619290e-07,-9.800708255083271386e-09
-2.811410324035465399e-08,-1.595660951968303877e-08
6.357057925571380718e-06,4.088057719290867221e-06
6.614277934126105559e-06,3.733134024620273820e-06
-6.751939162921292398e-06,3.785012207102641012e-06
-6.476377428055473262e-06,4.162614663005976774e-06
-6.172765792035672799e-06,4.536282925195625524e-06
-5.842215722789442977e-06,4.902285164066195227e-06
5.761499819657019846e-06,4.789351436540972689e-06
6.072687513205314244e-06,4.441092685222660574e-06
1.372866132287337063e-06,7.181603567188243657e-06
-1.636449577482763113e-06,7.205124323613044422e-06
1.018160277106204014e-06,7.259329074519738050e-06
-1.313532864534972030e-06,7.273737702862977592e-06
5.141328771364142518e-06,-6.478211464604679194e-06
4.823096576303325784e-06,-6.760998544275246695e-06
-5.148795177608116633e-06,-6.669569309507471846e-06
-5.461393439900410790e-06,-6.389944483363359465e-06
-2.498592927921387999e-06,-8.009862944814427689e-06
2.341557837695178998e-06,-8.032353613797598127e-06
7.748039592614156296e-06,-1.047172680639327664e-06
-7.958430774211138145e-06,-1.174791276974795449e-06
-5.233645218449393840e-06,-6.146273054836530380e-06
-4.924979809025146067e-06,-6.431183027885378859e-06
4.598738853543620583e-06,-6.521407736791155925e-06
4.908952680545790134e-06,-6.228964722160273592e-06
-2.130918046070180311e-06,-8.126373252688834072e-06
2.015696707974343319e-06,-8.137863844123371376e-06
7.784218857747031444e-06,-7.113098786077482727e-07
-7.994469666711516296e-06,-8.423373841857199650e-07
4.307778633331053049e-06,6.037805345578223905e-06
4.705009128378576216e-06,5.747426938764805012e-06
-4.742202525672649874e-06,5.884613576731388034e-06
-4.339565367779627093e-06,6.171568868324012612e-06
5.794048888655610511e-06,4.212446346051618913e-06
5.473534253440317200e-06,4.554109526835023908e-06
-5.539614406810797969e-06,4.655737231496450470e-06
-5.877772617962638499e-06,4.294763884141751611e-06
-6.189227387767418943e-06,3.927371959561572158e-06
-6.473496314968122992e-06,3.555921639925767152e-06
6.353324259540098516e-06,3.518083382097685663e-06
6.087180187182850008e-06,3.866536760893657557e-06
-7.842193625807782414e-06,1.034027289224322874e-06
7.636799820507422784e-06,1.137502262279143587e-06
5.213820623780740668e-06,-5.909331455110352908e-06
5.513720531915868221e-06,-5.561311717956653048e-06
-5.821026345118228014e-06,-5.508510992606926135e-06
-5.531863463341370848e-06,-5.839161734643468305e-06
3.710399547314254547e-06,5.984722250936590257e-06
3.324938582494623312e-06,6.223030864311303782e-06
-3.392508218965430448e-06,6.345460066007096699e-06
-3.752436923151977680e-06,6.118086257926910207e-06
-7.911005338172047460e-06,7.163588573671731919e-07
7.702965805922514731e-06,8.308810701989409373e-07
1.750462373754209940e-07,9.836650900258116975e-09
-4.591600602097409842e-08,1.694871414196207337e-08
7.089135397978402671e-06,-2.350130066073444707e-06
-7.311373723917900456e-06,-2.456713838003854562e-06
-4.608698409810029540e-06,-6.693290987211053886e-06
-4.285235182643450275e-06,-6.932656461867271167e-06
3.975183525340499542e-06,-7.023291637934361411e-06
4.287169381535415461e-06,-6.785984551418758993e-06
-9.752097266461308347e-07,-8.354876376045734806e-06
-5.710698853320293424e-07,-8.391765299708499302e-06
5.986817954401280714e-07,-8.386896656279101437e-06
9.767529049602299611e-07,-8.349886835430262331e-06
1.903584990295560764e-07,-8.412396500962039406e-06
-1.510532397372618344e-07,-8.413801239004164612e-06
6.697992168198361393e-07,7.312004792250986934e-06
-9.905004323311574444e-07,7.320352925424314859e-06
-6.729280070709870373e-06,3.187747982117827979e-06
-6.954627681909510327e-06,2.822026075740902764e-06
6.802228906691583237e-06,2.830419200370121018e-06
6.592143995126775831e-06,3.173119338435075305e-06
5.065496457841694306e-06,5.453618418881515101e-06
5.424335912929148271e-06,5.126848969256033342e-06
-5.487032396997988971e-06,5.253210790654307880e-06
-5.112986379955549555e-06,5.588292604666933616e-06
3.277766493388804202e-07,7.349688100836226230e-06
-6.660421675903053339e-07,7.353790507670202307e-06
-1.754392523524582932e-06,-8.219805654103820008e-06
1.681344870027325313e-06,-8.223099679518832550e-06
7.798284917757000725e-06,-3.904088923276207675e-07
-8.008610593853002476e-06,-5.228706776274742155e-07
-1.369175373177470005e-06,-8.297675887569686058e-06
1.336053461698452209e-06,-8.295267907924988522e-06
7.798366079967362487e-06,-7.933902935803592252e-08
-8.008753307386362653e-06,-2.110465113992062013e-07
6.705435074655800675e-09,5.750993165809679359e-08
4.700807913544583095e-08,6.896641960022712894e-08
-7.958995031214754007e-06,4.048351627682275334e-07
-7.991981159407931745e-06,9.652877514796374665e-08
7.749499379862394372e-06,5.277086299021193196e-07
7.781781837362269054e-06,2.250987019882319600e-07
-7.958305936724343374e-09,7.367343770526281817e-06
-3.392378214176906299e-07,7.368577962569006613e-06
-3.155393135575242207e-08,1.185580746558156025e-07
-5.657404765277584644e-08,8.206332752236320029e-08
-1.114174549313261227e-08,6.916037479159340869e-08
-9.663755758028090038e-08,6.827365302849829613e-08
-5.571687523520944750e-08,3.194014883673791128e-08
2.243714019240679369e-07,8.257124832877012596e-08
1.747089557121892214e-07,1.006508098197977421e-07
1.800645117566733164e-07,3.298918784653838111e-08
1.395650231920925638e-07,1.461286775231335476e-07
1.040910103342692561e-07,8.561553197509075968e-08
-3.847583475612891546e-06,5.540300895599707470e-06
-3.550222321388043036e-06,5.147961385394035164e-06
3.528497649644516706e-06,5.017860782653530910e-06
3.815996542960874944e-06,5.403853469350587495e-06
-3.886723151892761087e-06,4.906111604095023205e-06
-4.169681871336223862e-06,5.302488494451054818e-06
1.993781214501165929e-08,-8.083927321978756010e-06
3.966526365284985802e-06,-1.534555432263831491e-06
3.487808739626023761e-06,-1.370051767646132052e-06
-1.055919065989584931e-06,1.160461950111032450e-06
-1.294646056324005404e-06,1.459459804783842858e-06
9.330538072901684470e-07,1.378085111380624287e-06
1.138595678151001818e-06,1.678509928713922901e-06
-5.259923824952169483e-06,-1.542306288464025592e-06
-4.752005381973965413e-06,-1.371179649073813704e-06
-6.381706454544314955e-07,6.526124339269024399e-07
-8.365115223884896823e-07,8.907517583094565291e-07
-9.912012937263464888e-07,-5.073420160512622714e-07
-1.346209477436289192e-06,-6.470000978290963276e-07
4.939553315215144097e-06,-1.861510949427870540e-06
4.451769012097881561e-06,-1.698796620212567113e-06
1.132738180926781502e-06,-2.090481590118992260e-07
1.472893368698463994e-06,-3.061059847034082107e-07
2.042999909529685652e-07,-1.402556708627344156e-06
2.195063853627327811e-07,-1.830431910748829013e-06
3.571210066334801302e-06,4.387309727848161763e-06
3.282963507612593736e-06,3.993028083532913369e-06
5.901612029277235444e-06,-2.175591661472260366e-06
5.424064954984071876e-06,-2.020831379877705066e-06
-1.801794967000118116e-07,-6.963347328761202724e-06
-1.879056033620588379e-07,-6.469610630556346999e-06
5.846043333312777904e-07,-6.535645339453628212e-08
8.351561760598620624e-07,-1.283023632059690044e-07
1.361055699843307804e-06,2.000203847431886016e-06
1.599073016049230845e-06,2.341171595191385514e-06
-1.549970888974594250e-06,1.784164033114118289e-06
-1.819953614951349100e-06,2.132026951778106612e-06
3.116429880142515307e-07,4.355630124810067549e-07
4.343285641217099832e-07,6.285084701197688869e-07
2.690775507010641187e-06,-6.759560695560307086e-07
3.145644759976793154e-06,-8.198649357562364603e-07
-1.934791064157304101e-07,-3.822888950847894596e-06
-1.872658983579590399e-07,-3.295758763668736197e-06
-2.625952774459604243e-06,-1.118360873916794800e-06
-3.104872211433439685e-06,-1.286803128190106195e-06
-1.581918668454128991e-07,-7.874820600266875254e-06
-1.706037949632574125e-07,-7.433041838586437507e-06
4.135493363551677011e-06,5.169881006805869017e-06
3.856587179798511330e-06,4.780708624088438468e-06
6.812687193048861554e-06,-2.463462907368949362e-06
6.366649877269948277e-06,-2.324397501662115778e-06
-7.158099033438721886e-06,-2.208812307784439537e-06
-6.711939828798481137e-06,-2.047478675509382452e-06
-6.245526547011600556e-06,-1.882181612666138640e-06
-5.759282502402488367e-06,-1.713140659873586538e-06
-4.264892975964682602e-07,-2.663310713516703422e-07
-6.829648406328218122e-07,-3.799215307039835561e-07
-3.250345162226132556e-06,4.747808817944938731e-06
-2.948217793927830633e-06,4.340253525989553492e-06
-3.136293484961740075e-07,2.826894484171208537e-07
-4.633358232022020181e-07,4.492189594859113334e-07
1.644442649387856917e-07,-6.817746746766447631e-07
1.859715681413971559e-07,-1.017692291077038601e-06
-1.935594207538692570e-07,-5.957490740001447582e-06
-1.970521950174896976e-07,-5.430977973603489590e-06
5.795354093695844390e-07,8.510359243945433546e-07
7.463096284070617380e-07,1.101682143393816210e-06
-2.101591928260467574e-06,2.499081619562600824e-06
-2.392755856578220420e-06,2.882519143609644785e-06
-3.599387491058459087e-06,-1.457530992878303287e-06
-4.104832056292766235e-06,-1.629056997091721773e-06
2.994831597958628962e-06,3.602061448948891320e-06
2.708820812021520897e-06,3.217047969731914515e-06
2.427822453935431736e-06,2.841791126694662566e-06
2.153694751908930660e-06,2.478726720458796271e-06
-2.289857334476558003e-06,-5.794824841902482678e-07
-1.852592094316717021e-06,-4.470549959623267148e-07
2.145036340374556176e-06,-8.922236250790928121e-07
1.745068490977960388e-06,-7.434252840135043251e-07
2.526326847654150246e-07,-4.357598092958875036e-06
2.513985273484076186e-07,-4.895913334583640729e-06
1.850486904514377315e-06,2.698273556466985214e-06
2.113746454330430451e-06,3.069252904411709083e-06
1.849155685041850720e-06,-4.173386990186913659e-07
2.257214130774410857e-06,-5.413166443789996329e-07
-4.242120351733552801e-06,-1.201956273770137156e-06
-3.734796035086168161e-06,-1.036135515654993527e-06
-1.740648764921704383e-06,-7.965525633637573484e-07
-2.169617036444369912e-06,-9.544354871366943915e-07
-2.647454762911644695e-06,3.930885528529093989e-06
-2.350529470609564456e-06,3.523239254476726537e-06
-1.783569059713669943e-07,-2.784087100796941913e-06
-1.666632944655385682e-07,-2.293109384126563941e-06
2.317195411888991359e-07,-2.292677708214719580e-06
2.410281383184510929e-07,-2.783655536298143937e-06
2.477977498483290359e-07,-5.430545578087562758e-06
2.419190316269917511e-07,-5.957060037442487347e-06
-2.060846641138889606e-06,3.122144106389287709e-06
-1.780606253965500955e-06,2.730751472582093228e-06
-1.982676432014310136e-07,-4.896344974523349378e-06
-1.971167394220740132e-07,-4.358029695484124507e-06
-6.589028990118246921e-06,-2.432900062801598994e-06
-7.037777969838476012e-06,-2.569107861769547356e-06
-2.690163166284532018e-06,3.277986244881513826e-06
-2.991491740101088056e-06,3.682408040668681731e-06
9.621437058279011246e-07,9.457112551586840679e-07
7.722322091238570153e-07,7.118913059393430476e-07
2.116750823151894838e-07,-7.432358009934069626e-06
1.971170323630671876e-07,-7.875726299936088763e-06
-3.293153683382645325e-06,4.091033997224328060e-06
-3.592725653474694752e-06,4.500650262564419718e-06
2.386409859051021040e-06,3.450582924062061195e-06
2.666737957519453718e-06,3.839747088677476837e-06
6.488222050346907563e-06,-1.941751848546877095e-06
6.934499642641398363e-06,-2.100625459262930438e-06
-2.966290108196687922e-07,5.687202016922844360e-07
-1.783550390255284816e-07,3.791566470096530273e-07
-1.137725024289512115e-07,-1.018089972852684229e-06
-8.986608786365310028e-08,-6.823100195454793077e-07
-7.599968507871196974e-07,-1.375880411291836591e-07
-4.885239428315168808e-07,-7.019840161998272480e-08
-5.625542363354987494e-06,-2.128889878875311547e-06
-6.116183964691553960e-06,-2.284922694909800928e-06
2.952009204737755744e-06,4.232844552441290810e-06
3.240255414133360645e-06,4.627039892413620791e-06
-1.512934536451885591e-06,2.353530519462412923e-06
-1.259845100422061385e-06,1.993374884963546349e-06
2.475520461100498824e-07,-3.295327133415253334e-06
2.513801477389779821e-07,-3.822457319180118280e-06
1.889036190266681788e-06,2.131266484914639520e-06
1.635514113667924763e-06,1.801582619472482377e-06
5.553755101772145658e-06,-1.616816720371734393e-06
6.028218870972162789e-06,-1.780419083877818372e-06
-3.236825181643781723e-06,-8.759627160175256632e-07
-2.752857308656272310e-06,-7.229776665648291870e-07
6.023360375914670165e-07,5.073245812558909963e-07
4.535487259515998681e-07,3.334271633775293286e-07
2.338866651714521319e-07,-6.469196396957489314e-06
2.237849746198639784e-07,-6.962875445432420104e-06
7.641902622077893183e-07,-3.527202322089743496e-07
5.276377138746131282e-07,-2.465964229098424939e-07
3.021583489619147771e-06,-1.207184997411453198e-06
2.571945320020323671e-06,-1.047256793718193713e-06
-1.520644840548239293e-07,-1.830865245188844452e-06
-1.344714340783710613e-07,-1.402985634192770229e-06
4.583204486406528360e-06,-1.289011771896394102e-06
5.070746472430947938e-06,-1.452572969306606194e-06
-1.448200597264962606e-06,-3.280537217232398506e-07
-1.081566002579043229e-06,-2.240944696233493356e-07
1.378357526670353403e-06,-6.028749941494457369e-07
1.049234255892310573e-06,-4.719508196534573783e-07
-4.614392620482889397e-06,-1.799206799302821966e-06
-5.123515025305122365e-06,-1.966530433903454133e-06
-6.131743049490581448e-07,1.051378755945004079e-06
-4.420266582763941514e-07,7.934686120603855792e-07
-1.024182969990183448e-06,1.654366033144652812e-06
-8.077716402280794562e-07,1.339135941764617335e-06
1.395446533623358586e-06,1.492700229009518112e-06
1.170310703206665039e-06,1.206530209828114898e-06
3.615702744664711394e-06,-9.710159337912763546e-07
4.096871724255102638e-06,-1.128055053074161922e-06
-1.231452091251502552e-07,-1.143983075563160031e-09
-1.020553977126691370e-07,-4.268934209233065019e-08
-9.697204578073536829e-08,-9.033186414667017455e-08
-5.255751982097306747e-08,-5.732941364925261953e-08
2.257266423457469561e-07,-8.187488837800321057e-08
2.296549960036248372e-07,-3.680190220789246724e-08
1.843417257640204417e-07,-4.911017097380477747e-08
2.481778291476128575e-07,-7.969697782701745101e-11
-3.252869138262402952e-08,-1.888560051014468849e-07
3.643169392508595106e-08,-1.804700837808061516e-07
-2.104235627807561113e-08,-1.022090105913072109e-07
1.115195013809928903e-07,-1.932425562356973825e-07
9.834396819282265655e-08,-1.095151424477627890e-07
8.354304831427583661e-08,3.213009415971275467e-08
-3.798138828418965272e-09,2.277142992969249407e-08
-1.825113430631079969e-08,-6.217809671562342878e-08
-5.002032086732358511e-08,-7.543267816611138758e-08
1.492857508521135805e-07,-8.194894212829273798e-08
9.601039940209581995e-08,-7.067513503773966141e-08
1.403833429909740374e-07,1.196436426773745881e-08
-1.831771706429727983e-08,1.456196108179173554e-08
1.960095756725785309e-08,-5.242683690763044949e-08
-7.995253263959248839e-09,-1.835642767308847757e-08
8.946876218961621543e-08,-2.793867569640130485e-08
1.665784148170794708e-07,-3.261761694325175217e-08
1.682819398329260782e-07,-6.647284326232149998e-08
-4.619138091128980816e-08,-6.936519282239240916e-08
-3.621019911089645047e-08,-4.097648053413549238e-08
-1.872805682198925217e-07,2.533689964773273213e-07
-1.910901960360198333e-07,1.559872978566642920e-07
-8.899114010859286396e-08,2.277324569295330336e-07
3.215427235367576157e-07,3.022975929996983544e-07
2.130363530677728127e-07,2.744491349522283589e-07
3.272022013556211268e-07,1.917070191859417844e-07
4.501619499290384204e-07,-1.188596479554953807e-07
3.875755285875463205e-07,-2.234601191284946917e-08
3.463825340517415792e-07,-1.557780280818926038e-07
-3.424846509783502255e-07,-1.285111335230601408e-07
-2.291983357188652781e-07,-1.690230354913338609e-07
-2.746418276739155987e-07,-2.444379888951246235e-08
3.793331678039057979e-08,-5.308996414659674793e-07
1.397301566398859359e-07,-4.041385160933524354e-07
-6.255420565348840168e-08,-4.046892965109234909e-07
-5.522276454996787501e-06,4.962458359867311509e-06
5.457525287160976689e-06,4.846803865309011868e-06
7.023177811541339631e-06,2.762066322797029424e-06
-7.190722934171231105e-06,2.749029822662706543e-06
-1.721546508731681650e-08,-2.080632963584828093e-08
1.425577017736650965e-07,-1.571798031764931867e-08
3.926021679519324108e-06,-7.248707460813831909e-06
-4.233826288382309680e-06,-7.166254285631593906e-06
-3.312484506867202456e-06,6.582861340400644946e-06
3.237874367228207439e-06,6.478765843534442631e-06
-6.088958386336619455e-06,-5.471683267341320426e-06
5.794697239237005342e-06,-5.522011287075156170e-06
6.611335331941477191e-06,3.453576499512768591e-06
-6.749297147490251486e-06,3.486996164788824722e-06
-4.770170263638550080e-06,5.628349311937747435e-06
-4.437402259466014557e-06,5.636590476154320221e-06
4.731979610119606253e-06,5.493240615878511055e-06
4.403158824993444463e-06,5.500934689682372364e-06
4.556062201559061107e-06,-6.781229789803725777e-06
-4.882185225853182097e-06,-6.689353247343045149e-06
-5.503650922158260465e-06,-6.124975924217957806e-06
5.184742095254588895e-06,-6.206418377603813842e-06
6.088596121961093812e-06,4.157041218218392607e-06
-6.190228542150652461e-06,4.235955051882484110e-06
-4.146867930314980614e-06,5.613969324883514715e-06
4.113191426200900001e-06,5.477185362567010521e-06
-3.571001851775600785e-06,4.827196293407353523e-06
-2.454719019851036490e-06,-8.422492257210359584e-07
2.411399399806397756e-06,-7.876261954328905151e-07
1.379597272792169931e-06,1.739031663437424727e-06
-1.278750479266225820e-06,1.718135031685563936e-06
2.835424243998573032e-08,-4.089118326267635452e-06
-3.416466221552113435e-06,-1.163306093901820224e-06
4.273818065731149786e-06,-1.412364064465996553e-06
1.870770703877333511e-06,2.409179467771757873e-06
-1.801344856584454952e-06,2.425495848223959833e-06
-8.240440360952325911e-07,1.104501466860437874e-06
9.492395401905181651e-07,1.152877350143460706e-06
3.073935440043672686e-08,-3.036075137791305327e-06
-8.692080655034645331e-07,-3.090903393921983130e-07
2.596921853894641375e-08,-5.164628217454765890e-06
-5.444080354815868689e-06,-1.838391378344919131e-06
5.248198574251854354e-06,-1.738334404151598373e-06
9.361837708591279690e-07,-2.875462889726228254e-07
-2.372225353395078069e-06,3.199605250316587481e-06
3.551130739050328649e-08,-1.201088736678261670e-06
-4.549405424617316125e-07,6.089839766082471741e-07
2.407746019685558406e-06,3.142656345570952651e-06
-2.969911068020402118e-06,4.010888077907676963e-06
6.199276730447912887e-06,-2.056422725447775999e-06
2.119816041797561787e-08,-7.203109561335811261e-06
3.549617895656842371e-06,4.703977818413915340e-06
-6.419894683709744600e-06,-2.163140646022419208e-06
2.973627822792780613e-06,3.916203229517312292e-06
2.358282792371487099e-08,-6.216631343761423959e-06
5.928289482072467714e-07,6.687878782057746112e-07
3.312429929278438156e-08,-2.055433332583231782e-06
1.604403472073340495e-06,-5.151845587991745818e-07
-4.428123409483123566e-06,-1.500291511303540052e-06
-1.589654102819467055e-06,-5.523183542007743072e-07
3.314904930491226283e-06,-1.091137740276897105e-06
4.020775161693221616e-06,6.013844572025341775e-06
-4.053887446747882492e-06,6.147526036195952614e-06
4.086464252483890538e-06,5.732625737927150031e-06
-4.119561814669454277e-06,5.870315635986277124e-06
3.608981043544451218e-06,-7.440635257190407774e-06
6.077158097432047746e-06,-5.137658742509295928e-06
7.184920378402819687e-06,2.422755431281597500e-06
2.852511616833762909e-06,6.661295555603428113e-06
-2.961647985175048302e-06,6.746983148485677906e-06
-7.363657116204485807e-06,2.387789953583033223e-06
-6.356424138120447165e-06,-5.109275902649769541e-06
-3.897331910022575829e-06,-7.367966000975472711e-06
