Size 899,2
0.000000000000000000e+00,0.000000000000000000e+00
0.000000000000000000e+00,0.000000000000000000e+00
1.195590957848398568e-08,-2.017958562512600858e-06
-7.519718778774875229e-08,1.481411966434475505e-06
8.701219862861823796e-08,-6.819577886220027593e-08
1.315516514580984899e-07,-3.263261198452964518e-08
1.554409449242494012e-07,-1.794912392180582784e-06
1.383037152158498943e-06,-6.211542826689632707e-07
1.430176359029428293e-07,1.393613364767106002e-08
1.396595578069543680e-07,7.356272218627102113e-09
1.487378536914047023e-06,-3.439473534711266465e-07
9.193502029420924126e-07,8.659886621248543549e-07
8.391986163219622056e-08,4.988134934079508101e-08
3.154828054186958048e-09,2.742206520348689376e-08
6.862932920242739694e-07,1.039797037128348711e-06
-6.787102059117828157e-07,1.125818989507020202e-06
-2.767089315036862636e-08,1.549330150714240175e-09
-2.648712795804229110e-08,1.632230911220565852e-08
-9.216232442462708376e-07,9.379460988390605523e-07
-1.598347532537814103e-06,-4.042833670647978640e-07
-1.200436638533872209e-08,-3.848677452852022307e-08
-2.846628527586222606e-08,-5.374907434397668265e-08
-1.490725229905616829e-06,-6.974103185004243503e-07
-1.304350470618580235e-07,-1.792072573655750774e-06
5.847189300798194687e-08,0.000000000000000000e+00
9.148767400493359670e-08,0.000000000000000000e+00
1.087614651220483119e-07,0.000000000000000000e+00
1.170964165313642608e-07,0.000000000000000000e+00
1.184036322770608584e-07,0.000000000000000000e+00
1.226483187550030984e-07,0.000000000000000000e+00
1.283746926903546731e-07,0.000000000000000000e+00
1.290196218803007766e-07,0.000000000000000000e+00
1.251206167301052461e-07,0.000000000000000000e+00
1.160468100270402223e-07,0.000000000000000000e+00
9.453154073936136286e-08,0.000000000000000000e+00
6.641667146916950082e-08,0.000000000000000000e+00
3.635982213475623729e-08,0.000000000000000000e+00
0.000000000000000000e+00,0.000000000000000000e+00
0.000000000000000000e+00,0.000000000000000000e+00
0.000000000000000000e+00,0.000000000000000000e+00
0.000000000000000000e+00,0.000000000000000000e+00
0.000000000000000000e+00,0.000000000000000000e+00
0.000000000000000000e+00,0.000000000000000000e+00
0.000000000000000000e+00,0.000000000000000000e+00
0.000000000000000000e+00,0.000000000000000000e+00
0.000000000000000000e+00,0.000000000000000000e+00
0.000000000000000000e+00,0.000000000000000000e+00
0.000000000000000000e+00,0.000000000000000000e+00
0.000000000000000000e+00,0.000000000000000000e+00
0.000000000000000000e+00,0.000000000000000000e+00
1.217731576775535940e-07,-2.007182929692129509e-06
2.200061807554557776e-07,-1.985992066181223058e-06
2.981605780034951723e-07,-1.964482800697649652e-06
3.669438557420878251e-07,-1.942654161640991019e-06
4.283949212499609019e-07,-1.920978132554289665e-06
4.843366243836944277e-07,-1.899504596825324901e-06
5.368473056053149011e-07,-1.877984217759939415e-06
5.874698693415570960e-07,-1.855958651053759627e-06
6.377796086279895835e-07,-1.832744152385381474e-06
6.892979151803999839e-07,-1.807453236789072217e-06
7.434386530737489115e-07,-1.780097617766007307e-06
8.011214635328907439e-07,-1.748650756902245064e-06
8.632917125703266192e-07,-1.711339808504461710e-06
9.295425332350030188e-07,-1.667198077564534554e-06
9.999231059745510147e-07,-1.614973101040687374e-06
1.073492342144577233e-06,-1.553828991397184632e-06
1.149476795588015104e-06,-1.483019797392906985e-06
1.226377290030003618e-06,-1.402352750063942124e-06
1.302779260427317520e-06,-1.311782730022709921e-06
1.376878912898635308e-06,-1.211994978552956443e-06
1.446862127753761716e-06,-1.103903715903347253e-06
1.510884242621647667e-06,-9.891643820398841992e-07
1.567106784830558410e-06,-8.698499455393484766e-07
1.613977358043125573e-06,-7.481353793394286480e-07
1.650800750676162373e-06,-6.275674342525167839e-07
1.674750511926486529e-06,-5.104213577977801913e-07
1.687879001277583840e-06,-4.031104322569644314e-07
1.690254646633374766e-06,-3.114259691617865939e-07
1.688328461790287041e-06,-2.377822043422196577e-07
1.684272125427457413e-06,-1.759145745279450618e-07
1.679237245454938702e-06,-1.226093399020272183e-07
1.673894490635630779e-06,-7.564652891160877785e-08
1.668574397162885475e-06,-3.252260256005553607e-08
1.663279587475077473e-06,8.729722614950204644e-09
1.657719225289592509e-06,5.002193023077032844e-08
1.651392546559862140e-06,9.291522834191749021e-08
1.643595901767180485e-06,1.386429635431515172e-07
1.633518892035981996e-06,1.882531499401846507e-07
1.620263976901026376e-06,2.422800737232071824e-07
1.602913014326450865e-06,3.012159801337776530e-07
1.580584205495662230e-06,3.649386222292509643e-07
1.552443152525174187e-06,4.334041624718202344e-07
1.517808572774180773e-06,5.059328550295475382e-07
1.476092327831003433e-06,5.820358008701366714e-07
1.426907110893087620e-06,6.607806853594847152e-07
1.369724522269393963e-06,7.418359741634426152e-07
1.306372812218862462e-06,8.249580297160668772e-07
1.233811346087306883e-06,9.082944085460913440e-07
1.152443795907806625e-06,9.903513852604899668e-07
1.063764444939998060e-06,1.068709949596605770e-06
9.689864401529037407e-07,1.141676514774510566e-06
8.705681840916799573e-07,1.206312740627990274e-06
7.719730778546896369e-07,1.263250037051758757e-06
6.757386140579843182e-07,1.311421301302727386e-06
5.832780455245746722e-07,1.352105120162608179e-06
4.943312712931546205e-07,1.386020953531988395e-06
4.090063507946267828e-07,1.413724522000343394e-06
3.277626306448275242e-07,1.435729951649061429e-06
2.505994848193924771e-07,1.452640873852769696e-06
1.777473324670930332e-07,1.465037920107161599e-06
1.089743447715856157e-07,1.473540631266768220e-06
4.421143182138971270e-08,1.478735838016197290e-06
-1.704029194665957864e-08,1.481188541339659092e-06
-1.309783205335637281e-07,1.479646582090047630e-06
-1.850378419968476361e-07,1.476043560615535002e-06
-2.382231135012877977e-07,1.470796546819901561e-06
-2.914740169499662556e-07,1.463961442683075722e-06
-3.458294715299463294e-07,1.455402157943701812e-06
-4.025140578551000579e-07,1.444793813068411063e-06
-4.626555180098842217e-07,1.431593919372841085e-06
-5.276723244418293516e-07,1.415012135011146615e-06
-5.986569895534482820e-07,1.394048703427239474e-06
-6.772960903460185318e-07,1.367355180528222738e-06
-7.668308976231781962e-07,1.332674551682862795e-06
-8.663682383720519784e-07,1.285868012275070404e-06
-9.725895910627027268e-07,1.227477909545723544e-06
-1.078282006509890609e-06,1.155161766977676744e-06
-1.180187332747180831e-06,1.073134813508000510e-06
-1.275460736275338843e-06,9.839212120230571777e-07
-1.361916964692526680e-06,8.904828108551427512e-07
-1.438090148405625751e-06,7.953402170874664418e-07
-1.506967294507135439e-06,7.012623005853715520e-07
-1.566335278537673227e-06,6.090848175005998621e-07
-1.616596821555173047e-06,5.196564337321298711e-07
-1.658099716064122809e-06,4.344027278424863039e-07
-1.691510404467270034e-06,3.541155533825509551e-07
-1.717634532712589956e-06,2.798168321000704009e-07
-1.737503845459671822e-06,2.116773030494246744e-07
-1.752216447460295470e-06,1.499844660662837406e-07
-1.762933716117419947e-06,9.420226333818580529e-08
-1.770790193910664764e-06,4.378640511418773658e-08
-1.776819876485345192e-06,-2.497626718816582534e-09
-1.781922741583256777e-06,-4.604204794080143479e-08
-1.786753168313983823e-06,-8.869057126346110355e-08
-1.791713420091837548e-06,-1.326164032925739487e-07
-1.796855197775751212e-06,-1.801057647586897955e-07
-1.801853582980483440e-06,-2.339679439927018083e-07
-1.805991806093023779e-06,-2.967155808494702117e-07
-1.808027005363455603e-06,-3.719134492480378398e-07
-1.805526104656781457e-06,-4.669732652121634267e-07
-1.790889467926178743e-06,-5.787441887581439907e-07
-1.762823391709738777e-06,-6.993639491472435639e-07
-1.720825456915036053e-06,-8.188063256713109540e-07
-1.670980958149383716e-06,-9.321512490798033383e-07
-1.615338840748190011e-06,-1.039491994690302345e-06
-1.555483335694274344e-06,-1.139992098498666527e-06
-1.492268145977718963e-06,-1.233383212239282998e-06
-1.426877887936408463e-06,-1.319034224290262570e-06
-1.360315257199985426e-06,-1.396994141457733591e-06
-1.293490360363601551e-06,-1.467368223203072711e-06
-1.226930400017905228e-06,-1.530698679867706680e-06
-1.161161974824496911e-06,-1.587535242850512332e-06
-1.096209737573053621e-06,-1.638661496937284477e-06
-1.032131269828127876e-06,-1.684832316272258905e-06
-9.684874244637319418e-07,-1.726888564198679789e-06
-9.049082085438461122e-07,-1.765556623389009166e-06
-8.404574388433119518e-07,-1.801762963851945589e-06
-7.744732439819852910e-07,-1.835295510470880486e-06
-7.061653920437799996e-07,-1.866614984914761051e-06
-6.348938413804617355e-07,-1.895859171639939898e-06
-5.598274693733863455e-07,-1.923048936284335523e-06
-4.803448509999259307e-07,-1.948053480177555736e-06
-3.956038336360181437e-07,-1.970583354792683288e-06
-3.051431170152776378e-07,-1.990208513032325197e-06
-2.084041431747262017e-07,-2.006296086408040919e-06
-1.001990056401577505e-07,-2.017989597516625565e-06
1.010609892634032987e-07,-5.870928419514466926e-08
1.176706370664639246e-07,-4.571417097574102255e-08
1.285997880959346591e-07,-3.274482961383795576e-08
1.337905499294126604e-07,-2.365474610870861624e-08
1.353227347057208936e-07,-2.112945969077737567e-08
1.600324554702354189e-07,-8.175919354825992540e-08
2.111152935715600176e-07,-1.318574583803270126e-07
2.834318344476900791e-07,-1.843619969643317428e-07
3.739653185320318921e-07,-2.385564820440958308e-07
4.796085729274326787e-07,-2.935100405635605852e-07
5.972808272784982865e-07,-3.482861104074062524e-07
7.239498166287571510e-07,-4.019607386707030921e-07
8.566301763299611204e-07,-4.536276271439374080e-07
9.924317999330767390e-07,-5.024131939871850824e-07
1.128620291306056192e-06,-5.473697572992823920e-07
1.260593275898512972e-06,-5.865084177293338585e-07
1.332547981370747631e-06,-7.297228070332757062e-07
1.278517237397050161e-06,-8.405815304436362242e-07
1.221546529207074977e-06,-9.496924065221942985e-07
1.162358014073533930e-06,-1.054886165156113628e-06
1.101738170158658108e-06,-1.154589137322063960e-06
1.040860273471570402e-06,-1.247316121296182261e-06
9.804228471958286620e-07,-1.332426688930745191e-06
9.215031329001797305e-07,-1.409117160618635783e-06
8.645010665581885657e-07,-1.477570298853833018e-06
8.101281315204400834e-07,-1.537545677359001457e-06
7.582854951468654670e-07,-1.589702501075961988e-06
7.091417541268904779e-07,-1.634361860243049436e-06
6.621508219103772444e-07,-1.672061272548566661e-06
6.161225412961670222e-07,-1.703718338292926352e-06
5.708390390787666026e-07,-1.729138453831072872e-06
5.244126358039366504e-07,-1.750479707629163564e-06
4.759326562377008976e-07,-1.767918484120775011e-06
4.241338553274665189e-07,-1.781578748635196155e-06
3.673736054764649675e-07,-1.791408695680689655e-06
3.042149902808159775e-07,-1.797150311760828484e-06
2.324297973843098354e-07,-1.798237597874382482e-06
1.783651496151354505e-07,-1.656139323197701233e-06
1.954695614695094478e-07,-1.506804092869060397e-06
2.079710742748044942e-07,-1.346146971519087351e-06
2.158102685553833215e-07,-1.177799855406718515e-06
2.187865570816137355e-07,-1.005721879723704760e-06
2.167183580022784628e-07,-8.340835336478122468e-07
2.094202732826634868e-07,-6.671948005553021234e-07
1.967082286157671679e-07,-5.095218946293855689e-07
1.784000227564256573e-07,-3.656407795561142444e-07
1.542036450582162088e-07,-2.402386026951598309e-07
1.234438327950896604e-07,-1.396413595823972276e-07
1.352042255041524682e-07,4.856619168389831675e-09
1.343365401247155887e-07,1.578637600560899076e-09
1.345378415463855003e-07,9.119675966467922576e-10
1.355827540099915327e-07,1.734488649486025183e-09
1.370292883682042575e-07,4.540260317291083969e-09
1.812111610330154605e-07,2.799033008468655306e-08
2.274000471296988196e-07,6.065988195588364948e-08
2.800948163966261574e-07,1.047430546746518537e-07
3.389884586124572954e-07,1.597286048328844596e-07
4.032905416751910426e-07,2.247932705172621561e-07
4.721006164749887699e-07,2.989493368365911886e-07
5.444485187609512708e-07,3.811157837146062445e-07
6.192902712578679699e-07,4.701107916618960324e-07
6.955144507844037097e-07,5.646600820025578359e-07
7.719363712127086941e-07,6.634419026459247016e-07
8.467368257954155478e-07,7.645409126092136393e-07
1.003683429412876836e-06,7.961958291701119625e-07
1.083710335652678702e-06,7.254744235495165959e-07
1.157932356216891273e-06,6.551850682565596444e-07
1.226436892576929828e-06,5.859401785560210420e-07
1.285390166124505284e-06,5.185368294761343404e-07
1.338440967488085822e-06,4.527363575740792630e-07
1.385314106073210355e-06,3.897813523379962366e-07
1.426172932376880600e-06,3.299842256350827194e-07
1.461187318415040462e-06,2.740105857314901435e-07
1.490737056762890529e-06,2.217695861068330763e-07
1.515156677009237304e-06,1.735020000586904240e-07
1.534878444704691453e-06,1.286903905937395845e-07
1.550249949613691492e-06,8.703877498704645133e-08
1.561589460238832476e-06,4.760964706458975372e-08
1.569078612675204121e-06,9.507029682576054067e-09
1.572750974831561081e-06,-2.856218532820648742e-08
1.572428537295135547e-06,-6.809957981816544482e-08
1.567702570890365506e-06,-1.106313252793147334e-07
1.557845774131203034e-06,-1.582078255975182533e-07
1.541886398963807458e-06,-2.123998333551216857e-07
1.518466229041418372e-06,-2.754218618244893654e-07
1.357018615747006578e-06,-2.856572293510328320e-07
1.226274714017733888e-06,-2.332407407519733781e-07
1.092184256455844925e-06,-1.828705844561377737e-07
9.559806591016150185e-07,-1.353800430005935938e-07
8.205503844059677928e-07,-9.188592190425188665e-08
6.888559592732076130e-07,-5.340286695093178414e-08
5.638456882389481385e-07,-2.094634554427394931e-08
4.485124482867002943e-07,4.450318560541008990e-09
3.458946417068341543e-07,2.173612029030333277e-08
2.590869783335619672e-07,2.982199158952078425e-08
1.913051687968421212e-07,2.750615058630976047e-08
6.346931542506065630e-08,5.277769532284181341e-08
3.868780585462357622e-08,5.201217676589797667e-08
1.765212886345873188e-08,4.544739606252497157e-08
3.122979104242257837e-09,3.584449887132477997e-08
-4.723381707958468665e-10,2.731697874672209304e-08
3.925623352197935280e-09,6.582672413472998948e-08
-9.792486874987838996e-09,1.202746997028348293e-07
-3.734743649519294776e-08,1.892018420874366022e-07
-7.702920437876942364e-08,2.704555893078679299e-07
-1.276377036612973120e-07,3.622218629434657970e-07
-1.879318358915314280e-07,4.625364497679696157e-07
-2.565862525314162484e-07,5.693175837869382218e-07
-3.322022724061732687e-07,6.803799510767661619e-07
-4.132822203744828068e-07,7.933953921666030270e-07
-4.981921024855705222e-07,9.060042157154433382e-07
-5.857178444921355597e-07,1.016642817088183466e-06
-6.117378530049872152e-07,1.180095527349009668e-06
-5.461607360623244043e-07,1.225943281641513077e-06
-4.855050904567509638e-07,1.262901516938509335e-06
-4.287612866944261865e-07,1.292324043998286955e-06
-3.753911856084188284e-07,1.315281099700399764e-06
-3.242270346654652143e-07,1.332784394911275848e-06
-2.745613392839108639e-07,1.345550995350440914e-06
-2.254115851260387247e-07,1.354160712559511940e-06
-1.760405783228527082e-07,1.358989487898474648e-06
-1.257321936177211330e-07,1.360263232254349333e-06
-7.383746677255730836e-08,1.358067437474007582e-06
-1.992029402718950295e-08,1.352343668761143346e-06
3.665271203784455682e-08,1.342928481972028293e-06
9.612966235943212406e-08,1.329596320611701081e-06
1.589792120844112389e-07,1.312031530068596455e-06
2.251290979678396564e-07,1.289903566130646939e-06
2.948380191853952088e-07,1.262794071457909602e-06
3.677658657997409264e-07,1.230342111073580348e-06
4.439781549181755188e-07,1.192091451805423723e-06
5.229206458037429301e-07,1.147711890238462828e-06
6.044034076230639461e-07,1.096805781303367743e-06
6.080921406517788512e-07,9.374428682231935883e-07
5.334411642596660808e-07,8.353216355888158995e-07
4.616071458885665547e-07,7.332994807243647373e-07
3.935499140267710910e-07,6.327877228154120813e-07
3.302535940686292531e-07,5.353389817301944243e-07
2.726024037137702339e-07,4.424311616003584255e-07
2.213964070990804350e-07,3.554234018836436083e-07
1.773606430082086206e-07,2.755716660531595035e-07
1.411436560992092958e-07,2.040235372841344384e-07
1.133628264372344483e-07,1.418491382244150658e-07
9.484949647797200058e-08,9.050140877207931467e-08
-1.822328780896762008e-08,6.836882188668992057e-09
-1.561777431190850616e-08,6.457912798206042274e-09
-1.526770480653307909e-08,4.915220519267232284e-09
-1.602827069954384125e-08,3.566606632842212471e-09
-1.729312432134872394e-08,5.854011133173840312e-09
-8.610107378413188153e-08,3.456951896875957208e-08
-1.692425235487695308e-07,3.880620222217634675e-08
-2.753132000540547931e-07,3.004839490224870765e-08
-4.000834861094514395e-07,9.818564296391773836e-09
-5.394377438585877308e-07,-2.046121560550302048e-08
-6.893266132889230324e-07,-5.941061953767244998e-08
-8.457471112817167146e-07,-1.056681281905581980e-07
-1.004741054090432779e-06,-1.578898009340687147e-07
-1.162341203844578815e-06,-2.147346158246926682e-07
-1.314665664767297765e-06,-2.747796236705883462e-07
-1.459120356580041677e-06,-3.368464766556962814e-07
-1.630869044490939096e-06,-3.351569500686828233e-07
-1.655559495916491135e-06,-2.710187396714333617e-07
-1.672311807712430956e-06,-2.161109540899491953e-07
-1.682496425362927399e-06,-1.680332127449763906e-07
-1.687093475178280379e-06,-1.249709583410676044e-07
-1.686816232556765029e-06,-8.463354580201389312e-08
-1.682030120053779968e-06,-4.522161741490597994e-08
-1.672844027566556449e-06,-5.047143090384442859e-09
-1.659129623699143870e-06,3.743579178983162257e-08
-1.640601898949748096e-06,8.321420661061538373e-08
-1.616821658074669475e-06,1.334095106540198912e-07
-1.587343100768551421e-06,1.882864345019119756e-07
-1.551631090425749902e-06,2.484380083091364732e-07
-1.509309279218242683e-06,3.134633756966668276e-07
-1.459971143206738965e-06,3.833966882912987152e-07
-1.403516912315148487e-06,4.573004482779066222e-07
-1.339897256931345203e-06,5.346683396386913957e-07
-1.269619197283425861e-06,6.139120414597131709e-07
-1.189259550290780487e-06,6.949434761208518658e-07
-1.103620753776989791e-06,7.767889735585230861e-07
-1.013421357505606861e-06,8.583319683729023664e-07
-8.458170233910216827e-07,8.291200185108323502e-07
-7.648976724234228758e-07,7.164333950211145699e-07
-6.791481989533321060e-07,6.041498731224167312e-07
-5.917412256273939426e-07,4.957008839583810384e-07
-5.044800495698452739e-07,3.931683544931850701e-07
-4.190603709010797511e-07,2.986333948287633974e-07
-3.371246684918615864e-07,2.141036909947900195e-07
-2.602425705191606398e-07,1.414854706719579176e-07
-1.899184382636667395e-07,8.260175394551243027e-08
-1.276105401257115901e-07,3.916164793155325658e-08
-7.430579196805333546e-08,1.221292507433318036e-08
-1.729406656994018434e-08,-2.347922859058383723e-08
-1.762368924003241793e-08,-2.300728871395990685e-08
-1.662667097354161392e-08,-2.660838576988616852e-08
-1.571309012679459730e-08,-3.401823088966182699e-08
-1.686432678173692041e-08,-4.187290693698091476e-08
-7.074056881388200261e-08,-1.387828638042088527e-07
-1.029785481632039922e-07,-2.418992696357577417e-07
-1.294999113166877085e-07,-3.669683197998173190e-07
-1.502912211955836264e-07,-5.107686642966829095e-07
-1.654673212794494125e-07,-6.684490336297913562e-07
-1.752244542181151533e-07,-8.353402823020188931e-07
-1.797520902590756308e-07,-1.006977692152031217e-06
-1.792371712749635611e-07,-1.179054244100376477e-06
-1.738642278837473030e-07,-1.347424503182006688e-06
-1.637886923550316954e-07,-1.508128189600554288e-06
-1.490122642855549659e-07,-1.656559709884283559e-06
-2.213366312932544300e-07,-1.790904866447969202e-06
-3.107492548755935156e-07,-1.785738652298031436e-06
-3.945186057853992139e-07,-1.776182182498780421e-06
-4.731977027434207578e-07,-1.762550894309139527e-06
-5.470719620580187505e-07,-1.745057939262437302e-06
-6.168267303132451139e-07,-1.723835359434084648e-06
-6.829253332736924912e-07,-1.698918285706838295e-06
-7.460127135741083329e-07,-1.670258139172333513e-06
-8.065553783219012725e-07,-1.638028547647970604e-06
-8.649654985727221444e-07,-1.601161692453191183e-06
-9.219144558583248910e-07,-1.559364529855059034e-06
-9.779086161681939645e-07,-1.512207890934297175e-06
-1.033227157367943971e-06,-1.459306670192565529e-06
-1.088218418057831510e-06,-1.400069225790103450e-06
-1.142795517808825230e-06,-1.334331606995933041e-06
-1.197011616829221256e-06,-1.261618668323815907e-06
-1.250432736964429682e-06,-1.182066032662576172e-06
-1.302867231089035743e-06,-1.095579170914886190e-06
-1.353628580962334846e-06,-1.002746007577601796e-06
-1.402372212325653365e-06,-9.039863172625292503e-07
-1.448695629591591020e-06,-8.006640392723079747e-07
-1.353239972990296253e-06,-6.660703607757283541e-07
-1.203780610784596229e-06,-6.275236887951917594e-07
-1.046845129589611157e-06,-5.807741389011946765e-07
-8.878876336503692957e-07,-5.280911798716292500e-07
-7.306540201190001010e-07,-4.707391199241982566e-07
-5.790523919089687158e-07,-4.099243997664894081e-07
-4.370777831292665434e-07,-3.468818763705463376e-07
-3.087725747317825191e-07,-2.828635293667084849e-07
-1.982271799673854562e-07,-2.191333452698346422e-07
-1.095473617114002158e-07,-1.569396216967209978e-07
-4.676039161949649045e-08,-9.725385131428673841e-08
-3.119059450207526641e-08,3.408130320498508994e-08
2.708478104400091018e-08,-1.304875247802205408e-07
1.357627263603949512e-07,5.543250502939460604e-08
1.685788243107984778e-07,-2.501850327904011286e-08
-5.770650697394001248e-08,-2.883347934813005957e-08
-7.173957416689829298e-07,9.237769753555032908e-07
1.310716286461690555e-06,-4.378882242944017875e-07
1.463724617880386874e-08,-1.661229122114679630e-06
-1.409681219229740940e-06,-5.036738260945679116e-07
7.280131354773613610e-07,8.511456221712227297e-07
1.021667049384532687e-07,1.419403551517720515e-08
-4.899672887480471700e-09,5.806703728329304943e-09
8.616106557032541248e-07,1.035576426526358891e-06
-8.586719127769022186e-07,1.119004936382848000e-06
1.705972905704193320e-08,-1.349063089195690412e-06
-1.105709988513394586e-06,-3.981311759169078247e-07
2.084356394190106440e-07,1.513342581550022184e-07
2.443005734818555481e-08,-3.605667049412102660e-07
-2.305748496176345808e-07,-9.256084047843930034e-08
-1.106165173327703916e-07,1.317128261741824660e-07
3.094630758975605310e-07,-7.965313604340486232e-08
5.779867228713961791e-07,6.481681212394720694e-07
1.042574860727037653e-06,-3.427396098840766841e-07
-7.869296412974271369e-07,-2.878170715807983243e-07
3.106005034439651329e-07,2.876827694393011759e-07
-4.845515684260414306e-07,-1.824934115596083576e-07
1.951728911931124923e-08,-1.006142836922918787e-06
4.361472661932539880e-07,4.565443138163726961e-07
2.197677638513913819e-08,-6.649434844692687028e-07
7.707443678984938953e-07,-2.464605207412684744e-07
5.184012271477071809e-07,-1.561734940298516085e-07
-2.301717999497458467e-07,2.850963358404333148e-07
-5.459009313662452147e-07,6.983303797058448688e-07
-3.792287735373698094e-07,4.794211667033707946e-07
1.263530309680921629e-07,-3.952157818697355906e-09
-5.526215130710701576e-09,-5.480253418071229368e-09
3.165972864702241512e-08,-4.700576922754493909e-08
1.514703092506480463e-06,-5.107099520305142922e-07
-1.625620798904822409e-06,-5.810504033866533990e-07
1.321637609328072831e-07,5.860491592331474467e-09
-1.082516731915061560e-08,6.312818137338764868e-09
-1.215183299044180295e-06,-1.402355015699102125e-06
1.061405373144069317e-06,-1.409882770627295460e-06
1.495610310440481931e-08,-1.872193382660993566e-06
1.201866416275909783e-06,-1.231474189458325349e-06
-1.338157297138034979e-06,-1.249045499052379468e-06
-1.105714160900305181e-08,-1.597558055621974445e-08
1.174429782367515465e-07,-1.671392626433830287e-08
-1.089978763414554107e-06,-1.524460062412690910e-06
9.238598807028105568e-07,-1.548057768141402155e-06
1.333155154387933419e-06,-1.017427828282461064e-06
-1.453275503777626532e-06,-1.063548059853944118e-06
9.739809641618683316e-11,1.549126954704403230e-08
5.658440987714244761e-08,2.702397498134798671e-08
-1.108434234434206175e-06,9.433998547110140046e-07
1.088607455369662209e-06,8.725150279884332327e-07
-9.677582907874517720e-07,-1.621218653943176949e-06
8.008346962484624969e-07,-1.650225167482787835e-06
1.438522018816907275e-06,-8.042146370113013372e-07
-1.548562323154335227e-06,-8.714553412683786141e-07
-1.265176266324822165e-06,7.885373245075423797e-07
1.223425117917411816e-06,7.361012862357665784e-07
-8.551609277525568148e-07,-1.694562251573375039e-06
7.011245128375907830e-07,-1.720060893364903456e-06
7.756077856555061521e-08,-2.961987517414642674e-08
-3.084162452548172252e-09,-2.447029982672674130e-08
-1.351807691603606618e-08,-2.371404419981327951e-08
1.316354516681949060e-07,-6.662204364825201915e-11
1.295793933512146889e-07,-1.515126539122029425e-10
-1.149215372632186710e-08,4.171899529538614176e-09
-1.083299404294151965e-08,3.722524661089603828e-09
-1.424061327861527008e-06,6.116941965151448129e-07
-1.484482755050781482e-06,5.306869405524727003e-07
1.407016439073749103e-06,5.153221418195072573e-07
1.356767122531047341e-06,5.842811383477159587e-07
-7.262572650044259834e-07,-1.767079261756782259e-06
-6.621499919502856849e-07,-1.795363851148112867e-06
6.018256335732380413e-07,-1.780906980885052743e-06
5.560244155410953402e-07,-1.803329591614758978e-06
-1.538178463432928555e-06,4.452913283064151601e-07
-1.582776986319108719e-06,3.710024969130486587e-07
1.451589860255803591e-06,4.426872047824370212e-07
1.488687027840488652e-06,3.793926825547982681e-07
-5.890244560371520105e-07,-1.820580701927311093e-06
-5.177372425708424264e-07,-1.843355679221090058e-06
5.049861739029569859e-07,-1.823222711867672259e-06
4.554500487453784924e-07,-1.841303188265323728e-06
-1.155732867961561719e-08,-2.074506836194117528e-08
-1.353814967525505000e-06,7.028720738365115232e-07
1.298175711343445180e-06,6.622320546427484074e-07
-7.933085480083869777e-07,-1.735936217782345419e-06
6.518415778098916068e-07,-1.755514384655052132e-06
-1.620704572572121908e-06,2.954329948340531208e-07
-1.651096797392685834e-06,2.311331180818581247e-07
1.520327676367647341e-06,3.147101570881983950e-07
1.545866970368806753e-06,2.592670516821858976e-07
-4.358081339992320491e-07,-1.862589604870828377e-06
-3.548713965996797744e-07,-1.879347446881970413e-06
3.975083617057520348e-07,-1.857299861626487392e-06
3.381097095915517743e-07,-1.872024723512395678e-06
-1.139633226113298496e-08,3.168170315602669409e-09
1.324940185488814337e-07,1.155934974482097144e-09
6.816342693354271356e-07,1.180355512346386648e-06
5.968626018917881806e-07,1.228618411722261982e-06
-6.073391976115786292e-07,1.294921019059237668e-06
-6.796892336544203456e-07,1.255754706600604940e-06
-1.675765985314481811e-06,1.675504545618141310e-07
-1.694844982926993884e-06,1.141963553655888595e-07
1.566769401204422764e-06,2.038556966919108056e-07
1.583155512984875829e-06,1.567046694183536123e-07
-2.616742425857175346e-07,-1.891586450277941367e-06
-1.685653188654486774e-07,-1.900943070380790060e-06
1.880324950152170212e-07,-1.894707739295398566e-06
2.658441645743416690e-07,-1.884226856654125332e-06
1.250633287547009942e-07,5.388179142978477615e-10
-1.349861736590833945e-08,1.768439702741087388e-09
5.079140079165622059e-07,1.271611560091548628e-06
4.286473380415012217e-07,1.306855244638895561e-06
-4.753701794948397863e-07,1.352099372751242192e-06
-5.359289469664702013e-07,1.327218964220500831e-06
-1.709596823959934524e-06,6.206522326969559002e-08
-1.720641055263014155e-06,1.795441103810808359e-08
1.605837249300161012e-06,6.932834908072511769e-08
1.596012879302419214e-06,1.098215647901686698e-07
3.466978192798688217e-07,1.337213851064610232e-06
2.742114141825610235e-07,1.361186973169622642e-06
-3.618239159159595723e-07,1.387652494585189132e-06
-4.147131983179122632e-07,1.372289192358855403e-06
-1.728682526659917860e-06,-2.613709653097351040e-08
-1.734388945968852689e-06,-6.540881560275554479e-08
1.613138439218152971e-06,2.794462540707231098e-08
1.618447650895905361e-06,-9.719530884874845041e-09
7.781770941412454347e-07,1.123177965135550583e-06
-7.717962211805339741e-07,1.205728489415324245e-06
2.001811036568263925e-07,1.380897409752462151e-06
1.350428477642080816e-07,1.395558288524764566e-06
-2.579929289482066683e-07,1.408618738948710939e-06
-3.073429849182622998e-07,1.399785469216224262e-06
-1.737795781907675376e-06,-1.076193173073508324e-07
-1.739324241902637449e-06,-1.488876048901360144e-07
1.621694860087601695e-06,-5.091834652863954649e-08
1.623214237257321679e-06,-9.165891761820509444e-08
-1.172121238772003008e-08,-1.518971271970194178e-08
-8.762154718859400981e-09,-1.781135994968403147e-08
1.264410182154759169e-07,-1.467292455310392084e-08
1.266790075210911929e-07,-1.284482563361857145e-08
4.201570232202461842e-09,2.086487721714515697e-08
2.269569267798466726e-08,2.777713650322836352e-08
6.894907440888892398e-08,1.406674449334443311e-06
1.076747951508213173e-08,1.413940633282671240e-06
-1.557587907138374311e-07,1.418575832273168399e-06
-2.053188892907090477e-07,1.414911705281661748e-06
-1.738103785649551026e-06,-1.976797772177796276e-07
-1.734218093514264346e-06,-2.496392554818024003e-07
1.622132291878309672e-06,-1.400235743658639704e-07
1.618514984667740616e-06,-1.914546401213786373e-07
1.597652047876172128e-06,-3.268794495429558873e-07
1.610324848127324080e-06,-2.558790181710255576e-07
-1.725507155896808468e-06,-3.150545344981937452e-07
-1.712053471155678911e-06,-3.876162370779596230e-07
-4.846362299926815559e-08,1.418311734281016352e-06
-1.011927607945765554e-07,1.419725794853164312e-06
1.578502344511200728e-06,-4.250557217185136556e-07
-1.691936506648556954e-06,-4.901231924085768597e-07
-3.027319733606984425e-09,-6.785161364255903009e-09
-7.896494754392782098e-09,-2.275712496153662433e-08
1.279264957795133826e-07,-1.896446463943325438e-08
1.220801900963519231e-07,-5.715145562938823130e-09
8.741339109226971318e-08,-1.832781976685927597e-06
1.252492354807350754e-07,-1.933425094763133235e-06
-1.009143119861813653e-07,-1.939790388821442718e-06
-5.885992532928414913e-08,-1.832356557786703326e-06
-1.709830532583813147e-06,-5.786616633191862796e-07
-1.611277696661340792e-06,-4.898457458501789128e-07
1.500045061980662261e-06,-4.246715994981306337e-07
1.596856855959135210e-06,-5.094313713480981687e-07
-7.020593065653975201e-11,2.488513141892565388e-08
4.116709846976323780e-10,8.159545828450070584e-09
3.139572140382413461e-08,1.440907953533814248e-08
4.704214235144470752e-08,4.028201502159207864e-08
1.377504917167296507e-08,-1.943589694064723485e-06
1.177887549776911190e-07,-6.281527988352155160e-09
1.275210048018527215e-07,-2.109168825991449940e-08
-1.520079959151072866e-08,-2.062395536583564962e-08
-6.315676699468908309e-09,-8.192613748465817631e-09
-2.303746798808106196e-09,-9.928450703562363935e-10
1.239023038049573869e-07,-3.494296141857812878e-11
-6.672115125038638444e-09,-9.654621505266742882e-09
-1.435042964922854482e-08,-2.510615161585450327e-08
1.181012355290769343e-07,-3.013540563325642771e-08
1.013851512682993498e-07,-2.153939370765649949e-08
1.011048085837365501e-07,-3.953794777386330914e-08
-1.491403678766594849e-08,4.480678270712665962e-09
-5.994275254502165238e-09,2.126395718149588676e-09
1.307160171928927479e-07,1.611598371323750654e-09
1.340616351574548743e-07,3.217823666446135514e-09
1.226752518657098010e-07,1.015362401657324720e-08
1.087723111327448125e-07,1.745441463244381667e-09
-4.587876369316793732e-09,1.019782584427026264e-09
-1.642685634382045640e-08,2.752971952882888690e-09
1.064209518654608420e-07,-9.633152218319787248e-09
8.513162907447427515e-08,-1.308088127556534446e-08
-1.606088701350244898e-06,-7.561661666240006386e-07
-1.558894612831214136e-06,-6.395432985972413632e-07
-1.670961065758222046e-06,-6.994847845085575265e-07
1.497693906626139666e-06,-6.825845621479801962e-07
1.561291498826390391e-06,-6.264731334195253671e-07
1.449929173393781519e-06,-5.657334215585058309e-07
6.951988643973685003e-07,-1.765076118245212465e-06
6.574174436572057786e-07,-1.711226456734664564e-06
-8.006694892214971915e-07,-1.682417787818705008e-06
-8.478920370537565043e-07,-1.748114895609866233e-06
1.298648882273679329e-06,7.390263101217620210e-07
1.224319937680948292e-06,6.588039764147722017e-07
-1.266810787831797308e-06,6.990267116753636288e-07
-1.353635375169490176e-06,7.918714893924725153e-07
-8.621267611632514735e-07,1.205640586831026774e-06
-7.666142401059994851e-07,1.122110233970665643e-06
7.732146256806100001e-07,1.037532648978124502e-06
8.659159691259450672e-07,1.122080330025748987e-06
-1.634273590501803158e-06,-8.452646101028111984e-07
-1.519752679491621539e-06,-7.833357569243222509e-07
1.409829221975841511e-06,-7.105749312485657720e-07
1.527194577460325652e-06,-7.757894383261869484e-07
8.099541183789231063e-08,-4.773270944604687294e-08
-9.990690134659052102e-07,1.046912563590423074e-06
-8.902339118952324547e-07,1.029556968488100859e-06
-9.663784442917911197e-07,1.135846833108216661e-06
9.916548024382547588e-07,9.674434059044620486e-07
9.625421822194332181e-07,1.051837879982481042e-06
8.905525350419005770e-07,9.507467791926141564e-07
1.004654906431220445e-06,8.695703541933750121e-07
1.076067865926373423e-06,9.698100680207636448e-07
-1.093180367076318946e-06,1.049877144755530934e-06
-1.014260221686863449e-06,9.406730958994916787e-07
-2.919811190637333272e-08,-1.813363028137843500e-07
-1.146583532481108760e-08,-8.816916210238651596e-08
-2.322453906344519615e-08,7.035740445521692888e-08
-5.881501072930432508e-09,3.144086896018865543e-08
1.763474432565264193e-07,5.832347247156710800e-08
1.409712144248615430e-07,2.568683318669621607e-08
1.879484209949628556e-07,-7.008282449257524495e-08
1.427908272615531125e-07,-3.603856811313285437e-08
-1.057523345910314269e-07,-1.880802301338463707e-09
-4.004895423299850320e-08,4.972266249733856580e-09
-3.360953117967920047e-08,1.047784367352604915e-08
-7.203106820896641632e-08,3.712482498796345374e-08
6.616817737364032238e-08,-9.338372001567228108e-08
8.207950495153715102e-08,-1.805694434073021448e-07
1.541045268775574904e-07,3.678342055777321154e-09
2.074791644138302421e-07,-3.190260688527167361e-09
1.055851104543147016e-07,5.322184759079772432e-08
1.263453486447945427e-07,9.412831791969219382e-08
-2.582071731312511726e-08,-4.245930122643320494e-08
-8.134783052265453358e-08,-8.262010779451421687e-08
-1.432326075810006219e-09,3.695061024757302492e-09
8.651080544793896824e-08,8.683349689092370974e-09
-7.402240242022042668e-07,8.209643387027640461e-07
-8.204857108533023271e-07,9.314952663817382439e-07
-1.309324811650062856e-06,-5.627018188443906875e-07
-1.451676456159218843e-06,-6.042695012057610188e-07
1.004990197487547004e-07,-1.586384641118574285e-06
9.066654624146406084e-08,-1.730190891849812763e-06
1.268611484845893012e-06,-3.378352329605639249e-07
1.399760195336705815e-06,-3.880652628865772348e-07
6.307403186051408623e-07,8.428343425761571692e-07
7.068342585241814932e-07,9.452104824489292417e-07
1.348341607121016783e-06,-5.312767816232218018e-07
1.221019455138878879e-06,-4.909283901403007365e-07
-6.964467196630244386e-07,1.025686944037507519e-06
-6.090052270306228044e-07,9.142806484929369381e-07
-6.239016883025530785e-08,-1.728946235781175905e-06
-7.013916047760515377e-08,-1.586948967806655169e-06
-1.506014427068684408e-06,-4.499802663130727695e-07
-1.362580578668957341e-06,-3.931626789468620614e-07
8.237879347990070427e-07,8.588200298441961904e-07
7.495971281720975601e-07,7.571905956492150798e-07
-3.505496799962345866e-10,6.255708001926931592e-09
6.180978577038429716e-08,1.230029305939610926e-08
-5.389561836386442878e-08,1.258822545273269358e-07
-6.526291837128299627e-08,7.508337117289805318e-08
-1.209262277983735348e-07,7.939464046372037130e-08
-4.469126301586110297e-08,-2.966005737624917631e-07
2.576094022959846353e-08,-2.338504018179926262e-07
9.482154807952754143e-08,-2.958027936772151320e-07
2.546828432827795054e-07,-1.094816934294038145e-07
2.289642092903830396e-07,-4.905909977448606215e-08
2.819275740280170688e-07,-1.863459729310616109e-08
2.193079122632588120e-07,1.016720034808394645e-07
1.680251643505735267e-07,9.796542842147681319e-08
1.563410577699626156e-07,1.465572477889099991e-07
-1.970298204405128187e-07,-1.937728152078711576e-08
-1.319571913263540915e-07,-5.669952827813830298e-08
-1.633157318628946533e-07,-1.291536683348924815e-07
1.155130150772363005e-07,3.039409912286392482e-08
9.247050253733161715e-08,3.064482733135134329e-08
-1.296181558887131352e-08,1.449298982872105540e-08
-7.840462722234517946e-10,1.578966732530140280e-08
-3.588275476574325447e-09,2.346058586194564885e-09
-8.211909313447645836e-09,4.803654291222194443e-09
1.292210446994174090e-07,5.070512300167683994e-09
1.271110103404379625e-07,3.014439970717364792e-09
-1.206511334502096822e-06,-1.333717562686522326e-06
-1.265781939056100516e-06,-1.255209848756939352e-06
-1.274983277327440572e-06,-1.327878658126491565e-06
1.051875236833335362e-06,-1.331057148953430701e-06
1.129438182941650290e-06,-1.323462424758851708e-06
1.119290593732868040e-06,-1.239392686731741690e-06
-1.150000786577279734e-06,-1.400865561597998181e-06
-1.150816017381990507e-06,-1.465127521216347830e-06
-1.089236689357515969e-06,-1.463713923522762965e-06
9.888357890089826554e-07,-1.409104796759726739e-06
9.231077635997662393e-07,-1.481264729335827989e-06
9.896348215894523652e-07,-1.481792046866933662e-06
1.182919278121763933e-06,-1.144837169139027621e-06
1.266426307338551541e-06,-1.126352606561073302e-06
1.246819730850792149e-06,-1.036411328071593925e-06
-1.321143354103832343e-06,-1.173945617209999250e-06
-1.376587003931980665e-06,-1.079678916947610039e-06
-1.394465175476186610e-06,-1.158493625612434110e-06
-1.467743727916226003e-08,5.716281910257377312e-09
-1.722346417121396630e-08,1.100528635162256381e-08
1.337481956637153043e-07,5.332419286016968205e-09
1.359716503776155952e-07,9.834881312803935587e-09
-1.032692001202901208e-06,-1.517893207193138899e-06
-1.027518579634670629e-06,-1.573942946287058847e-06
-9.727627645412399227e-07,-1.567606182081889041e-06
8.644456994620930047e-07,-1.542071248679568516e-06
8.055465614454259098e-07,-1.596233196514060054e-06
8.592634788767575003e-07,-1.601502563978695663e-06
1.306291409971028150e-06,-9.294154373416932348e-07
1.385875158276408057e-06,-9.109366176486593000e-07
1.359191640185302860e-06,-8.225760483745445313e-07
-1.428450344124551999e-06,-9.849273503086655704e-07
-1.474987207280256872e-06,-8.878129291265960530e-07
-1.500425509139484896e-06,-9.688517891385073317e-07
-9.157192179186652683e-07,-1.610825681401791754e-06
-9.108905578155531611e-07,-1.658333387533393751e-06
-8.599220410692953739e-07,-1.648004429946887133e-06
7.529207852967937110e-07,-1.641416331284885683e-06
7.049866745775357239e-07,-1.678509956969085113e-06
7.486981882750694155e-07,-1.686614418924641995e-06
1.086100653714669866e-06,7.978694090591782849e-07
1.155013303822281832e-06,7.311721594713836805e-07
1.157332541148115470e-06,8.028771243483609309e-07
-1.106200309220360546e-06,8.596818276101475204e-07
-1.187714925348468200e-06,8.650412632671091379e-07
-1.185634724454363395e-06,7.830917153611195604e-07
1.135143207726699713e-06,-2.881035668029151411e-07
1.178451106317162497e-06,-3.908928265781604525e-07
1.086186807162460256e-06,-4.455183555204488563e-07
-6.549841954939387166e-07,7.078196991995375776e-07
-6.318672945378909988e-07,8.113501668782219073e-07
-5.226811046002311049e-07,8.018496017493657392e-07
1.083900668683461170e-07,-1.430137387182152176e-06
1.580907183084643445e-08,-1.510838979492919862e-06
-7.551402571331898463e-08,-1.430806556914923259e-06
-1.155811673602797884e-06,-5.143275078632601231e-07
-1.261370917470682408e-06,-4.520853332726982124e-07
-1.211903494082128488e-06,-3.359969426135271022e-07
5.563801395043294894e-07,7.408187609628547906e-07
6.524984868210602834e-07,7.489760350885114926e-07
6.739160881713754505e-07,6.561202649478877637e-07
8.011356773604277400e-07,-1.701294095645135432e-06
7.492067723858907010e-07,-1.733739356185899438e-06
-9.682412640917388290e-07,-1.674690401817603894e-06
-9.114502344162775984e-07,-1.710712878998209807e-06
1.161973654634526345e-06,8.903873130881937203e-07
1.228039968253032955e-06,8.201899111499444548e-07
-1.192106351662128669e-06,9.633059198687649879e-07
-1.269638732628310602e-06,8.846105334522834654e-07
7.961120998198679030e-07,9.448674790205856834e-07
-7.906497944216432567e-07,1.024547929676830998e-06
-1.533168545874212249e-06,-1.051465213531084712e-06
-1.582252770591062409e-06,-9.563641562294473123e-07
1.421453629954897824e-06,-1.003037253441046987e-06
1.474136182515351320e-06,-8.964490691290128799e-07
9.269811454182086251e-07,-1.609849304160022890e-06
8.623633101646342904e-07,-1.658025556738833598e-06
-1.093287401092341957e-06,-1.582663667791793614e-06
-1.030831419545096075e-06,-1.629744695658621763e-06
7.117740589724895416e-08,3.780233165355655300e-08
7.997744402514729449e-08,2.149784810121949043e-08
-4.408488055821814862e-10,1.121398513865877619e-08
8.794176802554174021e-10,2.166451502277144518e-08
-1.413670327551609402e-06,-1.241159395916178001e-06
-1.473254395108291463e-06,-1.150037339717179013e-06
1.287783490664740673e-06,-1.221542253528481364e-06
1.355166655579260018e-06,-1.115880961028847033e-06
1.067841236373624376e-06,-1.484152812359880842e-06
9.958058879459728843e-07,-1.550431762481862465e-06
-1.221366854210300818e-06,-1.467996283006215878e-06
-1.156856272190308901e-06,-1.527367310857248569e-06
-5.686663537969223472e-07,5.960121192532108763e-07
-4.830265985147281567e-07,4.880756167040297437e-07
-4.611497115938993552e-07,5.868893585715115361e-07
-4.381588575277682137e-07,6.888951675801252680e-07
-3.569717209687847140e-07,5.777011230847313945e-07
7.287461352034092113e-07,-1.481019624237650044e-07
6.008804624466450255e-07,-1.076081639017517013e-07
6.406595579843253431e-07,-2.000878128347687748e-07
6.820545588252874012e-07,-2.982585466061273985e-07
5.572847874943652990e-07,-2.483701854491567194e-07
4.844266577787716213e-07,6.402027211214329188e-07
4.159026546940078733e-07,5.425303926781520682e-07
5.055186361195074732e-07,5.501842856745324641e-07
5.987988200536235875e-07,5.577600756660927274e-07
5.253850569407340419e-07,4.636690304553329872e-07
-5.717579710549901905e-08,-4.327641461198008693e-07
-6.680135083809294081e-08,-5.851809308939903246e-07
2.320312563361588528e-08,-5.058601990780872646e-07
-3.099532447062766727e-07,-4.647997509481498076e-08
-4.403034304498324044e-07,-8.185451837092304580e-08
-3.494834393375959506e-07,-1.349435106460158193e-07
1.048118490902761435e-07,-4.321359039171338883e-07
1.119839800528298674e-07,-5.845576119692455649e-07
-2.683384068031161625e-07,-1.804540569761166395e-07
-3.923674224167138240e-07,-2.351462290936026897e-07
8.137375282149757037e-07,-3.483532881479386801e-07
-2.464244670400146406e-07,2.087595178275029279e-07
-3.203232700136165335e-07,2.924009432871263589e-07
-7.953817712139978031e-08,-1.093237887506808055e-06
-7.789148648907574696e-08,-9.198863167176665488e-07
4.817623343720687944e-07,-7.185664778562216800e-08
2.403337942497078875e-07,2.815162381684898425e-07
2.929929891388534973e-07,3.618720292317918353e-07
-8.952508719168074013e-07,-2.241850419065665341e-07
-7.369650439967319709e-07,-1.720401867265456707e-07
2.074706205579593331e-08,-8.331929689318966800e-07
-7.367664041214854665e-08,-7.490720733952032054e-07
1.945609998477601654e-07,2.093900944274075787e-07
-3.997065860331158920e-07,3.861730691550260730e-07
3.708665709087532571e-07,3.686204775864615892e-07
3.517908772507700404e-07,4.492977749768006232e-07
-6.317079254592080865e-07,-2.338871926537748267e-07
-5.839863036538469795e-07,-1.241544110101730475e-07
-1.794864563720805929e-07,1.371486253131291239e-07
-1.054892303548736088e-06,-2.792709741081530029e-07
-3.017278273013082489e-07,3.781251815482637283e-07
9.493904972764450936e-07,-3.977268714779432444e-07
3.744182774687106415e-07,-4.185915629709550385e-08
-7.871146501635840505e-08,-1.264898258949940659e-06
1.164006282242519580e-07,-7.484439401017317761e-07
-5.313049316804092777e-07,-2.919195262480517562e-07
4.547504568356140750e-07,3.752086090520900574e-07
2.693567677691887099e-07,1.558598762490981962e-07
1.181556601883980742e-07,-9.192580470930449780e-07
-9.619089111255035573e-08,1.955763047422306407e-07
-6.810953298245857544e-07,-3.494846734910341985e-07
-9.972499885841941990e-07,-4.619141635877947536e-07
-2.807159519498553005e-07,4.706299433804746313e-07
1.140581144542389191e-07,-1.264268946264625923e-06
3.879147207707527664e-07,2.936538036764046885e-07
9.988423905954100611e-07,-2.393305902598656674e-07
3.405306302025597253e-07,-1.530104231445872709e-07
-1.660103421901661614e-07,2.023275343371621932e-07
2.561988089727989650e-07,2.148987016763069433e-07
1.173430485618807972e-07,-1.092611067363190940e-06
-8.377286276533662956e-07,-4.065679998844358719e-07
3.258251911028571421e-07,2.201793333218869388e-07
-2.108969676184617667e-07,3.698773687265042969e-07
8.623809576971670382e-07,-1.923394014027767774e-07
9.056896893696217151e-07,-2.943245474516456252e-07
4.424283274358960632e-07,-1.996338533551258909e-07
-9.462402904720222136e-07,-3.429881071030321264e-07
-1.489393494358769374e-07,2.775313243559242597e-07
1.828865940051927402e-08,-1.179483128930177584e-06
4.069820912570704995e-07,-1.156970775833412759e-07
-1.286048625916756405e-06,-1.399541333735857347e-06
-1.349671628082836610e-06,-1.324684683896701498e-06
1.141508377458577494e-06,-1.405819105017200176e-06
1.214528500398691230e-06,-1.318909138411425177e-06
4.517510413514218032e-08,-1.582800012226020077e-08
1.388077768469520980e-07,-1.144211020096818467e-08
-2.102858846485872598e-08,-1.354366801473059325e-08
1.416788163801250264e-06,-4.761898829475918780e-07
-1.524270325118072360e-06,-5.450421921067377181e-07
3.205497939623051302e-08,-7.762500723740943270e-08
-1.238297345403359546e-09,-4.860834637640831805e-08
6.177820055873744523e-08,-5.799979926900955305e-08
1.469521879482801897e-08,-1.774532987817754014e-06
5.649366905632447479e-08,-3.815481115435996484e-08
1.884664210113451131e-08,-2.333859808724431976e-08
