Size 955,2
0.000000000000000000e+00,0.000000000000000000e+00
0.000000000000000000e+00,0.000000000000000000e+00
1.491142927964359782e-08,-6.977878898282401669e-06
-1.363554279625129917e-07,5.874965947318091265e-06
1.238733831432788522e-07,-9.453551647416742741e-08
1.448450766420097428e-07,-6.596487861525246910e-08
2.795765293950215191e-07,-6.475609518398122744e-06
5.494947727258164334e-06,-2.151648484843034508e-06
1.657224386092362102e-07,1.738543915454522184e-08
1.648806426952546794e-07,1.793372862227273118e-08
5.688370394773273743e-06,-1.600029639887028125e-06
3.419960023559623455e-06,4.012477501899309844e-06
5.709357322556932851e-08,9.267275671130666457e-08
3.883460120889099078e-09,7.562262437749966261e-08
2.919514969557837841e-06,4.384189360948645389e-06
-2.946916082873650748e-06,4.493952736978356249e-06
-6.264320059034805453e-08,2.042951701631028762e-08
-6.502119522541483287e-08,2.001976843359756737e-08
-3.447293285885273208e-06,4.116331684862982613e-06
-5.860607835809007092e-06,-1.686836706550452882e-06
-4.271658121893879325e-08,-6.941775691101104803e-08
-5.152183078961835595e-08,-8.799206527066299470e-08
-5.671499115367802143e-06,-2.230909665606735112e-06
-2.497440862723165501e-07,-6.473158601930747103e-06
7.860990260470088648e-08,0.000000000000000000e+00
1.132976264598419643e-07,0.000000000000000000e+00
1.196405756923108114e-07,0.000000000000000000e+00
1.111956189371489306e-07,0.000000000000000000e+00
6.914856950739674772e-08,0.000000000000000000e+00
0.000000000000000000e+00,0.000000000000000000e+00
0.000000000000000000e+00,0.000000000000000000e+00
0.000000000000000000e+00,0.000000000000000000e+00
0.000000000000000000e+00,0.000000000000000000e+00
0.000000000000000000e+00,0.000000000000000000e+00
3.342276014738581054e-07,-6.959640017951283259e-06
6.339812233207853061e-07,-6.923319688295769200e-06
9.136220072374097022e-07,-6.878324217613352581e-06
1.181661789442741619e-06,-6.824040966677445902e-06
1.440993845362958554e-06,-6.760646843960653842e-06
1.694486162835232960e-06,-6.687761045434691152e-06
1.944614677558162279e-06,-6.604638694440052476e-06
2.193391563158457028e-06,-6.510215962143554332e-06
2.442282846674379816e-06,-6.403146046513764555e-06
2.692193907452383628e-06,-6.282151361960158249e-06
2.943719853948788068e-06,-6.145663689948229009e-06
3.197587138378245767e-06,-5.992188661150153787e-06
3.455657836320287457e-06,-5.821986217124668630e-06
3.714826919816005197e-06,-5.632246165340648392e-06
3.978038972494195644e-06,-5.417824562899318579e-06
4.238032701365816433e-06,-5.182775173941816144e-06
4.497405123750590173e-06,-4.922496559331367545e-06
4.749039171348057356e-06,-4.641125357542095892e-06
4.989617477046072055e-06,-4.338065787095813512e-06
5.217355990366640785e-06,-4.017078258569875035e-06
5.429291689972860194e-06,-3.681082711649473807e-06
5.622621422814256327e-06,-3.333288570635436665e-06
5.794646521395792295e-06,-2.977602493720295773e-06
5.943068699279960447e-06,-2.618971880771008665e-06
6.066606780405633171e-06,-2.261551516495711598e-06
6.163061881476925732e-06,-1.909614762168369689e-06
6.227970481820711703e-06,-1.578610633178532250e-06
6.269883976521038125e-06,-1.277627316992803126e-06
6.297187270836514723e-06,-1.004262726600512435e-06
6.312843997989139004e-06,-7.500664634274914139e-07
6.318797927492685356e-06,-5.105059616896769330e-07
6.316542131261956845e-06,-2.809761010885558751e-07
6.306617111473518335e-06,-5.711793744218662704e-08
6.288944703773699480e-06,1.650175665922596143e-07
6.262821192055251320e-06,3.888537502172876568e-07
6.227094800537537106e-06,6.171929265547701144e-07
6.180191737613857186e-06,8.521230799409761358e-07
6.120479310790216315e-06,1.095011969658576380e-06
6.046001581378104416e-06,1.346460279835048444e-06
5.955244679962490460e-06,1.606336247528314845e-06
5.846387812247172565e-06,1.874206497395833687e-06
5.717994933312816333e-06,2.149813289395677013e-06
5.571122166791581991e-06,2.434036160867751581e-06
5.402264782348384093e-06,2.722149739224827386e-06
5.207284922778402354e-06,3.016671523815781235e-06
4.990346575751670132e-06,3.308552422560337667e-06
4.748705137479145632e-06,3.599316913375001223e-06
4.486409095145544404e-06,3.880998482832319968e-06
4.204116484842011087e-06,4.152749987869406712e-06
3.905132436687987713e-06,4.409319891216177758e-06
3.592687660875779181e-06,4.648019490838441051e-06
3.269469137483530829e-06,4.862804174884637347e-06
2.952026109197106279e-06,5.046605730511287218e-06
2.639984737678033924e-06,5.206678552056425704e-06
2.336891219128743964e-06,5.348473218573243690e-06
2.039478380411461973e-06,5.470759205523622561e-06
1.747363005844305653e-06,5.574570775691833145e-06
1.460778322126656396e-06,5.661213854846942916e-06
1.180133221016127353e-06,5.731508590852383783e-06
9.055830544978509211e-07,5.786696355961478555e-06
6.370728931635540538e-07,5.827674639403776507e-06
3.743079869062619060e-07,5.855507512942453990e-06
1.167515932017270818e-07,5.871012754630536923e-06
-3.859651463243858014e-07,5.867821188869252479e-06
-6.331545360071389708e-07,5.849838774677717550e-06
-8.791378449663563153e-07,5.821157597379932055e-06
-1.125268816187783191e-06,5.781655605808380984e-06
-1.372986617492822693e-06,5.730875606640847630e-06
-1.623767332370010353e-06,5.668153792558760835e-06
-1.879060968419096666e-06,5.592314962679868957e-06
-2.140192009804464020e-06,5.502203126661413439e-06
-2.408821829868709378e-06,5.395901779345419266e-06
-2.687520759305801043e-06,5.271341157560220756e-06
-2.983328355162239349e-06,5.129268142039288790e-06
-3.293302340179426037e-06,4.961651276741895127e-06
-3.620525565137413931e-06,4.754704915898977793e-06
-3.940568847665269187e-06,4.518480679556597976e-06
-4.251843067007502326e-06,4.258646561798134582e-06
-4.548055965223943604e-06,3.979703093156172849e-06
-4.826217750969152087e-06,3.686238717764997923e-06
-5.083353675684815223e-06,3.380936638568909916e-06
-5.315365687670599063e-06,3.072188811603495051e-06
-5.523981096670939034e-06,2.759444641156295623e-06
-5.704727270947091063e-06,2.452747971750520625e-06
-5.861538131996132828e-06,2.149964105535259050e-06
-5.998289380938271777e-06,1.856619857528268266e-06
-6.113695551682972056e-06,1.572070090218742530e-06
-6.209269820636011837e-06,1.296861888886470643e-06
-6.287015208527900803e-06,1.031713037868334102e-06
-6.348603475210245949e-06,7.769910005734189639e-07
-6.396251063894042537e-06,5.322526773241091513e-07
-6.431817033125866808e-06,2.962034866943934923e-07
-6.457142552760791191e-06,6.676256112319201792e-08
-6.473613039157552068e-06,-1.589332752868270110e-07
-6.482154300662179217e-06,-3.844116287952801493e-07
-6.483042047245124741e-06,-6.137631545408375424e-07
-6.475887852516169694e-06,-8.515054621790495654e-07
-6.459344712114227179e-06,-1.102402227038654299e-06
-6.431560875139343721e-06,-1.371123895956740713e-06
-6.389731355469503925e-06,-1.666565989245504276e-06
-6.325146097199621571e-06,-1.991386091116117789e-06
-6.228035093277294503e-06,-2.335345541287109688e-06
-6.104584592736735680e-06,-2.680003774481386713e-06
-5.960359768958844998e-06,-3.020702034857273691e-06
-5.795620155882850151e-06,-3.356571329256809215e-06
-5.612172499120951758e-06,-3.684013683559151421e-06
-5.411995824842271895e-06,-4.000311300068103529e-06
-5.197116293425365010e-06,-4.303264927484036435e-06
-4.969589352097735901e-06,-4.590908923889075246e-06
-4.730645904739425607e-06,-4.860758332977134827e-06
-4.482597552036733792e-06,-5.113245539362476461e-06
-4.229918663943313047e-06,-5.345741759111367771e-06
-3.971047433945726876e-06,-5.561108041358124524e-06
-3.710302501611758896e-06,-5.756886288951553547e-06
-3.446017349987725816e-06,-5.936074899629136593e-06
-3.179992453381787912e-06,-6.100011983119955105e-06
-2.911287831057350468e-06,-6.248477455090019735e-06
-2.639629969664268516e-06,-6.382161049346238391e-06
-2.364856698785862611e-06,-6.501721831204809218e-06
-2.086702198239948761e-06,-6.607633772498129237e-06
-1.804697576445847387e-06,-6.700341574807007539e-06
-1.518207462360903261e-06,-6.780118486008727014e-06
-1.226509224470757016e-06,-6.847042337363820550e-06
-9.288539092671565221e-07,-6.901014840332967930e-06
-6.247630094899535032e-07,-6.941684919076720004e-06
-3.095919978682234876e-07,-6.969588953358833010e-06
1.376879919653996894e-07,-7.491303171572728661e-08
2.127108560179513662e-07,-1.408292413456664669e-07
3.220239920788776631e-07,-2.258370627570126670e-07
4.866786821137328057e-07,-3.250806443915213427e-07
6.856059005479079864e-07,-4.304514888802581233e-07
9.284484940132308882e-07,-5.464938684683976467e-07
1.198301659520101324e-06,-6.664687795471563140e-07
1.501534830811760031e-06,-7.937968607375957272e-07
1.824690951495144728e-06,-9.229128752283275746e-07
2.171026703801525292e-06,-1.056182804113752957e-06
2.530437555946983593e-06,-1.189172627109733437e-06
2.903174249830573910e-06,-1.323229306513128425e-06
3.282374180840373203e-06,-1.455015300170531515e-06
3.665393933918912164e-06,-1.584891727381358814e-06
4.048483468471129922e-06,-1.710568004404403555e-06
4.426222002038180065e-06,-1.831529382020510927e-06
4.798318021345722761e-06,-1.946716605162164376e-06
5.155354127770214628e-06,-2.052876642642476653e-06
5.344082954398351127e-06,-2.501491814344505509e-06
5.174325522017543529e-06,-2.855383105017702806e-06
4.986860607277322392e-06,-3.206362919089236801e-06
4.783171711122145309e-06,-3.549340232977824878e-06
4.565029932315076001e-06,-3.880163685708395688e-06
4.334221648703296232e-06,-4.195991913181239566e-06
4.097707013678011428e-06,-4.492474308140195126e-06
3.853645229890096419e-06,-4.770053305588551307e-06
3.608848342058612873e-06,-5.022535729130197533e-06
3.360863168563999102e-06,-5.253850389944667186e-06
3.116102026514436621e-06,-5.459489566884251198e-06
2.869852310943809692e-06,-5.644863622981586156e-06
2.625650767126883774e-06,-5.805197885837363828e-06
2.380880065310850020e-06,-5.946983729331500465e-06
2.135795919945305783e-06,-6.070845950561590039e-06
1.889582614581081241e-06,-6.177335775909748105e-06
1.640830384409407578e-06,-6.267246257448584713e-06
1.387603424008331407e-06,-6.341073737572531664e-06
1.127455239197607863e-06,-6.399092902115547305e-06
8.575708030788153802e-07,-6.441238013904287277e-06
5.745665089212043678e-07,-6.467005280808494399e-06
3.033699409075913992e-07,-6.140321931794487614e-06
3.242241742878763509e-07,-5.787994946849519397e-06
3.428093352943727552e-07,-5.409044922798109503e-06
3.577314282841039095e-07,-5.014732944289668854e-06
3.698106739533299244e-07,-4.602486076180161659e-06
3.777619047615672573e-07,-4.181409343061538649e-06
3.825292274877562199e-07,-3.752458143324175139e-06
3.826829538592595514e-07,-3.321919722599064986e-06
3.792998854681186559e-07,-2.894743319764131836e-06
3.708194181486738047e-07,-2.474028823607574190e-06
3.584497403888303091e-07,-2.069091165505490044e-06
3.404989576715587829e-07,-1.679466158354252289e-06
3.183055033858595481e-07,-1.319211055194461805e-06
2.900439153293372980e-07,-9.839311301237160107e-07
2.572114245611068005e-07,-6.927802388510378812e-07
2.178439366037779040e-07,-4.368753150707786858e-07
1.732780637091770001e-07,-2.420202000994725088e-07
1.632450050735659714e-07,1.343414699597195990e-08
2.497444466650157241e-07,7.670361255712408101e-08
3.446846353060312223e-07,1.600153841151536896e-07
4.590700377958036758e-07,2.718873894733584197e-07
5.862956993639922568e-07,4.031255877011574791e-07
7.320898580847531644e-07,5.614959223661700889e-07
8.891955671739433058e-07,7.378940226128243968e-07
1.062622355478797961e-06,9.388102883188137380e-07
1.245487729038480533e-06,1.155841466804371792e-06
1.441874403953472077e-06,1.394022995915516617e-06
1.645443576634318884e-06,1.645880090326696982e-06
1.859173913934937442e-06,1.914747693830304641e-06
2.077449686494359169e-06,2.194326922363273731e-06
2.301965530558097141e-06,2.486006574596236151e-06
2.527999261902836693e-06,2.784903602757417655e-06
2.755813513551879807e-06,3.090205098319520879e-06
2.981925600606660132e-06,3.398855414047024751e-06
3.204000103986182037e-06,3.707340009427210208e-06
3.721539452931103331e-06,3.759491465084951499e-06
4.012213962827633277e-06,3.493972333018695537e-06
4.285487596391951145e-06,3.220418948462733917e-06
4.541304892914351313e-06,2.940330389846498099e-06
4.773962576453534615e-06,2.660401292888906869e-06
4.986260170142690486e-06,2.379721108721891637e-06
5.173060779540421203e-06,2.106157005690625821e-06
5.339570009841059281e-06,1.835440501919010519e-06
5.479379176574173416e-06,1.573251268456026104e-06
5.599608230506142980e-06,1.317091709767294697e-06
5.700983035977756076e-06,1.068471899745274053e-06
5.784089327491054812e-06,8.276568902645645296e-07
5.850066884989121718e-06,5.941372651940999591e-07
5.899668706793366010e-06,3.666647277103311175e-07
5.933643848798328615e-06,1.431906837927742035e-07
5.952291587955524141e-06,-7.903697452879171702e-08
5.955467700122711488e-06,-3.034195854837350931e-07
5.942389142068517190e-06,-5.338985836468431999e-07
5.911681285851866392e-06,-7.747511583460067561e-07
5.860971697832401737e-06,-1.030544025133357983e-06
5.787631881890087842e-06,-1.305904843728682280e-06
5.343522776938527109e-06,-1.466578400552179786e-06
4.992639579777245015e-06,-1.336101563031694767e-06
4.627416670205344991e-06,-1.202541306363768086e-06
4.253327286154362105e-06,-1.070128620275046617e-06
3.872128930827666672e-06,-9.383513546990912544e-07
3.488603101463739597e-06,-8.098816049334410464e-07
3.107087784631172549e-06,-6.850650054790971001e-07
2.729506790847322358e-06,-5.657569802334490121e-07
2.363376749815311501e-06,-4.532862560484577777e-07
2.007701653781104375e-06,-3.485995314489047286e-07
1.673263860686142337e-06,-2.540443333270905194e-07
1.356036847373425654e-06,-1.696255910646764299e-07
1.070180129180475361e-06,-9.874480484567501332e-08
8.085223266768016224e-07,-4.042731411796359466e-08
5.887195783783555866e-07,8.213414924325268351e-10
4.003985712465409729e-07,2.699261158707422512e-08
2.642283576860101840e-07,3.255423865749520828e-08
2.602111257391957898e-08,8.770420460875851730e-08
-1.519342965413247318e-08,1.506451167954136020e-07
-5.525445080017121092e-08,2.536585473465731452e-07
-1.226068995423827626e-07,3.915319346618363274e-07
-2.077811799119895088e-07,5.510916217777170622e-07
-3.171377111633578225e-07,7.416323988205425421e-07
-4.429026381121687244e-07,9.511638380780469932e-07
-5.900289288913508484e-07,1.187261534455520407e-06
-7.515855359988845389e-07,1.438968402420540477e-06
-9.310955912507888403e-07,1.712067504296748625e-06
-1.122686134878009321e-06,1.996875146390074070e-06
-1.328262488126302283e-06,2.297128852176813093e-06
-1.543187628758153689e-06,2.604664798624459177e-06
-1.767568780629803367e-06,2.920929487286021621e-06
-1.998189402582000232e-06,3.239542852265632158e-06
-2.233211304168205910e-06,3.559366636474646196e-06
-2.470835953348744639e-06,3.875695252464737482e-06
-2.706924830036073803e-06,4.186221810434547345e-06
-2.669598440861369491e-06,4.696095363134358945e-06
-2.394718892534199589e-06,4.870941431267274757e-06
-2.131944192096669836e-06,5.011926573796094050e-06
-1.874047574236770448e-06,5.131202108420650663e-06
-1.620971257281432040e-06,5.230697192535358424e-06
-1.371629374083252076e-06,5.311728331621185871e-06
-1.124724480532214386e-06,5.375832071343035881e-06
-8.789599474848467910e-07,5.423945337507632238e-06
-6.330039917300395807e-07,5.456862633070704894e-06
-3.856240781254969881e-07,5.474999461785741373e-06
-1.357122499078193613e-07,5.478506272817511337e-06
1.176997222332786962e-07,5.467254459037086721e-06
3.754585281539334240e-07,5.440895216470761728e-06
6.382278263161746551e-07,5.398846053177024767e-06
9.063886166119497665e-07,5.340473325354597275e-06
1.180100495232773900e-06,5.264830480540318508e-06
1.459217134058518164e-06,5.171177448474485061e-06
1.743410750561055711e-06,5.058340284408904667e-06
2.032053163939881338e-06,4.925669399463164998e-06
2.323732054206681018e-06,4.772129726925927352e-06
2.622077946241152078e-06,4.589615534775056202e-06
2.689114570550877119e-06,4.080251249598527247e-06
2.462108513036786609e-06,3.774586021692422586e-06
2.235852340889051676e-06,3.466507927258600251e-06
2.013082173182931448e-06,3.157489167715800474e-06
1.795819888025766915e-06,2.852161361023820159e-06
1.584889668381692805e-06,2.550575047268162153e-06
1.383467709334019648e-06,2.258713580476433372e-06
1.190761259465585071e-06,1.974533295024782571e-06
1.011023163574953255e-06,1.705324044015455365e-06
8.420046748997162361e-07,1.447220595425116042e-06
6.888532590119065775e-07,1.208563052361415377e-06
5.480439723846626867e-07,9.839106194878411046e-07
4.254406300893354918e-07,7.824078939155995856e-07
3.164212746367718275e-07,5.972864768886259163e-07
2.273724459768217467e-07,4.382343221252816607e-07
1.528197408036203360e-07,2.973888333905135223e-07
9.972539461428661158e-08,1.855484424151878933e-07
-6.102913424994950297e-08,1.923467464646324656e-08
-1.723022499363589308e-07,3.521851905079064467e-08
-3.199502164710416318e-07,2.966528546646341919e-08
-5.239376875908558716e-07,1.886614829087257243e-09
-7.615085817903054917e-07,-4.228395299124654800e-08
-1.043465348476081352e-06,-1.047817323056411175e-07
-1.350812124640687872e-06,-1.808278798788350052e-07
-1.690749577270203427e-06,-2.712446504510392398e-07
-2.048190807451866178e-06,-3.724916852996329751e-07
-2.426770828391741572e-06,-4.842742735604455139e-07
-2.815201255677168704e-06,-6.042430453854059706e-07
-3.213665411243522217e-06,-7.310246685467397394e-07
-3.614561888418916987e-06,-8.634253943440782999e-07
-4.014732961947688730e-06,-9.990266385527776718e-07
-4.410174021899250231e-06,-1.137754527166047089e-06
-4.794454944699658150e-06,-1.276229961522106984e-06
-5.166635852181533390e-06,-1.415385892721718550e-06
-5.518879572687439042e-06,-1.550235814982495008e-06
-5.957558515635859909e-06,-1.399025983857942508e-06
-6.029194875059620909e-06,-1.128368672138744565e-06
-6.078494678770217096e-06,-8.759967986808094952e-07
-6.107931475898958116e-06,-6.371017789356746259e-07
-6.119688145592208719e-06,-4.069552239811475600e-07
-6.114966134419089960e-06,-1.811146953871005383e-07
-6.094346418504593479e-06,4.450115795866747223e-08
-6.057765356105565665e-06,2.734013842840551367e-07
-6.004726111756338414e-06,5.083914916525563237e-07
-5.934263706623720690e-06,7.515109250147202195e-07
-5.845478390249496883e-06,1.003922325311666854e-06
-5.737062594855754987e-06,1.265970545647923895e-06
-5.608393963081581739e-06,1.537145736146908085e-06
-5.458722282570310750e-06,1.815560466921481197e-06
-5.280380234926034401e-06,2.103680017619622928e-06
-5.080711120053691736e-06,2.395132574480045706e-06
-4.854501042656256597e-06,2.693926769238471289e-06
-4.607665508024974531e-06,2.991622783782287477e-06
-4.338291645076952635e-06,3.288021620913055120e-06
-4.052841929594045728e-06,3.576508479235987115e-06
-3.753360022633008859e-06,3.853743844698057068e-06
-3.231624752791762891e-06,3.807175230890185766e-06
-3.006338877146499657e-06,3.490176743489466538e-06
-2.773369329526190432e-06,3.169609272342789017e-06
-2.536796575726571278e-06,2.850974672736212158e-06
-2.300020417550301055e-06,2.536907186945911583e-06
-2.063453314257609899e-06,2.229530950764372522e-06
-1.832194339745889286e-06,1.933898947937306666e-06
-1.604906176880083155e-06,1.649457795176671958e-06
-1.387916555887369398e-06,1.383141544509083396e-06
-1.178262122508256229e-06,1.131981370253873028e-06
-9.833352746520089300e-07,9.045572269293919101e-07
-7.987272722183291048e-07,6.957301957214048482e-07
-6.327166085849836060e-07,5.154785071601524813e-07
-4.796243160514337881e-07,3.567287977534729924e-07
-3.484187621199368493e-07,2.306438629767869991e-07
-2.324481705127215624e-07,1.286700210880777914e-07
-1.409809065846127303e-07,6.175173893713909311e-08
-4.502769812450829877e-08,-6.901265223910598481e-08
-1.115529057870514531e-07,-2.413316672605409452e-07
-1.578492499600422065e-07,-4.379032788628734193e-07
-1.991539101061254484e-07,-6.934508332217930989e-07
-2.338962105014279004e-07,-9.845927856600595778e-07
-2.640210726105146953e-07,-1.319889591699239139e-06
-2.880837852315467148e-07,-1.680143812348926454e-06
-3.079057531095450325e-07,-2.069768202374477210e-06
-3.221462859334376464e-07,-2.474705923878285277e-06
-3.324975437176758495e-07,-2.895420439544375767e-06
-3.377514101966608238e-07,-3.322596832772264194e-06
-3.394685087456861393e-07,-3.753135222221653046e-06
-3.365721635092419388e-07,-4.182086674377233635e-06
-3.304910857380124038e-07,-4.603163963043350368e-06
-3.202787440018703579e-07,-5.015403314138478275e-06
-3.072454625505223451e-07,-5.409712934796873107e-06
-2.905874183380664276e-07,-5.788842101638802283e-06
-2.712175464049101852e-07,-6.140801013522205876e-06
-5.602571720426635943e-07,-6.457441163935434099e-06
-8.664368036923410852e-07,-6.425055860019129478e-06
-1.165249525237471040e-06,-6.376096628260143171e-06
-1.457474927011571125e-06,-6.310754007301511036e-06
-1.743729809317609992e-06,-6.229096361650731402e-06
-2.024627468707170197e-06,-6.131074191293757509e-06
-2.300678300918400879e-06,-6.016534209275186411e-06
-2.572242835218485978e-06,-5.885189512897976966e-06
-2.839467312778110820e-06,-5.736859015636146474e-06
-3.101979192516568993e-06,-5.571337291020449266e-06
-3.361049516287160827e-06,-5.385192201618584455e-06
-3.614474430700608130e-06,-5.181042160607537423e-06
-3.864923559666161404e-06,-4.955922205168708881e-06
-4.108439192495784685e-06,-4.712509337329138025e-06
-4.346579999804112092e-06,-4.448515379738752324e-06
-4.574910244047601048e-06,-4.167888944550180154e-06
-4.794740737586301686e-06,-3.870479345891749060e-06
-5.001397980922104593e-06,-3.559242866358976812e-06
-5.193597094521601584e-06,-3.236192410584076892e-06
-5.370068261528135638e-06,-2.904269734004742101e-06
-5.529711415478194336e-06,-2.567065044754662091e-06
-5.330263653043090891e-06,-2.137052475872447238e-06
-4.969109291261575130e-06,-2.034293732024017486e-06
-4.587878440022709248e-06,-1.920597459425047141e-06
-4.198007315877047391e-06,-1.799540084693134915e-06
-3.798987748092648454e-06,-1.672090288940400091e-06
-3.397992331061585794e-06,-1.539178213078503939e-06
-2.998336913229093738e-06,-1.403115072035783963e-06
-2.603994402871222719e-06,-1.263808816382972268e-06
-2.221816826695485094e-06,-1.124756172246055082e-06
-1.852461668121032030e-06,-9.847427056573416996e-07
-1.506443936719235176e-06,-8.484983806289562226e-07
-1.180994081952445373e-06,-7.136529292634499827e-07
-8.904005071241822482e-07,-5.862043777712212655e-07
-6.283598173418501305e-07,-4.625903183670264738e-07
-4.130376046016990013e-07,-3.501225952013306834e-07
-2.344013728357193219e-07,-2.439991224602292167e-07
-1.149003257769489292e-07,-1.526458299644546805e-07
-7.518069078499902405e-08,1.032483413238468664e-07
2.328563701822933450e-07,-5.210862059408372808e-08
3.068119295988249523e-08,-2.349937387514317752e-07
-1.375364941698851500e-07,-5.704084919708393616e-08
1.732822795359183371e-07,1.278102875815753757e-07
-2.119451339892733792e-08,3.046599194864492220e-08
1.086288042849026849e-07,3.651582796138836604e-08
-4.214063849070975474e-08,-1.918582485949366948e-08
1.457577652954202321e-07,-1.419854917351934349e-08
-4.042928507755216312e-06,-5.145120969421076408e-06
3.788489557404337470e-06,-5.214729753785458794e-06
4.510666549560454132e-06,3.402922257224036630e-06
-4.575217086550348838e-06,3.479943072454405533e-06
-5.077474006065487535e-06,2.875985524842500979e-06
4.983667723852883559e-06,2.831794716475970718e-06
2.947799862001346036e-06,3.894057592624508945e-06
-2.971402541409507235e-06,3.997083742581271195e-06
4.290141547787785382e-06,-4.702334117274741753e-06
-4.531563611400131777e-06,-4.649271268660861102e-06
2.779883266556889776e-06,4.810145388346854713e-06
-2.818146964116651542e-06,4.904945309139912235e-06
-5.426932691792878509e-06,-1.846091952068099142e-06
1.572393438854502220e-08,-6.143989291269469314e-06
5.251067443772046138e-06,-1.762189080922998068e-06
2.495695294238250637e-06,3.278224208143952773e-06
-2.332226885114220325e-07,3.078526564112953169e-07
4.527859810473936950e-06,-1.517290052621406432e-06
5.330536890740140169e-07,-1.606155144887469550e-07
-4.692644421017185307e-06,-1.598822797118926232e-06
1.779961937735258066e-08,-5.411509849704454674e-06
3.413140673090319370e-07,3.524182582698774115e-07
2.899136649817551157e-08,-6.880878560642008829e-07
-4.635232445797586615e-07,-1.724999509015002562e-07
-2.503329481192857047e-06,3.364650850200683237e-06
2.714377931335532947e-08,-1.315998797882465985e-06
1.965912290844473519e-08,-4.604044752436703941e-06
2.048352278437328246e-06,2.668327790682773084e-06
3.768912134735817736e-06,-1.261683859163411001e-06
-4.728693184764093793e-07,6.257159404097637391e-07
5.770205519525575310e-07,6.695414846235416450e-07
9.956917540415075798e-07,-3.214529176170709169e-07
-3.907325099844050907e-06,-1.335722358665370826e-06
-9.631175187158592618e-07,-3.442638125228227200e-07
-2.033353648676788514e-06,2.728297185380646917e-06
1.620397827154777096e-06,2.085450386204723628e-06
-7.849482348430471781e-07,1.043512976165001066e-06
2.527194127870218941e-08,-2.067240815482911078e-06
-1.579301280378677353e-06,2.114227993719919797e-06
-3.105446556183374856e-06,-1.066899536709380474e-06
2.153037998620059608e-08,-3.752993441355719672e-06
1.584770398998703339e-06,-5.230763370409890325e-07
8.742134538488710318e-07,1.071578675453715821e-06
3.004389208271351038e-06,-1.003915980972341289e-06
-1.595901605733482505e-06,-5.590057568632988233e-07
-1.158148693680519930e-06,1.545726235418603960e-06
2.340117178667770111e-08,-2.894142439207813452e-06
1.225198229833900728e-06,1.547942269943826951e-06
-2.322685566843122790e-06,-8.040025559349297714e-07
2.265532963002439865e-06,-7.542022077697724011e-07
-3.529829228354971817e-06,-5.564372998575549701e-06
3.279451495512818334e-06,-5.634305794656117698e-06
3.956392910504420661e-06,3.948622694695161775e-06
-3.995222851929052288e-06,4.048430219813516378e-06
-5.484464479731154782e-06,2.271381982077129170e-06
5.364532428184214791e-06,2.263703702004808722e-06
1.155013888106122521e-07,-4.000586433153639564e-08
2.339771836333158807e-08,-7.880335267493835234e-08
-2.821595087495276118e-08,-3.903708168316569199e-08
3.376606919287746621e-06,4.419290405019005734e-06
-3.402802710633669729e-06,4.526305709824239749e-06
5.203133069214146652e-06,-3.441230128575304565e-06
5.000382592380650649e-06,-3.783839379611470018e-06
-5.206756849866509964e-06,-3.780268190144127374e-06
-5.398235621591283823e-06,-3.457875452348435748e-06
1.599867935759468976e-06,5.367536528803033197e-06
1.889151151236214611e-06,5.263529894326701352e-06
-2.004668022731674142e-06,5.315603271043446106e-06
-1.746908648756810581e-06,5.406718801143698460e-06
5.397877238374220253e-06,-3.093291636413717400e-06
-5.582462991492238399e-06,-3.129861812241042976e-06
1.318133364957699534e-06,5.461376173188382449e-06
-1.495980559857993602e-06,5.488720287798165994e-06
5.998369597780804042e-06,-1.433306523493642280e-06
5.924417460542952988e-06,-1.752817372223641783e-06
-6.091643669939881476e-06,-1.837629063903532229e-06
-6.164281825307495865e-06,-1.523942919569617031e-06
1.401136196668224798e-07,7.735885312152236526e-09
1.291200568494890240e-07,8.295393990306973780e-10
1.551322525189433940e-07,2.924108396610293315e-09
-3.535565731081659157e-08,1.152548673974292181e-08
-5.342076046126001887e-08,2.709398915487307398e-09
-1.904299781603493900e-08,1.897662180573947573e-09
-3.718400996506419463e-06,4.081893376870629111e-06
-4.024095044548809968e-06,3.812749107093540689e-06
3.984215950594746253e-06,3.720584391730337034e-06
3.687385984512155537e-06,3.980478892952023875e-06
6.060379677883830072e-06,-1.148675716402403235e-06
-6.225513669128048803e-06,-1.244621716498003189e-06
5.381861951104317853e-06,2.488469293997758514e-06
5.545165107702006958e-06,2.206278375008128937e-06
-5.677237184219039156e-06,2.210132603095248879e-06
-5.502591889986309898e-06,2.510731298143674768e-06
-2.740884813606288984e-06,-6.066470392719617617e-06
-2.468156254452251918e-06,-6.195506294882550287e-06
2.534761048875550016e-06,-6.113898957973641876e-06
2.286346482083247118e-06,-6.233110722428070354e-06
-2.194308544712640131e-06,-6.316128249092943926e-06
2.040411861055113594e-06,-6.343173766117486452e-06
5.715494272368112188e-06,-2.380675963853706376e-06
5.564266745157061289e-06,-2.735961576326495727e-06
-5.885557416092341552e-06,-2.451794450123348705e-06
-5.740619608051282462e-06,-2.791308361232303030e-06
3.493139828406874515e-06,-5.632308328822315663e-06
3.238449747031911887e-06,-5.816556095114570532e-06
-3.487882329276653083e-06,-5.752038763134782689e-06
-3.748148769261728460e-06,-5.562192236311743783e-06
-6.021945230909811492e-06,1.145995114966103521e-06
-5.923379934350956413e-06,1.415484762633852154e-06
5.775717588853314846e-06,1.458623972795672711e-06
5.868605265905475635e-06,1.203619374287263157e-06
-6.107826984605768150e-06,8.880493556426859351e-07
5.949960444151748360e-06,9.583343349201632616e-07
-3.048592894773308655e-06,4.931512068147234943e-06
-2.752230289743092011e-06,5.094385632401283827e-06
2.709457999717852652e-06,5.012800161948209917e-06
3.020142839716723882e-06,4.835297299588223455e-06
-4.507391599249407105e-06,-4.883480018134137895e-06
-4.748833304889493718e-06,-4.619956783183405776e-06
4.516954441618370819e-06,-4.671519747976567823e-06
4.264590531769634743e-06,-4.946069608152298892e-06
5.838849654334942898e-06,-2.027317936644453902e-06
-6.007034530977093948e-06,-2.107796290461599343e-06
1.290884446617033231e-07,-8.355009195616732538e-09
-2.214741225236428033e-08,-1.309256263327979517e-08
4.986141040131299642e-06,3.067050050366043277e-06
5.196365242561385315e-06,2.776892989424626003e-06
-5.304169896557594201e-06,2.817612691563494502e-06
-5.079576631159971564e-06,3.125535423564844597e-06
-4.831554544027645357e-06,3.430492819133409295e-06
-4.561382942972550760e-06,3.728904658364630056e-06
4.498185351205360906e-06,3.640361569176923737e-06
4.753191270593462162e-06,3.355845890838812430e-06
1.040684175859529995e-06,5.531462955034802764e-06
-1.247260431618088665e-06,5.549894698958807458e-06
7.698507711003720998e-07,5.590756232227473616e-06
-1.001339649800309540e-06,5.602047200725248258e-06
4.009884426778064532e-06,-5.198165135150144107e-06
3.751922180181588633e-06,-5.426984872502307537e-06
-4.007138318717551693e-06,-5.355180715265192059e-06
-4.260694875804928495e-06,-5.128828297041432165e-06
-1.914597195040842176e-06,-6.415926696709389370e-06
1.791819085979327241e-06,-6.433582844517082838e-06
6.097754994266840249e-06,-8.850929204246055967e-07
-6.262555011516409244e-06,-9.851037064410646638e-07
-4.075944346647706557e-06,-4.931042782720461941e-06
-3.826416343269193003e-06,-5.162596081985704943e-06
3.570785175499023407e-06,-5.233466413216457558e-06
3.821513081753667131e-06,-4.996016219472823712e-06
-1.631390256240953743e-06,-6.505805036823300447e-06
1.541425665848791603e-06,-6.514827627634129760e-06
6.123798442554096545e-06,-6.387835759228469004e-07
-6.288489362962240618e-06,-7.414635190247287334e-07
3.322823253798106782e-06,4.643663658025068992e-06
3.639997644717044955e-06,4.413744573410274378e-06
-3.669117589142555127e-06,4.521268892552036402e-06
-3.347716706371870312e-06,4.748498827341751136e-06
4.525439776507035813e-06,3.169102826638081516e-06
4.263282459756956409e-06,3.448652575464575262e-06
-4.315018003101800189e-06,3.528341426729169463e-06
-4.590993192380335200e-06,3.233667118299032275e-06
-4.845540571217106744e-06,2.933897161646611563e-06
-5.077837164841886834e-06,2.631462267495514007e-06
4.983733901145148706e-06,2.601741817857489545e-06
4.765635123206783811e-06,2.886160657417048006e-06
-6.172057419677264219e-06,6.393011657447657408e-07
6.011173569565390558e-06,7.203378534722670288e-07
4.068863077016116408e-06,-4.735800480073461986e-06
4.312858430118211928e-06,-4.452019786082040530e-06
-4.553674323783911466e-06,-4.410472739270145763e-06
-4.318090789309396300e-06,-4.680638436218447899e-06
2.849906700843675918e-06,4.601167089155536884e-06
2.547723762642484431e-06,4.789079903052642322e-06
-2.600677873609560939e-06,4.885029787926597694e-06
-2.882846338288925387e-06,4.705690454179292309e-06
-6.224313389478619388e-06,4.001666876774211793e-07
6.061354872594725431e-06,4.898696924113401893e-07
1.365123364421575773e-07,7.598734824810634544e-09
-3.533297253391253467e-08,1.311479592858267990e-08
5.592102338575962086e-06,-1.872048807157978366e-06
-5.766208108649137392e-06,-1.955543520471876612e-06
-3.572220956002445035e-06,-5.374612925241231118e-06
-3.313921216685598243e-06,-5.567185900919270379e-06
3.071023041866172874e-06,-5.638353155789133683e-06
3.320302189302246342e-06,-5.447407315788454790e-06
-7.465544426009821493e-07,-6.681062357314111162e-06
-4.376656800497889939e-07,-6.709260991077572893e-06
4.597738983296772391e-07,-6.705442684153303260e-06
7.482099675084002265e-07,-6.677150196420598830e-06
1.468869466736760605e-07,-6.725311730447931983e-06
-1.156051526751408098e-07,-6.726413411013517094e-06
5.045048842075355985e-07,5.630844668953679670e-06
-7.558432332851625872e-07,5.637386388111997003e-06
-5.286347595838408950e-06,2.333087552281782347e-06
-5.469381810284927879e-06,2.038530835570896172e-06
5.350031080518052660e-06,2.045034246269457525e-06
5.178954688427561739e-06,2.321551638100018966e-06
3.930689762940590527e-06,4.178863048072614147e-06
4.222615147822502046e-06,3.914905635048014694e-06
-4.271700776055589467e-06,4.013962958358331903e-06
-3.967868689897082406e-06,4.284425837549935748e-06
2.444888124319581820e-07,5.659481656683469334e-06
-5.095918275579414055e-07,5.662696316444606523e-06
-1.342467826925778032e-06,-6.577604892325230888e-06
1.285596915256842363e-06,-6.580194504694423533e-06
6.133531962551643252e-06,-4.051087641083679351e-07
-6.298282475443672860e-06,-5.089071515919621148e-07
-1.047656629325429688e-06,-6.637285334936597701e-06
1.022113564731995705e-06,-6.635399752076706436e-06
6.133093099054867665e-06,-1.790817712023579230e-07
-6.297892519381404485e-06,-2.822811572877522051e-07
5.071767618410024755e-09,4.322817606936484315e-08
3.709547547818211873e-08,5.222013231282617778e-08
-6.260441944783027669e-06,1.686500119330207723e-07
-6.285169943701734083e-06,-5.796631962552785284e-08
6.096341460347830291e-06,2.649073329989733643e-07
6.120517618828824549e-06,4.276499609500427234e-08
-1.039624466990915571e-08,5.672895134455030189e-06
-2.617054184110571822e-07,5.673862244141085037e-06
-2.488408709189688510e-08,8.874401132467663970e-08
-4.364529224870346991e-08,6.158010698250099138e-08
-9.125175523003474624e-09,5.205525930565839535e-08
-7.369864188666829074e-08,5.129173463239120007e-08
-4.286003025358997563e-08,2.432885742719332429e-08
1.738142071078581914e-07,6.251687395508963429e-08
1.362409380625979010e-07,7.615570152475398164e-08
1.403093858063824957e-07,2.519221605434530722e-08
1.095668642296650169e-07,1.103404573093189995e-07
8.202337358709383109e-08,6.493963445511451523e-08
-2.957480398012212837e-06,4.246631515659003703e-06
-2.722531055275644297e-06,3.936073386426936066e-06
2.705502613335756054e-06,3.834083532437952707e-06
2.932731528380473979e-06,4.139678147056600406e-06
-2.988013149645118260e-06,3.745672613202442626e-06
-3.212390691195609289e-06,4.057862949547074756e-06
1.586433550320395015e-08,-6.473483536104696168e-06
3.143119183101280416e-06,-1.228375990609657156e-06
2.765412188595427721e-06,-1.097897286964971703e-06
-7.939863105874718101e-07,8.627629439913827796e-07
-9.752243656121405188e-07,1.087776067166211889e-06
7.048883360711530504e-07,1.027683625202646196e-06
8.598853359035303337e-07,1.253985507857599923e-06
-4.160278545923348283e-06,-1.235753497465282680e-06
-3.760995787503662028e-06,-1.100025269907065271e-06
-4.787695435863825145e-07,4.832355354382153879e-07
-6.281032760884690889e-07,6.607421081486820718e-07
-7.876157524090524897e-07,-4.091878306980646174e-07
-1.069570703062473574e-06,-5.209938271225834759e-07
3.909095872962405438e-06,-1.487064533940926664e-06
3.525402758227845300e-06,-1.358431472795019845e-06
8.991104623268344826e-07,-1.720535090013888220e-07
1.169450859024438938e-06,-2.503096738797763833e-07
1.658271237311825729e-07,-1.144557740293098209e-06
1.779662130504659570e-07,-1.493642283444748356e-06
2.738805129300507183e-06,3.338571598041576391e-06
2.512073141744539346e-06,3.030583016477907905e-06
4.664011761484650588e-06,-1.734738434661430630e-06
4.289591771480549198e-06,-1.612800780181551043e-06
-1.407343654748711766e-07,-5.603439642847016026e-06
-1.477100188981717968e-07,-5.215953420767858794e-06
4.629410437116333143e-07,-5.555717251640034740e-08
6.623942497436225051e-07,-1.067295872814324548e-07
1.028364296815062587e-06,1.497513676521463884e-06
1.209417620333203262e-06,1.756896691232188489e-06
-1.169914675276156448e-06,1.333327412701826643e-06
-1.376670888414568785e-06,1.597631227998307999e-06
2.394120450586883763e-07,3.248667468690085537e-07
3.311270156066497077e-07,4.678877788919762798e-07
2.135097118758792471e-06,-5.470170821262359012e-07
2.494865921410494162e-06,-6.620191785000019382e-07
-1.560339796089582002e-07,-3.107690095348147565e-06
-1.516702236986734019e-07,-2.682639644174401303e-06
-2.083787448421966887e-06,-8.970001169871157284e-07
-2.462480458986417491e-06,-1.030939391955688858e-06
-1.216874569841196540e-07,-6.312263380572317548e-06
-1.323216520465498539e-07,-5.969865664979062694e-06
3.185611146680779045e-06,3.953912693779644430e-06
2.964401939309104228e-06,3.647357905732090247e-06
5.375845359863679003e-06,-1.960790219797292338e-06
5.028022267808358653e-06,-1.851867639401272366e-06
-5.646852457427937036e-06,-1.762509210539428291e-06
-5.297921891625858695e-06,-1.635219917759185642e-06
-4.933214000671052971e-06,-1.504693044692176200e-06
-4.552223782349010916e-06,-1.371041761941497512e-06
-3.386043679780696195e-07,-2.156357208511917759e-07
-5.426098324089881503e-07,-3.069726800540459257e-07
-2.486855922211667021e-06,3.621243258004978601e-06
-2.250481008507285937e-06,3.302002800721283171e-06
-2.356664677117656906e-07,2.092570000831803880e-07
-3.476060357250410293e-07,3.322957768363598105e-07
1.334079674039815234e-07,-5.550863711025604374e-07
1.510008767439560423e-07,-8.299956673915173152e-07
-1.530471868665213162e-07,-4.811846580739962285e-06
-1.566571788087839652e-07,-4.394291978012870585e-06
4.396864473580216271e-07,6.333594630168477624e-07
5.645824802846042749e-07,8.204380248195673600e-07
-1.593309468040803583e-06,1.877847537157952807e-06
-1.818254062486003401e-06,2.171929347633266562e-06
-2.853004890317870919e-06,-1.166485681341835195e-06
-3.251635280805177234e-06,-1.302457301471650002e-06
2.286500508934641760e-06,2.726660898362199243e-06
2.063635597325095782e-06,2.428813764660883796e-06
1.845700580660847856e-06,2.139922874365761330e-06
1.634100547928448828e-06,1.861800424078188511e-06
-1.817494639007606248e-06,-4.691812014652615781e-07
-1.471022390267721161e-06,-3.630873615438113648e-07
1.703081517621856674e-06,-7.176379766704887578e-07
1.385822038205770388e-06,-5.988071367363444156e-07
2.022513799884513189e-07,-3.537253562714527663e-06
2.005482245262206169e-07,-3.967998519666723545e-06
1.401555013446720544e-06,2.029917745524762885e-06
1.603678826066524751e-06,2.314943855563461573e-06
1.468157232814543784e-06,-3.397531762452822539e-07
1.791734610149609217e-06,-4.392194783825096472e-07
-3.359576189268555936e-06,-9.656004591692323007e-07
-2.959605922494600849e-06,-8.336725796982658093e-07
-1.382526393380648372e-06,-6.404995705632274378e-07
-1.722521844428840989e-06,-7.664469062305026365e-07
-2.016201769636403620e-06,2.982794957908493101e-06
-1.785933916993398251e-06,2.666385295033548561e-06
-1.450437619378711874e-07,-2.268664908778294268e-06
-1.360657541047975400e-07,-1.870173867487057149e-06
1.875450319410982948e-07,-1.869835273301634175e-06
1.946523021912269773e-07,-2.268326401601768103e-06
1.969115586935013117e-07,-4.393952819137173429e-06
1.914301003110855352e-07,-4.811508750151893536e-06
-1.562263477331282872e-06,2.356477666973587603e-06
-1.346837060836638514e-06,2.055461770858427736e-06
-1.584228605104745008e-07,-3.968337085687535304e-06
-1.582552422130298593e-07,-3.537592099381967865e-06
-5.202279627550169119e-06,-1.936867643335328146e-06
-5.552201476220819611e-06,-2.043543142243178510e-06
-2.049041148685768004e-06,2.476650366360608279e-06
-2.283902328370744876e-06,2.789697879332658831e-06
7.265100699599064906e-07,7.037226694122800503e-07
5.837875291675765730e-07,5.296125819526529608e-07
1.649877750912521821e-07,-5.969329195322567817e-06
1.526702304895171126e-07,-6.312974119975321363e-06
-2.520069867411729461e-06,3.107448912339206698e-06
-2.755668932155816471e-06,3.427444083554186055e-06
1.814017664118210896e-06,2.609371005444294316e-06
2.031285820686667327e-06,2.911306708576171462e-06
5.122622333028870589e-06,-1.552372428237910898e-06
5.471671853260900466e-06,-1.677745087216042123e-06
-2.232356187196696242e-07,4.211061368168105496e-07
-1.349623360079027006e-07,2.807176091052877808e-07
-9.391890503661413233e-08,-8.303078453932136511e-07
-7.445970332009815898e-08,-5.555058067004420463e-07
-6.035766466592610078e-07,-1.140085152283988075e-07
-3.876699259828119275e-07,-5.932857384207795104e-08
-4.447528720412030050e-06,-1.697472851516935669e-06
-4.832179996082159596e-06,-1.820397200934554297e-06
2.253432321135528796e-06,3.217774332925116665e-06
2.478937143431824438e-06,3.526555782255594462e-06
-1.141962086722563718e-06,1.766679732364868675e-06
-9.490985834195822076e-07,1.492263273353787832e-06
1.994079717556441624e-07,-2.682301085759382132e-06
2.019009184349902193e-07,-3.107351535824573178e-06
1.430763523283925076e-06,1.596935307195280032e-06
1.236903537455574749e-06,1.346875870417873012e-06
4.391120795806169034e-06,-1.295540566061079447e-06
4.762909424198846966e-06,-1.424940974852344359e-06
-2.566485820835201305e-06,-7.060347636505885328e-07
-2.183924385412798339e-06,-5.839210165601482182e-07
4.565025761835039891e-07,3.777693307111482479e-07
3.452946528403054716e-07,2.489770387512967825e-07
1.842272682388317576e-07,-5.215628512900152680e-06
1.753882789092863595e-07,-5.603069501894634493e-06
6.061965367218816549e-07,-2.856090417294827636e-07
4.178661322172619063e-07,-2.001349883824206796e-07
2.397041887300150034e-06,-9.685024555900109989e-07
2.041286713472620480e-06,-8.412279379375281510e-07
-1.246156988232031563e-07,-1.493982168500391613e-06
-1.106045975136353371e-07,-1.144894186885619448e-06
3.628614442708879708e-06,-1.035597546494270910e-06
4.011958195022609801e-06,-1.165406585266974784e-06
-1.150254691785378150e-06,-2.675457829138175072e-07
-8.591338049329870707e-07,-1.838665205181970427e-07
1.094616729020465464e-06,-4.863563414349101624e-07
8.329799807924592682e-07,-3.813984661648631127e-07
-3.652950236935185690e-06,-1.437132208765484765e-06
-4.053336521102687111e-06,-1.569366130248478512e-06
-4.602886364307999805e-07,7.811116003316949969e-07
-3.319565385643786922e-07,5.883314800658843369e-07
-7.702727758564881469e-07,1.235166837711533010e-06
-6.067545920636638284e-07,9.972605203874412392e-07
1.054168201374256804e-06,1.113724461893200404e-06
8.835814915783954789e-07,8.987681149106872961e-07
2.866129151779736967e-06,-7.825907266979879264e-07
3.245625279744103416e-06,-9.076429495858624581e-07
-9.696924150585915406e-08,-2.371123590215903698e-09
-8.040717378973120032e-08,-3.545064983795718929e-08
-7.655811423953692681e-08,-7.347135118829907632e-08
-4.149311136669580154e-08,-4.665865255976217585e-08
1.776317689757250626e-07,-6.684958625971741445e-08
1.805545622465085216e-07,-3.091288606239363505e-08
1.450260182390634326e-07,-4.022911579060309222e-08
1.950940086043270803e-07,-1.631335792088508351e-09
-2.720056995326443279e-08,-1.522130873714709436e-07
2.878493959138515871e-08,-1.452920292059602443e-07
-1.756392845213431011e-08,-8.195425173579198236e-08
8.961391463170253758e-08,-1.556448270472304210e-07
7.868633600548936431e-08,-8.767043354287070759e-08
6.563825436799440702e-08,2.442126570013340878e-08
-3.006728488594982973e-09,1.709410440393684463e-08
-1.507245118912467843e-08,-4.983111734005399505e-08
-4.068014769079527319e-08,-6.061947521987662171e-08
1.190352313453175161e-07,-6.565460720250119082e-08
7.660404851703405044e-08,-5.647889334441531056e-08
1.097755784255745197e-07,9.133170904357468028e-09
-1.418719977660333443e-08,1.114454881687398651e-08
1.550957288597099275e-08,-4.186300024535163866e-08
-6.544888902141890921e-09,-1.476673318868826721e-08
7.113130445344255242e-08,-2.230705581626511088e-08
1.313185209290508749e-07,-2.673024239288129322e-08
1.331520099224795281e-07,-5.366594941109540965e-08
-3.703543302228806015e-08,-5.600247608595566635e-08
-2.879597681226638484e-08,-3.330287484920932896e-08
-1.414778420404657291e-07,1.877465791001651947e-07
-1.441957284389001758e-07,1.159118280806718653e-07
-6.816249700221548227e-08,1.689893325994160391e-07
2.466896351478850111e-07,2.260532489713473066e-07
1.653889147151024622e-07,2.055676890818665168e-07
2.508550727057520621e-07,1.438880006400604973e-07
3.560342003461112491e-07,-9.777322495538015094e-08
3.060806466224699671e-07,-2.030739508177868647e-08
2.735373444486464589e-07,-1.267723328899142865e-07
-2.716303694093670724e-07,-1.053324870552382076e-07
-1.816349327246967890e-07,-1.371704513289473874e-07
-2.175234710734446615e-07,-2.189377426321107928e-08
2.997945390770750756e-08,-4.315805462184301294e-07
1.130320515303361185e-07,-3.279169164202767550e-07
-5.204861496756324859e-08,-3.283438303332296541e-07
-4.300633272356209913e-06,3.778053343067540007e-06
4.249938561756647093e-06,3.687379625076476214e-06
5.527920410355729455e-06,1.989976904450397145e-06
-5.659139586066156639e-06,1.979834918863302240e-06
-1.390676530214087050e-08,-1.686599399681417841e-08
1.127678457120977413e-07,-1.281422882626787137e-08
3.031826461747917054e-06,-5.818258726450864884e-06
-3.272959062154181793e-06,-5.753522123305156269e-06
-2.538204962337277618e-06,5.070699571938029520e-06
2.479732334858838396e-06,4.989120622498086571e-06
-4.772188639199946149e-06,-4.380228255194813036e-06
4.541597874950766929e-06,-4.419836714981563380e-06
5.194184242403229588e-06,2.549054252127249697e-06
-5.302224346768318854e-06,2.575313012736625079e-06
-3.691405427334572747e-06,4.316643918490183642e-06
-3.425204564121193346e-06,4.323088442540930864e-06
3.661504848696650950e-06,4.210741680158237378e-06
3.398388670763206039e-06,4.216757758613756144e-06
3.536323577521106742e-06,-5.443401286568388812e-06
-3.791859961160337817e-06,-5.371247433337059751e-06
-4.295084437376196077e-06,-4.913551674745759663e-06
4.045178745236401088e-06,-4.977546171727813986e-06
4.766490529599417126e-06,3.123607854427076924e-06
-4.846071167379775038e-06,3.185506081197572731e-06
-3.194403823036106329e-06,4.305071055316760899e-06
3.168024970636713122e-06,4.197855832360509027e-06
-2.738823960548229398e-06,3.683553356156345736e-06
-1.948177776130385579e-06,-6.779290909092091533e-07
1.914050688617506789e-06,-6.350690228691815164e-07
1.042353543390085672e-06,1.299604233073361120e-06
-9.633729848561686227e-07,1.283330377134048081e-06
2.246576583545648708e-08,-3.321897917857266668e-06
-2.708519580303455769e-06,-9.336855852881694665e-07
3.385197018626316266e-06,-1.132362791426329440e-06
1.417010452842861051e-06,1.808693697845046280e-06
-1.362648723847766388e-06,1.821577111503459164e-06
-6.189148149687247618e-07,8.208211583739813839e-07
7.169802581315741158e-07,8.586357267392833935e-07
2.433657938250450113e-08,-2.472814200395336654e-06
-6.905446232331221839e-07,-2.510236978962011959e-07
2.059502133962724063e-08,-4.182467233404310231e-06
-4.305048612126434934e-06,-1.468983337640259550e-06
4.151485415259651290e-06,-1.390563784357558224e-06
7.429311469581462238e-07,-2.341081690273200669e-07
-1.802629731497126462e-06,2.416138230771046488e-06
2.807954308858877437e-08,-9.799834771566831267e-07
-3.415004510712403170e-07,4.508820755455332980e-07
1.830431919227125042e-06,2.371426186159671834e-06
-2.267324343098172159e-06,3.044994426257936745e-06
4.896960390316573028e-06,-1.641691641841978863e-06
1.685274353340251405e-08,-5.790945142931397816e-06
2.722062908478195704e-06,3.586948414636089542e-06
-5.069848096353584713e-06,-1.725309523593577130e-06
2.270217554410884490e-06,2.970729030403073600e-06
1.872320436759864780e-08,-5.016753674317361500e-06
4.495270776324084177e-07,4.976730716636239024e-07
2.620726300549760661e-08,-1.676945770005562253e-06
1.274046883393585002e-06,-4.170424428111781998e-07
-3.506236012024300285e-06,-1.201297645730061162e-06
-1.262651182376929390e-06,-4.461935699340672005e-07
2.628770069528706411e-06,-8.770842165386079854e-07
3.094996403698083674e-06,4.624343454184451805e-06
-3.120935473177192393e-06,4.729114882759258047e-06
3.146975492419394532e-06,4.401180133227547070e-06
-3.172901388886035104e-06,4.509099037875857006e-06
2.780453065838410357e-06,-5.970626722232176187e-06
4.771613748709453283e-06,-4.106428337111522013e-06
5.657410951653277393e-06,1.719028256006342564e-06
2.179891915271282291e-06,5.130934631187612952e-06
-2.265425672978597388e-06,5.198086312760745433e-06
-5.797400308376441371e-06,1.691700809530546403e-06
-4.990447946110633272e-06,-4.084026539658285222e-06
-3.006307268912381560e-06,-5.913576047401396683e-06
