Size 899,2
0.000000000000000000e+00,0.000000000000000000e+00
0.000000000000000000e+00,0.000000000000000000e+00
5.219347741067925364e-10,-6.965309592071698905e-06
-3.407326858910458976e-07,6.458593021421264503e-06
2.464840036563926014e-07,-1.873565576238415218e-07
4.095265540433125881e-07,-1.070130732137316848e-07
5.594849785570150433e-07,-6.038792703109567943e-06
5.080979461925340366e-06,-2.203794350728711781e-06
4.686796717544145628e-07,6.350264952059464861e-08
4.627283257965938562e-07,4.101180668680031484e-08
5.455417664947493615e-06,-1.118065594721971984e-06
3.788113329841867909e-06,3.951469151938955289e-06
2.127006972714901062e-07,2.114561509312357241e-07
3.189012081158233032e-08,1.102282745228945885e-07
2.866753017064556143e-06,4.612250512419436238e-06
-2.964573528581113798e-06,4.945115514277742572e-06
-1.116311376549147669e-07,-1.964708723187255461e-08
-7.699367251135072880e-08,8.534896122254706383e-08
-3.924711219803776693e-06,4.222321606166752016e-06
-6.003148362801692179e-06,-1.343858392483880285e-06
-1.422931671744742248e-08,-1.136513928825765100e-07
-1.008896887958531175e-07,-1.380552032976075369e-07
-5.615419486342980807e-06,-2.501641454200504696e-06
-5.765916623929238113e-07,-6.025112303378423378e-06
1.639871877246602061e-07,0.000000000000000000e+00
2.607708958608471439e-07,0.000000000000000000e+00
3.210200539705712524e-07,0.000000000000000000e+00
3.600669891213938013e-07,0.000000000000000000e+00
3.857859299458792750e-07,0.000000000000000000e+00
4.094313221301293131e-07,0.000000000000000000e+00
4.220897295382527634e-07,0.000000000000000000e+00
4.193650834281277542e-07,0.000000000000000000e+00
4.051499125197254900e-07,0.000000000000000000e+00
3.717179178270185749e-07,0.000000000000000000e+00
2.970172771986900712e-07,0.000000000000000000e+00
1.976321526253615145e-07,0.000000000000000000e+00
1.021067384518425043e-07,0.000000000000000000e+00
0.000000000000000000e+00,0.000000000000000000e+00
0.000000000000000000e+00,0.000000000000000000e+00
0.000000000000000000e+00,0.000000000000000000e+00
0.000000000000000000e+00,0.000000000000000000e+00
0.000000000000000000e+00,0.000000000000000000e+00
0.000000000000000000e+00,0.000000000000000000e+00
0.000000000000000000e+00,0.000000000000000000e+00
0.000000000000000000e+00,0.000000000000000000e+00
0.000000000000000000e+00,0.000000000000000000e+00
0.000000000000000000e+00,0.000000000000000000e+00
0.000000000000000000e+00,0.000000000000000000e+00
0.000000000000000000e+00,0.000000000000000000e+00
0.000000000000000000e+00,0.000000000000000000e+00
4.437161249248200864e-07,-6.923686330106008346e-06
8.456902438515310949e-07,-6.848276688422131012e-06
1.192565713611957221e-06,-6.762577611429729936e-06
1.501329320803803965e-06,-6.671785698323894190e-06
1.779270614987901912e-06,-6.577989381885200967e-06
2.032660984837672771e-06,-6.482137043628330696e-06
2.267044050325991618e-06,-6.384244698825691893e-06
2.487366692307172669e-06,-6.283778420534043205e-06
2.698028159488569046e-06,-6.179566217567096864e-06
2.902749984309347673e-06,-6.069986245445215218e-06
3.105219260535291706e-06,-5.953587061958829037e-06
3.308761744644676052e-06,-5.828342941173373646e-06
3.516455067372339037e-06,-5.690497882632249666e-06
3.729164694939953576e-06,-5.537159810114569476e-06
3.948012315663707099e-06,-5.365073628862341522e-06
4.172526502976272458e-06,-5.171475595871855292e-06
4.402071771213584383e-06,-4.953621895476463453e-06
4.634744956404935840e-06,-4.709544480181372587e-06
4.868450007710529009e-06,-4.437464708646969440e-06
5.100160662095398485e-06,-4.136754736977473542e-06
5.326686071838376425e-06,-3.807135278386549633e-06
5.544627581356152181e-06,-3.449904613748810054e-06
5.751065513004302533e-06,-3.064735815465142285e-06
5.940606862217996675e-06,-2.653748730700840621e-06
6.105697180216479791e-06,-2.218776272173998933e-06
6.234113470935484473e-06,-1.773455705555245116e-06
6.324474937835878584e-06,-1.340085810400843174e-06
6.379309442137344070e-06,-9.361539639066983760e-07
6.409131971852023885e-06,-5.678423402604339903e-07
6.420672494217859159e-06,-2.300339487526704365e-07
6.417547789451724785e-06,8.105628225996673178e-08
6.402436138731695338e-06,3.688002782629282611e-07
6.377410753645196498e-06,6.363247948171989604e-07
6.344087652754974500e-06,8.869169174821395083e-07
6.303533953945999964e-06,1.123761704036375551e-06
6.256357897336693044e-06,1.350050023692065384e-06
6.202665864996877919e-06,1.568815692391945522e-06
6.142137184069388327e-06,1.782925646022807606e-06
6.074035447638555416e-06,1.995041620713918917e-06
5.997247280729651470e-06,2.207516847196467870e-06
5.910353417416132135e-06,2.422463243990676036e-06
5.811621244868182469e-06,2.641580186006422793e-06
5.699139077038288825e-06,2.866309974881001040e-06
5.570733094427642227e-06,3.097663900492982411e-06
5.424062790035013161e-06,3.336498642630588179e-06
5.256283428892592727e-06,3.583167473678316175e-06
5.069262637316984076e-06,3.844224333787043152e-06
4.852666011675164653e-06,4.118547959366332060e-06
4.599090410937304090e-06,4.407105509497347349e-06
4.304788264000948305e-06,4.703437068310652656e-06
3.965574855401865189e-06,4.996348664391147374e-06
3.594139352336478386e-06,5.264942666055584589e-06
3.210702105520035385e-06,5.501833898592813298e-06
2.828343751091115421e-06,5.706208690850569806e-06
2.452813134922647623e-06,5.881001134555308220e-06
2.086313438815744903e-06,6.028375364830132685e-06
1.731241334964646706e-06,6.149982139451860837e-06
1.389600961004774719e-06,6.247613850645987309e-06
1.063000525066750565e-06,6.323421965865896630e-06
7.522182004182544175e-07,6.379735965088840209e-06
4.574736095050785949e-07,6.419033854314341614e-06
1.780857313750132504e-07,6.443754403722247117e-06
-8.723782897876412148e-08,6.456241123420121041e-06
-5.850129952899293530e-07,6.451748224077217232e-06
-8.228795835806221760e-07,6.436190095929327767e-06
-1.057437149630208400e-06,6.412651735957419518e-06
-1.292355844411795468e-06,6.381227637830778574e-06
-1.531698085856197022e-06,6.341283849339747379e-06
-1.779692151925510223e-06,6.291423822363816571e-06
-2.040781689179865726e-06,6.229461824551427591e-06
-2.319252670393731000e-06,6.152379847222899274e-06
-2.619617459189040173e-06,6.056332937320211788e-06
-2.946612259578845781e-06,5.936046566939008169e-06
-3.306184900319216717e-06,5.782810185019831504e-06
-3.695413548179193454e-06,5.583860720132020929e-06
-4.099502501232623155e-06,5.337409966702762771e-06
-4.484336781114899922e-06,5.045262728938308481e-06
-4.831505043460474223e-06,4.733204431419401096e-06
-5.140001843612181135e-06,4.415836123668473312e-06
-5.410941899954087527e-06,4.102116897834416248e-06
-5.648303916183787519e-06,3.794692501087052614e-06
-5.861417706713954723e-06,3.498114736774864578e-06
-6.047415742792980006e-06,3.208071051048274479e-06
-6.208636387648680817e-06,2.926226180916235676e-06
-6.347357418188943304e-06,2.653450860180239006e-06
-6.466076244405632672e-06,2.390119027799572297e-06
-6.567281639106378647e-06,2.135818922610693156e-06
-6.653509124601567430e-06,1.889528778336937498e-06
-6.727080108317400806e-06,1.649425790783564764e-06
-6.790078569302280736e-06,1.413124739568090309e-06
-6.844177584850186924e-06,1.177573546751740815e-06
-6.890563903984927124e-06,9.392614422445900255e-07
-6.929862079180450741e-06,6.942375687033773973e-07
-6.962019609828069453e-06,4.382348968462053427e-07
-6.986330993831685147e-06,1.668457861782998549e-07
-7.001312414724618607e-06,-1.244868085765753668e-07
-7.004828269545113340e-06,-4.401719290735699595e-07
-6.993908680838117297e-06,-7.848871905964808200e-07
-6.964316943836271093e-06,-1.164008953999316943e-06
-6.907385891557399234e-06,-1.585058666873833558e-06
-6.808615519330767625e-06,-2.040348483408834831e-06
-6.662463503839542223e-06,-2.502401750868191999e-06
-6.476094225029249150e-06,-2.935689681629911145e-06
-6.272752214898129344e-06,-3.319305638482857108e-06
-6.066330641863909577e-06,-3.660581685308593688e-06
-5.862220066254152356e-06,-3.964361536379721400e-06
-5.660104799002264508e-06,-4.237994033920956661e-06
-5.460496521095293793e-06,-4.484461005745150033e-06
-5.263443046553114161e-06,-4.707780380581049814e-06
-5.068548794156989530e-06,-4.911621955773879617e-06
-4.874438758488922306e-06,-5.099826212564693649e-06
-4.679403140033327777e-06,-5.275718603063563877e-06
-4.480992352902487513e-06,-5.442326910826400883e-06
-4.276483511022025034e-06,-5.602137700261337693e-06
-4.062946730860768849e-06,-5.757040208684523172e-06
-3.836577978722221145e-06,-5.908844382035753608e-06
-3.593904950487151912e-06,-6.058027871305832519e-06
-3.331851409551625174e-06,-6.199090453751145072e-06
-3.051136025875165052e-06,-6.334373331382068401e-06
-2.749938598315661402e-06,-6.462516675889910593e-06
-2.426801250019141972e-06,-6.581984222360145263e-06
-2.080605620518156405e-06,-6.690743402783719619e-06
-1.710826343435853240e-06,-6.786566270537036885e-06
-1.317305405843341885e-06,-6.866803725265726847e-06
-8.999766792141070191e-07,-6.928421426016187676e-06
-4.552510299179289471e-07,-6.966151976536336782e-06
2.831732104129060738e-07,-1.538184599630004981e-07
3.291780310951398966e-07,-1.243024127324088052e-07
3.629697412929810075e-07,-9.449096998772240888e-08
3.813096527535872396e-07,-7.433257381201936552e-08
3.932391006779605226e-07,-7.380357903561949414e-08
5.067913008875356851e-07,-2.714912856079069242e-07
6.939472380362921621e-07,-4.419093044264686293e-07
9.571229162343003511e-07,-6.224466565461717260e-07
1.286887111983819934e-06,-8.108690467366826475e-07
1.672909149829372257e-06,-1.003835934938712341e-06
2.104832970668492493e-06,-1.198025627443954009e-06
2.572339059043405613e-06,-1.390138501907248143e-06
3.065168803016276919e-06,-1.576885766383220285e-06
3.573116656299727269e-06,-1.754924787196033435e-06
4.085727162082974256e-06,-1.920719202981020086e-06
4.591503859860447960e-06,-2.070920354791123563e-06
4.934898846615069812e-06,-2.594177322671266179e-06
4.773529575961573338e-06,-2.970044545130052652e-06
4.603682289857493049e-06,-3.325191339322354878e-06
4.427434796695498509e-06,-3.656534175049712407e-06
4.246535783869941605e-06,-3.963456318080040782e-06
4.063622525839921909e-06,-4.244438728544675490e-06
3.879694686275325398e-06,-4.500258420711544387e-06
3.696644224168327274e-06,-4.730661357962341855e-06
3.514569132481208767e-06,-4.937413492399171655e-06
3.334240475704649415e-06,-5.121196642068185815e-06
3.154631819480295798e-06,-5.284162108990541008e-06
2.975087661537716559e-06,-5.427777469295292890e-06
2.793706159456799399e-06,-5.553484611988539582e-06
2.607369180071331845e-06,-5.662745798564164936e-06
2.413646085455254219e-06,-5.758369679352227236e-06
2.209710743188845890e-06,-5.841074365085192817e-06
1.992109557505441709e-06,-5.911188175932483568e-06
1.756871314317980175e-06,-5.968423627972466403e-06
1.499675003794267531e-06,-6.012140972660476879e-06
1.216027243837620633e-06,-6.040755525998830743e-06
9.022605936814236209e-07,-6.051827547993784261e-06
6.287667874084687510e-07,-5.514344043974468709e-06
6.716541307588116157e-07,-4.958249660974406754e-06
6.989347074591857729e-07,-4.379426123226688833e-06
7.113338343754647070e-07,-3.788595635464182074e-06
7.085753588783988474e-07,-3.198129413320251510e-06
6.904336894314977578e-07,-2.620856429972507744e-06
6.567392030845797443e-07,-2.069763672202119854e-06
6.073095096076469001e-07,-1.557920449984220631e-06
5.417955699877786562e-07,-1.098540326314575655e-06
4.595590873702127338e-07,-7.057779189384494303e-07
3.605283489150960175e-07,-3.957689536768937438e-07
4.274808359664486830e-07,3.062622045348118700e-08
4.232561992850076565e-07,1.198267624227490139e-08
4.258146908064481498e-07,5.474646898388888074e-09
4.323142758274033631e-07,6.765175018923712855e-09
4.429540752973245964e-07,1.753681892327444407e-08
6.526639359953852120e-07,1.253121024005129681e-07
8.713905774915274471e-07,2.848449045985216363e-07
1.118211440520560762e-06,5.039782667764892908e-07
1.389424600404500657e-06,7.751487061603088936e-07
1.679953907175996284e-06,1.091283442411549917e-06
1.984382837647573953e-06,1.445178193347118480e-06
2.297178083607575901e-06,1.829470264596803256e-06
2.612744982300447564e-06,2.236682707555414499e-06
2.925455197789983359e-06,2.659242050202118743e-06
3.229730624657277123e-06,3.089580204253088158e-06
3.520057863118109123e-06,3.520830547604884632e-06
4.093287538257822169e-06,3.738259014004841681e-06
4.364436845293350188e-06,3.521196109387620513e-06
4.602963186491619499e-06,3.309489400557323027e-06
4.812192725597683426e-06,3.103389707780277269e-06
4.989800459023628974e-06,2.899609936075315829e-06
5.146174288214780312e-06,2.698328613183069648e-06
5.282794929867798150e-06,2.499985922682243281e-06
5.401303625043008289e-06,2.304093566602739168e-06
5.503117113557950359e-06,2.109760764845609170e-06
5.589555824471622516e-06,1.915737129959953069e-06
5.661649784675433702e-06,1.720505051765174293e-06
5.720163196060785410e-06,1.522252134170173393e-06
5.765545977781195961e-06,1.318959353435445485e-06
5.797850578825317648e-06,1.108386552271913855e-06
5.816795263192012432e-06,8.881726627627063305e-07
5.821603972903679009e-06,6.558287866728873743e-07
5.811150723253677495e-06,4.088510357013858510e-07
5.783768807816760448e-06,1.447155125432858606e-07
5.737449147195288519e-06,-1.389634927729939128e-07
5.669664386139155962e-06,-4.442770359568403891e-07
5.577405393444642041e-06,-7.719729448451681865e-07
4.974763887819286872e-06,-9.147244520984308177e-07
4.475880276460539248e-06,-7.290885065860757077e-07
3.966120666239016844e-06,-5.533303035515710002e-07
3.453699706312189724e-06,-3.896898152705642483e-07
2.948409263530184864e-06,-2.416437994019441345e-07
2.460451677757888587e-06,-1.126434202289655256e-07
2.000096824706224774e-06,-6.088024998652828193e-09
1.577640840687749950e-06,7.462407015882105612e-08
1.203423906941668438e-06,1.260772170741339028e-07
8.878631476470349603e-07,1.448756362537586132e-07
6.401920745446255322e-07,1.274687036178889847e-07
1.501234201009028414e-07,1.794659629030828858e-07
8.732466855558780570e-08,1.588100419353776040e-07
3.504503955569364530e-08,1.300321914298182538e-07
6.691665941305516021e-09,9.885929973500280598e-08
1.030964318526774761e-08,7.802517920151252597e-08
4.591465482070953239e-08,3.064729887319773422e-07
-1.803948136235283470e-08,5.769353802317184090e-07
-1.473103300345269087e-07,9.099851832722189266e-07
-3.337762809791076386e-07,1.294946962047909430e-06
-5.695511746048816181e-07,1.721029266107711235e-06
-8.469259993777694609e-07,2.177503624339202735e-06
-1.158171775081097668e-06,2.653513529824516203e-06
-1.495470858948392800e-06,3.138087888610187473e-06
-1.850889043653942994e-06,3.620220840104774459e-06
-2.216550114740560663e-06,4.089194170979828639e-06
-2.586249500611976117e-06,4.535144497156287688e-06
-2.682925642863982736e-06,5.171170901629128575e-06
-2.408709520481193627e-06,5.358364760569924724e-06
-2.149424480328697473e-06,5.511958506038033426e-06
-1.904487397297690639e-06,5.636136938160567032e-06
-1.671297643439796887e-06,5.734612506173968241e-06
-1.446752550546939226e-06,5.810662111283428660e-06
-1.227640146463352275e-06,5.866920915875503689e-06
-1.010767898541195333e-06,5.905387707092022310e-06
-7.931105418354714668e-07,5.927478750759108169e-06
-5.718871099869289247e-07,5.933993653421904586e-06
-3.446550003197276057e-07,5.925255525545059104e-06
-1.092287813979710233e-07,5.901059244043982284e-06
1.363527454240308128e-07,5.860847073798995847e-06
3.936768970358386346e-07,5.803765833693103622e-06
6.637494604702786722e-07,5.728743896943938475e-06
9.469933680431375614e-07,5.634615017874990927e-06
1.243198045394385545e-06,5.520134033220996815e-06
1.551607097784659677e-06,5.384212440943932954e-06
1.870867891671852395e-06,5.225855886687183089e-06
2.199068376622982035e-06,5.044507004294295817e-06
2.533153393403136406e-06,4.839942920001685461e-06
2.550297627537799781e-06,4.221261244303543734e-06
2.235122299333051337e-06,3.810258168018193049e-06
1.923863275856523731e-06,3.385344926546256769e-06
1.622496451668133097e-06,2.954535712967723914e-06
1.336587828990413326e-06,2.525779062912791174e-06
1.071556775852907381e-06,2.106808922475208629e-06
8.327704931641303155e-07,1.705240901769075451e-06
6.255550645026825413e-07,1.328604246763748878e-06
4.552175334416407754e-07,9.844141821661980698e-07
3.268929051073511960e-07,6.803855820149899233e-07
2.443527919816111836e-07,4.232010025304641368e-07
-5.301965297654156764e-08,-1.654445142080101896e-08
-2.694768799120765967e-08,-7.449749920452207957e-09
-1.605802601897505567e-08,2.801122006666413328e-09
-1.378668942205379142e-08,1.548439843939710329e-08
-2.154563602103501399e-08,4.130913196391091579e-08
-2.919654147284669433e-07,1.719228225265769971e-07
-6.011529018518654767e-07,1.986461115511563414e-07
-9.945318375492455368e-07,1.786205022080287129e-07
-1.459161925647826673e-06,1.164076898191985473e-07
-1.980329780864991682e-06,1.669653285914123717e-08
-2.543459455059343837e-06,-1.157232722034005138e-07
-3.134051175590422843e-06,-2.760816711302236339e-07
-3.737641378872073755e-06,-4.596200895497750335e-07
-4.339816480758314718e-06,-6.615568377862998017e-07
-4.926403758990805185e-06,-8.770713774748546876e-07
-5.484558927265961308e-06,-1.102290982602135944e-06
-6.135173845532271299e-06,-9.914940506114148183e-07
-6.234353307855856598e-06,-6.569715403040432313e-07
-6.306814204418968518e-06,-3.466563891306164896e-07
-6.355710131976245698e-06,-5.953057820604338160e-08
-6.383662881162385425e-06,2.074051748350957045e-07
-6.392659092354540098e-06,4.575641799280397317e-07
-6.384261925267950259e-06,6.945066684415624310e-07
-6.359358668954631584e-06,9.217039531390587167e-07
-6.318400356959239779e-06,1.142515950408325059e-06
-6.261268870671438392e-06,1.360009000578038298e-06
-6.187466481761636260e-06,1.576950942581820815e-06
-6.096130589199206757e-06,1.795649211707832729e-06
-5.986112231376446177e-06,2.017972987956736783e-06
-5.856164227378433017e-06,2.245221206806627534e-06
-5.704877880578685730e-06,2.478177609450784405e-06
-5.531057647893168786e-06,2.717002828569001243e-06
-5.333537238798433194e-06,2.961230326269949207e-06
-5.111749422798734743e-06,3.209244511479234210e-06
-4.856229752974874481e-06,3.459662853741659849e-06
-4.572544894587004274e-06,3.715000273969157778e-06
-4.260801200126958429e-06,3.972980397131489003e-06
-3.638773138094356472e-06,3.759895111144109889e-06
-3.321615600268805417e-06,3.281590964042409558e-06
-2.979271744578390514e-06,2.796339624506723455e-06
-2.620319737896377328e-06,2.316581621772837638e-06
-2.253256300996531688e-06,1.853514719788349285e-06
-1.886225101655293844e-06,1.417986710951833247e-06
-1.527237189236038095e-06,1.020783164232725004e-06
-1.184254465482368035e-06,6.726293158556255259e-07
-8.652312565024353565e-07,3.841275618363055721e-07
-5.780062420030751519e-07,1.654445012000835022e-07
-3.279673720184459828e-07,2.533848266174444680e-08
-5.674182952927611859e-09,-5.595482619302071450e-08
-1.329485036594320358e-08,-3.432121933567321494e-08
-2.740688276019753886e-08,-2.996621610676504985e-08
-4.635057074090148368e-08,-4.371049816083037977e-08
-6.839201617175883936e-08,-7.315348261210778505e-08
-2.502160350169804595e-07,-3.814886964563437034e-07
-3.584070183171011572e-07,-7.024428696013260668e-07
-4.496901183866407387e-07,-1.096104869870527479e-06
-5.257390130758207392e-07,-1.555083880754885204e-06
-5.861063209761239880e-07,-2.066767442405746261e-06
-6.307600934831066556e-07,-2.617841304779637990e-06
-6.598458080840688237e-07,-3.195128938558598174e-06
-6.735220842078475398e-07,-3.785647045235079696e-06
-6.718957558931090329e-07,-4.376526768273190205e-06
-6.550787776328534377e-07,-4.954724052122012318e-06
-6.237172802004403504e-07,-5.507148987891418428e-06
-9.717392129893282273e-07,-6.018935428908626921e-06
-1.354345339019278186e-06,-5.992562125006571870e-06
-1.718053222292373165e-06,-5.949914760807871816e-06
-2.060950639703508327e-06,-5.892546184043053568e-06
-2.382607737456706475e-06,-5.821846423352998702e-06
-2.683336070768121217e-06,-5.738816994018663135e-06
-2.964006696824382077e-06,-5.644437959623637178e-06
-3.226241310412237651e-06,-5.539193565138287975e-06
-3.470359567513841339e-06,-5.428787122516634291e-06
-3.695934708612578635e-06,-5.308121448498391572e-06
-3.905177561381145900e-06,-5.177281511975096623e-06
-4.100441841176443107e-06,-5.035042220610430724e-06
-4.284113347361095668e-06,-4.879886614791063978e-06
-4.458249245374387460e-06,-4.709716878119329591e-06
-4.624512013193255437e-06,-4.522406016925368998e-06
-4.784542099440204748e-06,-4.314882053604661231e-06
-4.938915152492962336e-06,-4.084837139665975829e-06
-5.088578523978131616e-06,-3.828568534755469175e-06
-5.232831406086265122e-06,-3.544097877946972148e-06
-5.371467685988050098e-06,-3.227785017372711864e-06
-5.503238071702558588e-06,-2.879033923503899274e-06
-5.063843675132768864e-06,-2.385813627114982686e-06
-4.483224343646992158e-06,-2.237066877053507237e-06
-3.883332359601167142e-06,-2.062946351750037383e-06
-3.278702844212371268e-06,-1.868138592617025570e-06
-2.683869478590543612e-06,-1.657397005115355346e-06
-2.113257597354793280e-06,-1.435395439620588563e-06
-1.581340949645615287e-06,-1.206788797578597141e-06
-1.102638874695887989e-06,-9.762472873123836091e-07
-6.916803042914963316e-07,-7.484483602109997074e-07
-3.629510582716463553e-07,-5.280016904093103076e-07
-1.301520511126648973e-07,-3.179524312395751584e-07
-1.512330814796421384e-07,1.825013233347881391e-07
5.913081132598005191e-08,-4.077080636484681525e-07
4.588279741968954514e-07,2.843803925459421179e-07
5.897801241288990959e-07,-7.738362726883490031e-08
-2.315201110632515800e-07,-8.070683039136234995e-08
-3.109872321301824033e-06,4.141827268869020348e-06
4.778754828308307211e-06,-1.492962869308278727e-06
2.189275669926376022e-09,-5.503286069064147150e-06
-5.266193630178645655e-06,-1.742356760558000840e-06
3.032896466845669117e-06,3.868421804720110982e-06
3.083605578772334292e-07,8.015734853052937157e-08
-2.265587310704474863e-08,3.151150763762655322e-08
3.555577046859964444e-06,4.590832217448492541e-06
-3.672577972475074022e-06,4.908028787527363332e-06
1.339392302018704933e-08,-4.375977280603570128e-06
-4.109896585650609424e-06,-1.361746989844459566e-06
7.920625635435127126e-07,7.517973018091203864e-07
4.630177632170034201e-08,-1.108144245098451607e-06
-8.556990778173938413e-07,-2.889313253801909197e-07
-5.134491915798054464e-07,6.570944590092481621e-07
1.090546166265318191e-06,-2.514875371298333654e-07
2.424716072059673168e-06,3.022478343509107215e-06
3.769744845619226009e-06,-1.154267709384268963e-06
-2.912018517068841298e-06,-9.677137420179225251e-07
1.260076717155665326e-06,1.403391670250936943e-06
-1.788643642070454120e-06,-5.975686932740415690e-07
2.437210345710746555e-08,-3.198814286147004392e-06
1.818815364041122915e-06,2.180291335565641531e-06
3.529114390929344635e-08,-2.074731042769102917e-06
2.763879367262409249e-06,-8.170056430125176704e-07
1.843378049473764477e-06,-5.071827429988548811e-07
-1.053114188363332807e-06,1.377401007382755646e-06
-2.414694066341190176e-06,3.207539933201296648e-06
-1.707836180577723836e-06,2.256466478179894198e-06
4.255169043675551843e-07,-1.302300796441214013e-08
-3.039762994765693708e-08,-1.108324206259725029e-08
8.711011280432162832e-08,-1.441126944078930467e-07
5.570653495960180722e-06,-1.784704832058798478e-06
-6.117128420886930340e-06,-2.052918578460980866e-06
4.308938809764087680e-07,2.036485474139308637e-08
-2.565420071847798280e-08,2.708411697935358888e-08
-4.841299463969062428e-06,-4.717377542346517781e-06
4.135808987963709994e-06,-4.727121373351988297e-06
-8.882342055769260713e-10,-6.345322791030074994e-06
4.560574792205345396e-06,-4.189619796416127705e-06
-5.202039748587055771e-06,-4.275142226216307247e-06
-2.132961924261374529e-08,-2.594940219768462431e-08
3.316294989375433852e-07,-5.256936813376976660e-08
-4.462315304687479114e-06,-5.078708240632867868e-06
3.711498624278924184e-06,-5.151240925853743171e-06
4.964364983169898704e-06,-3.533436781005596172e-06
-5.547558595087632214e-06,-3.724732596357409121e-06
7.112623480365554258e-09,5.412445024360915714e-08
1.488238180405364405e-07,9.890523144993608183e-08
-4.580409823351333138e-06,4.275660771200516935e-06
4.372905890464558681e-06,4.004657253218222589e-06
-4.061203152369987137e-06,-5.386735465607100522e-06
3.308332651075683784e-06,-5.482726671333342949e-06
5.305380663796693680e-06,-2.844766845648588552e-06
-5.853868281762137805e-06,-3.110349971326798655e-06
-5.093377592305671577e-06,3.770966669610139522e-06
4.801615171428092130e-06,3.568949483271536181e-06
-3.651526489035119631e-06,-5.644150639822025446e-06
2.948417974006011595e-06,-5.729804424343280990e-06
2.102337759952777746e-07,-8.088684100363091978e-08
-6.086225502997987705e-09,-7.465261974780113943e-08
-3.871053233952800660e-08,-5.196804317310389126e-08
4.219620281295706291e-07,3.921314934723323531e-09
4.154378088884594319e-07,6.158276001180698502e-09
-3.216778257741442309e-08,-2.668695216313602912e-09
-2.142762631707121454e-08,3.316831433511490446e-09
-5.595108834552421843e-06,3.216127515128591009e-06
-5.784134966679589166e-06,2.961823142547345117e-06
5.354825294908598289e-06,2.897658397014377514e-06
5.204953686033567977e-06,3.107139818551416427e-06
-3.135804615380845515e-06,-5.924470752627416342e-06
-2.866556487164612836e-06,-6.040026922751165566e-06
2.546922080690489579e-06,-5.969956916022318054e-06
2.348190325189098596e-06,-6.064399849234816693e-06
-5.953459786165679081e-06,2.690328018522904448e-06
-6.096848504123341116e-06,2.448703160699955395e-06
5.489044485060079828e-06,2.673617692597502891e-06
5.603692001935873488e-06,2.472595037411578333e-06
-2.553072557500912880e-06,-6.145323974728739915e-06
-2.243072019173454136e-06,-6.241844593469542105e-06
2.119939465537720372e-06,-6.150664119514747222e-06
1.894016149777921010e-06,-6.230232758711999494e-06
-3.218764835732148116e-08,-3.564716781671887402e-08
-5.374774823919205684e-06,3.501692918806437843e-06
5.029671808422075359e-06,3.343277980831832083e-06
-3.409204781513804879e-06,-5.801144534731152283e-06
2.754932008982317812e-06,-5.866453828390149604e-06
-6.222537083976793398e-06,2.193588223329294861e-06
-6.327666073973010103e-06,1.965235609736428385e-06
5.705272808214886193e-06,2.257533286979533704e-06
5.791880828620149130e-06,2.061480006881060990e-06
-1.884933160946492144e-06,-6.323682136850447029e-06
-1.531485481404630845e-06,-6.394725700541497576e-06
1.628171532604399723e-06,-6.300910232518852520e-06
1.357009183294326850e-06,-6.365143890492829201e-06
-1.956092466412198366e-08,1.181406865783825131e-08
4.259355385716901985e-07,8.537950433594824706e-09
2.855050492932443061e-06,5.169221429275722893e-06
2.511996140977969227e-06,5.368942245600316175e-06
-2.673599304993341930e-06,5.633898101409163670e-06
-2.975364517433408822e-06,5.465845789991398082e-06
-6.417683434749514283e-06,1.723907221531622826e-06
-6.491939584414628626e-06,1.504381094921299075e-06
5.867468152761381641e-06,1.849767416141659507e-06
5.931446229981170313e-06,1.652510912906199937e-06
-1.128041943751110743e-06,-6.445389775557540820e-06
-7.320717820450312053e-07,-6.483022943642576474e-06
6.925461756408848603e-07,-6.459916071229515581e-06
1.032104938861002588e-06,-6.416700258776546037e-06
3.983377619646799835e-07,1.815185288969042495e-08
-4.704186511062890061e-08,-4.514280507856841047e-09
2.146849822287513925e-06,5.549309123582020605e-06
1.817612938353986184e-06,5.698770855213971765e-06
-2.109863747508706608e-06,5.884706003937934436e-06
-2.370808853575085880e-06,5.774748725840034329e-06
-6.553294564741537302e-06,1.269094323521673089e-06
-6.602374391650590390e-06,1.049339345244370227e-06
6.029856178460685685e-06,1.229068257441252454e-06
5.985487756612189427e-06,1.435955168718135388e-06
1.473821126819820697e-06,5.829055224778430067e-06
1.167187675779825219e-06,5.932812345268027874e-06
-1.612184878757894152e-06,6.045076726821354726e-06
-1.845291883447206533e-06,5.975423381043473546e-06
-6.639412638046143615e-06,8.079825570752578953e-07
-6.665755990218512907e-06,5.753171715660122448e-07
6.063958557333949726e-06,9.974567904373482457e-07
6.088728023088371314e-06,7.708720443123121879e-07
3.234147355003055697e-06,4.935346914763344108e-06
-3.338310928390787244e-06,5.252943501714606407e-06
8.516971699185624816e-07,6.019006928232267475e-06
5.722559144449446783e-07,6.083576925240966176e-06
-1.151162028020700841e-06,6.141159491786373822e-06
-1.370678930600109157e-06,6.100655571940108921e-06
-6.678743569847211748e-06,3.127022674739684085e-07
-6.680342771865567354e-06,5.226588244674784947e-08
6.101091594432897065e-06,5.126849391580168336e-07
6.102771015910826210e-06,2.554797668319212510e-07
-1.396860191436284953e-08,-3.230200094728879954e-08
-1.052162032818227467e-08,-4.479417803076505170e-08
3.889878082356014008e-07,-4.565488662049260006e-08
3.702496348221195039e-07,-4.447072644586697350e-08
1.689230182815753931e-08,6.659149732689151455e-08
6.032689211579358625e-08,8.589020711344847610e-08
2.869290957083389669e-07,6.133037446060696765e-06
3.420081731627906599e-08,6.165600862446388743e-06
-6.972058363299551899e-07,6.186782820823452120e-06
-9.170126281339299191e-07,6.170075808187406812e-06
-6.664476725999496816e-06,-2.481782953604398345e-07
-6.634052652293421869e-06,-5.516397301052434814e-07
6.087760998913839018e-06,-4.123801170764045606e-08
6.058958277989145683e-06,-3.399124906729614933e-07
5.935767200130071664e-06,-1.037084868825252497e-06
6.006622625343708634e-06,-6.865961629187045024e-07
-6.578600053634328660e-06,-9.059677984111129053e-07
-6.502970341205011748e-06,-1.267003637327949413e-06
-2.246183160513490578e-07,6.185428258547300082e-06
-4.563157859663659223e-07,6.191939284704387252e-06
5.834390517586265176e-06,-1.451259347668019522e-06
-6.394196395633782518e-06,-1.700223099739970397e-06
-6.521360214071785619e-09,-1.890243230124057234e-08
-3.001302670837152347e-08,-6.295813460532405892e-08
4.220385252525905541e-07,-5.928179972776000771e-08
3.922817293953837977e-07,-1.814377087144389054e-08
2.812338109623558357e-07,-6.184717307273821658e-06
4.410943593235844506e-07,-6.616810651702787155e-06
-4.573707626004961034e-07,-6.640636084838799390e-06
-2.878006098116879649e-07,-6.183177818193416740e-06
-6.463262185116443272e-06,-2.046582357874819731e-06
-6.053273038559038306e-06,-1.696195851957179251e-06
5.507175560971901531e-06,-1.448752933492554368e-06
5.904271988582450329e-06,-1.779915200515143387e-06
7.031350042800696546e-09,7.646740180124644020e-08
4.873558250286444511e-09,2.911028326104914352e-08
8.440342540975407880e-08,4.612685871702848535e-08
1.157000883198807736e-07,1.338671679174988760e-07
-1.081171289868857398e-09,-6.652869022584101150e-06
3.446999596477268555e-07,-2.179013264934353491e-08
3.618370952343990171e-07,-6.653789788045303608e-08
-2.097801887680377316e-08,-3.218251604708117060e-08
-9.645002648989730926e-09,-1.617115829639782912e-08
-1.308066908192409377e-08,5.529302841892727338e-10
4.126205490022884493e-07,-4.303225869617320858e-10
-1.543942835997483555e-08,-1.695318015081888567e-08
-3.401153374540297008e-08,-3.606285032477364276e-08
3.293099132281929830e-07,-8.677208086867337188e-08
2.800776924199285441e-07,-6.204216600766367677e-08
2.794477412691827185e-07,-1.076819038985158777e-07
-2.433162820012145629e-08,2.533194855283969857e-08
-1.241176541722875956e-08,9.798732797990299972e-09
4.249336248707277389e-07,7.064206838268516938e-09
4.295431963596046812e-07,1.870655900796218091e-08
3.917284332188194819e-07,6.815472409414498093e-08
3.390609900650375302e-07,1.968525793964430348e-08
-1.926362351362187507e-08,2.808126774830657213e-09
-6.881768484709707665e-08,1.338850716078931134e-08
3.004102402134970351e-07,-3.013037264881920925e-08
2.334507515307126096e-07,-3.665260650397004939e-08
-6.055769538062579576e-06,-2.709260987271336505e-06
-5.862997790970707646e-06,-2.275093708090595762e-06
-6.301398514926371812e-06,-2.502449342181855446e-06
5.514101499101516794e-06,-2.425082842805491586e-06
5.754838212126327830e-06,-2.220222614275152741e-06
5.325565722940193285e-06,-1.992760268994232534e-06
2.925850587111803925e-06,-5.900963583197535338e-06
2.776938014425338526e-06,-5.696041760488257791e-06
-3.442443921044704112e-06,-5.594637578874322149e-06
-3.621906653052638750e-06,-5.847485929740948439e-06
5.035790421409385432e-06,3.579132362909665991e-06
4.803348003579699175e-06,3.328149478706337035e-06
-5.098851532818649243e-06,3.482211614153765573e-06
-5.377274410505835673e-06,3.785723307925130205e-06
-3.685830889286854550e-06,5.251307597412163210e-06
-3.314311399129857062e-06,4.920025724896474305e-06
3.211680723834608402e-06,4.599434829100030766e-06
3.574166312830553284e-06,4.927371517762680695e-06
-6.155667326458850928e-06,-3.022649478891555742e-06
-5.744555697185978509e-06,-2.810579222552603072e-06
5.196663909902563573e-06,-2.525766807021822959e-06
5.619274093626725258e-06,-2.749205351596495751e-06
2.210651249861070232e-07,-1.326515707086542244e-07
-4.199013403284200273e-06,4.639225545973540922e-06
-3.795758141913340621e-06,4.566207261722183236e-06
-4.078346546312684388e-06,4.975290370564910032e-06
4.040054177421565525e-06,4.334895023979384430e-06
3.936030445375608602e-06,4.650124873715723862e-06
3.668764503704583618e-06,4.268092589556366775e-06
4.088426481594553101e-06,3.984810418089160216e-06
4.336534274273851185e-06,4.342470048372418485e-06
-4.531554404359868867e-06,4.652877425898029957e-06
-4.256604583956336872e-06,4.253825436510567938e-06
-1.217122089318066897e-07,-5.451194030928515980e-07
-5.871927223284036270e-08,-2.707583991587046852e-07
-1.035629390309330371e-07,3.550383274579462992e-07
-2.543870044355440186e-08,1.599278319765234500e-07
6.426738262669117604e-07,2.921562330512147194e-07
4.810933761543996466e-07,1.400899096087564315e-07
6.421569938461289765e-07,-2.323553356560350009e-07
4.833767827737148915e-07,-1.207904237371893019e-07
-3.965701203763200844e-07,3.098892109095879687e-08
-1.593742191799019185e-07,4.216216877658536053e-08
-1.579689510461682562e-07,5.408955230434366884e-08
-3.346950745109530617e-07,1.837718613668766888e-07
1.845400041365472149e-07,-2.884636286829120108e-07
2.319136743100956418e-07,-5.491046945059105920e-07
5.328960903165873702e-07,2.503213308223509842e-08
7.231776579065203545e-07,1.154680558619145548e-08
3.148051008885684363e-07,2.595854694037481395e-07
4.064067599404487105e-07,4.644930978729496773e-07
-1.013390341606287566e-07,-1.343335867129548554e-07
-2.975855532958507895e-07,-2.695827570734741835e-07
-4.811555573554247640e-09,1.911123289848364691e-08
2.552417385048027905e-07,4.566505752469219733e-08
-3.209727637244674083e-06,3.719053092004234092e-06
-3.526164716446504232e-06,4.176462239054645146e-06
-4.881739341166135006e-06,-1.979618564990170577e-06
-5.436891737189931445e-06,-2.136727581623286027e-06
3.258619167134533596e-07,-5.234713668508776340e-06
2.977384538279612770e-07,-5.771114883776500928e-06
4.627761215076661136e-06,-1.117376072770347146e-06
5.118257169571364951e-06,-1.295613560995665196e-06
2.638971806052109109e-06,3.837502469397719723e-06
2.944518109081570836e-06,4.243659707668867375e-06
4.928542014007919394e-06,-1.854892064506446324e-06
4.435362622485971669e-06,-1.701887732677052632e-06
-3.024550001237068447e-06,4.551009113103836550e-06
-2.672974363392456977e-06,4.112704087434209977e-06
-2.995343476937336708e-07,-5.765102565702535864e-06
-3.158944804228772321e-07,-5.232044071713878880e-06
-5.639112840096073786e-06,-1.527132522026451761e-06
-5.096475469370823495e-06,-1.322250144195224595e-06
3.416525850829205222e-06,3.904407426721654164e-06
3.128133844582605051e-06,3.483599824091766897e-06
2.247085212879717536e-09,2.543107729585451922e-08
1.725578071400599588e-07,4.980552069652591473e-08
-2.432961814916053015e-07,6.253713839762848099e-07
-3.059941522781774013e-07,3.832851869249574311e-07
-5.604030278531951492e-07,3.928524547408235740e-07
-1.756376801582040540e-07,-8.999581695779719210e-07
5.239930563372426247e-08,-7.170929659920487794e-07
2.735875759572572335e-07,-9.011758884814151326e-07
8.808242791768532592e-07,-3.639923301155498529e-07
8.028833682244951657e-07,-1.523349571208654574e-07
9.900920457430843232e-07,-3.256509554109389916e-08
8.428865596164118797e-07,5.044334701059226998e-07
6.054550497859989922e-07,4.912883821520468156e-07
5.426739825634472366e-07,7.222332635357122415e-07
-7.295021773601639381e-07,-1.967382449055425583e-08
-4.970068406532538319e-07,-1.695237515234269213e-07
-5.953287700913449954e-07,-4.297378789717522098e-07
3.640620196695084046e-07,1.612889522488602590e-07
2.634508107436544488e-07,1.436400199476829844e-07
-6.245913056214089190e-08,8.058425859991572869e-08
-1.529574573366265902e-09,7.264557461530900965e-08
-1.239172418501458342e-08,1.178105874032061647e-08
-3.082117446875755325e-08,2.373361247854578028e-08
4.308053011136610536e-07,1.713402402881810315e-08
4.210626897214806945e-07,9.182179561628138702e-09
-4.814800815992112049e-06,-4.519105154056820157e-06
-4.988023559708614158e-06,-4.293261217984510066e-06
-5.016834054325654575e-06,-4.502497879599242054e-06
4.102863229688644192e-06,-4.491045060195610663e-06
4.341422489169072226e-06,-4.466682587693094436e-06
4.306263502791762902e-06,-4.214970555950141743e-06
-4.646852964402543496e-06,-4.712282723965558987e-06
-4.649257234251851887e-06,-4.900732625150240368e-06
-4.460801062358537574e-06,-4.895137328170207704e-06
3.910763773778774462e-06,-4.726334915486789503e-06
3.706233200568378089e-06,-4.945710230757361785e-06
3.916409810923886054e-06,-4.945916394533133034e-06
4.497642129126411805e-06,-3.928014050815970827e-06
4.757154414389098960e-06,-3.870239349502038261e-06
4.690593188977107449e-06,-3.593783087355024078e-06
-5.148859248219868082e-06,-4.056513355978934922e-06
-5.310745335903034164e-06,-3.775115739431184339e-06
-5.368836671721551679e-06,-4.010123189675703691e-06
-5.891923054691422547e-08,3.170632808738094933e-08
-4.483498416045449575e-08,4.969824456771060901e-08
4.519759707872556026e-07,2.085143781321463363e-08
4.438386347344103917e-07,3.711408128122961600e-08
-4.280734590619415559e-06,-5.056627407377644558e-06
-4.262353322178140268e-06,-5.232653181379047448e-06
-4.080532886155963553e-06,-5.209673275588400759e-06
3.518558446169283244e-06,-5.133759049115472486e-06
3.322438335014176353e-06,-5.305369297321212645e-06
3.503850050841471218e-06,-5.321650322165071700e-06
4.872350974622686494e-06,-3.255655028665930038e-06
5.131776664053422143e-06,-3.195617532760333214e-06
5.036427255938267762e-06,-2.906796504376836362e-06
-5.464601195943506132e-06,-3.481866332895613587e-06
-5.605446794568906993e-06,-3.167861577694979570e-06
-5.695433709361344170e-06,-3.429341738509551655e-06
-3.879837641224116618e-06,-5.348477896275888779e-06
-3.859727143373401311e-06,-5.513655136260842239e-06
-3.673005903826043206e-06,-5.473470941867166631e-06
3.138903090831036851e-06,-5.453402345482033419e-06
2.962178825106126815e-06,-5.579810243727548278e-06
3.125106775004580818e-06,-5.608484261023337601e-06
4.365241029152333593e-06,3.755540398820337101e-06
4.588228017079776797e-06,3.547935729622450906e-06
4.595775853243272602e-06,3.778175647867069465e-06
-4.573981056391527909e-06,3.990091944433425622e-06
-4.843915979597380950e-06,4.016468215814403546e-06
-4.837810030100236016e-06,3.745544499380803701e-06
4.122625701950696314e-06,-9.417679699483482385e-07
4.279103946537089142e-06,-1.325109438597443001e-06
3.927673175801937225e-06,-1.537790351197082502e-06
-2.870268041701896260e-06,3.243703864230002906e-06
-2.767894289009208239e-06,3.682480544061134648e-06
-2.314387105487790545e-06,3.649658837073529284e-06
3.464357388359709834e-07,-4.668066376137639717e-06
7.741024228161452367e-09,-4.952459968938517655e-06
-3.250851619380653026e-07,-4.666524596110637739e-06
-4.296300274239452606e-06,-1.803353374392563370e-06
-4.700724167879976437e-06,-1.556134358364407899e-06
-4.520106529148245592e-06,-1.116267144838706023e-06
2.329828180005730033e-06,3.416385531841360523e-06
2.731393021786233983e-06,3.448969094886541365e-06
2.827083447482226224e-06,3.055954546381540185e-06
3.309779900430613329e-06,-5.658166639328221131e-06
3.126974625318973599e-06,-5.777767476914788963e-06
-4.061572028203719011e-06,-5.570775484228958612e-06
-3.859917578241597631e-06,-5.702834075211656485e-06
4.617494856676289974e-06,4.065977685289984228e-06
4.822681897135334989e-06,3.835302602052792448e-06
-4.863205721339847597e-06,4.348756601493699285e-06
-5.112667113843424386e-06,4.085739612681688541e-06
3.301658618117838908e-06,4.240935626116648909e-06
-3.404850384425603790e-06,4.541232130428187131e-06
-5.800506593212869836e-06,-3.690741018421868584e-06
-5.967116414981534627e-06,-3.391712528098760429e-06
5.250126203034810731e-06,-3.490357314525518748e-06
5.428277709896594229e-06,-3.150279551694411350e-06
3.722316494792471568e-06,-5.347997539054620017e-06
3.514622665163548232e-06,-5.507532753618222149e-06
-4.471951980077675887e-06,-5.261011244965480159e-06
-4.272069070917819457e-06,-5.415171540484279167e-06
1.837977693172931140e-07,1.487443481902821037e-07
2.240039120203283113e-07,9.550870976728085294e-08
2.372657733183878535e-09,4.748548831376786528e-08
1.411899315946123646e-08,7.784398514082423419e-08
-5.426020291130202763e-06,-4.254943356831054366e-06
-5.608741080772544151e-06,-3.987911076069540047e-06
4.825208622586741546e-06,-4.161482006916362636e-06
5.035973657059499181e-06,-3.840088212354283279e-06
4.156814634041415774e-06,-4.953977749754095633e-06
3.936677046471870086e-06,-5.158793972405735772e-06
-4.859227677156275375e-06,-4.910935607465141320e-06
-4.666989598283164935e-06,-5.088662566695010892e-06
-2.516914173089921918e-06,2.763016808261294037e-06
-2.158024901700944263e-06,2.288604132542805552e-06
-2.058710921403042836e-06,2.728487760428657828e-06
-1.956092138321526786e-06,3.172535685828344723e-06
-1.605517251626348810e-06,2.692182501495590272e-06
2.612545835429308389e-06,-4.575170151722922799e-07
2.144475843228124294e-06,-3.208969267190705030e-07
2.287828182804028121e-06,-6.570040088084907783e-07
2.430374920571337835e-06,-1.013669896962289134e-06
1.974529421393400009e-06,-8.393542477871624441e-07
2.023007352132080743e-06,2.988803785903075341e-06
1.724234040910393307e-06,2.562723589589220216e-06
2.118641496588609228e-06,2.597025708171043855e-06
2.519220156161344754e-06,2.629075397616539996e-06
2.210221331408678586e-06,2.210434433762556143e-06
-2.205898960386971355e-07,-1.326163448305698080e-06
-2.574670314905808550e-07,-1.811575605486770424e-06
4.074441671642222473e-08,-1.565141082257906503e-06
-1.143755433157485629e-06,-1.065286065564903635e-07
-1.624667114870942585e-06,-2.245673645472638037e-07
-1.291098370867422119e-06,-4.332035059391105077e-07
3.075178889048134108e-07,-1.327446442219733584e-06
3.335153005041975087e-07,-1.813037705888886249e-06
-9.799885953883804498e-07,-6.081670946038278901e-07
-1.436857538383520722e-06,-8.003206203001526181e-07
2.914678249261538362e-06,-1.190378657397438918e-06
-1.128451268140212239e-06,1.012794554355639072e-06
-1.455834024927650016e-06,1.402656756309240056e-06
-3.210711531014296570e-07,-3.491134680280934502e-06
-3.076344360156445467e-07,-2.907212766672652818e-06
1.711155719659436762e-06,-2.022746925358146170e-07
9.313050396297537989e-07,1.370314850097687156e-06
1.172957519258719427e-06,1.745897737019471626e-06
-3.321661381811750518e-06,-7.181965994616433424e-07
-2.728130164664100854e-06,-5.351411258069801117e-07
2.983437722734249036e-08,-2.623662883044071659e-06
-2.864573449955658251e-07,-2.343003928017576474e-06
7.194418340644833190e-07,1.026606130636246942e-06
-1.801669232304960481e-06,1.831525006493609753e-06
1.530799731854149930e-06,1.779898232627048157e-06
1.439064623624150638e-06,2.145879971640895564e-06
-2.333787613289371719e-06,-7.773092945726075040e-07
-2.157636617345413312e-06,-3.690197851145758365e-07
-8.273957494377601223e-07,6.726580535240764576e-07
-3.923779732590617633e-06,-9.134622992716660747e-07
-1.370001947802670001e-06,1.802476160257582320e-06
3.417202016246606636e-06,-1.366177912372064587e-06
1.322906286045982460e-06,-1.050306027674791709e-07
-3.268497283364929021e-07,-4.081856143805744838e-06
3.515923530440295661e-07,-2.344510094299131530e-06
-1.951402507563478033e-06,-1.001535868545817814e-06
1.905716779603326967e-06,1.807631893411970176e-06
1.074524151729030973e-06,7.693391284420560584e-07
3.618402170690433587e-07,-2.908718062920463795e-06
-4.376849033008612691e-07,9.579513032924911045e-07
-2.509094165204616211e-06,-1.207123639310326975e-06
-3.695986106678210447e-06,-1.612694351583854706e-06
-1.270529186255201439e-06,2.219621405796159653e-06
3.592035903983512173e-07,-4.083301698236869754e-06
1.611278413130440824e-06,1.428222899875787275e-06
3.611824731229500944e-06,-7.712741443588190858e-07
1.189407179383627884e-06,-5.111899546358602802e-07
-7.650154799763341301e-07,9.920334433195627328e-07
1.012053602787370755e-06,1.058233488356955163e-06
3.643500888136764772e-07,-3.492621344810612808e-06
-3.095438093759996977e-06,-1.412399816631146473e-06
1.332409609261646534e-06,1.079672446971926484e-06
-9.590232693351030362e-07,1.765829723852119835e-06
3.105080237546674979e-06,-6.087631951637226831e-07
3.261264284807418961e-06,-9.838534102755919041e-07
1.557429099628723021e-06,-6.707508011449533188e-07
-3.508865900294086825e-06,-1.164081523803565755e-06
-6.788255029206722314e-07,1.341682578932921362e-06
1.890487409476825876e-08,-3.787200335128795147e-06
1.440836002211111718e-06,-3.708918836972649846e-07
-5.048942018502872251e-06,-4.711286215162579263e-06
-5.235582143996626191e-06,-4.495825660467209528e-06
4.379705629509705207e-06,-4.716152243656062095e-06
4.600941107044426457e-06,-4.454699549330606116e-06
1.241725628398744160e-07,-4.213266831058335503e-08
4.787545094304832338e-07,-3.447140638148318672e-08
-9.452671318527446909e-08,-3.209559022691471350e-08
5.186625434815577707e-06,-1.644218066113673265e-06
-5.712851696079186653e-06,-1.905760994358823690e-06
8.138956019855678654e-08,-2.467445380837251257e-07
-1.088885466139142012e-08,-1.502073522714465271e-07
1.694721006820780081e-07,-1.720642000026392577e-07
-6.985528660495071935e-10,-5.943740443716920014e-06
1.536629424018238199e-07,-1.101553475511821901e-07
5.732318688952578731e-08,-6.872604463613942875e-08
