Size 899,2
0.000000000000000000e+00,0.000000000000000000e+00
0.000000000000000000e+00,0.000000000000000000e+00
1.980394462576082417e-09,-8.263564403648095724e-07
-2.821493989832028790e-08,3.490088298580037845e-07
3.223748417086181341e-08,-2.212479167664659295e-08
3.612812260700438049e-08,-1.492909728803611337e-08
4.885323775579953165e-08,-7.569877016201635129e-07
4.846359757306712019e-07,-2.523848931809690677e-07
4.426266998079224882e-08,2.735304279021254561e-09
3.866726163479661186e-08,1.912031003135162558e-09
5.267741904580104646e-07,-1.638934259275640261e-07
2.383296861198648399e-07,1.669837597382895150e-07
2.825991086152160202e-08,1.140097559552912798e-08
-2.973182354715278757e-09,3.039411980074229619e-09
1.646665164822569571e-07,2.279221842002099486e-07
-1.697808167201918257e-07,2.572187924026691748e-07
-5.323418863052646457e-09,-2.863906503936312249e-09
-8.273149776901091051e-09,4.605422172723046269e-09
-2.465384085183278673e-07,1.910738421438407430e-07
-5.708466393183634646e-07,-1.833274808283373736e-07
4.525454596317408394e-10,-1.579230940380397807e-08
-1.526661919223690469e-08,-1.750109766235916481e-08
-5.276363222543361254e-07,-2.778090851199387407e-07
-4.646225206732442560e-08,-7.557985220936643377e-07
1.915459491500947349e-08,0.000000000000000000e+00
2.871044797187532402e-08,0.000000000000000000e+00
3.287882586369661313e-08,0.000000000000000000e+00
3.475319053073578470e-08,0.000000000000000000e+00
3.566116315336498304e-08,0.000000000000000000e+00
3.722340393288282807e-08,0.000000000000000000e+00
3.825713837929711931e-08,0.000000000000000000e+00
3.800480483248273993e-08,0.000000000000000000e+00
3.685978819376578043e-08,0.000000000000000000e+00
3.472372901510806685e-08,0.000000000000000000e+00
3.019816926896960263e-08,0.000000000000000000e+00
2.285345124038562214e-08,0.000000000000000000e+00
1.295145277930240587e-08,0.000000000000000000e+00
0.000000000000000000e+00,0.000000000000000000e+00
0.000000000000000000e+00,0.000000000000000000e+00
0.000000000000000000e+00,0.000000000000000000e+00
0.000000000000000000e+00,0.000000000000000000e+00
0.000000000000000000e+00,0.000000000000000000e+00
0.000000000000000000e+00,0.000000000000000000e+00
0.000000000000000000e+00,0.000000000000000000e+00
0.000000000000000000e+00,0.000000000000000000e+00
0.000000000000000000e+00,0.000000000000000000e+00
0.000000000000000000e+00,0.000000000000000000e+00
0.000000000000000000e+00,0.000000000000000000e+00
0.000000000000000000e+00,0.000000000000000000e+00
0.000000000000000000e+00,0.000000000000000000e+00
3.694120544844647526e-08,-8.219720640219190063e-07
6.591691177664309518e-08,-8.137091345751869678e-07
8.699530263262473091e-08,-8.055168503816376669e-07
1.034027865130343243e-07,-7.982464114300585807e-07
1.167795139650017647e-07,-7.920187790344706795e-07
1.284606044427300603e-07,-7.867020060095424559e-07
1.396033126945016393e-07,-7.819950479809595704e-07
1.511915872858661607e-07,-7.774694244773582433e-07
1.640732867646561291e-07,-7.725880517986654426e-07
1.788994367849504741e-07,-7.666874838948771997e-07
1.969316707809747802e-07,-7.598869094658904294e-07
2.185197584452853755e-07,-7.504623442839426401e-07
2.439226014549946946e-07,-7.373654812373109543e-07
2.726426115001351896e-07,-7.200757324048032420e-07
3.044371048409119911e-07,-6.979349220513890297e-07
3.385734138077428869e-07,-6.705632474332266111e-07
3.742862976343929617e-07,-6.377039003886670089e-07
4.105141113596394673e-07,-5.994422142806194319e-07
4.461480347679618625e-07,-5.560820976664734987e-07
4.799408487451323432e-07,-5.083336452589316592e-07
5.106305850561670905e-07,-4.572011933773666024e-07
5.369702683229727523e-07,-4.040693336888644802e-07
5.576473870871980365e-07,-3.509606271725591522e-07
5.719102225088832088e-07,-2.998317782906533172e-07
5.800359262907470664e-07,-2.535123443639117488e-07
5.817517411913285901e-07,-2.129228691438571722e-07
5.788079355155143694e-07,-1.810838314924787508e-07
5.718445743701319967e-07,-1.599098620184170204e-07
5.639945429138159052e-07,-1.492977850132321159e-07
5.571073903002165863e-07,-1.461541816468654509e-07
5.519471508738388936e-07,-1.478864326698859427e-07
5.488012016298821345e-07,-1.522541229536514201e-07
5.476390197877273405e-07,-1.572930712221033121e-07
5.481692884994566591e-07,-1.612977736983949339e-07
5.498970008717575650e-07,-1.628158946161343131e-07
5.521527991295449740e-07,-1.607127040944650081e-07
5.541729309630395947e-07,-1.541187065753999341e-07
5.551141240754735771e-07,-1.425097190416965038e-07
5.541492369191516654e-07,-1.256191319875600345e-07
5.504649270057140836e-07,-1.035114957382169557e-07
5.433637275985938262e-07,-7.648164363800335915e-08
5.322463635724968703e-07,-4.510398928808674926e-08
5.167101123147544871e-07,-1.013803219430499039e-08
4.965181969363815518e-07,2.746340535897441515e-08
4.716748046017931892e-07,6.663291980313448123e-08
4.423795527687973157e-07,1.061999533214863784e-07
4.094147931200134320e-07,1.453593394221183766e-07
3.726472439262468295e-07,1.822452303990197669e-07
3.337712197455209505e-07,2.149378382425207364e-07
2.948457849297846542e-07,2.423395032384964549e-07
2.581034639237417106e-07,2.646303466817151371e-07
2.237001302170530859e-07,2.830405722395085010e-07
1.916733682616711719e-07,2.989698351863102106e-07
1.617092695972341749e-07,3.118705783483612304e-07
1.341082527941409673e-07,3.221565823305174539e-07
1.087544454915128857e-07,3.302521620335697588e-07
8.552897287261208704e-08,3.364960419267071568e-07
6.430023722193699154e-08,3.411658033933709408e-07
4.496314039688163044e-08,3.445152304739668929e-07
2.739057148323756303e-08,3.467730027300124455e-07
1.145963499158723816e-08,3.481568642549114106e-07
-2.989480584623563669e-09,3.488676103897119039e-07
-1.613524351879494154e-08,3.490945991194830678e-07
-3.948688628527156940e-08,3.486886845095269238e-07
-5.022606253295367549e-08,3.481815568767783799e-07
-6.074595687636643209e-08,3.475636686450907516e-07
-7.143238147342370089e-08,3.468586248672247918e-07
-8.273966885085314372e-08,3.460235436541789095e-07
-9.517809162438126412e-08,3.449356852373411015e-07
-1.093294079609884254e-07,3.433798109297294561e-07
-1.258119799086050611e-07,3.410276920798775058e-07
-1.453247582964730806e-07,3.374241272239641952e-07
-1.686075307828737608e-07,3.319162380140935517e-07
-1.964852634591238891e-07,3.235120696931983745e-07
-2.289059554374511920e-07,3.109456927896528757e-07
-2.660426960975305014e-07,2.945391303241990114e-07
-3.066644832877940327e-07,2.724026135241705963e-07
-3.501284110242042102e-07,2.437153777567971245e-07
-3.937480733041019671e-07,2.085843179146322599e-07
-4.352325338754946741e-07,1.683184758014128790e-07
-4.725826825409359942e-07,1.251527195045207710e-07
-5.058347810994482879e-07,8.125068428470962036e-08
-5.341205156456945753e-07,3.761892947336853960e-08
-5.571931992321926279e-07,-4.395411627516907867e-09
-5.750406493955812919e-07,-4.357309520019034390e-08
-5.879254905803115327e-07,-7.883899838510040746e-08
-5.962986897042619655e-07,-1.093417811230735832e-07
-6.008277084190180518e-07,-1.344456576211743232e-07
-6.022872228020273966e-07,-1.538279412745202189e-07
-6.015741640325590697e-07,-1.674240364956483195e-07
-5.995967261791604163e-07,-1.755315872955055726e-07
-5.972735831426451936e-07,-1.787278758768486465e-07
-5.954325355573438837e-07,-1.779593877943044712e-07
-5.947922259114276399e-07,-1.744518149388921546e-07
-5.958803999198951756e-07,-1.697615405886329279e-07
-5.990015563913999853e-07,-1.657024881329303932e-07
-6.041826840134112278e-07,-1.643488366973899911e-07
-6.111132146661456034e-07,-1.680532171986676031e-07
-6.189777821275244123e-07,-1.795452447866736399e-07
-6.257631196395438075e-07,-2.021250237096684189e-07
-6.279975545636883361e-07,-2.357708939795546761e-07
-6.247824835221632220e-07,-2.777189875690820562e-07
-6.148624852462296217e-07,-3.238223881203459423e-07
-5.994505676139731849e-07,-3.725430200035144150e-07
-5.788097360864225877e-07,-4.218378755894431258e-07
-5.536887205747440874e-07,-4.703487051835041166e-07
-5.251210531304093924e-07,-5.166546897723425613e-07
-4.941042621083213917e-07,-5.597388959657457496e-07
-4.616289506083504856e-07,-5.989173230925465510e-07
-4.286470161928131193e-07,-6.337403516808810936e-07
-3.959682337883061022e-07,-6.640797731198292466e-07
-3.643429664468026844e-07,-6.899654631031174038e-07
-3.342712408691818924e-07,-7.116767792206270355e-07
-3.062110568351664982e-07,-7.295679395585618239e-07
-2.802504836008008830e-07,-7.441776718545160658e-07
-2.566348857337243188e-07,-7.559318482002677585e-07
-2.350731493984583947e-07,-7.655946030046668703e-07
-2.152387839135756632e-07,-7.742405771626703003e-07
-1.962515611647732647e-07,-7.818265682179756685e-07
-1.776260347944264269e-07,-7.887584330567204597e-07
-1.587697216935949723e-07,-7.953394344494085090e-07
-1.390306272704211906e-07,-8.017766990236059217e-07
-1.176861011156450988e-07,-8.081807040930519037e-07
-9.393009159104502617e-08,-8.145372362154323141e-07
-6.674699989441405630e-08,-8.206445222577730508e-07
-3.406920603149679940e-08,-8.256460648969386471e-07
3.287427596235941330e-08,-1.544521388967001368e-08
3.516216227247717771e-08,-1.131284622686637538e-08
3.644499869688709207e-08,-8.096672695608792141e-09
3.629332653260272760e-08,-6.680520198325138413e-09
3.570661228743806849e-08,-8.164814919602610079e-09
4.535940779879218761e-08,-3.711953632494377062e-08
6.505684164554120348e-08,-5.899467233274559854e-08
9.273267056940545268e-08,-8.128019995855972845e-08
1.270948787980357127e-07,-1.038537297298427173e-07
1.668310925560896067e-07,-1.263529064811975079e-07
2.106330519649575663e-07,-1.484001506745614421e-07
2.572246129213647711e-07,-1.696330614398493109e-07
3.053814473179420822e-07,-1.897013149393237910e-07
3.539279210005998275e-07,-2.082266542852475213e-07
4.015539182642666205e-07,-2.247084783187468523e-07
4.461253436728758592e-07,-2.387463654940204651e-07
4.602303129280365139e-07,-2.942041071868817225e-07
4.345295205638263363e-07,-3.404452269935045329e-07
4.073851379642961740e-07,-3.885598060569538776e-07
3.791905689550884028e-07,-4.367266083045942633e-07
3.504505786360694891e-07,-4.835038528815894616e-07
3.218577963132019702e-07,-5.276905165207282758e-07
2.939582318276651237e-07,-5.685210447779425211e-07
2.674808324073162910e-07,-6.052811589791900944e-07
2.428001725501676115e-07,-6.378078170499958425e-07
2.204964065386544909e-07,-6.658269220891730664e-07
2.006592350893464936e-07,-6.895818107345385141e-07
1.835703187975567312e-07,-7.092278168123835002e-07
1.691210962218740075e-07,-7.249864049512118198e-07
1.568324700697897398e-07,-7.373765545267190698e-07
1.459357160161344882e-07,-7.462481639467709266e-07
1.357361774746384577e-07,-7.530312320583878169e-07
1.256849727586535108e-07,-7.579720851800793601e-07
1.150038266049536369e-07,-7.612539609184055141e-07
1.027945322920325664e-07,-7.629837333338781622e-07
8.808229954840761071e-08,-7.631246490684110360e-07
7.004885358686487523e-08,-7.614598006542393609e-07
6.274975785588463482e-08,-7.084521904070346659e-07
7.306534439818949030e-08,-6.514761668870316130e-07
8.119187159420728276e-08,-5.873045881073283833e-07
8.707709049937593874e-08,-5.175277578769562049e-07
9.054447102247908439e-08,-4.440807224454598302e-07
9.142440246093841674e-08,-3.690648384009072826e-07
8.955230901053034274e-08,-2.947205190911364154e-07
8.476190097074855075e-08,-2.234207945423726594e-07
7.687089088169529431e-08,-1.576795022758287485e-07
6.567831968508410571e-08,-1.002312402797669784e-07
5.101937065846957010e-08,-5.401075589633549689e-08
4.026567022762639197e-08,1.887788770308122145e-09
3.904537557319399184e-08,1.023382914814117105e-09
3.856437231038006946e-08,6.393544123836610071e-10
3.837013256137438247e-08,6.324023331453034555e-10
3.834307785043712902e-08,1.054594344517704687e-09
4.541628268798603238e-08,3.928984906383197404e-09
5.319254725995975488e-08,7.423764739461093109e-09
6.252713887372259707e-08,1.223372514377867681e-08
7.381513667749392278e-08,1.885161815039934183e-08
8.723489187832677962e-08,2.773472957712430993e-08
1.028598011622625700e-07,3.922164163190744359e-08
1.206969096956567506e-07,5.355077707460063940e-08
1.406903241258395907e-07,7.087519496100571032e-08
1.627025761100658385e-07,9.126898176760728200e-08
1.864423191052516410e-07,1.146623585611469128e-07
2.114430851539656157e-07,1.404497656710352618e-07
2.709421896285269440e-07,1.328662432259190145e-07
3.050746245785670289e-07,9.841003894023970960e-08
3.391897165004895180e-07,6.344809748909238260e-08
3.722846630617353312e-07,2.897809121937712847e-08
4.024941947295843313e-07,-4.699836115224866090e-09
4.301552433782302120e-07,-3.676670424109702873e-08
4.548638484701197702e-07,-6.635748847801213816e-08
4.764614918366580923e-07,-9.274791762038213193e-08
4.948998529206884015e-07,-1.153618411662256795e-07
5.103240914233804687e-07,-1.337749839964350633e-07
5.229299406651302714e-07,-1.477568709375061998e-07
5.330331360782708699e-07,-1.572821618164926120e-07
5.409379823889554222e-07,-1.625564200567341392e-07
5.469727057362957762e-07,-1.640212438879510888e-07
5.513872456985981803e-07,-1.623615594043643407e-07
5.543466499153849638e-07,-1.585018120108957340e-07
5.558692636261734875e-07,-1.535945486600776034e-07
5.557817736033651699e-07,-1.490059945186156774e-07
5.537019030738905050e-07,-1.462773394812261178e-07
5.489662464804374180e-07,-1.470548590346101967e-07
5.405974154485540297e-07,-1.528026099164624442e-07
4.839645267831320478e-07,-1.373456262118577212e-07
4.390824509390667613e-07,-1.156248648459313952e-07
3.926371649282413145e-07,-9.482188678740984519e-08
3.447349149735227350e-07,-7.475185213725039883e-08
2.962726861021816554e-07,-5.589377265676310007e-08
2.484112027242681261e-07,-3.872807995908610516e-08
2.023688881824176983e-07,-2.370982945751928480e-08
1.593961510806402086e-07,-1.129964461556536477e-08
1.207900202658692208e-07,-1.977250535637328162e-09
8.793231989008981766e-08,3.774341032495694334e-09
6.214970899410765554e-08,5.569688684173973987e-09
2.013685645526561174e-08,1.481875232297216285e-08
1.153257300918095138e-08,1.487812313177960629e-08
4.498668062199664512e-09,1.268712806025524131e-08
-1.270067399604031627e-10,9.299707444625537018e-09
-2.279655173659345034e-09,5.781657011724974932e-09
-4.166392863060336701e-09,5.880929768027932233e-09
-6.995185619930813005e-09,1.275339581293830971e-08
-1.201865530614028668e-08,2.326641576730259417e-08
-1.940374647980934496e-08,3.732492579067595848e-08
-2.925914772270180970e-08,5.488164140922096895e-08
-4.166077323885797936e-08,7.583033269446759429e-08
-5.662663563166522600e-08,9.997093055175244418e-08
-7.410171642464910181e-08,1.270077543353605692e-07
-9.394455757454420130e-08,1.565742742055035314e-07
-1.159891213353147436e-07,1.883576008729266946e-07
-1.405350851347476140e-07,2.222723493075222355e-07
-1.494525509007640228e-07,2.763357083290289358e-07
-1.313230693039538320e-07,2.909092463364875641e-07
-1.155487317729503355e-07,3.019113220946292630e-07
-1.018173704715707669e-07,3.100728645805331776e-07
-8.970258568110330498e-08,3.159769479580649284e-07
-7.876593515021958042e-08,3.201005631704446731e-07
-6.859289258086630627e-08,3.228103851401994479e-07
-5.880163689571088765e-08,3.243765585860806299e-07
-4.905374019273030362e-08,3.249866251601712171e-07
-3.905468540274776524e-08,3.247502147496888256e-07
-2.855568507774002538e-08,3.237168811113543969e-07
-1.733863455074718472e-08,3.218752790934918389e-07
-5.205158285418487583e-09,3.191692971905522999e-07
8.018713588848965335e-09,3.155021531725532251e-07
2.247262005831983317e-08,3.107394494503663608e-07
3.826819860628421956e-08,3.047143425223005343e-07
5.549080316507282193e-08,2.972212231786314665e-07
7.420931111929092181e-08,2.880270254055639018e-07
9.447408484379377723e-08,2.768524180334097098e-07
1.163183138617279964e-07,2.633880565199749119e-07
1.397364036372360226e-07,2.472470622281169083e-07
1.406938066753552641e-07,1.945077791787867674e-07
1.207872215824127234e-07,1.634978952712735930e-07
1.033827500111094059e-07,1.354049634714581003e-07
8.816776163903566148e-08,1.101631319959667675e-07
7.511377771601729750e-08,8.785348633518686079e-08
6.414991002265748925e-08,6.856690381008370250e-08
5.512430325524617734e-08,5.231604605588587548e-08
4.781594623252864817e-08,3.901963609520390041e-08
4.194764851794366004e-08,2.851035011356604258e-08
3.719115538936287939e-08,2.057760668359432117e-08
3.304797637016172086e-08,1.503272403405454709e-08
-2.193183584464723789e-09,-1.592946290192392472e-09
-1.153791274117075476e-09,-4.796969069441265990e-10
-1.069009573993563643e-09,4.284040042041205160e-10
-1.594775731939083980e-09,1.314571133295851943e-09
-3.098255636300478578e-09,2.790031968727519958e-09
-2.991996371774248408e-08,9.344132179863009237e-09
-6.103714268157642133e-08,8.296784577814839557e-09
-1.005962552063834238e-07,2.389310044471247114e-09
-1.469493162878341132e-07,-7.892878460404522658e-09
-1.983535786429446815e-07,-2.195462691521692596e-08
-2.531545446421738265e-07,-3.920004954317329697e-08
-3.097460164371709407e-07,-5.905257898506757768e-08
-3.665544582696933664e-07,-8.094212408348979854e-08
-4.220625416245427118e-07,-1.042756538744785472e-07
-4.750020518150181528e-07,-1.284604548997200172e-07
-5.248736442994254565e-07,-1.535426105555195988e-07
-5.855010013089531234e-07,-1.717472791128385948e-07
-5.944382018488895972e-07,-1.654518825836918733e-07
-5.995526965535999599e-07,-1.642702406290922153e-07
-6.018330784019190707e-07,-1.667141789052541840e-07
-6.019496456783258974e-07,-1.710592164981313274e-07
-6.002815726321846919e-07,-1.756760847342330977e-07
-5.969921128445675908e-07,-1.791101022237335289e-07
-5.920414429135638806e-07,-1.801265023702250539e-07
-5.852357298249784691e-07,-1.777272475584169358e-07
-5.762901448266359972e-07,-1.711683420917143827e-07
-5.648378876064790633e-07,-1.599646594609351042e-07
-5.505393036577252307e-07,-1.438878907305525191e-07
-5.330460291429188303e-07,-1.229607322244437916e-07
-5.121445967240180625e-07,-9.743479143380907026e-08
-4.876836088759169250e-07,-6.777688445282691199e-08
-4.597322279722713012e-07,-3.462830442218253081e-08
-4.284921059056532455e-07,1.202333873567470953e-09
-3.944483817692405862e-07,3.874734030865961860e-08
-3.573538061070934420e-07,7.708244084211460703e-08
-3.193541772752828712e-07,1.158368911411145990e-07
-2.817542707999469379e-07,1.538363801808861133e-07
-2.181775466175877137e-07,1.619255266164447094e-07
-1.909405033626652952e-07,1.321871803887974754e-07
-1.639955573629250464e-07,1.041491349987555912e-07
-1.380700297257649252e-07,7.889386152101887651e-08
-1.137028831106021029e-07,5.679795153016235310e-08
-9.124396065535760368e-08,3.806315816520944079e-08
-7.095287069457150840e-08,2.281509451879398175e-08
-5.302668168115252604e-08,1.109821106891805054e-08
-3.760308833426644919e-08,2.860799228518423951e-09
-2.473439135230789331e-08,-2.081381419771063518e-09
-1.420548800072976242e-08,-4.072124082934175249e-09
6.485409439369052923e-10,-7.232109901761448987e-09
-9.707244584725482873e-10,-4.077679561316501403e-09
-3.261668997389528890e-09,-3.393754334308925513e-09
-6.134926209891380744e-09,-5.055067945003448355e-09
-9.649477277861643341e-09,-8.797805627053411445e-09
-3.758683801577211643e-08,-5.258052297689123021e-08
-5.309336776632574111e-08,-9.990946583887291389e-08
-6.505158075918582777e-08,-1.574714777587859885e-07
-7.384515938670406925e-08,-2.231783237176351340e-07
-7.957943036579370499e-08,-2.944622091084040943e-07
-8.239850230100021425e-08,-3.688043405773004808e-07
-8.246418490734162250e-08,-4.438214640175291118e-07
-7.994006662014581626e-08,-5.172730282876531281e-07
-7.498551521023345327e-08,-5.870541977357922529e-07
-6.776269585265429605e-08,-6.511716621655126936e-07
-5.844228606263997241e-08,-7.078293029803848533e-07
-7.219220857976376003e-08,-7.585982802144884732e-07
-9.619050736784530188e-08,-7.589276832302617704e-07
-1.178440798991924040e-07,-7.575592043471552752e-07
-1.374884772986819257e-07,-7.546326252265760405e-07
-1.556723871790550559e-07,-7.501674528177789919e-07
-1.729467282611912776e-07,-7.440878836733488262e-07
-1.898209364469255483e-07,-7.362704102465482817e-07
-2.066844654760023862e-07,-7.265390399833863003e-07
-2.240146227389149518e-07,-7.140175425496936393e-07
-2.423326653048682335e-07,-6.986602623488251429e-07
-2.620379012528969778e-07,-6.800825104641074953e-07
-2.832766325471463763e-07,-6.580825753963937351e-07
-3.059155674431422688e-07,-6.325020416702764127e-07
-3.299528773911590412e-07,-6.031038286025977774e-07
-3.550179385962747160e-07,-5.700386266850902862e-07
-3.808854431229987176e-07,-5.333588248127330645e-07
-4.070394603999565935e-07,-4.935589857778666765e-07
-4.331016308935809717e-07,-4.511545131177664044e-07
-4.585471203150142746e-07,-4.070458537848526030e-07
-4.830045476207501608e-07,-3.623098184254385449e-07
-5.061527666405790335e-07,-3.184509940656898952e-07
-4.838917699742437818e-07,-2.656532447890430748e-07
-4.329959831396349822e-07,-2.517680194131929926e-07
-3.779773083358200053e-07,-2.346056651580676297e-07
-3.212255243337370571e-07,-2.146797581924125167e-07
-2.643958816508452397e-07,-1.925937072816118858e-07
-2.090213422678316848e-07,-1.688384261250291069e-07
-1.566831679458494234e-07,-1.438798586437963678e-07
-1.090133626881540520e-07,-1.181963797141694305e-07
-6.767459803662563820e-08,-9.228092012972926854e-08
-3.433188917969759672e-08,-6.660727719962171822e-08
-1.062378922671736337e-08,-4.137572205570873170e-08
-9.494161016670664430e-09,1.518685951168638294e-09
7.039783701710638668e-09,-5.619505234671134884e-08
3.949201618920783648e-08,9.594767501096746755e-09
5.547175706479080809e-08,-1.652665873337545236e-08
-2.234890055436948667e-08,-1.692931665472001643e-08
-1.799934245991376035e-07,1.919744205924553790e-07
4.641005622992377421e-07,-1.886765290474642867e-07
2.123920317035715165e-09,-7.063698378031062248e-07
-5.031282797304299518e-07,-2.100707294278233965e-07
1.767345038317342330e-07,1.676204475060820110e-07
3.157483653248768300e-08,3.798308624608837728e-09
-2.976092398558762839e-09,-2.801886685529307456e-11
2.213358206263386449e-07,2.266323172319449105e-07
-2.279175954464773694e-07,2.545767658416885515e-07
3.092314446035064228e-09,-5.862756134186225826e-07
-3.996462736178715600e-07,-1.693701037874584635e-07
5.246070070100350038e-08,2.073266155407530538e-08
5.937717097381121315e-09,-1.589399649563733542e-07
-8.535958709731593501e-08,-4.530425934838275173e-08
-2.518764299777407912e-08,1.362438080169194407e-08
1.077921551041943266e-07,-4.192648189711079786e-08
1.333895547251835541e-07,1.137788712097723527e-07
3.730643748449818749e-07,-1.515092803599559619e-07
-2.872152117023504479e-07,-1.258501656434810253e-07
7.149220643127675989e-08,4.046850343062171057e-08
-1.781851579232632035e-07,-8.312041254537063819e-08
4.040769523231952053e-09,-4.437131633891744557e-07
9.824225342200670863e-08,7.118460540499716528e-08
4.983992280238953138e-09,-2.951106505832187942e-07
2.769335184147375416e-07,-1.128031955629654006e-07
1.851905308934864802e-07,-7.520981715337933084e-08
-5.050028045295362023e-08,3.940292674629554558e-08
-1.292771911525232688e-07,1.307214094125130105e-07
-8.551481798949137507e-08,7.888713925481194037e-08
3.877599723117660441e-08,-4.728498168780096236e-09
-2.376599999599004597e-09,-4.562457115909457426e-09
1.057056134377224233e-08,-1.784158686931622906e-08
5.310683028028010835e-07,-2.159013255587806306e-07
-5.750191456904219473e-07,-2.388587988999877962e-07
3.938823141277109893e-08,9.017951910914187084e-10
-2.343782747383208749e-09,1.476352692855133581e-09
-3.911181872849975879e-07,-6.018453181145532279e-07
3.334229889451349434e-07,-6.030511241629384782e-07
1.858479655260661352e-09,-7.793725746489085958e-07
3.986839768664417451e-07,-5.182034918063857742e-07
-4.508908484064933764e-07,-5.251754384437175907e-07
-2.691221910804443244e-09,-3.230865958540361873e-09
3.418438184988315614e-08,-5.089971536876640232e-09
-3.325145412771135645e-07,-6.610328779631281742e-07
2.709781947590233870e-07,-6.675907251220232427e-07
4.584949957200970519e-07,-4.184672102750977245e-07
-5.056768164868396541e-07,-4.345651675589706449e-07
-1.075560983779004384e-09,2.744788416630006610e-09
1.866403795889170083e-08,6.639798276404029109e-09
-3.217717868269709411e-07,1.897102056882029656e-07
3.075326548637352133e-07,1.656410635818007902e-07
-2.808784832599774541e-07,-7.039103750612382505e-07
2.192607354952731993e-07,-7.124182481149004099e-07
5.035929685913624493e-07,-3.252514725723663379e-07
-5.477579931952858298e-07,-3.478101922200132055e-07
-3.912540309245269001e-07,1.214063635128253928e-07
3.697521584287754152e-07,1.032841024705649316e-07
-2.402930669635212006e-07,-7.320479538296809809e-07
1.830721734146549261e-07,-7.395968701469321122e-07
2.479193077249326913e-08,-8.978759925100678322e-09
-1.630676875680520285e-09,-9.240314170618517766e-09
-5.683150650732740952e-09,-6.512615060776863746e-09
3.805411635454768451e-08,3.502306172817648870e-10
3.724917957016737642e-08,4.077181456979359915e-10
-1.708815614112582758e-09,-3.189052707617463968e-10
-1.306211082257351731e-09,2.865209134118489490e-10
-4.668310154549699647e-07,3.924312292298430905e-08
-4.958753863794942215e-07,1.400534170028113478e-09
4.624105499208729409e-07,-4.714257147440120989e-09
4.367822218795919747e-07,2.921187037223834180e-08
-2.017317807413849022e-07,-7.549760980749369866e-07
-1.845679856181055252e-07,-7.628212728754754725e-07
1.544856918916431701e-07,-7.589910969929686252e-07
1.434611421495321018e-07,-7.649894933123575708e-07
-5.214118745082956607e-07,-3.777635445087397744e-08
-5.420251797686788250e-07,-7.063423188529775320e-08
4.848769299220833108e-07,-3.973313546358873798e-08
5.029703986160583630e-07,-6.902262790344205162e-08
-1.658706859855496867e-07,-7.694422115779639450e-07
-1.480589661769054498e-07,-7.752067739911195099e-07
1.321749813675825616e-07,-7.699474429165288980e-07
1.216664723666511721e-07,-7.742326835659162745e-07
-4.409932749938677315e-09,-4.435995728373920688e-09
-4.329482831314565365e-07,8.195064791144333804e-08
4.068202355406092410e-07,6.761329971284343080e-08
-2.209069537291776786e-07,-7.456795719918433110e-07
1.679578892100240910e-07,-7.514340856653472334e-07
-5.588759118298000909e-07,-1.021889260151215091e-07
-5.714899097132274486e-07,-1.267465006867501495e-07
5.177021439610921557e-07,-9.704572764483347386e-08
5.286834775708337209e-07,-1.187446041650451391e-07
-1.275490705934239659e-07,-7.799955182478812179e-07
-1.067630303052207960e-07,-7.841855751088922514e-07
1.091670414107725756e-07,-7.780462239180085569e-07
9.551774695582342428e-08,-7.816399821645175591e-07
-1.578955608060657250e-09,8.859911633460755026e-10
3.873487745526750987e-08,6.229889727111786516e-10
1.643581845677092489e-07,2.724433403552992614e-07
1.387837125446147042e-07,2.866228869554528420e-07
-1.495319672385155622e-07,3.098109714995172671e-07
-1.714265944545533755e-07,2.984372493990779228e-07
-5.809046426767290565e-07,-1.480178764707456502e-07
-5.872808138293681145e-07,-1.625857399675573219e-07
5.368223826842635726e-07,-1.373834187605721793e-07
5.422865510799681719e-07,-1.499612538400249075e-07
-8.171723737470963041e-08,-7.872074581552940774e-07
-5.510624508572159965e-08,-7.895354529793046401e-07
5.555527570822429324e-08,-7.875409115906131437e-07
7.727963278163859207e-08,-7.847337430890649703e-07
3.603811580984760705e-08,9.016392002554866788e-10
-2.713485653392327418e-09,-8.839168090093879790e-10
1.131687228401566774e-07,2.986980131742072941e-07
9.131735325766380256e-08,3.081991272161455266e-07
-1.135937351535842484e-07,3.244376604285674310e-07
-1.294297325819517585e-07,3.184057540287966388e-07
-5.915489711727342106e-07,-1.729176802582260847e-07
-5.941385974936474048e-07,-1.778573460074129546e-07
5.480715954059344775e-07,-1.623825061388770474e-07
5.459034370097550783e-07,-1.586088561142852270e-07
6.962656246095370669e-08,3.160725501261839635e-07
5.117749913461009136e-08,3.220846296684115850e-07
-8.687228586880272646e-08,3.318706680153281276e-07
-9.886652773731097197e-08,3.288433869137926688e-07
-5.958493923944063831e-07,-1.789121802024770573e-07
-5.970260582108625398e-07,-1.768389879981619342e-07
5.495184967803357303e-07,-1.625468979374328064e-07
5.505525089441595240e-07,-1.599143092279551158e-07
1.944877647747651071e-07,2.549168359435900074e-07
-2.000469188954874255e-07,2.827987859704374463e-07
3.303199872073050157e-08,3.268871618462504567e-07
1.765001451182712324e-08,3.303831690412503776e-07
-6.508825535491575710e-08,3.353926599996212722e-07
-7.521652504541168815e-08,3.339973886134227965e-07
-5.982454610517990285e-07,-1.726705821605390716e-07
-5.994887674839966948e-07,-1.684067147710912574e-07
5.517136282905779746e-07,-1.553404203837019826e-07
5.529606944663389381e-07,-1.507899949084777433e-07
-1.456097931934805695e-09,-4.326810987861681804e-09
-7.030174585363726396e-10,-6.538713602035502441e-09
3.632274859624167809e-08,-6.467454516484393794e-09
3.591313986501568173e-08,-5.032497643222783322e-09
1.756598379505960521e-09,5.142111565935712894e-09
7.753090724582250192e-09,7.014029948840299821e-09
2.603638614511405143e-09,3.330177174546146302e-07
-1.017475867468221925e-08,3.347712516319220591e-07
-4.463422655071412134e-08,3.366107835676034246e-07
-5.452744403666683048e-08,3.362368115432196705e-07
-6.009207434837515331e-07,-1.652743572544895132e-07
-6.019985331882289217e-07,-1.655430970950863271e-07
5.544627603009562684e-07,-1.473437645867617090e-07
5.556750575774062395e-07,-1.472219476335027036e-07
5.546917825368411223e-07,-1.647421913028236077e-07
5.560697373947358570e-07,-1.525412288072362382e-07
-6.021340119097332350e-07,-1.714813421024312661e-07
-6.003583684139733436e-07,-1.845391467082610340e-07
-2.275313011515787506e-08,3.359346107412578666e-07
-3.362718176060291175e-08,3.364997935580141014e-07
5.505934397578610144e-07,-1.896689317913802261e-07
-5.956431911169892658e-07,-2.110328843158507879e-07
-4.279629324527231877e-10,-3.339257778977701896e-09
-1.883069403119220756e-09,-1.066678202231360282e-08
3.813959838078393967e-08,-1.026423369862678441e-08
3.631333357669328903e-08,-3.291287417332896115e-09
2.562082567500879643e-08,-7.670985425064841302e-07
3.678749087871968333e-08,-7.992130776408261768e-07
-3.432564569721571040e-08,-8.012725789560528727e-07
-2.231848435209006350e-08,-7.669628418928364814e-07
-6.026469249925712322e-07,-2.378814595621295328e-07
-5.710818060534979548e-07,-2.098338515612181304e-07
5.271543816449678535e-07,-1.885999023104039287e-07
5.576775444912968304e-07,-2.150548503550600128e-07
-7.695695231654756470e-10,5.575120431115770827e-09
2.133134198398526325e-10,1.777539596583933414e-09
1.077410288951546996e-08,3.424867356273870435e-09
1.499544818694204103e-08,1.073471150533865397e-08
1.841773431042421608e-09,-8.024155381141104474e-07
3.445500232455829646e-08,-2.383433745037228859e-09
3.592506315847505618e-08,-6.286668166821701682e-09
-2.380698560462869648e-09,-3.963267859458189755e-09
-1.158248279507364724e-09,-2.153393938104287242e-09
-9.733158927876923407e-10,-1.612436272693311859e-09
3.766217722833652136e-08,-1.724161640284530108e-09
-2.070471604438162592e-09,-2.155694901769183756e-09
-4.428381805956004936e-09,-4.344821847971465761e-09
3.459738760309057822e-08,-8.160140568387574107e-09
3.080875329732854799e-08,-6.311870065704280827e-09
3.155548829284425455e-08,-1.103154231827330859e-08
-2.458736581801862620e-09,1.742903804889323588e-09
-9.972091822781660214e-10,6.327084778190106513e-10
3.855528651759342073e-08,4.021817731671761584e-10
3.954252949042595287e-08,1.188665540202136240e-09
3.581429001115022136e-08,2.987011062731518067e-09
3.283485170842603552e-08,9.099714205421795957e-10
-1.575125647564101758e-09,-3.620687350683719285e-10
-4.544022226593945686e-09,-1.327586034600096618e-09
3.192450627151045325e-08,-2.995384956925363686e-09
2.648901579536703243e-08,-3.893104668116891538e-09
-5.698390868353226563e-07,-3.007608107878297660e-07
-5.521622906631578550e-07,-2.580640498154421053e-07
-5.925464277005563913e-07,-2.793809391332803390e-07
5.262901104587955663e-07,-2.765421641197297763e-07
5.486172208362970419e-07,-2.552950682433625374e-07
5.089456072624665661e-07,-2.339324695044852668e-07
1.812371688579383881e-07,-7.542066749860063645e-07
1.688965717718670971e-07,-7.378070931833842778e-07
-2.228224403686793386e-07,-7.288895786043220240e-07
-2.378416870990755605e-07,-7.494828544155079243e-07
4.063825116802888666e-07,1.048666934529740759e-07
3.706773040783827304e-07,6.564496585142525839e-08
-3.924996197254424216e-07,7.960874967877867772e-08
-4.321936696591239578e-07,1.233858423189549677e-07
-2.290923705840086135e-07,2.841454772012745274e-07
-1.978500654987966450e-07,2.550673988910998940e-07
1.924177999770187375e-07,2.268315155030227350e-07
2.229782790607108279e-07,2.557087714208611247e-07
-5.821397361243819629e-07,-3.360033511752742751e-07
-5.365916624655520814e-07,-3.115618153076337752e-07
4.924599265656601960e-07,-2.873063679470525562e-07
5.390585067942146108e-07,-3.127557839826003638e-07
2.726980052280284454e-08,-1.509298103693899975e-08
-2.777009149501030252e-07,2.305089129353971330e-07
-2.375695991378752093e-07,2.239330404149704509e-07
-2.654280085704054751e-07,2.623330067039878156e-07
2.676058154041326125e-07,2.036134453139642873e-07
2.567508059424265138e-07,2.337097872471016275e-07
2.301547266623084260e-07,1.975581116296942525e-07
2.722417037015491538e-07,1.654195970265266918e-07
3.014548124277533074e-07,2.052655723042749761e-07
-3.146156811467508376e-07,2.326885919062665952e-07
-2.831212742891561627e-07,1.893271451490877333e-07
-1.884566754017286723e-08,-7.661325010870084272e-08
-9.799067944287543549e-09,-3.636847052407436173e-08
-8.956433655193939219e-09,6.281115731798136922e-09
-5.186349126208616045e-09,2.442193819725705129e-09
4.580746403385933160e-08,8.641585690416001711e-09
3.966415364635136308e-08,5.052093954274592809e-09
6.025568066698481582e-08,-3.474875893799670017e-08
4.377219647871706759e-08,-1.924762473784566950e-08
-3.973143009634795790e-08,-7.161884564249486677e-09
-1.582353411195454193e-08,-2.432023752846157261e-09
-8.469697118915690103e-09,-1.795963384946526448e-09
-1.596286029578076564e-08,4.962760145696173694e-11
2.462575575074525897e-08,-3.810645627629015360e-08
3.226274681206576708e-08,-7.701838894094940590e-08
5.026795440963861544e-08,-3.855990429969417987e-09
7.008925952089065298e-08,-8.731099483397476789e-09
3.392370031134929055e-08,1.042561705453575692e-08
3.861464154913875219e-08,1.480759867533141489e-08
-8.520834428916094286e-09,-2.057571523275127366e-08
-2.833628320510713291e-08,-3.813450608440678526e-08
-1.358094470747067622e-09,2.637691843123688915e-10
2.754873599049721936e-08,2.287644490954934229e-09
-1.857037013620357853e-07,1.614823972502705490e-07
-2.124773807046637614e-07,1.923787673080195941e-07
-4.687402638593049740e-07,-2.295752439536353763e-07
-5.158692025745009337e-07,-2.452573554289703081e-07
3.490931084451553688e-08,-6.798132266789986041e-07
2.907736051080727717e-08,-7.320292901030027960e-07
4.518404539769769105e-07,-1.534015739353721299e-07
4.954431008986068944e-07,-1.738056800990228552e-07
1.480119170504991304e-07,1.659395081166831338e-07
1.707294711310742004e-07,1.969198233922357973e-07
4.750765279226800745e-07,-2.211453934336005155e-07
4.331708717998351498e-07,-2.057880751789230810e-07
-1.742785618848263570e-07,2.241092809876832927e-07
-1.476575371076232642e-07,1.904629727443552500e-07
-2.536305422258449004e-08,-7.315076394517541984e-07
-3.017801136355119386e-08,-6.795823857651686659e-07
-5.372741535232953366e-07,-1.937013927552316631e-07
-4.892910777448643081e-07,-1.710456034487028372e-07
2.064978119907717946e-07,1.681588603667293588e-07
1.820706076925404839e-07,1.403064589031172813e-07
-7.535953718512999171e-10,9.520195535737321427e-10
2.059442668714626941e-08,2.983160311857717996e-09
-1.486311009338762655e-08,1.361485593158108433e-08
-1.616894308920657426e-08,5.913775153112375755e-09
-2.573252327006758424e-08,4.789435091170945918e-09
-2.609701571737426245e-08,-1.287617181669901182e-07
6.471490129283732638e-09,-1.018829377781391350e-07
3.843356845958407605e-08,-1.288722692859045502e-07
8.531264646340046652e-08,-5.219370323026591862e-08
7.775659819027986053e-08,-2.796407974964751476e-08
9.793878331684133751e-08,-1.699227856405820203e-08
5.330283956406256198e-08,1.347700173505620658e-08
4.533867885863690469e-08,1.430872137228258369e-08
4.405778277518667283e-08,2.090001552644133635e-08
-7.329178049720130052e-08,-1.602464138968865871e-08
-4.919667398507296573e-08,-2.959209590750705814e-08
-5.851830345092951269e-08,-5.802004483719406420e-08
3.516537704255819962e-08,6.597154021591903538e-09
2.985078640907223091e-08,7.123598955673656808e-09
-5.500878868913322762e-09,1.573821231625531343e-10
-3.170462513421319561e-09,1.373248865202425777e-09
-9.913712420517627820e-10,2.909904119636677461e-10
-2.712022846205961159e-09,2.904640149391261587e-11
3.939504968462715339e-08,-5.499034495972873226e-10
3.827310441411544162e-08,6.617607852499501272e-11
-3.864828021717039052e-07,-5.684361142239314356e-07
-4.152523429984775031e-07,-5.290422168765114635e-07
-4.201200165930213564e-07,-5.646769631784303948e-07
3.282322993721694389e-07,-5.664049764390131937e-07
3.649984259248026456e-07,-5.619773606292300840e-07
3.595825463680579100e-07,-5.226943113487708966e-07
-3.596136482478390613e-07,-6.020468061312056968e-07
-3.604752493798069598e-07,-6.327508548174068307e-07
-3.316693914621248896e-07,-6.330564790122113744e-07
2.993081883807481815e-07,-6.036257261434238209e-07
2.698077933038981035e-07,-6.377566896425495270e-07
3.004514215799434347e-07,-6.369845818834019725e-07
3.892665949666880214e-07,-4.779618340681179218e-07
4.283689373657630928e-07,-4.687434967890038085e-07
4.189550363938353076e-07,-4.276001863874964278e-07
-4.423156755662118135e-07,-4.886345464515451398e-07
-4.693319061738387555e-07,-4.428353874643880455e-07
-4.780113295262368278e-07,-4.803993537426826928e-07
-5.546914986124965224e-09,-8.353257874995943201e-10
-4.476866747292330007e-09,2.623910128316480089e-09
4.168823234269509481e-08,-1.764145239281646832e-09
4.105968070515475883e-08,1.543965994523364097e-09
-3.069514673798543142e-07,-6.590224995275092963e-07
-3.052422916201843930e-07,-6.836399570527482376e-07
-2.823760885318331560e-07,-6.819202397348521430e-07
2.444752217019780833e-07,-6.659818816409719393e-07
2.203017930269392474e-07,-6.904461490494988041e-07
2.430887210893072439e-07,-6.915828702850772874e-07
4.462721721224231304e-07,-3.792771106693444310e-07
4.815481018702698809e-07,-3.708606392350173004e-07
4.701325177933701940e-07,-3.330109861878618149e-07
-4.942428296154541419e-07,-3.984010573021300780e-07
-5.160949042251245880e-07,-3.551718879550375221e-07
-5.270363826319038812e-07,-3.906380615216760150e-07
-2.607905668332128467e-07,-7.007420122366375594e-07
-2.594486449967127896e-07,-7.187697087071303381e-07
-2.414926256810971483e-07,-7.158910670919753830e-07
2.002481687072947801e-07,-7.100291535888347102e-07
1.836003196135107237e-07,-7.252671479763611231e-07
1.994566581886438863e-07,-7.271442108519801063e-07
3.064991674647527316e-07,1.325930763411574874e-07
3.376486150868125271e-07,1.009121574266532990e-07
3.383898004919452648e-07,1.346072802231902886e-07
-3.208428112322538789e-07,1.535344469486914925e-07
-3.561229098013665484e-07,1.558654927899959036e-07
-3.555040941144675048e-07,1.186579353099172904e-07
4.062215773464814181e-07,-1.333117580495032708e-07
4.198047261200439228e-07,-1.704570972433416702e-07
3.872960768654914764e-07,-1.886992980872637266e-07
-1.593779447193336727e-07,1.317169705216178555e-07
-1.539220125874634169e-07,1.604042442776294711e-07
-1.232149358944713560e-07,1.587567706140810821e-07
3.977379595022791768e-08,-6.193495039374828784e-07
2.603846551240596379e-09,-6.501251828511546145e-07
-3.405889911407573548e-08,-6.192163811318748340e-07
-4.162911177013136932e-07,-2.114737804041872092e-07
-4.532806033947698265e-07,-1.903066565722095416e-07
-4.376569598658758267e-07,-1.483816223436856467e-07
1.277717484688128840e-07,1.377420054798421878e-07
1.540853182092247432e-07,1.393831339907094857e-07
1.589855400362905615e-07,1.145529363916412999e-07
2.193785191849163690e-07,-7.324826743545091400e-07
1.997076207346810697e-07,-7.441599384867553723e-07
-2.809026853141187601e-07,-7.247626750944306759e-07
-2.595542281294386541e-07,-7.375490932575910065e-07
3.396668075447010884e-07,1.735336203354889934e-07
3.711679840925975891e-07,1.426808701919098830e-07
-3.571841412251763101e-07,1.986151062909155530e-07
-3.925111856899542038e-07,1.649872514007063835e-07
1.988601029532420856e-07,1.962809926392838033e-07
-2.043145692287712228e-07,2.228565703317926227e-07
-5.422594201794992519e-07,-4.282159710069333370e-07
-5.627242594537742277e-07,-3.842920276215014812e-07
4.979233865054348847e-07,-4.113335783451863875e-07
5.194031061443811033e-07,-3.638471153235534395e-07
2.723758267487568039e-07,-6.949274006572632438e-07
2.444177998232925964e-07,-7.153626351882633933e-07
-3.338120591908713049e-07,-6.871625918542756041e-07
-3.064819630645900234e-07,-7.071731367697395423e-07
2.344179943848545943e-08,9.148044340836261895e-09
2.586674458814855713e-08,5.197047865763443306e-09
-1.953205860100022973e-09,1.303406802424016144e-09
-2.166152458132336408e-09,3.157308781191470202e-09
-4.875138278645917962e-07,-5.207625211014489760e-07
-5.154588982654581776e-07,-4.757072847557797690e-07
4.388077445836738524e-07,-5.131079956590488073e-07
4.691774930682346264e-07,-4.633676337804784345e-07
3.365479036259630085e-07,-6.377929740039080882e-07
3.033372770467909841e-07,-6.683961166467524526e-07
-3.939805159655671086e-07,-6.337437816753440936e-07
-3.631455796072768003e-07,-6.620455346732491842e-07
-1.342337663124760734e-07,1.041019931955806908e-07
-1.107061696781796454e-07,7.926686962789238712e-08
-1.063986805076976016e-07,1.034047307555968574e-07
-1.008138768987604607e-07,1.291673170208051339e-07
-8.051361471396271291e-08,1.020393689609020906e-07
2.626963301003570108e-07,-7.537387650234015268e-08
2.161782043915113775e-07,-5.790070011016377546e-08
2.299058944183018014e-07,-9.367406309435121090e-08
2.435786783925550737e-07,-1.309505766894705945e-07
1.979416553865068041e-07,-1.106944043083258375e-07
1.097591305580817314e-07,1.123253548414790005e-07
9.389187990538367296e-08,8.979276412825171326e-08
1.147620005501405461e-07,9.099916112407777495e-08
1.376970172212579240e-07,9.149091138770328855e-08
1.184132336395633452e-07,7.139823851817292653e-08
-3.157662747907435958e-08,-1.903851268577682967e-07
-3.546353734603088604e-08,-2.588904713822948993e-07
5.455305271483393824e-09,-2.242312080499388438e-07
-1.148459498408912786e-07,-2.855354036141175760e-08
-1.626347775001611616e-07,-4.413714165859804922e-08
-1.289215920763257123e-07,-6.333197511974249629e-08
4.295666313521895059e-08,-1.904938928868626767e-07
4.590367606433653434e-08,-2.590159278942425879e-07
-9.725907553993762347e-08,-7.941400570326730628e-08
-1.428553873779634043e-07,-1.018200604166327300e-07
2.911519473826622003e-07,-1.509432161398141896e-07
-5.255935186506235164e-08,2.422753768168140390e-08
-6.966236165235318888e-08,3.916037208241257425e-08
-3.846136664346112535e-08,-4.806334015349119325e-07
-3.882455364502628150e-08,-4.063952534638789419e-07
1.723510897259471898e-07,-4.204967191988716460e-08
5.869360635507812011e-08,4.007843256032132942e-08
6.846000458881923497e-08,5.369693027036647653e-08
-3.267658305482607839e-07,-1.035771120216126786e-07
-2.702095485019862780e-07,-8.220063010821891840e-08
4.512644862370192139e-09,-3.690639846650797849e-07
-3.785233549356128548e-08,-3.317107112096535539e-07
5.064713800613316156e-08,2.922522533668462570e-08
-8.910307924736752432e-08,5.754877921770914657e-08
8.383575089309100248e-08,5.436389262190353596e-08
8.014788317170759070e-08,7.024369645587825337e-08
-2.314895537724936079e-07,-1.041350927481049934e-07
-2.149676178139683114e-07,-6.220511266487932205e-08
-3.790472932536941334e-08,1.278934422842813974e-08
-3.830769314206604349e-07,-1.257995158755764644e-07
-6.683068653126900112e-08,5.748218578137024600e-08
3.394609933832229567e-07,-1.703071611365335776e-07
1.324935737516529160e-07,-2.826205586998105789e-08
-3.684477916112658009e-08,-5.522537243665956953e-07
4.734988768213560142e-08,-3.318407294230815583e-07
-1.936352561834569093e-07,-1.247306511065066225e-07
1.012364178523939226e-07,5.432011610959191191e-08
6.236995893811608271e-08,2.006083443336994847e-08
4.737794653216686393e-08,-4.065253256690801229e-07
-2.308864306742495204e-08,2.445502676563675168e-08
-2.479537489612834350e-07,-1.476390948065353620e-07
-3.608413612155124532e-07,-1.914809734956426266e-07
-6.248650767483236071e-08,7.774939161799836752e-08
4.351029813834640036e-08,-5.523785815011720453e-07
8.620088348140355676e-08,4.018915184259482076e-08
3.588841783637813377e-07,-1.134735189448744106e-07
1.175051242679165267e-07,-7.092361930352258479e-08
-3.661291533318221080e-08,2.477176223685268502e-08
6.109563152173317792e-08,2.934000831608331371e-08
4.607074511043587527e-08,-4.807618491509713496e-07
-3.042081231671459275e-07,-1.700495167316861796e-07
7.327745534438371532e-08,2.885064496128544335e-08
-4.687092580176460402e-08,5.659890154442127590e-08
3.106663951596377726e-07,-9.403804018231863817e-08
3.250499437941131550e-07,-1.322009930195398406e-07
1.554873615762796934e-07,-9.055496025225822356e-08
-3.437827848879207225e-07,-1.477536929118069946e-07
-3.373752430040224766e-08,3.879553266188158546e-08
3.568438206716191633e-09,-5.168177502222160057e-07
1.440510002903175224e-07,-5.782090789328092521e-08
-4.254992983416275911e-07,-6.000526073042586918e-07
-4.566170153295482729e-07,-5.626141335225321277e-07
3.709066920075589700e-07,-6.008402675816521131e-07
4.049961352716356268e-07,-5.594586364304370341e-07
1.477644988739154789e-08,-4.806138741337817281e-09
4.402319132575671647e-08,-9.337522782816006743e-09
-8.597609765977421155e-09,-9.195837338895709436e-09
4.989964306723052721e-07,-2.035453233489770921e-07
-5.412764049167422422e-07,-2.259544069606693290e-07
9.978092546146865950e-09,-3.245646688178084527e-08
-2.774417390806745297e-09,-1.915828573555887191e-08
2.169637849145566871e-08,-2.099895737695952390e-08
1.874468552825490561e-09,-7.468311714370408210e-07
1.887965548204359174e-08,-1.288028652134512327e-08
6.769172756428307315e-09,-8.177159596339158959e-09
