Size 955,2
0.000000000000000000e+00,0.000000000000000000e+00
0.000000000000000000e+00,0.000000000000000000e+00
2.920345237862029826e-08,-1.359255836440784917e-05
-2.774730062687320099e-07,1.246961766225408354e-05
2.395994099846307248e-07,-1.825621647506073550e-07
2.907985385145646544e-07,-1.248366461643368403e-07
5.910824949342186478e-07,-1.251710221157466575e-05
1.101383607093805859e-05,-4.238892699456053621e-06
3.376626763303739648e-07,3.823306786946574184e-08
3.422851635620731766e-07,3.828322993340174330e-08
1.139900399961363751e-05,-3.099551902930243507e-06
7.210699648651787454e-06,8.634044964988750765e-06
1.124783324599545833e-07,2.028168000308055805e-07
1.134062781810673636e-08,1.680827541226652911e-07
6.218301645665259856e-06,9.360205105602237847e-06
-6.274091477328553167e-06,9.583518232360824053e-06
-1.343535180714503113e-07,4.360086350984980431e-08
-1.334844928251520388e-07,4.314738672323677894e-08
-7.266425694537256728e-06,8.845273329052548189e-06
-1.174983652735396382e-05,-3.276291575358616293e-06
-8.438858537672622030e-08,-1.315440525597828261e-07
-9.498552159942062355e-08,-1.690382496287076752e-07
-1.137338468417778306e-05,-4.400444341971996624e-06
-5.326533239082386800e-07,-1.251213087522842817e-05
1.554465212472172182e-07,0.000000000000000000e+00
2.277000039857363047e-07,0.000000000000000000e+00
2.438759477321278978e-07,0.000000000000000000e+00
2.274799909673227823e-07,0.000000000000000000e+00
1.397861316688425241e-07,0.000000000000000000e+00
0.000000000000000000e+00,0.000000000000000000e+00
0.000000000000000000e+00,0.000000000000000000e+00
0.000000000000000000e+00,0.000000000000000000e+00
0.000000000000000000e+00,0.000000000000000000e+00
0.000000000000000000e+00,0.000000000000000000e+00
7.120316071641319135e-07,-1.355591659393536455e-05
1.357774724305283960e-06,-1.348099682361759988e-05
1.964004671699915885e-06,-1.338483533523799520e-05
2.544629746037178256e-06,-1.326695096434246197e-05
3.103855641031871274e-06,-1.312835978375384394e-05
3.645990705747668746e-06,-1.296914560925658810e-05
4.174867260261178236e-06,-1.278890003799660932e-05
4.693701639722747980e-06,-1.258654514330698217e-05
5.204995687678839580e-06,-1.236066594816043378e-05
5.710482561906022391e-06,-1.210966845570841590e-05
6.211430274199344826e-06,-1.183163140270280073e-05
6.709175923086521956e-06,-1.152453306785879923e-05
7.206439493304538999e-06,-1.118841262991650094e-05
7.699808544060800903e-06,-1.082000289583142359e-05
8.193666439358879305e-06,-1.041178495152231369e-05
8.678675633928506118e-06,-9.969119722170064892e-06
9.159388421730534741e-06,-9.484285653936041209e-06
9.626060134162285221e-06,-8.963039682183532710e-06
1.007305125153633834e-05,-8.402960984094790380e-06
1.049870070726190267e-05,-7.809186776363444911e-06
1.089914072028877966e-05,-7.185035832889633824e-06
1.127042265621974294e-05,-6.533782245232144510e-06
1.160898514982521292e-05,-5.859428770712535270e-06
1.191119501514753261e-05,-5.167340500135396113e-06
1.217609201173956153e-05,-4.458272197847878279e-06
1.239260247581107251e-05,-3.741138239819324771e-06
1.255066783189383729e-05,-3.045065922857018320e-06
1.266355326590386924e-05,-2.387171133399129113e-06
1.274295232690339947e-05,-1.766264881109247887e-06
1.279279836998732707e-05,-1.172512321992606899e-06
1.281593752972775933e-05,-6.018476380799701945e-07
1.281496103718918325e-05,-4.984727527673256049e-08
1.279130334014226393e-05,4.878526486859438918e-07
1.274576721699486951e-05,1.015360816030604574e-06
1.267839330266086027e-05,1.536415333054207833e-06
1.258861901460416975e-05,2.054231689894785096e-06
1.247536928831732099e-05,2.571405048059167109e-06
1.233728038442358044e-05,3.089854132225737567e-06
1.217259140746775022e-05,3.610748662393687917e-06
1.197975916951376240e-05,4.134507062245171535e-06
1.175684115004756790e-05,4.661261867035768938e-06
1.150204872756446317e-05,5.191404804808013555e-06
1.121630314941396868e-05,5.726789387890547250e-06
1.089573647542855631e-05,6.262712536575103960e-06
1.053369425376683825e-05,6.803766013396142314e-06
1.013546004872749342e-05,7.339125798382249397e-06
9.694244800427757739e-06,7.873414630794800447e-06
9.216108732453275775e-06,8.395288880100189820e-06
8.696367553105633275e-06,8.908011496578073171e-06
8.140540503561521322e-06,9.401979270103650064e-06
7.542467749470274387e-06,9.876689466082680933e-06
6.912044952800862521e-06,1.030944140112676237e-05
6.280228760941809750e-06,1.068791050230140054e-05
5.649979350444306855e-06,1.102254613564602026e-05
5.027112366049302268e-06,1.132152145931126509e-05
4.408156443001727168e-06,1.158235168003692757e-05
3.793915012160130771e-06,1.180613823479858766e-05
3.185860692238733685e-06,1.199464413321486791e-05
2.585593488729307604e-06,1.214899717663400669e-05
1.994204875679889529e-06,1.227115342845169257e-05
1.412332650482283910e-06,1.236258922099945174e-05
8.401020762046751607e-07,1.242516026212553464e-05
2.771219886017735989e-07,1.246034930501222138e-05
-8.249503715027740953e-07,1.245385473056099945e-05
-1.366831896420174783e-06,1.241362526733995191e-05
-1.904909518143438016e-06,1.234932912286185099e-05
-2.441237600190622691e-06,1.226089945812686028e-05
-2.978020546245960477e-06,1.214771554307409497e-05
-3.517513528958550912e-06,1.200877642133890299e-05
-4.061893012291655975e-06,1.184226027497215051e-05
-4.613087486649227523e-06,1.164635536732239300e-05
-5.173481162558420613e-06,1.141805525129099942e-05
-5.746723175286307586e-06,1.115415014390408311e-05
-6.343965654079986042e-06,1.085614067341967578e-05
-6.960621408237086693e-06,1.051059784632944142e-05
-7.599245683539251489e-06,1.009377354116743160e-05
-8.212834212502192674e-06,9.624067862280454719e-06
-8.793724370212540334e-06,9.123417367315896461e-06
-9.341841884578060140e-06,8.596014508961781405e-06
-9.852307289590044173e-06,8.050116445908450094e-06
-1.032508946669201168e-05,7.486197583633449163e-06
-1.075402475388933989e-05,6.916472784073634408e-06
-1.114383401392989348e-05,6.338300048520268084e-06
-1.148860292248607897e-05,5.764533960077320537e-06
-1.179457416126469302e-05,5.191359650503235748e-06
-1.206637353178527664e-05,4.625114090583557481e-06
-1.230261258227276141e-05,4.064419615920872304e-06
-1.250523825477264079e-05,3.509472878996542418e-06
-1.267656550706580029e-05,2.960719738263224919e-06
-1.281846019805836481e-05,2.418220730143789784e-06
-1.293321498441048851e-05,1.881125471453389466e-06
-1.302265558728032957e-05,1.347662200212189931e-06
-1.308840237004132572e-05,8.152476527022383861e-07
-1.313149417455170794e-05,2.805393120188894056e-07
-1.315234267418830628e-05,-2.604168000492466388e-07
-1.315054685298537274e-05,-8.120216689943727968e-07
-1.312498094574355552e-05,-1.378966506942639141e-06
-1.307334926456227045e-05,-1.966002161851969885e-06
-1.299299088566014510e-05,-2.577479544023040788e-06
-1.288029234192983742e-05,-3.224148103359672083e-06
-1.272288964816586209e-05,-3.907719696666322025e-06
-1.250502715968640720e-05,-4.608727465770448906e-06
-1.224027451493440611e-05,-5.291935030781378909e-06
-1.194656340398460424e-05,-5.947635212733245785e-06
-1.162277745066629736e-05,-6.581756841783448578e-06
-1.127155367927707126e-05,-7.191676319302167432e-06
-1.089499282239260092e-05,-7.775807097794077257e-06
-1.049546678266815709e-05,-8.332928463453380204e-06
-1.007500066480196653e-05,-8.861660865163679824e-06
-9.634130519911808172e-06,-9.359456660381072329e-06
-9.176456478330366598e-06,-9.828410130489299490e-06
-8.706358950096699549e-06,-1.026582549075293009e-05
-8.221383037735896244e-06,-1.067589671190370217e-05
-7.724891148058706170e-06,-1.105650298893751573e-05
-7.215091767544256845e-06,-1.141081060988612767e-05
-6.692746209819282148e-06,-1.173909808861024131e-05
-6.157004440861867560e-06,-1.204140853452313799e-05
-5.607446813100833524e-06,-1.231813083033841093e-05
-5.043682086491954314e-06,-1.256934054914921301e-05
-4.465273452771325238e-06,-1.279500017529278435e-05
-3.871741634195482251e-06,-1.299469247034799784e-05
-3.262664054438657567e-06,-1.316788949314417058e-05
-2.637767012856271696e-06,-1.331364400181480985e-05
-1.997043915086888065e-06,-1.343089806232714909e-05
-1.341191876255006187e-06,-1.351828030359691432e-05
-6.641550109812315438e-07,-1.357611534069113196e-05
2.725718507100888945e-07,-1.449114126861370855e-07
4.264339304091866378e-07,-2.652684662530396975e-07
6.410568356977459360e-07,-4.264576816316753237e-07
9.637580850941134971e-07,-6.162169303946125619e-07
1.353862834962739909e-06,-8.187343784239570093e-07
1.831123622874127901e-06,-1.042990117726837118e-06
2.362369708015387462e-06,-1.275844199740808299e-06
2.961218168068314016e-06,-1.524184825129942544e-06
3.600816638240451802e-06,-1.776981536624546649e-06
4.288786675817582002e-06,-2.039131700894939326e-06
5.004512793616508098e-06,-2.301672732661262634e-06
5.749726702353928340e-06,-2.567546190271264454e-06
6.509938534787624963e-06,-2.829823015661629872e-06
7.281102066374591136e-06,-3.089521604484130405e-06
8.054722977261499358e-06,-3.341696109147476363e-06
8.821094046619005666e-06,-3.585556466117260143e-06
9.578093963826876160e-06,-3.818339700366919374e-06
1.030899097078365112e-05,-4.035442799338278991e-06
1.073030548871002960e-05,-4.935710013198523166e-06
1.041293958325418187e-05,-5.623560724759596354e-06
1.006417101854051781e-05,-6.292514301869857515e-06
9.686662809184355051e-06,-6.937213166948316861e-06
9.282924092653326920e-06,-7.553292418031273711e-06
8.855594087858399929e-06,-8.138211377274627079e-06
8.416427909906644503e-06,-8.686203279376482093e-06
7.960445226670596403e-06,-9.198992043048295674e-06
7.498162965697728850e-06,-9.667988880081943573e-06
7.025028874719743376e-06,-1.009953591263533852e-05
6.549743682182680450e-06,-1.048812433661926302e-05
6.065533276352160509e-06,-1.084101505997783319e-05
5.576751438255858094e-06,-1.115287272529112568e-05
5.079789126205994806e-06,-1.143170398272823955e-05
4.574502764495788145e-06,-1.167817448228585734e-05
4.059341865004468066e-06,-1.189286831271499102e-05
3.531937449205483646e-06,-1.207641694834344663e-05
2.989227372214664707e-06,-1.222909186553816744e-05
2.427483072982396067e-06,-1.235059997277533443e-05
1.842529134355461351e-06,-1.244018691323510436e-05
1.229375976631150641e-06,-1.249633124912602269e-05
6.314788938068645225e-07,-1.181294700833543634e-05
6.652694567672572264e-07,-1.108172347954224198e-05
6.942719992745241535e-07,-1.030887863656428286e-05
7.158348076372325662e-07,-9.513346803218638355e-06
7.318057373590759878e-07,-8.693820602592522916e-06
7.398918454927805406e-07,-7.864461514286849177e-06
7.420567398514192461e-07,-7.030324960307472288e-06
7.358494763612842416e-07,-6.199824343128052135e-06
7.233676742752353934e-07,-5.384936773273695176e-06
7.020299864625807291e-07,-4.587964927470923520e-06
6.740653921562411170e-07,-3.828174822731753009e-06
6.367613867830895738e-07,-3.101381307820089383e-06
5.924759507416635787e-07,-2.434516218795110579e-06
5.383606721863133278e-07,-1.816550656577914957e-06
4.769616472807626721e-07,-1.282413395203621202e-06
4.052855249573775844e-07,-8.134796698466799127e-07
3.254195514872734087e-07,-4.554674275835647505e-07
3.355882381165528620e-07,2.918056688265786493e-08
5.346876427052270338e-07,1.701280188028469828e-07
7.501732948994533128e-07,3.606120772891659455e-07
1.010170782987226406e-06,6.190977623885571603e-07
1.297510383485459929e-06,9.227920799474033249e-07
1.624253446019564088e-06,1.286648940030911796e-06
1.973348937568336854e-06,1.689689179485085311e-06
2.354581764941060167e-06,2.143356937722660615e-06
2.752882864485513387e-06,2.629600498925985836e-06
3.175506735984659601e-06,3.156202396588483514e-06
3.609529612102614837e-06,3.708242725420936202e-06
4.059500567072584682e-06,4.289599512724638705e-06
4.514820301463403478e-06,4.888733055830209642e-06
4.977152543280563440e-06,5.505370747584100924e-06
5.438396138282143776e-06,6.131595055410680790e-06
5.897169735020444897e-06,6.762730468733408187e-06
6.348158174214303308e-06,7.394835048713300836e-06
6.786085385613815079e-06,8.018363248828021980e-06
7.788733321351592074e-06,8.166205696999471949e-06
8.336391063473010948e-06,7.675836467311868735e-06
8.842365120390740461e-06,7.175173627415713264e-06
9.310910808022529705e-06,6.661839699722615258e-06
9.735213646869631082e-06,6.146354853132730650e-06
1.012143967681143694e-05,5.624455564040417298e-06
1.046403134114205693e-05,5.106409657653991303e-06
1.077020659777895768e-05,4.585337712301028272e-06
1.103339598875544704e-05,4.067711501083343104e-06
1.126211965901949063e-05,3.549959805135665548e-06
1.145717591921430417e-05,3.033319255112019158e-06
1.161915984726445999e-05,2.517621843457731922e-06
1.174903142739879015e-05,2.001896855858148957e-06
1.184729231630221175e-05,1.484453479357301210e-06
1.191421354634800858e-05,9.628518373668487147e-07
1.194953690650493449e-05,4.340349807421583987e-07
1.195240647104575458e-05,-1.055705197334114994e-07
1.192119623760396594e-05,-6.599397442652962147e-07
1.185370120080382984e-05,-1.233174144466990778e-06
1.174650823269313585e-05,-1.829502710053278268e-06
1.159622572465485617e-05,-2.453047474687961968e-06
1.069649940188238201e-05,-2.835174042889602329e-06
9.977978358951110918e-06,-2.574250250736361548e-06
9.232468977119263643e-06,-2.309057437039037762e-06
8.471903879319423253e-06,-2.047105007157089366e-06
7.700574690265426985e-06,-1.787589750134308430e-06
6.926898460391990371e-06,-1.535474127261011733e-06
6.160609420117821238e-06,-1.291744371907254209e-06
5.404380100402783333e-06,-1.059612532357685837e-06
4.674008576347496364e-06,-8.419849751982196532e-07
3.966363593803538877e-06,-6.402277026388643682e-07
3.303392752211554492e-06,-4.592029438185351236e-07
2.676050684778921682e-06,-2.983980836386912240e-07
2.112545743096293369e-06,-1.646658825197426944e-07
1.597802355478252319e-06,-5.557721847089755644e-08
1.166421010029550382e-06,1.996750339783812812e-08
7.972351301152664934e-07,6.639285192388062664e-08
5.301554291291706378e-07,7.270857472305785267e-08
5.276269300658165656e-08,1.915923776755629363e-07
-2.645674574127902235e-08,3.457430248703595816e-07
-1.157444190886197553e-07,5.866375365698264064e-07
-2.687471643065297923e-07,9.061290743195584301e-07
-4.631736635586140835e-07,1.272619175831948238e-06
-7.111052671771571557e-07,1.705201737873112930e-06
-9.950946425562978377e-07,2.176533593927954272e-06
-1.323673273499972693e-06,2.701098594376491370e-06
-1.682152094433178615e-06,3.255287400599350792e-06
-2.075687283282095870e-06,3.849106973862667388e-06
-2.492604791750976216e-06,4.462912445228244264e-06
-2.934486738976725537e-06,5.101973155311430881e-06
-3.392850815058630498e-06,5.750856006897191847e-06
-3.865524898480224469e-06,6.409847374407802454e-06
-4.347404176229101223e-06,7.067993899225044715e-06
-4.832421919521294664e-06,7.720293859863667268e-06
-5.318808104059296936e-06,8.360089066365114133e-06
-5.796182250924649403e-06,8.978835786745289379e-06
-5.710877053228437493e-06,9.980777437977024984e-06
-5.145954587172553378e-06,1.032981734779130676e-05
-4.596761611381807251e-06,1.061822153610407454e-05
-4.052150496906575900e-06,1.086488544180821678e-05
-3.512311857551531894e-06,1.107269135240408708e-05
-2.975757134793034695e-06,1.124357809739549734e-05
-2.440609768022930711e-06,1.137985318984730274e-05
-1.904958869521715074e-06,1.148289582953155701e-05
-1.366828828334644878e-06,1.155384587503773944e-05
-8.244160538172185478e-07,1.159325709296018577e-05
-2.761637385015709432e-07,1.160124629039447085e-05
2.792120067538641349e-07,1.157749381303171462e-05
8.427475799565551594e-07,1.152134786923953501e-05
1.415095231824200086e-06,1.143181256119483759e-05
1.996325056423119740e-06,1.130789042458847166e-05
2.586026503349718725e-06,1.114813254645111719e-05
3.183173141487684037e-06,1.095156082161626598e-05
3.786333162401079715e-06,1.071660639823216044e-05
4.393506033386450863e-06,1.044268841147991318e-05
5.001508843304006361e-06,1.012874515167654649e-05
5.614166912370093054e-06,9.764119780358151366e-06
5.759953490435564212e-06,8.763289622488281739e-06
5.301104376759911102e-06,8.154485902427665580e-06
4.837894586076700883e-06,7.531533002556049053e-06
4.377848590424778669e-06,6.901274997659568606e-06
3.923189564216364217e-06,6.270216554999747303e-06
3.477919717330290793e-06,5.641145550989084962e-06
3.047059399992813471e-06,5.024203700146836105e-06
2.631385740260376510e-06,4.417890569636029068e-06
2.238595804148627674e-06,3.835854895906709332e-06
1.866409739256457755e-06,3.272570110271244524e-06
1.525020688605413928e-06,2.744939554949344665e-06
1.209271002005908118e-06,2.243656926770349818e-06
9.316723329994716863e-07,1.788634331294000726e-06
6.843702177807289281e-07,1.367036283711208468e-06
4.819816746942958764e-07,1.001510207714885149e-06
3.142306967273997729e-07,6.758816181014949627e-07
1.983119093167190359e-07,4.169102799319723510e-07
-1.281121887423513975e-07,4.094738638815398623e-08
-3.435066364069000263e-07,7.761099603594787114e-08
-6.335176989624854290e-07,7.148381707080048433e-08
-1.034281788368657745e-06,2.196239238075915467e-08
-1.501587143289068417e-06,-5.938850898644137381e-08
-2.057485057205587706e-06,-1.768766952177015311e-07
-2.664616894052972967e-06,-3.210358256716553222e-07
-3.338134630021719521e-06,-4.939885634432031805e-07
-4.047915292646959339e-06,-6.885926817678112112e-07
-4.802218882813770008e-06,-9.047728019412122287e-07
-5.578045789391843980e-06,-1.137657686150785160e-06
-6.376879709620808096e-06,-1.385013195077543731e-06
-7.182732903998404821e-06,-1.644204044120813498e-06
-7.990422977354816593e-06,-1.910870554838293164e-06
-8.790882100908234309e-06,-2.184577587810175076e-06
-9.572334275349234811e-06,-2.458920709082413688e-06
-1.033214451404882980e-05,-2.735559105018472837e-06
-1.105356200709322303e-05,-3.005440575076310011e-06
-1.194239026263546597e-05,-2.642592625096420878e-06
-1.208922899237272112e-05,-2.028597352787700483e-06
-1.219356725242833506e-05,-1.439231072381397524e-06
-1.225848403946246119e-05,-8.699988148831260476e-07
-1.228700927810503573e-05,-3.163378889866983049e-07
-1.228099711508962248e-05,2.261939052934901332e-07
-1.224166337409850692e-05,7.618605882397591704e-07
-1.216944138039498298e-05,1.294458552734202283e-06
-1.206418725565889896e-05,1.827156659625369786e-06
-1.192519009515631818e-05,2.362378828169819828e-06
-1.175164898219452226e-05,2.901643526028791510e-06
-1.154226156848643148e-05,3.445587969286805749e-06
-1.129635762838864242e-05,3.993882678676587101e-06
-1.101308856282181791e-05,4.544522797418691636e-06
-1.068281488836667318e-05,5.101016286261886441e-06
-1.031401240398594640e-05,5.655479396846050080e-06
-9.899442315870194119e-06,6.214266297083610602e-06
-9.446250174312590284e-06,6.765938682021221793e-06
-8.950072236936259984e-06,7.312502917263525681e-06
-8.419271943828702715e-06,7.843597082698404037e-06
-7.853640370504194859e-06,8.357851964871899165e-06
-6.842371507462883176e-06,8.221363547672211041e-06
-6.397872066630820454e-06,7.580456913289655169e-06
-5.932888224675924708e-06,6.924047242213504144e-06
-5.456249049051746833e-06,6.265727097862888063e-06
-4.973103237222037477e-06,5.608582835608392915e-06
-4.486205914797293045e-06,4.959959392311502319e-06
-4.004428613526047770e-06,4.328123712636332389e-06
-3.526833654988419425e-06,3.715048058790820512e-06
-3.065473742471877775e-06,3.133569776407379228e-06
-2.615828785752020552e-06,2.580553985317585434e-06
-2.192972181168045619e-06,2.073176175112620212e-06
-1.788982710166401005e-06,1.603439831228062919e-06
-1.421776927634987923e-06,1.192609811445169745e-06
-1.080203324723548287e-06,8.280508984039611646e-07
-7.848036213918084232e-07,5.349402958301722361e-07
-5.216302353135681015e-07,2.967121673061898511e-07
-3.132883197550193463e-07,1.397455567313867352e-07
-8.616820750709312606e-08,-1.324318561372733206e-07
-2.022599972798835367e-07,-4.540759791890398328e-07
-2.855916837594321336e-07,-8.155815835032232002e-07
-3.612079141341550303e-07,-1.283774248072995464e-06
-4.264870301728815708e-07,-1.817893884619968867e-06
-4.843860903877850400e-07,-2.435894326205537421e-06
-5.324677506530319027e-07,-3.102757570131619812e-06
-5.735719569620845011e-07,-3.829549812936456958e-06
-6.053360693639700843e-07,-4.589340049029797936e-06
-6.304731422677702187e-07,-5.386311934916831727e-06
-6.467543453613401026e-07,-6.201199485172025357e-06
-6.567610643562258546e-07,-7.031700038879698223e-06
-6.583959350912511678e-07,-7.865837105128894232e-06
-6.541079189337607998e-07,-8.695197320576430279e-06
-6.419284886010922187e-07,-9.514708266866563681e-06
-6.242016351899189673e-07,-1.031023532456766603e-05
-5.991127430418691233e-07,-1.108344367449572633e-05
-5.683374790144873664e-07,-1.181391998689744407e-05
-1.202456916336520597e-06,-1.247693039042627891e-05
-1.862646402317211236e-06,-1.240736423586423784e-05
-2.506305589845792349e-06,-1.230396065180533261e-05
-3.133136915218603840e-06,-1.216760595767144608e-05
-3.742853200530002328e-06,-1.199906049642535356e-05
-4.335462166532922228e-06,-1.179907523044165099e-05
-4.911133496252438517e-06,-1.156807532645267294e-05
-5.470107838581291815e-06,-1.130645708339134398e-05
-6.012578584366928812e-06,-1.101438739814329360e-05
-6.538454377176341403e-06,-1.069205149243571744e-05
-7.048612960938377987e-06,-1.033765346556648992e-05
-7.541408334280374121e-06,-9.952147942608657999e-06
-8.019470324178783636e-06,-9.533236759479314439e-06
-8.479081598318482913e-06,-9.082710061914489225e-06
-8.922983400604052101e-06,-8.597552105550983784e-06
-9.345479808817508928e-06,-8.081795294661822776e-06
-9.750482819304095528e-06,-7.534304076302500006e-06
-1.013087356140567963e-05,-6.958014035890096426e-06
-1.048503100397844789e-05,-6.353780682238184885e-06
-1.081146381470753592e-05,-5.723510609500022365e-06
-1.110828638660551206e-05,-5.069511800581104355e-06
-1.066507886784917368e-05,-4.206970590313925611e-06
-9.925667192268036057e-06,-3.996754589689964156e-06
-9.149931433589606340e-06,-3.766960730707360342e-06
-8.358723008886052936e-06,-3.522852771549961621e-06
-7.552541340684291383e-06,-3.267013090588327131e-06
-6.744663690672153027e-06,-3.001076711949477622e-06
-5.942711687953684155e-06,-2.730036982125321295e-06
-5.153437082211946402e-06,-2.453421095246194001e-06
-4.391324198046327301e-06,-2.178489213249178165e-06
-3.656484463725310209e-06,-1.902565844292069012e-06
-2.970389780539770641e-06,-1.635224644590858697e-06
-2.326399684805834527e-06,-1.371554239081493934e-06
-1.753084514630718244e-06,-1.123476249425646812e-06
-1.236946716247606809e-06,-8.838069750964241225e-07
-8.137538769137578839e-07,-6.668655830228934014e-07
-4.629273150438588676e-07,-4.631388664909580500e-07
-2.280044349836636439e-07,-2.890517632201914560e-07
-1.629585832793764730e-07,2.356794030029599914e-07
4.675325179582119276e-07,-9.200605374081237248e-08
6.126686975341360164e-08,-4.429477317425228530e-07
-2.740356020267446601e-07,-1.022544519218242014e-07
3.625460561359502842e-07,2.857139493540622736e-07
-4.369517995115651973e-08,6.734910371055199043e-08
2.216676975313302247e-07,7.959873099086804570e-08
-8.548165677203624671e-08,-3.364614060035278010e-08
2.953911041066404236e-07,-2.295559643969745732e-08
-8.354989557107935470e-06,-9.888403556191087919e-06
7.837052286933456383e-06,-1.002928662997225273e-05
9.256764992493019865e-06,7.511301625239043549e-06
-9.388412327286701286e-06,7.667824637414253315e-06
-1.031275725736017792e-05,6.552636543993023156e-06
1.012150254618777801e-05,6.463001735667913263e-06
6.275162295059905337e-06,8.392881016514704967e-06
-6.323222109914417302e-06,8.602405254649912926e-06
8.774128770813806761e-06,-9.075405308217721932e-06
-9.265519701024302912e-06,-8.968232438099679784e-06
5.934115802822546078e-06,1.020981229251429995e-05
-6.012001547175097799e-06,1.040272099782099789e-05
-1.086433378008095309e-05,-3.609367918389109570e-06
3.085597025923254640e-08,-1.181917187405486793e-05
1.050626656620131152e-05,-3.438496716763649897e-06
5.367857624949526801e-06,7.147611045616003986e-06
-5.216544284180697188e-07,7.133167303136960389e-07
9.028525162104409987e-06,-2.947784507138010241e-06
1.055939581339667021e-06,-2.951426969901759768e-07
-9.363766833867367135e-06,-3.113732534944791988e-06
3.507106481028461216e-08,-1.031271076386994406e-05
7.417370430197503106e-07,8.042944440249562754e-07
5.779947238931814557e-08,-1.273810764366938340e-06
-9.142106083501146238e-07,-3.192535753706728423e-07
-5.383340261612039772e-06,7.323250569362001963e-06
5.404815819359676455e-08,-2.428277916005502796e-06
3.884754710618347724e-08,-8.695870874268036852e-06
4.449598495757047423e-06,5.886994211269383574e-06
7.490821914724193694e-06,-2.438563847125020870e-06
-1.062098036955052131e-06,1.442924153757129330e-06
1.274258729445844393e-06,1.532535506764160925e-06
1.964574471959495670e-06,-6.014800147004059403e-07
-7.772103729815984068e-06,-2.589156365339135185e-06
-1.897624919241747357e-06,-6.476983549033767527e-07
-4.418943596259156841e-06,6.008689949225821128e-06
3.551843616985502778e-06,4.654914702297690861e-06
-1.754893633445271889e-06,2.382407692241589680e-06
5.024660976740114747e-08,-3.824177119898599744e-06
-3.468012183636784885e-06,4.713049081532125660e-06
-6.158397600945432723e-06,-2.057080725587633796e-06
4.264787958519829823e-08,-7.030471932682502835e-06
3.126906552001485827e-06,-9.899496240041301919e-07
1.936799826929746809e-06,2.440007302470613150e-06
5.953391583093799687e-06,-1.929077943332997890e-06
-3.148722920842934736e-06,-1.062816756759248169e-06
-2.568116362002399097e-06,3.487936647572896395e-06
4.644726788712781563e-08,-5.383068086182191525e-06
2.704805518082553345e-06,3.492927530489256994e-06
-4.593319462325794501e-06,-1.540519206166765023e-06
4.477826538216012940e-06,-1.439407874728280318e-06
-7.376557302316239896e-06,-1.068411037211090695e-05
6.866714677329793577e-06,-1.082577421101439396e-05
8.232100643509568489e-06,8.522638385780101410e-06
-8.311311112555687513e-06,8.725620031763577620e-06
-1.107056390710558179e-05,5.421139771346564404e-06
1.082610198001474893e-05,5.405859635575527965e-06
2.278437543791377106e-07,-7.644024863432922435e-08
4.664041737368779843e-08,-1.524309656170614133e-07
-5.302199413316785445e-08,-7.410286017762484086e-08
7.122037708637055754e-06,9.428927317726462401e-06
-7.175440799889991311e-06,9.646650117091183627e-06
1.047302928047835916e-05,-6.735926480894182701e-06
1.009315973454446434e-05,-7.375392548300602895e-06
-1.051329238048769922e-05,-7.368824019414413898e-06
-1.087026385003296385e-05,-6.770422124210518824e-06
3.482463219377034476e-06,1.136819484919015647e-05
4.093669423742858079e-06,1.114788185374751817e-05
-4.328720445251616324e-06,1.125386108117937755e-05
-3.781661201878777530e-06,1.144794061643151423e-05
1.084199829943701266e-05,-6.079634310507262134e-06
-1.121787635712478520e-05,-6.154586912431507672e-06
2.882086680951781987e-06,1.156862236886332595e-05
-3.243975013962456092e-06,1.162427631252612549e-05
1.205722350093243722e-05,-2.736057843260221241e-06
1.189420181587340352e-05,-3.418469497706777168e-06
-1.223489339377581825e-05,-3.591191670979868130e-06
-1.239525092955463200e-05,-2.920562673467697345e-06
2.872952866681538671e-07,1.674179021263561524e-08
2.635599128170050046e-07,2.883514738338511088e-09
3.155754006544842136e-07,1.040250628871915436e-08
-7.436481367144405073e-08,2.425898194185562179e-08
-1.093913913005850787e-07,9.464653780424470906e-09
-3.984337301810468532e-08,4.824518588896713043e-09
-7.787219882116663198e-06,8.785782790905046502e-06
-8.364960485316711629e-06,8.283184065671928218e-06
8.283609271846014861e-06,8.095792587783308920e-06
7.723958354045861320e-06,8.579525307460928417e-06
1.219767361612503829e-05,-2.100564409433406235e-06
-1.253412199169396375e-05,-2.295841222134904326e-06
1.085891242035105711e-05,5.828389483294056842e-06
1.116873560148467836e-05,5.298108150826798454e-06
-1.143791273846744238e-05,5.305602557965846610e-06
-1.110499924057491279e-05,5.873363048722257540e-06
-5.813659232239187123e-06,-1.167392336952637477e-05
-5.257174958089343596e-06,-1.193620175243450732e-05
5.393419790671340423e-06,-1.177005620518898706e-05
4.886220835297795813e-06,-1.201242796151470260e-05
-4.690641943638643182e-06,-1.218483494933189487e-05
4.376286444406654892e-06,-1.223965774503669032e-05
1.146048989492164023e-05,-4.699606626080596002e-06
1.116243102375041237e-05,-5.395059389142071338e-06
-1.180689790675222816e-05,-4.844655825385912996e-06
-1.152159787358123163e-05,-5.508120352670445178e-06
7.277922196177443942e-06,-1.082160885866055316e-05
6.787892230030448961e-06,-1.117925573837167637e-05
-7.295829604020451521e-06,-1.104852897198930010e-05
-7.797101499476404254e-06,-1.067957513802601452e-05
-1.211971472227017134e-05,3.200193241607050112e-06
-1.192019554016649973e-05,3.751080307887753419e-06
1.161928977223243053e-05,3.839218822411845529e-06
1.180725856868900631e-05,3.317790893586958808e-06
-1.229813421998862020e-05,2.658091377380439309e-06
1.197647232820611193e-05,2.801426792476587080e-06
-6.474883654463779167e-06,1.045401433502664363e-05
-5.878405595754649164e-06,1.078842857226044803e-05
5.791350666925690671e-06,1.062239603970917480e-05
6.416943761036248091e-06,1.025822140167856182e-05
-9.221434073188958399e-06,-9.401290224078859823e-06
-9.667338828721230336e-06,-8.914777317741464220e-06
9.195364053767372911e-06,-9.018897655979232579e-06
8.727238313756347505e-06,-9.527854428724809630e-06
1.171419086765025747e-05,-3.985571287284962355e-06
-1.205681170131666444e-05,-4.149557401190875483e-06
2.609101434552933523e-07,-1.377638072192632730e-08
-4.452250367734974672e-08,-2.383273856290367438e-08
1.012707941108418909e-05,6.895828846483768400e-06
1.051353788821463859e-05,6.362796906669672598e-06
-1.073330469880792131e-05,6.445360910508093585e-06
-1.031757967102511343e-05,7.014582609711310798e-06
-9.861096773514904087e-06,7.577205757642650336e-06
-9.364505914516594321e-06,8.129081598013828842e-06
9.235614654483811814e-06,7.949073614161093857e-06
9.701302229044346531e-06,7.425521409796699223e-06
2.286366524713084370e-06,1.171949031145911334e-05
-2.706719742961855566e-06,1.175700585244874185e-05
1.701011427778742767e-06,1.184790445235206008e-05
-2.172064216567305534e-06,1.187088664538527704e-05
8.252800760697872351e-06,-9.998338917806296681e-06
7.768826205137675182e-06,-1.042953619084251407e-05
-8.288351581655691312e-06,-1.028413799214178156e-05
-8.763314535438649901e-06,-9.858014042252299992e-06
-4.104581214877740739e-06,-1.239318768587961946e-05
3.853339425185412328e-06,-1.242897328827360986e-05
1.228632229892352235e-05,-1.492892027206503156e-06
-1.262208918415699965e-05,-1.696432102937248474e-06
-8.417322658594176350e-06,-9.488156347967334706e-06
-7.946029380363488185e-06,-9.919797175888600140e-06
7.425611506072070350e-06,-1.006324642411433792e-05
7.899411617323479575e-06,-9.619573150015672217e-06
-3.504619486520655946e-06,-1.258293590607744238e-05
3.319942091308382332e-06,-1.260121349931817151e-05
1.235037506075560263e-05,-9.107572136656408803e-07
-1.268591556492999398e-05,-1.119740517098128942e-06
7.016405963366879609e-06,9.871695037758352372e-06
7.633790747720093278e-06,9.415053492669275598e-06
-7.693186140700393336e-06,9.633811508497873912e-06
-7.067149223225336179e-06,1.008501153350088215e-05
9.282723993844166775e-06,7.081641062912123376e-06
8.801726730697595290e-06,7.594116183867470794e-06
-8.907254562167519785e-06,7.756075736179114669e-06
-9.416416085763955077e-06,7.212780029337092938e-06
-9.884366182829225887e-06,6.659427690462022169e-06
-1.031155902928017480e-05,6.098184948198337362e-06
1.011969779562986938e-05,6.038022717548296889e-06
9.721429161849020099e-06,6.562571081605679470e-06
-1.243506825425292573e-05,2.119524143348664394e-06
1.210727207054298434e-05,2.284704401880977892e-06
8.362453919603768688e-06,-9.136541679735707191e-06
8.816091356141206905e-06,-8.611864571516945896e-06
-9.306244450521109949e-06,-8.528116229773236083e-06
-8.869738361687072996e-06,-9.025100848032824964e-06
6.076754906839015460e-06,9.789498996853059795e-06
5.462279365747796042e-06,1.016639606064954667e-05
-5.570041697892751539e-06,1.036164338458176072e-05
-6.143811063591469078e-06,1.000217477031488565e-05
-1.254940825927568643e-05,1.585887335673612946e-06
1.221739593310831908e-05,1.768662371689631655e-06
2.810144663628319634e-07,1.599092019026168050e-08
-7.501934850064216864e-08,2.749198937013106613e-08
1.120597636653819200e-05,-3.664853545720218344e-06
-1.156057922288489714e-05,-3.834932229697424305e-06
-7.459011446000959143e-06,-1.031965570625427813e-05
-6.956348624844729853e-06,-1.068770055482593279e-05
6.461624888235842523e-06,-1.083187251490326030e-05
6.946054195829894342e-06,-1.046707199876204291e-05
-1.604011766201960953e-06,-1.295786498927951664e-05
-9.379314547774788521e-07,-1.301865221048582045e-05
9.806785176160808226e-07,-1.301089514162859530e-05
1.605245991380269691e-06,-1.294991265438893280e-05
3.099052696112230952e-07,-1.305187968208702175e-05
-2.485354804652517350e-07,-1.305411782820079674e-05
1.124358637598992236e-06,1.193519519331133323e-05
-1.635807738360507157e-06,1.194851096509254333e-05
-1.069734442981450452e-05,5.538064195682501242e-06
-1.103905388364552170e-05,4.976638015099762977e-06
1.079577298221862055e-05,4.990227853108001166e-06
1.047841464066099241e-05,5.514930545758021295e-06
8.186214910665722742e-06,8.959195735612575083e-06
8.729068061285883009e-06,8.459693183018482282e-06
-8.829194399404918813e-06,8.661142375165431514e-06
-8.262060069842534302e-06,9.173926262318698825e-06
5.568182039042723356e-07,1.199775588458263859e-05
-1.096280608448294254e-06,1.200429959589965731e-05
-2.887185454361030464e-06,-1.273585780955102464e-05
2.769651760239376018e-06,-1.274108897086801171e-05
1.237635560595949562e-05,-3.499842443885139000e-07
-1.271201298254695573e-05,-5.612703747399917288e-07
-2.253351930626594956e-06,-1.286374996853751204e-05
2.199388189932735209e-06,-1.285990539771533403e-05
1.237786683888366785e-05,1.949535143918608908e-07
-1.271362053748793246e-05,-1.515123257888408654e-08
1.119802063957314309e-08,9.678476005374871955e-08
7.426773955844827277e-08,1.150187102580983896e-07
-1.263001608153610111e-05,1.054344336274411261e-06
-1.268571206553858545e-05,5.213902914721126950e-07
1.229568371948764427e-05,1.250412206076564942e-06
1.235025849958835804e-05,7.265163999181611992e-07
-1.253974330443485873e-09,1.202707758220498515e-05
-5.524519325448211414e-07,1.202904625073840034e-05
-4.989600332730529982e-08,2.005467499158398871e-07
-9.212812549072199298e-08,1.383921847623020894e-07
-1.668731298534865901e-08,1.161994430086651994e-07
-1.597195765835866696e-07,1.149739292440001902e-07
-9.107319940875845138e-08,5.287120049365170989e-08
3.634036895329410863e-07,1.377207785958956010e-07
2.804960056670734034e-07,1.680123585344241727e-07
2.893911095859427957e-07,5.443086056258221175e-08
2.220599614449506245e-07,2.445462844308124674e-07
1.647770122027457112e-07,1.424742509174481886e-07
-6.295366971837251035e-06,9.097891738140624469e-06
-5.826373333718197926e-06,8.480653427241854699e-06
5.791734029841544649e-06,8.273248264398136401e-06
6.244975365627367475e-06,8.880335652275489491e-06
-6.358175691213655989e-06,8.097318871840721615e-06
-6.802232652022984380e-06,8.725208788832487724e-06
3.113987306017674317e-08,-1.251264779251746767e-05
6.230896146653309020e-06,-2.376548908103174957e-06
5.474399281598533688e-06,-2.118476599555013309e-06
-1.776234153004144686e-06,1.979134227917700901e-06
-2.173055717560281993e-06,2.481590096938141246e-06
1.560508861556058270e-06,2.341689211291098857e-06
1.905049129608984283e-06,2.845952101723124033e-06
-8.283948382830791051e-06,-2.385326475014689944e-06
-7.477281803310737133e-06,-2.116854201781183546e-06
-1.076523681469468030e-06,1.118398911016552853e-06
-1.409634207398583759e-06,1.523278304733176639e-06
-1.551061539856120120e-06,-7.772660293919916734e-07
-2.106966117165340536e-06,-9.935173469184887787e-07
7.773311319408298523e-06,-2.891238605824676482e-06
6.999276244400238167e-06,-2.634800788161784625e-06
1.775214415691660476e-06,-3.107834479049809506e-07
2.307360281491480647e-06,-4.595458415258854974e-07
3.101003772315607506e-07,-2.112053881060216802e-06
3.337418607532527350e-07,-2.756603398254146987e-06
5.860323673874031526e-06,7.271339623488463998e-06
5.402912042176317353e-06,6.639752053424311808e-06
9.305012811343360739e-06,-3.387938051458500482e-06
8.543866251452469039e-06,-3.142915544088254127e-06
-2.886536090237005605e-07,-1.070309351517177272e-05
-2.984434621199736699e-07,-9.917168003703263264e-06
9.191783842716365480e-07,-9.230447617075907284e-08
1.310251479800121339e-06,-1.876274977939410209e-07
2.275957070438967855e-06,3.382601835972218071e-06
2.670625368636839192e-06,3.947927602624285198e-06
-2.595125490659841495e-06,3.023964755872490441e-06
-3.038981129273511265e-06,3.601615211878352598e-06
5.102780838055667884e-07,7.399777469959215025e-07
7.181328263436821557e-07,1.070215376919079047e-06
4.218891095193871392e-06,-1.030538289742593576e-06
4.935286590031589090e-06,-1.253940774031445535e-06
-2.964532065151507417e-07,-5.789685829845120316e-06
-2.851540049835926064e-07,-4.981836364886884662e-06
-4.116907441055449866e-06,-1.727102963636091887e-06
-4.871449554350926212e-06,-1.990428412269727239e-06
-2.585789953100792643e-07,-1.217185301204614943e-05
-2.758796893958654962e-07,-1.145677636996128528e-05
6.747669494973557099e-06,8.513793912466798648e-06
6.310096624043704762e-06,7.897423141360679293e-06
1.076400228729164543e-05,-3.845812816727057079e-06
1.004787585265121252e-05,-3.623854640303972104e-06
-1.131402717319551956e-05,-3.436145841665620694e-06
-1.060048920816503612e-05,-3.181190274524441092e-06
-9.854386097839571337e-06,-2.920275188514401424e-06
-9.078694027059777271e-06,-2.653912641801709614e-06
-6.681728572878210753e-07,-4.057432870973771223e-07
-1.068941118423954940e-06,-5.805308726813007448e-07
-5.349940600419526221e-06,7.845864149321853033e-06
-4.866993979563320554e-06,7.195443058762720014e-06
-5.280272735281720579e-07,4.846286840432738114e-07
-7.815927430319221277e-07,7.707577160837122936e-07
2.497940843039560859e-07,-1.030167514177001935e-06
2.821409707738993636e-07,-1.533858013133525311e-06
-3.049680654379762582e-07,-9.108012220216117646e-06
-3.081384910810143972e-07,-8.281864499705441577e-06
9.641200600583105283e-07,1.449646201210014246e-06
1.246059292445005860e-06,1.875103479843861096e-06
-3.499368712607419940e-06,4.207475369083341123e-06
-3.972635811516526065e-06,4.836641108747631122e-06
-5.651939670617916629e-06,-2.257905610335883964e-06
-6.451123220345239518e-06,-2.527206172090273456e-06
4.942742118894286183e-06,6.009412995342662343e-06
4.483080176227878534e-06,5.384692062743350701e-06
4.028657626906267114e-06,4.771928846480501282e-06
3.582578832015278874e-06,4.175274058254597975e-06
-3.588854764434544289e-06,-8.828110157513223315e-07
-2.901908794521839677e-06,-6.779659937095508164e-07
3.360412119241568784e-06,-1.372334164640600454e-06
2.732996249348703744e-06,-1.141125194358489422e-06
3.911812747598638887e-07,-6.613545581380988156e-06
3.912368619845122146e-07,-7.447679109821972836e-06
3.085049621504783364e-06,4.536252061203690821e-06
3.516432450864897391e-06,5.143602816559504462e-06
2.896901442716270644e-06,-6.306988895065333749e-07
3.537282829657177572e-06,-8.220838546341818438e-07
-6.669116831056080342e-06,-1.851934772638242436e-06
-5.866568873298097083e-06,-1.592908597001813478e-06
-2.725485299865373463e-06,-1.225698299319670281e-06
-3.399128830973711346e-06,-1.471404091560801798e-06
-4.383400517695962403e-06,6.538134632696518980e-06
-3.903167263873437189e-06,5.879587674541892261e-06
-2.699680532919067768e-07,-4.201498147854374688e-06
-2.508065315858637547e-07,-3.456182070480924569e-06
3.531994432492781476e-07,-3.455494419817989852e-06
3.685616893784183205e-07,-4.200810675715900760e-06
3.877347774005212852e-07,-8.281175703425441005e-06
3.807635946074976318e-07,-9.107326119733790163e-06
-3.431950359995021834e-06,5.227726843016356216e-06
-2.973471551065076084e-06,4.587798177223432036e-06
-3.078407970708501387e-07,-7.448366703042074392e-06
-3.039858581799744579e-07,-6.614233115018648362e-06
-1.040258978831676994e-05,-3.796989234625011995e-06
-1.112311338206758297e-05,-4.014410859847239363e-06
-4.453248738322459902e-06,5.481659940363203829e-06
-4.937362648451839957e-06,6.137361017261364123e-06
1.610136213153872446e-06,1.611179874884610900e-06
1.290455085952522418e-06,1.213157803624259275e-06
3.400651789025937345e-07,-1.145568730406483695e-05
3.193457391542888637e-07,-1.217329485245461650e-05
-5.419134205810066538e-06,6.795893016928046239e-06
-5.894631667968017266e-06,7.451967294416964801e-06
3.960488416223190576e-06,5.763915731280581767e-06
4.414231357241896676e-06,6.392958168192274267e-06
1.024362132332799912e-05,-3.012545268754894239e-06
1.095727611737953236e-05,-3.263546497985585272e-06
-4.984608418010417165e-07,9.746588855430952902e-07
-2.976849739241016592e-07,6.498640048765906810e-07
-1.683698959899807763e-07,-1.534490830290682932e-06
-1.322336459265411514e-07,-1.031021609545231181e-06
-1.190152417906724980e-06,-2.024317382258372197e-07
-7.658724928844466062e-07,-1.000904284100459721e-07
-8.865079924887314935e-06,-3.315286720019318224e-06
-9.647194925714969342e-06,-3.562367820471082590e-06
4.873095660403891475e-06,7.024287693541453911e-06
5.333880686636186444e-06,7.653371235928519437e-06
-2.533108786887100828e-06,3.967370205620739346e-06
-2.114398033637634537e-06,3.371431835368839220e-06
3.799482523599685377e-07,-4.981148787074190444e-06
3.874480301494797614e-07,-5.788998249777355035e-06
3.149286041368056294e-06,3.600677243346313474e-06
2.731693212950643688e-06,3.052026196139940760e-06
8.750999486050732812e-06,-2.500326156573094897e-06
9.507819896257077054e-06,-2.757983896806125202e-06
-5.080258448586125120e-06,-1.343264591292696791e-06
-4.317422868555217284e-06,-1.105383459205419323e-06
1.003378061840971933e-06,8.636015250312774364e-07
7.512474309995278904e-07,5.656650092137637555e-07
3.704500085673343709e-07,-9.916508124340442956e-06
3.568758896085660344e-07,-1.070234184030413581e-05
1.198673013120057706e-06,-5.372760085023027425e-07
8.295095674801579228e-07,-3.743653695735187751e-07
4.739072919026366221e-06,-1.863561996221835633e-06
4.031256507594547397e-06,-1.613836154712339226e-06
-2.275486444539565355e-07,-2.757293718504625519e-06
-2.001052355114854076e-07,-2.112737123804540054e-06
7.208327141775565567e-06,-1.985900901096880771e-06
7.982414274346697269e-06,-2.242280536004855428e-06
-2.267551848320578604e-06,-4.944505556803822709e-07
-1.693254554307884036e-06,-3.347213311459248042e-07
2.158644730670490758e-06,-9.233012934110447020e-07
1.643933520391281670e-06,-7.209697950862113053e-07
-7.258359210692223157e-06,-2.794911936631984212e-06
-8.066505951324592200e-06,-3.058732283600046124e-06
-1.033609899011915378e-06,1.794613443847689077e-06
-7.447194915432635536e-07,1.357595732609681725e-06
-1.722436013220765056e-06,2.807163836043674385e-06
-1.360568530092711701e-06,2.279293363158483776e-06
2.333961959893017289e-06,2.534883602554101096e-06
1.958816045757538688e-06,2.052875982199750042e-06
5.677030152738911867e-06,-1.489185260245999299e-06
6.437799478050055010e-06,-1.734188345794680406e-06
-1.951291210434389882e-07,2.230653384982553136e-09
-1.615880142990262698e-07,-6.259574605878444909e-08
-1.531103582717944507e-07,-1.366982754039220497e-07
-8.298464347823529201e-08,-8.667400703883565133e-08
3.579875458868040357e-07,-1.231944697573473437e-07
3.646811906462717220e-07,-5.299669682517157322e-08
2.924599229074176031e-07,-7.353307305509831616e-08
3.941583375991135303e-07,4.187309818609090540e-09
-4.718102550983808646e-08,-2.896240302100869643e-07
5.746026862473585943e-08,-2.772097351588219304e-07
-3.060803292768164296e-08,-1.579095981908677971e-07
1.717598657493079610e-07,-2.966363128903965379e-07
1.524024574328629335e-07,-1.695880927417391145e-07
1.327812323267889878e-07,5.332937270781856936e-08
-5.974517292118119919e-09,3.838407533487163240e-08
-2.699251299578687716e-08,-9.613229045373417213e-08
-7.570579744719518162e-08,-1.161689868144937812e-07
2.324746806112889073e-07,-1.267583637750725708e-07
1.493778650516236829e-07,-1.097148002178675968e-07
2.245546966744835186e-07,1.975014612143239203e-08
-2.967663975776824351e-08,2.395984493633249823e-08
3.085226559166603213e-08,-8.147738811843842023e-08
-1.198375531243922615e-08,-2.822808763755903024e-08
1.398967716402864870e-07,-4.342563057444159402e-08
2.635431243093651712e-07,-4.880789717386734913e-08
2.648892483820688851e-07,-1.016918018254472930e-07
-7.137023794367001897e-08,-1.061126643403435994e-07
-5.659931070552839303e-08,-6.207889645064672997e-08
-3.132380669022880729e-07,4.338306466843453690e-07
-3.200499836573291737e-07,2.661948412184237654e-07
-1.462699094191853953e-07,3.892760510035035111e-07
5.273887193663645914e-07,5.119695418891703751e-07
3.440668102946162227e-07,4.638731136357235853e-07
5.371568079580612170e-07,3.232093219504396483e-07
7.090132647530490853e-07,-1.768473119833746644e-07
6.116864569966301909e-07,-2.795220827346805577e-08
5.467068081464194038e-07,-2.355436909294186492e-07
-5.373339279058044994e-07,-1.922524121642828662e-07
-3.599976957067283426e-07,-2.566176431124605155e-07
-4.317173104314488710e-07,-3.145636670587346873e-08
5.980643997356498278e-08,-8.040271570590827625e-07
2.131499466756374604e-07,-6.137479180049784541e-07
-9.144458042717755621e-08,-6.146393313148169061e-07
-8.881795252306456056e-06,8.219572199741543138e-06
8.778388826552647079e-06,8.035220568702244336e-06
1.113513571993939765e-05,4.885312251721053864e-06
-1.140257719793728015e-05,4.864315836475084276e-06
-2.631438961855890715e-08,-3.164225278849190687e-08
2.244798070414747801e-07,-2.370329702602408735e-08
6.385058561364170800e-06,-1.118244153305970277e-05
-6.876211195941634215e-06,-1.105126778412373076e-05
-5.441753282875983555e-06,1.074130625943374346e-05
5.322764984200452172e-06,1.057529025631507467e-05
-9.710075239518263111e-06,-8.473184590991619607e-06
9.240720537232187566e-06,-8.552991400975190126e-06
1.050850088042912645e-05,5.941012713177180883e-06
-1.072874740283634348e-05,5.994124866550627444e-06
-7.736773603253915325e-06,9.235539192287612367e-06
-7.220945958989028524e-06,9.248721117026457403e-06
7.675785243506497957e-06,9.020112736401394383e-06
7.166276786177509908e-06,9.032421297475071747e-06
7.360343455266324360e-06,-1.046025822303324711e-05
-7.880579743964199080e-06,-1.031414428446461470e-05
-8.827208799874736219e-06,-9.456392654937766727e-06
8.318541349826010460e-06,-9.585816989077415728e-06
9.724386549708365006e-06,6.998983006752348859e-06
-9.886661372336367573e-06,7.124689760001220433e-06
-6.766144260453957506e-06,9.213439614457631232e-06
6.712399213855426935e-06,8.995341617810141872e-06
-5.859491083337379495e-06,7.972214413019376901e-06
-3.847707458761531085e-06,-1.294129602512867909e-06
3.779108373915587285e-06,-1.207158425608637770e-06
2.307017541083755989e-06,2.947457113142458144e-06
-2.146038600523403809e-06,2.913847847735626497e-06
4.454755331956881142e-08,-6.198974477687353600e-06
-5.363319511091435630e-06,-1.794762501056612908e-06
6.717525978037336003e-06,-2.182367575650126022e-06
3.118611410954530511e-06,4.060515357213099975e-06
-3.007759237787232070e-06,4.086272396474793709e-06
-1.388149401757253646e-06,1.884622325658886721e-06
1.587952574417171133e-06,1.962041825355091049e-06
4.834698593584575592e-08,-4.585042736400426520e-06
-1.360532538335118860e-06,-4.687736056473983816e-07
4.074826103523491870e-08,-7.865570959810650262e-06
-8.576417689213558035e-06,-2.854263503904632662e-06
8.264159801921716457e-06,-2.694703621409251289e-06
1.467628493713022230e-06,-4.345011207927368310e-07
-3.938613334618236807e-06,5.354139582957112421e-06
5.594865949481085372e-08,-1.809128208515846889e-06
-7.669007979686775169e-07,1.043764210360706912e-06
3.995359817234688406e-06,5.263539312391056444e-06
-4.902024587464364817e-06,6.667095655561721009e-06
9.780646713832012032e-06,-3.196933220656920275e-06
3.314805701077578282e-08,-1.108656176402146178e-05
5.825394140914203166e-06,7.775808719993371570e-06
-1.013252284872208696e-05,-3.367176248846732622e-06
4.908006086781234273e-06,6.516257311945802519e-06
3.694679288221827876e-08,-9.516294978978050357e-06
9.869090975723061696e-07,1.139353602506538922e-06
5.214614933788282610e-08,-3.096274143628521547e-06
2.512884103124571171e-06,-7.850753813851557936e-07
-6.963313786489447537e-06,-2.322524652655998491e-06
-2.488912146094682421e-06,-8.441615148475712858e-07
5.201775823439380525e-06,-1.679784938450413360e-06
6.566666780317936719e-06,9.834972697325614947e-06
-6.619505408469836502e-06,1.004815676045071264e-05
6.670058377304892886e-06,9.394101199948085023e-06
-6.722878020481915090e-06,9.613661330984723315e-06
5.887433012788060454e-06,-1.148315878253202754e-05
9.667405104561118521e-06,-7.973542395379771167e-06
1.138557135829097822e-05,4.358005189238490289e-06
4.702215820933438625e-06,1.086978815417896589e-05
-4.876259369388400716e-06,1.100644950384475939e-05
-1.167086339548728516e-05,4.302035125395623572e-06
-1.011285871651771749e-05,-7.928711688682422304e-06
-6.347649705932136255e-06,-1.136753842693475110e-05
