Size 955,2
0.000000000000000000e+00,0.000000000000000000e+00
0.000000000000000000e+00,0.000000000000000000e+00
4.907013279000871829e-09,-2.347603350047812740e-06
-3.757312481339343229e-08,1.258709824679811885e-06
4.286516571989861238e-08,-3.291686371937319937e-08
4.267765505347031727e-08,-2.475464202557993246e-08
6.152235719334993239e-08,-2.246564704464165676e-06
1.631725951805112854e-06,-6.905775592434094426e-07
4.536427423333208964e-08,2.792099300102113057e-09
4.069748018185300197e-08,3.689077944606270393e-09
1.690926938770496610e-06,-5.503640734511417824e-07
7.664423307258373632e-07,7.773803322711999155e-07
1.832424241503893467e-08,1.557192768735629670e-08
-1.336557179168526770e-09,1.090053464691297604e-08
6.103643352083237527e-07,9.009783984081248500e-07
-6.178933460159165404e-07,9.312569502675354518e-07
-1.244597919975835347e-08,4.209574744254306102e-09
-1.709688771346561671e-08,3.830435903756054483e-09
-7.739006448946742309e-07,8.060725897318353935e-07
-1.738147821220435951e-06,-5.742183171403055009e-07
-1.354617880021712672e-08,-2.592935068996087392e-08
-2.109724773562846046e-08,-3.125973717637610446e-08
-1.680179284483069082e-06,-7.122354177515582277e-07
-5.170762326550365303e-08,-2.245878081882259742e-06
2.482427046161063017e-08,0.000000000000000000e+00
3.321596354166261027e-08,0.000000000000000000e+00
3.267581673041469034e-08,0.000000000000000000e+00
2.979655988818142777e-08,0.000000000000000000e+00
1.970227682790708423e-08,0.000000000000000000e+00
0.000000000000000000e+00,0.000000000000000000e+00
0.000000000000000000e+00,0.000000000000000000e+00
0.000000000000000000e+00,0.000000000000000000e+00
0.000000000000000000e+00,0.000000000000000000e+00
0.000000000000000000e+00,0.000000000000000000e+00
6.976480194874909306e-08,-2.342246492598497684e-06
1.273257811723948268e-07,-2.332945770951089195e-06
1.783541545081690651e-07,-2.323766512052945232e-06
2.275842359096586859e-07,-2.314004044338283413e-06
2.769906080164903312e-07,-2.303247861244443654e-06
3.284330058242858561e-07,-2.290791924879712410e-06
3.834378959830315895e-07,-2.275655826924755562e-06
4.431745390671110738e-07,-2.256785607029846609e-06
5.083838905712664219e-07,-2.232882185659840683e-06
5.793918849506382127e-07,-2.202889465101089484e-06
6.563225983323766725e-07,-2.165486358114457995e-06
7.394750305191888703e-07,-2.119547641735777833e-06
8.301107206905254299e-07,-2.065487791494226184e-06
9.253398298674173391e-07,-2.000816515212647042e-06
1.027099795433309527e-06,-1.922052349791969910e-06
1.129582700971513843e-06,-1.832334046660923566e-06
1.234016870176026956e-06,-1.729244246937220451e-06
1.335124554926937016e-06,-1.615785381291689631e-06
1.431213894887398891e-06,-1.492639197162301786e-06
1.520414750859815540e-06,-1.362602340861268081e-06
1.600397433295924794e-06,-1.228315568128018330e-06
1.669160626074464513e-06,-1.092943036183574903e-06
1.724609550104391826e-06,-9.603241338312865218e-07
1.765380348596552958e-06,-8.351138772866942887e-07
1.789967190563814568e-06,-7.238470654705047866e-07
1.802383538951608369e-06,-6.275483494246811151e-07
1.802082411377357954e-06,-5.520919477077668451e-07
1.794315549398360538e-06,-5.009466586009941183e-07
1.785151807649732356e-06,-4.708612274360252706e-07
1.776876014053877337e-06,-4.543543674167733514e-07
1.770800282594387813e-06,-4.465667892943039864e-07
1.767648973794246605e-06,-4.427662764295119624e-07
1.767336827924698324e-06,-4.385973413012247281e-07
1.769169020709392420e-06,-4.302226979805312026e-07
1.771920790335082589e-06,-4.144393442273297729e-07
1.774027925756887944e-06,-3.887341908261819273e-07
1.773567526404538056e-06,-3.513742774542289942e-07
1.768718632605121329e-06,-3.013775205992965291e-07
1.757388775409122147e-06,-2.385415612373937570e-07
1.738084608365880325e-06,-1.633832929410648558e-07
1.709070545530249251e-06,-7.673222846486283353e-08
1.669157345588500072e-06,2.069926449782752480e-08
1.619495545569044095e-06,1.291089408062899898e-07
1.556834662015229251e-06,2.437558228582818015e-07
1.478798453938124492e-06,3.657054257972512174e-07
1.388767205380928385e-06,4.871511070457716059e-07
1.286827431772481542e-06,6.074485616155006976e-07
1.175619404840590517e-06,7.209952580134398863e-07
1.059540790066047107e-06,8.240669878854281789e-07
9.403468398543370128e-07,9.144583849083318863e-07
8.278416454670414915e-07,9.879505698657867349e-07
7.196661097437908065e-07,1.050158180785481436e-06
6.222842922486022006e-07,1.097692456825618095e-06
5.329885442595725809e-07,1.135571312170964380e-06
4.537364480289510215e-07,1.167339520538615786e-06
3.814037645486600423e-07,1.192644545481121425e-06
3.147766255725208483e-07,1.212473627849622094e-06
2.532206834041480889e-07,1.227812734723896325e-06
1.963110502013003043e-07,1.239266656531640334e-06
1.435477925161239052e-07,1.247576481734948517e-06
9.439107218846783286e-08,1.253234509398818956e-06
4.825212989369885666e-08,1.256750666036222472e-06
4.492318314021562064e-09,1.258477247117553399e-06
-7.867549387958636536e-08,1.257597787400249912e-06
-1.195803923754526564e-07,1.255188307266859535e-06
-1.610976858465477031e-07,1.251437606575040331e-06
-2.040906829142692667e-07,1.246184985640551392e-06
-2.494628863050669084e-07,1.239087726856311634e-06
-2.981450171042735503e-07,1.229718027232031884e-06
-3.510785634657607261e-07,1.217353317824654913e-06
-4.091652051933288387e-07,1.201296630699756888e-06
-4.735603296089226046e-07,1.180394420044955258e-06
-5.460791042180634003e-07,1.153374936536692962e-06
-6.308822855753612898e-07,1.120457437650143086e-06
-7.261790358134534924e-07,1.077388743508211279e-06
-8.354215292050481875e-07,1.017356941212102311e-06
-9.499831426921737809e-07,9.445697118958583128e-07
-1.072526208358194449e-06,8.533070553400314439e-07
-1.192405878242748364e-06,7.482851565647569314e-07
-1.307955133242393083e-06,6.315243595583802815e-07
-1.414138683832260451e-06,5.072540254658588915e-07
-1.508304405493663948e-06,3.811900762369974349e-07
-1.590084120903934104e-06,2.542458982320586383e-07
-1.656014383119537188e-06,1.344978190008888780e-07
-1.708412981517968691e-06,2.098725994619617413e-08
-1.750630546948764220e-06,-8.132607294214624339e-08
-1.781453703299339213e-06,-1.725745483629680406e-07
-1.802091991032797256e-06,-2.519657780817164810e-07
-1.814330074948064680e-06,-3.185916296457605838e-07
-1.819703845560876412e-06,-3.718697907592839205e-07
-1.820376396668709114e-06,-4.119582626496389991e-07
-1.818230122989642818e-06,-4.398176003608084073e-07
-1.815260758913288249e-06,-4.571769941499796998e-07
-1.813096322944648467e-06,-4.665640812150185700e-07
-1.813022517902125972e-06,-4.712080074543362625e-07
-1.815788761903520133e-06,-4.749821967627952633e-07
-1.821522765716309657e-06,-4.822827370685650708e-07
-1.829541603445855751e-06,-4.978822828598037969e-07
-1.838559945199661898e-06,-5.266749565453254979e-07
-1.846338741535893222e-06,-5.762585277450552660e-07
-1.846725687016631643e-06,-6.499525898437097075e-07
-1.834140720859425518e-06,-7.439782209746759127e-07
-1.809601719599508314e-06,-8.516519258921751721e-07
-1.770017295078016974e-06,-9.718488448818994696e-07
-1.716610118294895230e-06,-1.098941508545347112e-06
-1.650605739792364895e-06,-1.228649879929456206e-06
-1.573897991256401211e-06,-1.357464286210772466e-06
-1.488271013475934890e-06,-1.482500499855529327e-06
-1.395801493448622167e-06,-1.601382615391728353e-06
-1.298206731979866430e-06,-1.711669556879018769e-06
-1.196896359018720862e-06,-1.812630381212650803e-06
-1.096410516457931873e-06,-1.901683205019268622e-06
-9.958125614465619046e-07,-1.980756032330734088e-06
-9.000904964710345003e-07,-2.047154661496874852e-06
-8.076653021732199682e-07,-2.103759967051145781e-06
-7.210648653260191616e-07,-2.152651775817993087e-06
-6.392862424936240429e-07,-2.193425767843441969e-06
-5.621582142788945239e-07,-2.226982272696177316e-06
-4.896789590017185873e-07,-2.254388800241640282e-06
-4.217023481351138963e-07,-2.276477363552804913e-06
-3.577667604122126134e-07,-2.294296022201667923e-06
-2.970878684910567276e-07,-2.308678856389627086e-06
-2.386287892537366217e-07,-2.320421248554035194e-06
-1.811209177979837717e-07,-2.330096661989672446e-06
-1.232628112082787439e-07,-2.338068227516421322e-06
-6.139789287296512258e-08,-2.345020560183244604e-06
4.326929243574536851e-08,-2.591416586242067316e-08
6.310470646601602141e-08,-5.372178537888721805e-08
9.870100531025236261e-08,-8.540263191207053113e-08
1.527231056569950647e-07,-1.212852476247632034e-07
2.178260543429453416e-07,-1.586534707814032684e-07
2.965759144621533263e-07,-1.989464998461412834e-07
3.834540393093821684e-07,-2.399059926022244925e-07
4.797565119564123752e-07,-2.825252942815261749e-07
5.814029917316842143e-07,-3.250648223289795455e-07
6.885947483798215034e-07,-3.681185879657147037e-07
7.985849187723724928e-07,-4.104225663511602020e-07
9.105875666535085917e-07,-4.522075025653681700e-07
1.023079171162516754e-06,-4.926499155494892950e-07
1.134398283865259520e-06,-5.316508311640486524e-07
1.244115859591459932e-06,-5.687783503315624562e-07
1.349811622691060084e-06,-6.037104438503072753e-07
1.452474918010246910e-06,-6.365804606039910583e-07
1.547808398473711858e-06,-6.650803563497019907e-07
1.573727243937594430e-06,-7.975391038704736926e-07
1.507295740967534352e-06,-9.176588038628814352e-07
1.432743379305343074e-06,-1.046056987559397248e-06
1.350728000339787872e-06,-1.177829219175391703e-06
1.262504075749444847e-06,-1.308973616425312914e-06
1.169260994646912237e-06,-1.436438334834067264e-06
1.074602437278866434e-06,-1.556864077760807639e-06
9.788852806039770848e-07,-1.669796241628214168e-06
8.863281514051294389e-07,-1.770718578280331794e-06
7.959472174921253416e-07,-1.861870581240302002e-06
7.125529080636314693e-07,-1.939445287407646116e-06
6.328756728669927063e-07,-2.007557678398813240e-06
5.598803321595866665e-07,-2.061825561322305537e-06
4.916437545313723413e-07,-2.107679616673492752e-06
4.287011575367064216e-07,-2.145716044521091515e-06
3.707511648878715242e-07,-2.176463067589373787e-06
3.170554613672195477e-07,-2.200826842370406158e-06
2.664666791630605127e-07,-2.219461117475208749e-06
2.174357708885842297e-07,-2.233038022881487827e-06
1.680999828076691464e-07,-2.241973855160318362e-06
1.161998892509883586e-07,-2.246477174132280290e-06
7.369367774978212097e-08,-2.169484445152808502e-06
8.549248057664061786e-08,-2.082385036430618521e-06
9.678547465552308763e-08,-1.979161380979835562e-06
1.070590669625305422e-07,-1.865703296123040935e-06
1.164141338408467402e-07,-1.738551955969262407e-06
1.242709505228486813e-07,-1.603272866663846617e-06
1.308599730756149520e-07,-1.457951410114704760e-06
1.354663922752058446e-07,-1.307386522188055706e-06
1.384524373631350665e-07,-1.151607931691724572e-06
1.389720242372221545e-07,-9.942735758476810533e-07
1.375187878759063917e-07,-8.377326262042972740e-07
1.331152607893826951e-07,-6.841255705067668384e-07
1.263861934720068496e-07,-5.384974538346089690e-07
1.162221884595909455e-07,-4.010974714306875037e-07
1.033862712503996024e-07,-2.800370363619004447e-07
8.663482696806813074e-08,-1.732522711715783543e-07
6.677902405977802643e-08,-9.260714337928414108e-08
4.260474397712294485e-08,2.411653261099322296e-09
5.028421279919462766e-08,1.130652928752520855e-08
6.084257837539837361e-08,1.959770126038441822e-08
7.329952266479207595e-08,2.884013252979915151e-08
8.844542887129296313e-08,3.935904926084633820e-08
1.075753570579101538e-07,5.388881855765163365e-08
1.302882206908708155e-07,7.163742403341824002e-08
1.582507841003288451e-07,9.562764794976420440e-08
1.903111520128138993e-07,1.242101617095913168e-07
2.283317919884952768e-07,1.604974362381482145e-07
2.705833749827202553e-07,2.022262700965993700e-07
3.189452827024321598e-07,2.523514486275124126e-07
3.712902847769948196e-07,3.082426607304024663e-07
4.293346532195725240e-07,3.724516891332213045e-07
4.907214827799986725e-07,4.422196253910864556e-07
5.568641955918834843e-07,5.194373823655949087e-07
6.255628388028518900e-07,6.016697169331885222e-07
6.965404491154445586e-07,6.896237927167145410e-07
8.745037930296527676e-07,6.747915547440164247e-07
9.852900434011629574e-07,5.666674883594738192e-07
1.095673383363955929e-06,4.520907198617617728e-07
1.202580808619977698e-06,3.352739168470323399e-07
1.301086885705026698e-06,2.202338418524881216e-07
1.391634576069688793e-06,1.084070282867997657e-07
1.469381448852726389e-06,5.980184719259542923e-09
1.538124462366040151e-06,-8.948751289960840501e-08
1.591567473584681005e-06,-1.728708649484605332e-07
1.635850297364436659e-06,-2.459159306427190985e-07
1.671648085635250204e-06,-3.069212258262472830e-07
1.699540032503507242e-06,-3.553185570290639649e-07
1.720791774910139994e-06,-3.912944316591728830e-07
1.736332250319139879e-06,-4.157873852526405299e-07
1.747245131084282000e-06,-4.305721140370768183e-07
1.754219935738438317e-06,-4.381873371642087285e-07
1.757610631240465493e-06,-4.419139291743414857e-07
1.757224245743633360e-06,-4.456697727012107328e-07
1.752267415501332967e-06,-4.538550734707112801e-07
1.741096192879223055e-06,-4.712729551171288108e-07
1.721616260496161903e-06,-5.029050155934715870e-07
1.596439202642939284e-06,-5.085614670654123015e-07
1.502902493182515359e-06,-4.693974962485799009e-07
1.403880109705191106e-06,-4.279800279479647482e-07
1.300323720717990582e-06,-3.862451609859310776e-07
1.192216944396862090e-06,-3.438844879154470081e-07
1.081796390785813634e-06,-3.019668478661295640e-07
9.696226758220395316e-07,-2.603894561382010516e-07
8.570955057219729978e-07,-2.200580995739773045e-07
7.459344985082047543e-07,-1.811971572302678042e-07
6.366383188775810334e-07,-1.444598150571448413e-07
5.321736558538483899e-07,-1.104333084039509250e-07
4.320271767657170013e-07,-7.948484778238232466e-08
3.405242117392974604e-07,-5.260005125169848152e-08
2.560263158292757190e-07,-2.982238124968119191e-08
1.843285830393854754e-07,-1.258097161542946234e-08
1.226129847210977123e-07,-5.875561837698553013e-10
7.807941081373270610e-08,4.446203885420649102e-09
7.302006586606451424e-09,1.498248468787524489e-08
-7.309108526036744078e-09,1.407658344510752081e-08
-1.291147371203880423e-08,2.057325881944991938e-08
-2.030871593193559769e-08,3.131394297368094930e-08
-2.900644437298529484e-08,4.602234245378617862e-08
-4.136042660251846200e-08,6.713387285386946569e-08
-5.636824151714860698e-08,9.340502344248597401e-08
-7.647789632232542938e-08,1.275756103741321682e-07
-1.001889560755717077e-07,1.675451251279547947e-07
-1.298814203350665520e-07,2.161399008176920532e-07
-1.637430912319864938e-07,2.706490663026195189e-07
-2.039055314844664687e-07,3.337378730797693109e-07
-2.484234201738623685e-07,4.023309899586308791e-07
-2.989995228904095347e-07,4.786870074700370608e-07
-3.537390887497851643e-07,5.596271645698016825e-07
-4.137639040917516090e-07,6.467176292013117649e-07
-4.772554814574553290e-07,7.366196356503614663e-07
-5.444446718673350301e-07,8.313920835699091458e-07
-5.407034480915400996e-07,9.968179731037746724e-07
-4.688539387519638329e-07,1.049728354115222767e-06
-4.065720276819512167e-07,1.087520166334821596e-06
-3.493755540695526692e-07,1.117623842706849615e-06
-2.970328594102183227e-07,1.141301349562810094e-06
-2.487399605151519949e-07,1.159433565575023101e-06
-2.036047948162026118e-07,1.173017359237527950e-06
-1.607607141658708498e-07,1.182680064586529255e-06
-1.193266147659955811e-07,1.188974435638209553e-06
-7.846970031908315861e-08,1.192219192159095603e-06
-3.739620954956685112e-08,1.192588332761994067e-06
4.641124974670319443e-09,1.190086983341693461e-06
4.835619740606837540e-08,1.184578431281980295e-06
9.442065162755061716e-08,1.175769568753581464e-06
1.434331216053415986e-07,1.163281426306427201e-06
1.959523061408090415e-07,1.146519103825739493e-06
2.524479492007554231e-07,1.124909155483776606e-06
3.133650863795005338e-07,1.097554071500179548e-06
3.790361831924088367e-07,1.063756156152277330e-06
4.492883334363085337e-07,1.022498992808566323e-06
5.276157052575340609e-07,9.674626239260487280e-07
5.395273628674908317e-07,8.021244438355539126e-07
4.748114419307431363e-07,7.086561568605687188e-07
4.144227999617895699e-07,6.209904225176786377e-07
3.577457090178755543e-07,5.368391309318310589e-07
3.066611397953048273e-07,4.595227655737132551e-07
2.597686564554229320e-07,3.871757311322385480e-07
2.189535455032393803e-07,3.228705293399245310e-07
1.823241399085906034e-07,2.641832316285168647e-07
1.517223296587313185e-07,2.139524728318330475e-07
1.249211419379704237e-07,1.694759565719425078e-07
1.035360681632208435e-07,1.330995186790996584e-07
8.518505945226472594e-08,1.020882192550834900e-07
7.107844402577038733e-08,7.804939962418484332e-08
5.885701877779581373e-08,5.846162119586118792e-08
4.914598887897643736e-08,4.394120885921100099e-08
3.983207356162207460e-08,3.244388855903878710e-08
3.071483548590351185e-08,2.359515888350666698e-08
-1.407099689684825632e-08,4.035776683489673991e-09
-5.245918142719199598e-08,5.543785661412006450e-09
-1.004529824271273557e-07,3.923138368864815313e-10
-1.666968230684543641e-07,-1.216642922018849996e-08
-2.434535974740964617e-07,-3.031076399644359001e-08
-3.336515643308553925e-07,-5.431525911791886473e-08
-4.311488015549796244e-07,-8.268231947831364682e-08
-5.375800597832798768e-07,-1.153239139849013994e-07
-6.483836914120433413e-07,-1.512209915018984095e-07
-7.639572183266028148e-07,-1.899253086557893262e-07
-8.812101146784539924e-07,-2.308528031439307593e-07
-9.994154397053439332e-07,-2.732327076922391500e-07
-1.116842219617693049e-06,-3.168803487135498798e-07
-1.231749998075845548e-06,-3.607359079126730923e-07
-1.343678418285323688e-06,-4.049783970676663115e-07
-1.449939469623934215e-06,-4.483464521856437431e-07
-1.550779849827424878e-06,-4.912646596920328853e-07
-1.644601933912642869e-06,-5.315925000882390488e-07
-1.768176363357150579e-06,-5.285293496650912789e-07
-1.787171064448852582e-06,-4.982086063071673246e-07
-1.797943949367390637e-06,-4.817328137365502045e-07
-1.802544753981020565e-06,-4.740738565206252749e-07
-1.802563425607616437e-06,-4.703873574079508271e-07
-1.798744520708884372e-06,-4.662307110572400496e-07
-1.791224622127196243e-06,-4.576504347732190663e-07
-1.779592211220749375e-06,-4.413386215825312200e-07
-1.763103382526186917e-06,-4.147441103669384314e-07
-1.740615305343835284e-06,-3.760965881855597166e-07
-1.711159045580792712e-06,-3.244824927971594271e-07
-1.673423381815631895e-06,-2.597616251797558595e-07
-1.626819464484613509e-06,-1.825700946343175597e-07
-1.570665951935777328e-06,-9.471313222475514828e-08
-1.498676041266315585e-06,5.544664938662382199e-09
-1.417400283054069336e-06,1.128898372959895668e-07
-1.323042210936813454e-06,2.296891412869333057e-07
-1.220656298718951074e-06,3.496016995520132538e-07
-1.110045285194460143e-06,4.708847609566540989e-07
-9.963409711536832908e-07,5.895465071639822599e-07
-8.831638275065145197e-07,7.008682137248830982e-07
-7.041020671288190393e-07,7.172434612302256631e-07
-6.322656845275923618e-07,6.269806728946772494e-07
-5.617061402037320626e-07,5.415027377356881375e-07
-4.931798788485131974e-07,4.606480154416484693e-07
-4.288624753224874873e-07,3.867342691279756639e-07
-3.675265224683309149e-07,3.182310739004630835e-07
-3.116303737321619604e-07,2.579416408998633572e-07
-2.595569648830088465e-07,2.035446350207532204e-07
-2.136265450734043268e-07,1.578418028353457864e-07
-1.719654752009213709e-07,1.179805568024448088e-07
-1.365894543645100530e-07,8.652397699084654873e-08
-1.055484773397019644e-07,6.033346157772532634e-08
-8.037439456089954201e-08,4.148660215079497112e-08
-5.921901706779032768e-08,2.680333285973523711e-08
-4.294936577897118000e-08,1.763636357011714746e-08
-3.002072856447892969e-08,1.104052071829718599e-08
-2.036571939855639620e-08,7.156067401492701678e-09
-1.622934204215685536e-08,-2.461921025873510864e-08
-4.805794281241338123e-08,-9.241065142097369134e-08
-6.842954780783110689e-08,-1.735284700712318988e-07
-8.571610919874365140e-08,-2.802244497917675904e-07
-9.908263900398407436e-08,-4.012820262210761233e-07
-1.097655627667357237e-07,-5.386862907136869361e-07
-1.170150123202411045e-07,-6.843141986878858320e-07
-1.219394135476326152e-07,-8.379210957465165300e-07
-1.239134408737078549e-07,-9.944620612249140193e-07
-1.239146282487248544e-07,-1.151796422176183351e-06
-1.214493592276260720e-07,-1.307575010059952533e-06
-1.173637235623634832e-07,-1.458139889248095130e-06
-1.112955271993559648e-07,-1.603461416319330985e-06
-1.039593063196696615e-07,-1.738740661056196381e-06
-9.512392657788752174e-08,-1.865889900320623142e-06
-8.537614544303125863e-08,-1.979347319783493262e-06
-7.461969468600934119e-08,-2.082621063115266402e-06
-6.323359708422854886e-08,-2.169617799102362057e-06
-1.107173586149205349e-07,-2.243798776421831958e-06
-1.690900964102043366e-07,-2.237440067518804432e-06
-2.265102958361045739e-07,-2.226591881727319745e-06
-2.845115550394530218e-07,-2.210957711153426573e-06
-3.443434590585810890e-07,-2.190121535394089579e-06
-4.070432074969792810e-07,-2.163473530772660096e-06
-4.733596949879296253e-07,-2.130455492759149559e-06
-5.437373670593115778e-07,-2.090302277523596194e-06
-6.182894601086331000e-07,-2.042589210155997391e-06
-6.964466038051169711e-07,-1.986837410454207174e-06
-7.797551485445426231e-07,-1.918469375294101600e-06
-8.656207445325836028e-07,-1.841268169505807946e-06
-9.567408735309672814e-07,-1.751802071163600494e-06
-1.048989559993469022e-06,-1.653368881687762383e-06
-1.143097673245705029e-06,-1.544189720628826833e-06
-1.235511605001378681e-06,-1.428154545656128142e-06
-1.325721338861591298e-06,-1.305802077837355884e-06
-1.410765135111405115e-06,-1.180103087792691350e-06
-1.489593420340723825e-06,-1.053880657213739671e-06
-1.561091438511020946e-06,-9.308011544250817913e-07
-1.624709001516259829e-06,-8.153523452050196547e-07
-1.595893065629659497e-06,-6.881098201884456346e-07
-1.499518819044430452e-06,-6.605711548148889426e-07
-1.394441398358113434e-06,-6.281431913145134381e-07
-1.285506379867191453e-06,-5.932212242284462754e-07
-1.171500277570429230e-06,-5.556443466069404593e-07
-1.055322418824908115e-06,-5.158492811192243766e-07
-9.372746056654983317e-07,-4.742697506307834415e-07
-8.193845574161339818e-07,-4.310802352161380042e-07
-7.031616923500766537e-07,-3.871430559779149716e-07
-5.896457324854999280e-07,-3.422665194433422119e-07
-4.816818633194159566e-07,-2.977900051389909466e-07
-3.792101734708545620e-07,-2.531220201540525835e-07
-2.865217120492755764e-07,-2.101140739529299838e-07
-2.023489952891444798e-07,-1.677386636268036522e-07
-1.325362187117096531e-07,-1.284025074638033194e-07
-7.443321598662784279e-08,-9.060130422456775336e-08
-3.572745066687689833e-08,-5.716167829502878443e-08
-1.373616707471414916e-08,1.054659971115443778e-08
6.858306950832539427e-08,-2.418041786216388660e-08
9.271219565320937173e-09,-8.942594611152414187e-08
-4.198712028077289572e-08,-2.539132782328603500e-08
4.079763814920655718e-08,1.727772620409645946e-08
-5.444047077874712706e-09,4.647814150530513919e-09
2.950158034626095782e-08,6.357796349130393481e-09
-1.180192620520514488e-08,-9.063604011523913484e-09
4.101442989323739706e-08,-8.068616190528174243e-09
-1.024485824090623555e-06,-1.824823214652808097e-06
9.544956945069841337e-07,-1.844539997266489920e-06
1.188397695511621800e-06,5.270567480924144891e-07
-1.205980474830617742e-06,5.484260263995593960e-07
-1.412775791935548321e-06,3.023298548216678916e-07
1.387183408844904127e-06,2.899498458898605668e-07
6.186461981232279115e-07,7.448812489874894439e-07
-6.251288830075677212e-07,7.733587384760527518e-07
1.151350544580611080e-06,-1.641184335216904900e-06
-1.217794404523885261e-06,-1.625998501017433569e-06
5.719205283908702471e-07,1.030378619145726049e-06
-5.824487936632501904e-07,1.056502391936937721e-06
-1.620751994152556918e-06,-6.117987964500460608e-07
5.131509457617634500e-09,-2.171361550286853789e-06
1.572428120082897330e-06,-5.887737556149747849e-07
4.851816966318671156e-07,5.696534675722777986e-07
-3.132047398026511578e-08,2.402780946409388523e-08
1.377394117440426302e-06,-5.159439513396153044e-07
1.670335706581011505e-07,-6.644648832516722163e-08
-1.422858787141307401e-06,-5.383859985167533411e-07
5.709607778099855839e-09,-1.980669267622789817e-06
6.101798903651692442e-08,3.610493357345802081e-08
8.825692714310029779e-09,-2.780818271638146592e-07
-1.480420952586199345e-07,-6.977241550477183567e-08
-4.873219688835818275e-07,5.936310934992732444e-07
8.310714414656301139e-09,-5.374034283212341504e-07
6.227226196448713701e-09,-1.739766515438323276e-06
3.674799546482242537e-07,4.152613342524007793e-07
1.163575332662453935e-06,-4.378678814774645105e-07
-6.040922249426292171e-08,5.367020070967105785e-08
8.895383593466174886e-08,6.544567930843263770e-08
3.174738629317144079e-07,-1.254339529630546446e-07
-1.201980104468086421e-06,-4.583185687842547139e-07
-3.089623493749223319e-07,-1.318596364369614481e-07
-3.634407135191123172e-07,4.320222893976891868e-07
2.683857970643229773e-07,2.868253952593173957e-07
-1.059864672668543355e-07,1.062866907103584550e-07
7.789673631311662246e-09,-8.373854231237814539e-07
-2.572036703848069344e-07,2.950532629174906426e-07
-9.683808608747520369e-07,-3.737727161787388246e-07
6.748130516085977572e-09,-1.458758536101229600e-06
5.052751100939357207e-07,-1.962650416758925681e-07
1.304030052307711864e-07,1.136786526893380077e-07
9.400875806938296270e-07,-3.563026182367900208e-07
-5.089267034801518457e-07,-2.063380628811025358e-07
-1.711713424928366320e-07,1.861789698287015222e-07
7.268904788303905063e-09,-1.151894515695075495e-06
1.894731455192013803e-07,1.864526105128431357e-07
-7.332418667987256649e-07,-2.884409094635388028e-07
7.169274864579716968e-07,-2.745582489842409446e-07
-8.371196219734654485e-07,-1.980556897513711892e-06
7.683673105706317238e-07,-2.000277964464665164e-06
9.633975478541707415e-07,7.468117649090914463e-07
-9.739611204202724504e-07,7.743974066393509105e-07
-1.574194946485030744e-06,6.655156675572115434e-08
1.541433806349361275e-06,6.419458558275357575e-08
3.686173423828307095e-08,-1.450179574950689613e-08
7.127829330345598435e-09,-2.726402448425734477e-08
-1.085172088691350858e-08,-1.449103715082031497e-08
7.548054109393134743e-07,9.125446252375086069e-07
-7.619560926713984819e-07,9.420646851574775673e-07
1.514205783513967476e-06,-1.134942720829516826e-06
1.435438652960744237e-06,-1.269752203909415066e-06
-1.492182041048788731e-06,-1.268279151999884347e-06
-1.567815926252040594e-06,-1.139092821133025181e-06
2.820512594417733444e-07,1.167075775339834402e-06
3.459883864948596350e-07,1.144483592167500761e-06
-3.778313543915663683e-07,1.158822874019768895e-06
-3.225818855815480750e-07,1.177863601728672984e-06
1.586992559870885624e-06,-1.002851799787087709e-06
-1.637673702047336550e-06,-1.012554277799468131e-06
2.233660622164614432e-07,1.186303908281447413e-06
-2.723844626112427917e-07,1.193831142888180329e-06
1.757171937069143977e-06,-5.213806150295052098e-07
1.745568482255096762e-06,-5.868609040401444904e-07
-1.791368935745077478e-06,-6.101352596421364088e-07
-1.802603525859939278e-06,-5.463091083210733111e-07
3.708645450263213468e-08,1.431751988083252242e-09
3.501215925861634150e-08,-6.082433142480371360e-10
4.282205071729170035e-08,-2.310770039621406512e-09
-8.049248318685468615e-09,2.612040248519263660e-09
-1.424131953418587012e-08,-2.019279410256617625e-09
-4.482735420030563536e-09,-1.511372707150639015e-10
-8.702278245913377075e-07,7.891708425524695129e-07
-9.854892872335131397e-07,6.834446888398403632e-07
9.746406764517037330e-07,6.579387061207156335e-07
8.617853734701177253e-07,7.611464570645402795e-07
1.764273993535061806e-06,-4.823536425129904739e-07
-1.809487917773487300e-06,-5.087680749565583544e-07
1.547926687260790609e-06,1.505252009014157088e-07
1.608665828412269859e-06,4.199756841865847286e-08
-1.644764364221128347e-06,4.330367121243046948e-08
-1.580906810682698505e-06,1.568891124177764015e-07
-5.899427568219807226e-07,-2.141253375122850800e-06
-5.158431948166911529e-07,-2.177019542336404245e-06
5.336999633506661801e-07,-2.154588951665565805e-06
4.664344655115773794e-07,-2.187588723263383508e-06
-4.468751949211583608e-07,-2.208033628176433454e-06
4.052996802723547225e-07,-2.215635050452565783e-06
1.693997404371588809e-06,-7.574245276582720512e-07
1.645551816200048732e-06,-8.745931387329537553e-07
-1.740619142502242564e-06,-7.767915156753144337e-07
-1.693934890395865856e-06,-8.895399992839791838e-07
8.437922156278984318e-07,-1.999798019169308771e-06
7.538400508163487570e-07,-2.062666408114460277e-06
-8.223192818897578251e-07,-2.044495679435223070e-06
-9.138819058890885069e-07,-1.980024265496881734e-06
-1.753506658911235328e-06,-2.919435494429706122e-07
-1.725609081042500361e-06,-2.194320914837974940e-07
1.685217129442089537e-06,-2.077923938446265084e-07
1.711548024033117693e-06,-2.763006642752983926e-07
-1.774611992883395655e-06,-3.509800386871965752e-07
1.731402196426540359e-06,-3.318303636208403896e-07
-6.501894034202353119e-07,1.065760546497206068e-06
-5.639076124238986888e-07,1.108555641689605507e-06
5.521331690386937513e-07,1.086083113708780135e-06
6.423822348753069233e-07,1.039250492115504725e-06
-1.207561923117416060e-06,-1.721012927282995091e-06
-1.305879496245630677e-06,-1.613582459671649376e-06
1.242067768319294477e-06,-1.628355263673773390e-06
1.140737137038172466e-06,-1.738820287816614920e-06
1.726110874343250715e-06,-6.565406143034923602e-07
-1.772190583126766514e-06,-6.785635370438852289e-07
3.681325706168461788e-08,-4.560049191172361527e-09
-6.484848518900519823e-09,-5.574439609277098898e-09
1.387484241127343740e-06,3.869049382632305987e-07
1.474344453346740361e-06,2.667602896667666846e-07
-1.503775599046159279e-06,2.781889811097541760e-07
-1.412974565062805609e-06,4.032024391531232452e-07
-1.310875042735173046e-06,5.277938111081991917e-07
-1.199196919568584457e-06,6.487808525323202217e-07
1.181984894812114138e-06,6.242631885308125491e-07
1.289513658065550496e-06,5.070730755904673404e-07
1.687065463610590408e-07,1.199843878556533325e-06
-2.256389308991136785e-07,1.204916964759792806e-06
1.180383224131678400e-07,1.210752551974636186e-06
-1.818324668780060896e-07,1.213859663435561957e-06
1.039843043100602685e-06,-1.838043543932900807e-06
9.400894101117832820e-07,-1.925199008694281575e-06
-1.010289085179162919e-06,-1.904910679613280921e-06
-1.108861167192226864e-06,-1.818398331198221814e-06
-3.816084069968127529e-07,-2.231844074821922193e-06
3.487548728610121018e-07,-2.236809604633134704e-06
1.765757954032264378e-06,-4.596335528493087802e-07
-1.810881165710503165e-06,-4.871738372874012797e-07
-1.036979579513434441e-06,-1.741063340821595006e-06
-9.426872659146102526e-07,-1.832555372388660155e-06
8.724067895848325884e-07,-1.852620462579363082e-06
9.669841549739935787e-07,-1.759526422650810537e-06
-3.201298171492576011e-07,-2.251813500055560315e-06
2.964641890135733830e-07,-2.254357589274664582e-06
1.765194883286653973e-06,-4.484020327121801976e-07
-1.810291097074447898e-06,-4.766696248370031295e-07
7.373154006842409210e-07,9.840417539025466085e-07
8.443425197416709237e-07,9.128283889444226029e-07
-8.522696505360989003e-07,9.424891217179874830e-07
-7.441139884637707861e-07,1.012939996001239952e-06
1.195340880506999695e-06,4.303261074142103633e-07
1.086371523652151867e-06,5.468280984990244477e-07
-1.100452465944204070e-06,5.689274600015166628e-07
-1.213197223951802316e-06,4.482881275259720780e-07
-1.318362702546773071e-06,3.260258354371354342e-07
-1.414231921493006222e-06,2.047564319109187255e-07
1.388559235610217747e-06,1.963452286220458910e-07
1.296579354635588185e-06,3.126734038666575520e-07
-1.787949909377836364e-06,-3.968549011112841421e-07
1.743904690815046877e-06,-3.747187119543051626e-07
1.063349537869121519e-06,-1.655281692238645319e-06
1.160595435040255466e-06,-1.540128485363786011e-06
-1.226875291148193817e-06,-1.528122344506178400e-06
-1.131937542354455483e-06,-1.639514799213042060e-06
5.911129947237441902e-07,9.693348149895947906e-07
5.075348748605143148e-07,1.024958656187153077e-06
-5.221232316498498582e-07,1.051400334892057988e-06
-6.001710690565575216e-07,9.981514953829227881e-07
-1.796747055256792652e-06,-4.298377519283634468e-07
1.752126202876500264e-06,-4.052851679937101911e-07
3.536084720280885296e-08,1.724205168022495680e-09
-7.552509825501079086e-09,3.050760689149581704e-09
1.662390585246115379e-06,-6.170855113195093482e-07
-1.710148397057687873e-06,-6.399714461907808143e-07
-8.514676588676020985e-07,-1.913083036883610613e-06
-7.642220739548344590e-07,-1.982825703606693759e-06
6.976017894165001069e-07,-2.002889665692785719e-06
7.822758275167567926e-07,-1.933642096938999366e-06
-1.463343261982935728e-07,-2.287300589004610843e-06
-8.747964364354361996e-08,-2.292687211942628204e-06
9.514067097586375886e-08,-2.291626038324945994e-06
1.482847609111124558e-07,-2.286216549861372813e-06
3.277412254100492506e-08,-2.296714238954079857e-06
-2.255392479064453815e-08,-2.297020393649342611e-06
7.060726414774898567e-08,1.217799376294681147e-06
-1.398680901160484117e-07,1.219599258696910119e-06
-1.498649875904903839e-06,8.960393972005802655e-08
-1.570611424654644009e-06,-1.814415542958947485e-08
1.538011813587407083e-06,-1.660124376423066472e-08
1.469332784397786766e-06,8.618644042129750829e-08
9.518222097482015948e-07,8.326302232025691206e-07
1.068098161574284938e-06,7.335544050971836291e-07
-1.081455293489499780e-06,7.609374214301153880e-07
-9.619347746067457853e-07,8.617755979079398514e-07
2.585824208678170187e-08,1.222689771945713783e-06
-9.890968785766804785e-08,1.223574095657014839e-06
-2.611655059487652059e-07,-2.266827922934574129e-06
2.467585412809157990e-07,-2.267568451071476148e-06
1.763555485831471818e-06,-4.436959272617955216e-07
-1.808671196153398361e-06,-4.722528960062039144e-07
-2.036699326418169959e-07,-2.278760164888253400e-06
1.980213409833182582e-07,-2.278245873578841478e-06
1.761751554863042540e-06,-4.409064667046947123e-07
-1.806882982412432103e-06,-4.692721014317956556e-07
7.833905758856569030e-10,5.738567912263604935e-09
1.107489106062807552e-08,8.261128492158400509e-09
-1.801740124216855587e-06,-4.513360046547193314e-07
-1.804790533942341231e-06,-4.635159405574324887e-07
1.756801952102205055e-06,-4.249460665263833577e-07
1.759699075808101401e-06,-4.358609785129395292e-07
-1.679583379970066016e-08,1.224967496009439718e-06
-5.818286194827787327e-08,1.225233514514159754e-06
-7.375746022251480518e-09,1.048209563013468423e-08
-9.707309551387935360e-09,7.811653443022607735e-09
-3.831679388594894473e-09,7.154331470454888310e-09
-1.348398861387273027e-08,6.714199155714605773e-09
-9.110812413887501633e-09,4.349217617471895490e-09
4.110157164745408993e-08,9.874141593930784020e-09
3.526239244167316840e-08,1.185604270189256522e-08
3.595218091985284724e-08,4.725165243595103155e-09
3.082169750638225843e-08,1.639637990790122959e-08
2.409582753262932290e-08,1.066540384638869363e-08
-6.209598357217730335e-07,8.507494171667785315e-07
-5.498414969912200630e-07,7.548674114825784012e-07
5.451406581992300647e-07,7.266682724479664632e-07
6.141608813921251758e-07,8.212179493431419034e-07
-6.288994103150867311e-07,6.995202835051108669e-07
-6.995013609766089707e-07,7.907209171220058518e-07
5.171459393569332132e-09,-2.246068627877907924e-06
9.816753450505918898e-07,-4.246549619126318678e-07
8.691212554592684533e-07,-3.834917801947756495e-07
-1.064128324863340656e-07,8.130305841615141177e-08
-1.367424333828622309e-07,1.121062627728800126e-07
1.059539783280353166e-07,1.078797304459872623e-07
1.282706926426393893e-07,1.396089109369305995e-07
-1.273709708747448383e-06,-4.310524267456555948e-07
-1.159595620290885594e-06,-3.882450295937621214e-07
-6.034165412172635129e-08,3.862118002831172224e-08
-8.103163339346088533e-08,5.696678071746965525e-08
-2.532037102047632557e-07,-1.515330959556372998e-07
-3.433939254317282498e-07,-1.902273688412257273e-07
1.204145106047986720e-06,-5.041427001915534970e-07
1.093691358898840868e-06,-4.649729670994380979e-07
2.858377053094671503e-07,-7.494255340588810789e-08
3.729142767248200378e-07,-1.038443589964864464e-07
6.483584798334111538e-08,-4.673104531725693269e-07
6.892326149666626044e-08,-6.095695179811110827e-07
5.537421849329553494e-07,5.856340266354153476e-07
4.884859455541868797e-07,5.041647332036127968e-07
1.415311081347339931e-06,-5.774987224112364010e-07
1.311599685700608996e-06,-5.417204635022119174e-07
-3.719089673614239008e-08,-2.033681992395609289e-06
-4.219661042156871344e-08,-1.925103268187415353e-06
1.435749107032239098e-07,-2.983406039196883104e-08
2.088941963487767883e-07,-5.010105087727287297e-08
1.550493699999161633e-07,1.779519871499682786e-07
1.865722137629001720e-07,2.231750791118770186e-07
-1.722671213250782275e-07,1.498812924318986498e-07
-2.130537394285860214e-07,1.948424629293077988e-07
4.980582113209037623e-08,3.428905167847644460e-08
6.022295265739209786e-08,4.625846738046598074e-08
6.764413598429729006e-07,-2.085522425003338433e-07
7.865714821726586775e-07,-2.476740686126647342e-07
-5.774052243157397431e-08,-1.230293112847820794e-06
-5.823157837434159808e-08,-1.073201966806190805e-06
-6.606034775693387931e-07,-3.159281341280426931e-07
-7.762021206570909337e-07,-3.592970890578298210e-07
-2.586338177127378815e-08,-2.210550707683807239e-06
-3.183102759601791066e-08,-2.129028236237063141e-06
6.921703449081209772e-07,7.619958945052369439e-07
6.224156994740782522e-07,6.723122909428463613e-07
1.604135574244348149e-06,-6.412744241897281589e-07
1.514124817652614916e-06,-6.114767596788303781e-07
-1.679830223263292611e-06,-5.909635885000040630e-07
-1.586124832618728792e-06,-5.530406862659539803e-07
-1.488393590722920652e-06,-5.137855607204857859e-07
-1.383694664463831538e-06,-4.730321611772228492e-07
-1.079064293501515434e-07,-8.256042672213095406e-08
-1.741779384092202513e-07,-1.154819484429536279e-07
-4.826966812505900175e-07,6.640086839337304373e-07
-4.189219596429366603e-07,5.765946660349097634e-07
-3.101390709014054723e-08,1.649682456050247888e-08
-4.381534573127030403e-08,2.537242453706723559e-08
5.193768694735465347e-08,-2.225295765564078089e-07
5.920281247044777379e-08,-3.372920336776875436e-07
-4.670257365917381544e-08,-1.804530683801412880e-06
-5.062026200570377771e-08,-1.672991258701433236e-06
7.258292465613182253e-08,6.195875591381003749e-08
8.754871981374441850e-08,8.217221874760758419e-08
-2.590680193356879617e-07,2.471080822998110948e-07
-3.101868635863608899e-07,3.066311462968355113e-07
-8.937505771352646976e-07,-4.024917439247534307e-07
-1.011993760881085398e-06,-4.451331064906485533e-07
4.271314133065357486e-07,4.287344692123411147e-07
3.700244206425879599e-07,3.596989908825124713e-07
3.176306740479405585e-07,2.975187249431065577e-07
2.701657720597046579e-07,2.423689074536807179e-07
-5.775425721107939556e-07,-1.796403363458492306e-07
-4.694019241742914275e-07,-1.426723227433604808e-07
5.429501160445322529e-07,-2.593506528168218089e-07
4.428001063023485514e-07,-2.191845028001917411e-07
7.000045587783326313e-08,-1.383849185948258680e-06
6.706618055553986377e-08,-1.532222147618288839e-06
2.231088076713054580e-07,2.754837541242490806e-07
2.647513112781509318e-07,3.348826162443967507e-07
4.680363027424913269e-07,-1.360911803955654603e-07
5.698508770917513920e-07,-1.712144195241378451e-07
-1.042897779069866551e-06,-3.451664501996683765e-07
-9.247318912343091920e-07,-3.022073765447654432e-07
-4.424551746882505031e-07,-2.308604673390604767e-07
-5.488969736313879703e-07,-2.729768848177847665e-07
-3.591626739276778455e-07,4.940572275099134284e-07
-3.038705991607432783e-07,4.171436672935254004e-07
-5.759675946415555483e-08,-9.156816642324755564e-07
-5.574721122199541143e-08,-7.599681441062492576e-07
7.158694598009260192e-08,-7.598738894509653834e-07
7.291573321232222858e-08,-9.155874325251932600e-07
6.333530785029899341e-08,-1.672896846004626387e-06
5.889665653772868639e-08,-1.804436642135215441e-06
-2.534826815289870591e-07,3.466032776244164056e-07
-2.081929368710349456e-07,2.828263162845203545e-07
-5.383030668134555163e-08,-1.532316394603719445e-06
-5.624381275579337410e-08,-1.383943424740667602e-06
-1.562062576377207515e-06,-6.347825513819804789e-07
-1.652563207864850188e-06,-6.639357631765762311e-07
-3.660958643097534449e-07,3.731437000179317864e-07
-4.264801356248344517e-07,4.463337222850209775e-07
1.079717801509129138e-07,6.850263628963818267e-08
8.912024775678643329e-08,5.113093484835771525e-08
4.243359448922286177e-08,-2.128878583942015818e-06
3.599737639094394944e-08,-2.210749676391610499e-06
-4.907248647418796350e-07,5.255380826506909850e-07
-5.583950541270661411e-07,6.102778834396529074e-07
3.114881629730732448e-07,4.011897345825115946e-07
3.632239732167563187e-07,4.741507279283809170e-07
1.537923100247250471e-06,-5.302514571060616719e-07
1.631748933107983285e-06,-5.676841183898202002e-07
-3.057796581036873207e-08,3.361921924033776883e-08
-2.105649138669125080e-08,2.231513642130568651e-08
-4.180321224778081620e-08,-3.373797642743443483e-07
-3.401794417732190981e-08,-2.226447503201754754e-07
-1.929736137076295523e-07,-5.211226017358556600e-08
-1.229281336144577707e-07,-3.079527612548975832e-08
-1.355242929406441919e-06,-5.650031626554705425e-07
-1.461669602156368182e-06,-6.010177878142363449e-07
4.196680145596961252e-07,5.532150254105337141e-07
4.804766968770984387e-07,6.377850133809662076e-07
-1.681594130229324441e-07,2.261964270539280299e-07
-1.333889820174889722e-07,1.768453021174586974e-07
7.302977746299065530e-08,-1.073107721965423692e-06
7.201794242430109559e-08,-1.230198867701063241e-06
2.277977809035912781e-07,1.943159755337022183e-07
1.905507822475366968e-07,1.532706625331911876e-07
1.339205764081511647e-06,-4.521906669191340942e-07
1.441472149748006077e-06,-4.918109452146010860e-07
-8.068450110720644612e-07,-2.599738918204220812e-07
-6.904754723883806590e-07,-2.188973128617128734e-07
7.368974267640280274e-08,3.768680041987419326e-08
6.112771291908902498e-08,2.729546316448556882e-08
5.387135220630409851e-08,-1.925012840362340560e-06
4.834695356134090129e-08,-2.033578925179405384e-06
1.914630102343703456e-07,-1.094421679581773600e-07
1.297157323906198867e-07,-7.817372360456963057e-08
7.576201927277336892e-07,-3.419607877094326259e-07
6.483078810688836865e-07,-3.004021953119332615e-07
-5.256263809628706187e-08,-6.096640984045062589e-07
-4.795415197124971251e-08,-4.674041424629219882e-07
1.122815595602772363e-06,-3.703852094860209486e-07
1.232638986347096770e-06,-4.115948324575655041e-07
-3.681466953948400141e-07,-1.087124446546974243e-07
-2.752492902131816211e-07,-7.826815485887368625e-08
3.497971404209588283e-07,-1.804948802075630852e-07
2.653125126425205394e-07,-1.436985399268582757e-07
-1.129163997849085177e-06,-4.866864152807342385e-07
-1.244117967302754070e-06,-5.268098404768999764e-07
-5.896375938921503771e-08,7.166032182982939794e-08
-4.302247634976526783e-08,4.984651236255016508e-08
-1.037585209370284662e-07,1.347689574286141927e-07
-7.908484433834128858e-08,9.983754557571065306e-08
1.583125855126840816e-07,1.189130802002407988e-07
1.309173163407564992e-07,9.089262142680897702e-08
8.984984842769135582e-07,-2.879745615521936213e-07
1.011103378597555188e-06,-3.290611819929230491e-07
-2.825732698783977450e-08,-5.592367418553718414e-09
-2.358058639115848319e-08,-1.644908280369004660e-08
-2.297154432027296678e-08,-2.921250498344048203e-08
-1.244903937821809164e-08,-1.864790489659177145e-08
5.138272726616542611e-08,-2.740816847624605826e-08
5.166592453936590086e-08,-1.545421878903853757e-08
4.182228671093371233e-08,-1.691634609844321321e-08
5.574898065693274603e-08,-5.704387650917705254e-09
-1.321425129943279641e-08,-5.602542900588790619e-08
8.712209606407861655e-09,-5.294963659558505348e-08
-8.433055473171948257e-09,-2.878551011351143761e-08
3.211174981870009818e-08,-5.695078862071274846e-08
2.708505187617723046e-08,-3.032807307029041248e-08
1.863817058912445032e-08,4.185591135869208013e-09
-9.292763611486394783e-10,2.191125003504049281e-09
-6.728408065118030293e-09,-1.742029670683136383e-08
-1.616219327461806198e-08,-2.173481775912850026e-08
3.962761819772190814e-08,-2.288197832272497486e-08
2.566237780155154575e-08,-1.921375916118189470e-08
2.943019700573038907e-08,1.701288377685168604e-09
-3.344591972563253442e-09,2.173841684473432922e-09
4.769688173027965990e-09,-1.413292920164030791e-08
-2.737682479112419368e-09,-5.343785233322651613e-09
2.299547823408349937e-08,-7.524053734740545782e-09
3.876130012307958003e-08,-1.127588430670740314e-08
4.093594455526483067e-08,-2.004785328775385554e-08
-1.300106998247132241e-08,-2.092534489918409835e-08
-9.333643415062278896e-09,-1.315966006776009554e-08
-2.124568666396152562e-08,1.548773469503227014e-08
-2.109775186108104966e-08,1.071372065758550129e-08
-1.348730923200418491e-08,1.478863231593906187e-08
5.020027950719585023e-08,2.591184730268125300e-08
4.031438991784006542e-08,2.475389494216865095e-08
5.044386140749346598e-08,1.836307783878520393e-08
1.089488594264017025e-07,-4.242136496885879435e-08
9.215658296670110200e-08,-1.495602593780636769e-08
8.231872308360082693e-08,-5.063238354576295462e-08
-8.563788159716286737e-08,-4.448854050456161286e-08
-5.678100074195533115e-08,-5.355741848996472138e-08
-6.758778605032924261e-08,-1.519995966618568292e-08
9.100564013564706447e-09,-1.708679230248424477e-07
4.294952611001542371e-08,-1.278352186837902194e-07
-2.447143961070651207e-08,-1.279369830244046146e-07
-1.093819940448765815e-06,6.689901958056984571e-07
1.080023429835163902e-06,6.438910158429652898e-07
1.602869759812300393e-06,-3.675780447409972057e-08
-1.638733325528937296e-06,-3.930168942801368945e-08
-5.221428427058204599e-09,-6.522613016999581299e-09
3.456947409973362531e-08,-5.191881214929506220e-09
6.845640315846714216e-07,-2.063330825122047405e-06
-7.506826110213236221e-07,-2.045100223245570287e-06
-5.057211722220833777e-07,1.101274957604219567e-06
4.896095138674855455e-07,1.078801944743011593e-06
-1.315668077244175128e-06,-1.515158868433934337e-06
1.252212066803412647e-06,-1.526628483557258961e-06
1.474162658494031828e-06,1.746833694174143607e-07
-1.503658271553676672e-06,1.821447554088567475e-07
-8.596477519264011977e-07,8.734172848749826949e-07
-7.681856325034845192e-07,8.751456285235629438e-07
8.515086196982678619e-07,8.441819975386073110e-07
7.608670344342735247e-07,8.457933382356668971e-07
8.595097082228779245e-07,-1.931601490241915115e-06
-9.297561614445204349e-07,-1.911219695873962232e-06
-1.122597437106278892e-06,-1.733563042216881929e-06
1.053824972449345399e-06,-1.751756653960698515e-06
1.295963374026326289e-06,4.108452935288181022e-07
-1.317658083389131796e-06,4.280775525174343416e-07
-6.941855589901728112e-07,8.692131218369382516e-07
6.869630422072294978e-07,8.396158391561037689e-07
-5.543570114197228834e-07,6.814906669584616968e-07
-6.185070207030280692e-07,-2.465887400578113968e-07
6.085103309165005215e-07,-2.346064477022144637e-07
1.570887599275444717e-07,1.461072364696495756e-07
-1.355070678445687714e-07,1.419681669530642779e-07
7.008514857140372893e-09,-1.307944359925717736e-06
-8.501596600785019761e-07,-3.309317544109647384e-07
1.052566786360044373e-06,-3.973594548597250318e-07
2.258898022435765426e-07,2.324185628588950986e-07
-2.110713835024595316e-07,2.362904387469514063e-07
-8.045061329372956832e-08,7.616035382741103040e-08
1.072996470091232244e-07,8.625147072840319719e-08
7.529295078486104845e-09,-9.942542501160752882e-07
-2.215530905675804537e-07,-9.859876503981135870e-08
6.487753790507198392e-09,-1.604294668380507708e-06
-1.315090308567607483e-06,-4.992872376015010737e-07
1.272613393125728156e-06,-4.776659138102198491e-07
2.356430127811484797e-07,-9.383310515616442138e-08
-3.074412345169748945e-07,3.595373189092419197e-07
8.571161933087583279e-09,-3.995821749891765969e-07
-4.372021326276142788e-08,3.586458817092532439e-08
3.149824161679731530e-07,3.469470319246272497e-07
-4.230342031313251495e-07,5.095236084861133047e-07
1.478380021483242835e-06,-5.530225550233692307e-07
5.446024291521975993e-09,-2.084013570656641293e-06
5.497310823922946214e-07,6.547462503145427325e-07
-1.525975829435193849e-06,-5.760028352903929474e-07
4.237656128775367805e-07,4.888592751603914741e-07
5.966692622399013912e-09,-1.867074814149474417e-06
7.335967001558353727e-08,4.849670764540925121e-08
8.050042878904654107e-09,-6.834159252175681971e-07
4.068608442001506257e-07,-1.594193901521803397e-07
-1.086281610692213404e-06,-4.164387541123819180e-07
-4.042685222443765673e-07,-1.676160131906346424e-07
8.276660721526698448e-07,-3.151937206722104821e-07
6.648271810298969770e-07,9.769030454710708626e-07
-6.719365597554923284e-07,1.005785631139966095e-06
6.808175145719240701e-07,9.061354454396498376e-07
-6.879177886586684417e-07,9.359054929335192727e-07
6.055671396360133100e-07,-2.111854345070169837e-06
1.344559857383619079e-06,-1.399448541955704842e-06
1.647698734599180497e-06,-1.282555661162277644e-07
4.142652110711807398e-07,1.113737232812151691e-06
-4.378421162996046670e-07,1.132232147540653058e-06
-1.685976216705717939e-06,-1.355331807730076852e-07
-1.404760467270110059e-06,-1.392746980708675811e-06
-6.673676024263741077e-07,-2.095802446084824095e-06
