Size 899,2
0.000000000000000000e+00,0.000000000000000000e+00
0.000000000000000000e+00,0.000000000000000000e+00
2.597362316820279064e-08,-4.963432407937148907e-06
-2.059639857119525027e-07,4.406163780006114476e-06
2.085130988978233660e-07,-1.641442990909689728e-07
3.420111410992739420e-07,-7.373174104089873595e-08
4.160834553597420829e-07,-4.337745397342315051e-06
3.617029692140185625e-06,-1.552961713698433852e-06
3.756695279965799556e-07,4.323335776141219547e-08
3.758327259997046897e-07,2.261453266681883684e-08
3.881127727717882749e-06,-7.978452522186727216e-07
2.655809788066496727e-06,2.678873335540477992e-06
2.078903463684788686e-07,1.521082759746097075e-07
1.521254126686296235e-08,9.114669532641041383e-08
2.019452669848691479e-06,3.139652516839035157e-06
-2.008125733728632090e-06,3.370027231593794788e-06
-8.317130897336378503e-08,6.671187602300030346e-09
-7.081077820614210394e-08,4.833534250608820220e-08
-2.671554135332046373e-06,2.871045572537809860e-06
-4.189408425880042280e-06,-9.614102280814162353e-07
-2.968970131026973077e-08,-8.981452259330310332e-08
-6.391076319925348568e-08,-1.275556924562771159e-07
-3.916372508061976668e-06,-1.759724612131217882e-06
-3.611862818509429334e-07,-4.330135008812586862e-06
1.423459315376736822e-07,0.000000000000000000e+00
2.257948397281814030e-07,0.000000000000000000e+00
2.732532027277724122e-07,0.000000000000000000e+00
2.988826572785245933e-07,0.000000000000000000e+00
3.075040899119134249e-07,0.000000000000000000e+00
3.226745040494911788e-07,0.000000000000000000e+00
3.397232907065914937e-07,0.000000000000000000e+00
3.415199301409672608e-07,0.000000000000000000e+00
3.304215370409174422e-07,0.000000000000000000e+00
3.039111516749046483e-07,0.000000000000000000e+00
2.413078638250959704e-07,0.000000000000000000e+00
1.639109359384499511e-07,0.000000000000000000e+00
8.808818164500159593e-08,0.000000000000000000e+00
0.000000000000000000e+00,0.000000000000000000e+00
0.000000000000000000e+00,0.000000000000000000e+00
0.000000000000000000e+00,0.000000000000000000e+00
0.000000000000000000e+00,0.000000000000000000e+00
0.000000000000000000e+00,0.000000000000000000e+00
0.000000000000000000e+00,0.000000000000000000e+00
0.000000000000000000e+00,0.000000000000000000e+00
0.000000000000000000e+00,0.000000000000000000e+00
0.000000000000000000e+00,0.000000000000000000e+00
0.000000000000000000e+00,0.000000000000000000e+00
0.000000000000000000e+00,0.000000000000000000e+00
0.000000000000000000e+00,0.000000000000000000e+00
0.000000000000000000e+00,0.000000000000000000e+00
3.295691281457105440e-07,-4.935725504117979198e-06
6.066335868768833525e-07,-4.882442313139705918e-06
8.373791590937440129e-07,-4.825621913277703338e-06
1.044929376301597926e-06,-4.765183062408425200e-06
1.233132969043603934e-06,-4.702574137851536807e-06
1.405453563919669976e-06,-4.638337785408401462e-06
1.566186151188687162e-06,-4.572420022967992261e-06
1.718345260001841439e-06,-4.504325490316638008e-06
1.865227603624051333e-06,-4.433098486942971894e-06
2.009527934395396136e-06,-4.357481818662096965e-06
2.153915550777572551e-06,-4.276473296596156356e-06
2.300471460834077215e-06,-4.188562237184036683e-06
2.451562929064740053e-06,-4.090518712450830914e-06
2.607433948155137602e-06,-3.980216098395235078e-06
2.768827529437630036e-06,-3.855165331951799568e-06
2.934853672793318490e-06,-3.713397234916316236e-06
3.104885271471731868e-06,-3.552969183600796901e-06
3.276924561596134554e-06,-3.372753173263626291e-06
3.449154124095397055e-06,-3.171653963513355783e-06
3.618863536071651850e-06,-2.949821466489773777e-06
3.783295678352238699e-06,-2.707446219588869756e-06
3.939414009824247152e-06,-2.446372074244141273e-06
4.084856589706667331e-06,-2.167539314250552867e-06
4.215724829756476126e-06,-1.873904648897067280e-06
4.328054557296915032e-06,-1.566715541152783476e-06
4.412420868448322879e-06,-1.255304612132534900e-06
4.469845864428123801e-06,-9.551597551150035650e-07
4.501016262200687192e-06,-6.797856416220805225e-07
4.517119756969593963e-06,-4.359053907246015311e-07
4.522032053354912930e-06,-2.144253616477027239e-07
4.518140345633695965e-06,-1.135958288886893146e-08
4.507171976192081456e-06,1.755600011236169102e-07
4.490485496349299809e-06,3.496803274120588312e-07
4.468949913046807683e-06,5.133574726629095050e-07
4.443028828251102525e-06,6.695598821623696153e-07
4.412816703904601167e-06,8.205277162129637525e-07
4.378031861984492534e-06,9.686779723522213577e-07
4.338129402024801710e-06,1.115947817294229500e-06
4.292266619832738953e-06,1.264082058346873149e-06
4.239426321985122710e-06,1.414579758662874671e-06
4.178405294281002784e-06,1.568449666189875616e-06
4.107897268948411701e-06,1.726674275609146376e-06
4.026543502445025976e-06,1.889518726776110064e-06
3.932928233839348978e-06,2.057472502012014087e-06
3.825595342303535628e-06,2.230534914715957868e-06
3.702309134643493893e-06,2.410237134734935384e-06
3.566225775925048763e-06,2.598629822032073286e-06
3.408876299726990363e-06,2.794230193661370961e-06
3.226075022824208944e-06,2.998067086002945103e-06
3.017306016304464416e-06,3.204350783745300113e-06
2.777983226263743031e-06,3.407067858766290419e-06
2.518418691180511229e-06,3.590567221599185152e-06
2.251922899625124865e-06,3.752214632480342618e-06
1.987163387990055379e-06,3.891347698443876110e-06
1.728719914309957403e-06,4.010612162783737615e-06
1.476590884236714944e-06,4.111347916768261943e-06
1.231838818076570718e-06,4.194640667463918956e-06
9.962597961953079601e-07,4.261615159870055755e-06
7.703895069014142754e-07,4.313748031292410327e-06
5.552182569090871546e-07,4.352528328089099920e-06
3.504407817378400052e-07,4.379607242024581083e-06
1.560780773427639435e-07,4.396568850152577579e-06
-2.905158476038717181e-08,4.404956811792381003e-06
-3.765061251048631554e-07,4.400845290723865077e-06
-5.423510907844940887e-07,4.389393948135396020e-06
-7.056708866424256039e-07,4.372314302008030768e-06
-8.688320199322544642e-07,4.349728788596735423e-06
-1.034417475793628546e-06,4.321262363299961028e-06
-1.205399655723224735e-06,4.286053339183999025e-06
-1.384435460819861953e-06,4.242713185004835630e-06
-1.574798208279312718e-06,4.189261443773956728e-06
-1.778859123346669492e-06,4.123266754386991857e-06
-2.000376956876010572e-06,4.041511415430037550e-06
-2.247364787436046767e-06,3.938521461626939368e-06
-2.516633516344045936e-06,3.803960509437390156e-06
-2.797402035657989983e-06,3.637081878700118885e-06
-3.066261441236295479e-06,3.435925678219405014e-06
-3.310729707891049222e-06,3.219601219754972251e-06
-3.531014530461847818e-06,2.996367008480033882e-06
-3.725775740560684625e-06,2.773484748177622328e-06
-3.896354726869314960e-06,2.552682829735518522e-06
-4.051095567852353762e-06,2.337909064690259372e-06
-4.185801862523994055e-06,2.128698298169905508e-06
-4.302377159047431655e-06,1.924904566785945597e-06
-4.402175139115920368e-06,1.727852812928758220e-06
-4.486825491228423827e-06,1.537865316460347896e-06
-4.558024289497086091e-06,1.355594607846799815e-06
-4.617610954537854255e-06,1.180395980282664831e-06
-4.667372358411666782e-06,1.011701662370251105e-06
-4.708981154770611274e-06,8.478910159358258032e-07
-4.743918242273421719e-06,6.871883561558034189e-07
-4.773329983752325054e-06,5.271513295310665322e-07
-4.798025661207484394e-06,3.649316302706355064e-07
-4.818322954183138831e-06,1.975262462512353558e-07
-4.834056417866644932e-06,2.125915735961106945e-08
-4.844501207412291368e-06,-1.670856481458988428e-07
-4.848311467243811667e-06,-3.716803464548552515e-07
-4.843633310505530874e-06,-5.955811158609561157e-07
-4.827831143889083650e-06,-8.437205636320591795e-07
-4.796321853414716333e-06,-1.128287157830644723e-06
-4.734814845469985896e-06,-1.440564774908494859e-06
-4.639320194935666452e-06,-1.761454056130018905e-06
-4.512994183953790863e-06,-2.065714175346983067e-06
-4.374055892043730466e-06,-2.336867220455510299e-06
-4.230125848680752029e-06,-2.583478091587952416e-06
-4.085196497592552669e-06,-2.806192721855469906e-06
-3.938978868364789033e-06,-3.008937006932128300e-06
-3.792735283881992857e-06,-3.192626654113668493e-06
-3.647040052749588585e-06,-3.359669375343492794e-06
-3.502199186718711180e-06,-3.512047375801205089e-06
-3.357640808856630738e-06,-3.652199660471480122e-06
-3.212744443516704211e-06,-3.782219965751078383e-06
-3.066119153557956359e-06,-3.904157635845355384e-06
-2.916274688907431068e-06,-4.019768618123907703e-06
-2.761414394085011463e-06,-4.130438891296514921e-06
-2.599199360511473052e-06,-4.237652625311869575e-06
-2.427281172998217665e-06,-4.342366434856358066e-06
-2.244267863836883635e-06,-4.440063406062674174e-06
-2.049163941938068411e-06,-4.533021157796572690e-06
-1.841642614132170675e-06,-4.620480108045757044e-06
-1.620404321213101084e-06,-4.701612506956715518e-06
-1.384909849123500487e-06,-4.775328018091006526e-06
-1.134184734955805506e-06,-4.840229712726438371e-06
-8.684251552821275128e-07,-4.894750120684962965e-06
-5.877625136862492332e-07,-4.937004797862910422e-06
-2.839044655686221560e-07,-4.964768923131661442e-06
2.492168579206009201e-07,-1.439988720719738223e-07
2.943423515278248544e-07,-1.133022324665641030e-07
3.248240512616077641e-07,-8.136793647936448974e-08
3.407786966407711530e-07,-5.793379874017417862e-08
3.477591277624248856e-07,-4.982903008462907877e-08
4.152554749232843030e-07,-1.902060842800167207e-07
5.453340959707381968e-07,-3.112155828667930262e-07
7.298413622685203432e-07,-4.394845297118549920e-07
9.614237323300446153e-07,-5.730683383180302614e-07
1.232619595258534886e-06,-7.096501418517206795e-07
1.536006999754548458e-06,-8.468880517894366715e-07
1.864215088179252470e-06,-9.824489998542889306e-07
2.209920712675593023e-06,-1.114018125691543791e-06
2.565906620933789185e-06,-1.239315132371506936e-06
2.925187767582246798e-06,-1.355973061594889475e-06
3.278108277971963385e-06,-1.460068941628519723e-06
3.506910824811940503e-06,-1.826237270067683726e-06
3.386975396861539273e-06,-2.095222890357543716e-06
3.260815555566446475e-06,-2.351934153933592509e-06
3.129864643219835176e-06,-2.593349279542343705e-06
2.995373121128781572e-06,-2.818335655184602398e-06
2.859513413968246068e-06,-3.025214757681744546e-06
2.723170120185266498e-06,-3.214083398286923500e-06
2.587993704097090799e-06,-3.384308276831366962e-06
2.454257550024366929e-06,-3.537028976170017565e-06
2.322746106381817439e-06,-3.672397910108157661e-06
2.192824012782329648e-06,-3.792009343848877340e-06
2.064178460645349185e-06,-3.896777602253811272e-06
1.935477164758635001e-06,-3.987861625247899857e-06
1.804437520011787503e-06,-4.066479979411302528e-06
1.669968025685238908e-06,-4.134278393096427323e-06
1.529416755642708511e-06,-4.192819133339852235e-06
1.380453023239661313e-06,-4.242278641730250762e-06
1.220658685487825724e-06,-4.282580635764130059e-06
1.046565036274496564e-06,-4.313273091804154200e-06
8.555349091825710746e-07,-4.333449158940590812e-06
6.428868860356621929e-07,-4.341538159463343006e-06
4.622850709370747754e-07,-3.970859764502983107e-06
4.946038558824083285e-07,-3.586041918698070627e-06
5.162520823127079038e-07,-3.181926115630199660e-06
5.272964031593589705e-07,-2.766702713401444608e-06
5.275049799397884425e-07,-2.349285945135527650e-06
5.167023850334058516e-07,-1.938878046834478186e-06
4.947047372481465942e-07,-1.544794546344232632e-06
4.613316438864172728e-07,-1.176506841256012764e-06
4.164084633769187469e-07,-8.435234208523374816e-07
3.594859063059006783e-07,-5.553949454623871236e-07
2.891800133645100875e-07,-3.256186338164235500e-07
3.559557313125132739e-07,1.496816808553469665e-08
3.553291680685052113e-07,5.048778049729323974e-09
3.570748183480935509e-07,3.178526269530273819e-09
3.611317700122474812e-07,5.808119279694397395e-09
3.664988278482105740e-07,1.435758052650615789e-08
5.079449525554864810e-07,8.942043006365165477e-08
6.552483595270960803e-07,1.979762458838313812e-07
8.217393831939815929e-07,3.452210204746527108e-07
1.005094319395540411e-06,5.271249414932855729e-07
1.201976059408339091e-06,7.393388076108580479e-07
1.408859849751790351e-06,9.772525157509204994e-07
1.622156085187016141e-06,1.236176058107404297e-06
1.838199744954431385e-06,1.511322012395217158e-06
2.053235864709139543e-06,1.797787344525378334e-06
2.263515584652949539e-06,2.090647856784621338e-06
2.464701199105065645e-06,2.384587517908664268e-06
2.866053542905237877e-06,2.524532013848252368e-06
3.058401161745719435e-06,2.367184024428016797e-06
3.229721589255211912e-06,2.213055592274411454e-06
3.382356484515017755e-06,2.061571007114928240e-06
3.510172437485472848e-06,1.913875404591911004e-06
3.623885490529984523e-06,1.767546264579429533e-06
3.723735886936983581e-06,1.624109721303405769e-06
3.810695431953125352e-06,1.483125709212691897e-06
3.885542061778153402e-06,1.344718226486049380e-06
3.949176325088363972e-06,1.207972845286195261e-06
4.002273495234449280e-06,1.072343466392803700e-06
4.045449937210503398e-06,9.365413622556086673e-07
4.079088210092517013e-06,7.993317433896793813e-07
4.103364977241230616e-06,6.591465708606159888e-07
4.118183825071658881e-06,5.140988349069600882e-07
4.123147742889110295e-06,3.624877083751045265e-07
4.117506251622112541e-06,2.018663116982471953e-07
4.100189670333369454e-06,3.059164969962992212e-08
4.069647535304089197e-06,-1.541966537829012501e-07
4.024098198062540429e-06,-3.538376394697603523e-07
3.961244734208174586e-06,-5.709364151340714135e-07
3.537873551312604204e-06,-6.564966911605793908e-07
3.189701772526509119e-06,-5.258246883837859614e-07
2.833455228785771994e-06,-4.013086875690875956e-07
2.474541935476638945e-06,-2.851770977070953431e-07
2.120168290277132666e-06,-1.799875103052858474e-07
1.777657734089485362e-06,-8.816726195930585923e-08
1.454295731240732976e-06,-1.214032653556046611e-08
1.157412806775883874e-06,4.564964299321638824e-08
8.943851868140126493e-07,8.273708723485744029e-08
6.726222427172970702e-07,9.659896317400875941e-08
4.994799343673687725e-07,8.443069469414491494e-08
1.597802225045941795e-07,1.498634355691297352e-07
9.804135254388823703e-08,1.452780657474633606e-07
4.376818356578666259e-08,1.275146389048976302e-07
6.317483821043887502e-09,1.032224865283959597e-07
-7.203076237464961195e-10,8.254786569865494901e-08
2.043187810060475814e-08,2.235970652068104638e-07
-2.206633515560686245e-08,4.031395295024372672e-07
-1.088500155918038944e-07,6.253474177388310777e-07
-2.335034917363438770e-07,8.825631853532370870e-07
-3.911494972371017078e-07,1.168080042249816176e-06
-5.769146231260068814e-07,1.474939667663103826e-06
-7.858283982805861772e-07,1.796042234189574164e-06
-1.012847915210666544e-06,2.124184524630807570e-06
-1.252816096386802721e-06,2.451989667979574001e-06
-1.500452658403895669e-06,2.772148250517769227e-06
-1.750944253010463136e-06,3.077981214795499298e-06
-1.818935371423793186e-06,3.516906669963437401e-06
-1.630962930045836263e-06,3.643342519552542558e-06
-1.454010987948361714e-06,3.747211032320668132e-06
-1.285953515254548319e-06,3.831422707457569487e-06
-1.125643736267328164e-06,3.898353133753196043e-06
-9.703584271551545453e-07,3.950318147036826425e-06
-8.184285507641075596e-07,3.988965344916895287e-06
-6.674642254008493386e-07,4.015650635964504680e-06
-5.156297062048797580e-07,4.031247237445417125e-06
-3.611311381274248876e-07,4.036279594710928403e-06
-2.023083906067531252e-07,4.030927824480735189e-06
-3.806307945056855212e-08,4.015024758318128545e-06
1.332326025504741374e-07,3.988143738848243393e-06
3.121639293420104329e-07,3.949730709474080075e-06
4.998595926794271825e-07,3.899022569155430848e-06
6.959825624007915775e-07,3.835270204810367706e-06
9.009778107041915429e-07,3.757553826755039064e-06
1.113701883597875004e-06,3.665184510768845456e-06
1.333916617518125269e-06,3.557340997556718943e-06
1.559836280171723200e-06,3.433637432920921202e-06
1.790364866434414262e-06,3.293733876291619440e-06
1.802229406323082746e-06,2.866202313877946264e-06
1.586527023080034297e-06,2.583535127349168967e-06
1.374189290017883847e-06,2.292106460890272892e-06
1.169332545927317029e-06,1.998165561523873463e-06
9.754782238844780602e-07,1.706835668094010398e-06
7.961221508658334540e-07,1.423191275734192694e-06
6.346857816101483476e-07,1.152197836996226094e-06
4.945137520073395444e-07,8.987182557421004011e-07
3.788771517770786173e-07,6.675014109914301422e-07
2.910726776538259974e-07,4.632453890598758838e-07
2.350603470124036890e-07,2.916332115236995330e-07
-5.449135376140668910e-08,2.109922033477721235e-08
-4.592911048686353577e-08,1.944950854089152729e-08
-4.404037710654266982e-08,1.466258177171980100e-08
-4.529446557130750469e-08,1.056846170676634966e-08
-4.731555626073668851e-08,1.712257556245191378e-08
-2.249246775871452962e-07,1.020605873878633089e-07
-4.391604070806331595e-07,1.195667334937238968e-07
-7.126623862250473399e-07,1.040576061133344687e-07
-1.035310354692061002e-06,5.915883798595117955e-08
-1.396915563396321570e-06,-1.170411146200488058e-08
-1.787365160270465312e-06,-1.051740555935635526e-07
-2.196595768252328326e-06,-2.179194767001815087e-07
-2.614589497600223048e-06,-3.466276966518184098e-07
-3.031304376098618654e-06,-4.879882838513522688e-07
-3.436840611473862314e-06,-6.386150914250138332e-07
-3.822111886256551380e-06,-7.953463057275996886e-07
-4.273429091640624779e-06,-7.328128709969789452e-07
-4.339740784595659681e-06,-5.126482174656022242e-07
-4.387456976338491859e-06,-3.110389922687364037e-07
-4.418909248120900228e-06,-1.248788124815688783e-07
-4.435903359048420816e-06,4.782750407193219243e-08
-4.439953633098903478e-06,2.105892608992808486e-07
-4.432014436080151701e-06,3.657856932740894214e-07
-4.412651222618286190e-06,5.163683888471362190e-07
-4.382006576614101284e-06,6.647204629791922894e-07
-4.339898893255678435e-06,8.129771347567493441e-07
-4.285825808088382942e-06,9.632039721291866640e-07
-4.219139727274983935e-06,1.116554784958883349e-06
-4.138946192726867075e-06,1.274524780257653799e-06
-4.044455729536950926e-06,1.437231932024743506e-06
-3.934693565323417560e-06,1.605441271227547791e-06
-3.809067952386495506e-06,1.778299037234784387e-06
-3.666910781221990426e-06,1.955726359744482011e-06
-3.508603638743583145e-06,2.135265891954758338e-06
-3.324013124787376444e-06,2.318468555184174907e-06
-3.121887797435313751e-06,2.503713018209544364e-06
-2.902045954551687339e-06,2.690222333880103764e-06
-2.471674233930768089e-06,2.556638417860682596e-06
-2.253839625640726195e-06,2.231290310552694428e-06
-2.018278232895878833e-06,1.901907324444433366e-06
-1.772977457745428882e-06,1.577897291024102939e-06
-1.523361160144340585e-06,1.266244773860344855e-06
-1.274767215109551676e-06,9.740385649032827487e-07
-1.032481663712564709e-06,7.083028472063600038e-07
-8.017175487059461708e-07,4.759627621044901386e-07
-5.876367691825645768e-07,2.838936731573840346e-07
-3.953937061986039663e-07,1.388454476186643451e-07
-2.290966519849330423e-07,4.618229058056663513e-08
-4.103316274297839696e-08,-5.511845053662801145e-08
-4.144075660317229602e-08,-5.398049933868781922e-08
-3.887303839324720096e-08,-6.243736625043252642e-08
-3.664097992002189570e-08,-8.007666062525928083e-08
-3.886256646566159313e-08,-9.893220246127210064e-08
-1.596637916428138090e-07,-3.236724736816251574e-07
-2.340626982449127335e-07,-5.598115085972350422e-07
-2.972552456276579380e-07,-8.470835329840532186e-07
-3.488522607476594615e-07,-1.179861275689329122e-06
-3.888510994021016882e-07,-1.548167957535499920e-06
-4.174619190114968380e-07,-1.942257810598495348e-06
-4.348787101936614502e-07,-2.352663204303390553e-06
-4.412895038483786179e-07,-2.770076167353940769e-06
-4.368776559584272514e-07,-3.185361652552240329e-06
-4.217539453771185415e-07,-3.589601868103172751e-06
-3.956984219582291753e-07,-3.971992909019118220e-06
-6.253704137498774312e-07,-4.321883727510690582e-06
-8.853657105199261296e-07,-4.302868488034158255e-06
-1.131741597117486558e-06,-4.272482034999048269e-06
-1.364678288212032515e-06,-4.231623202581498658e-06
-1.583717449118580226e-06,-4.181079589123034977e-06
-1.789757044281976028e-06,-4.121519927371467381e-06
-1.983060829683707009e-06,-4.053448865181174136e-06
-2.165249466807408016e-06,-3.977033413962910625e-06
-2.335152389786385050e-06,-3.896989677499567171e-06
-2.494387995515528779e-06,-3.808266872833825721e-06
-2.643846883146132158e-06,-3.711325860867125990e-06
-2.784758119340992398e-06,-3.605296289215391170e-06
-2.918642742915629628e-06,-3.489088362182932969e-06
-3.046810831615288757e-06,-3.361285186859832203e-06
-3.170160443489935634e-06,-3.220642846982971484e-06
-3.289639708702439196e-06,-3.065229521181654410e-06
-3.405329128418863325e-06,-2.893877474868795519e-06
-3.517709304548830427e-06,-2.704506315116983550e-06
-3.625915674177848738e-06,-2.496377297316467662e-06
-3.729886818318581692e-06,-2.267512004353163846e-06
-3.829048127875250878e-06,-2.018764266116447359e-06
-3.536761887501446982e-06,-1.675704721834922893e-06
-3.136566349840412934e-06,-1.573155570464278886e-06
-2.721230643814419822e-06,-1.451604915342613753e-06
-2.302717784592123170e-06,-1.315735911961287625e-06
-1.890749525440953849e-06,-1.168772316923177702e-06
-1.495297415047865351e-06,-1.013894988289055681e-06
-1.126416485723213570e-06,-8.543077257742102268e-07
-7.942109104514495373e-07,-6.932311264019072099e-07
-5.088330269639711951e-07,-5.338926096755021707e-07
-2.804327217014193025e-07,-3.794585615456939409e-07
-1.191045117924622737e-07,-2.325098218401957450e-07
-9.160634553519820511e-08,1.190360257239711097e-07
6.668731628318393441e-08,-3.048755214677225599e-07
3.635053757725266143e-07,1.777069070828366702e-07
4.395458223029906999e-07,-4.720138927427117599e-08
-1.497153374423573112e-07,-5.859767185787445682e-08
-2.116581641240575133e-06,2.822603388817972826e-06
3.412480474277216143e-06,-1.061358769045476091e-06
3.319040450902201888e-08,-3.980836888097057321e-06
-3.688216265929508683e-06,-1.239707388200949331e-06
2.135970168702484825e-06,2.628691904593902856e-06
2.619402980674510309e-07,4.394657242831264443e-08
-1.116153306221051115e-08,2.049201853311562333e-08
2.497450819018853914e-06,3.126180422990801703e-06
-2.499040389090876892e-06,3.349571147028946637e-06
3.970415832864556757e-08,-3.186973448288333373e-06
-2.878482290373802813e-06,-9.705324640457534248e-07
5.935577829044380413e-07,4.970029235740289134e-07
5.952741118239168022e-08,-8.314748309076177906e-07
-5.945771033063552411e-07,-2.096982788127710522e-07
-3.392259503477408800e-07,4.421562443952358606e-07
7.986494302652274215e-07,-1.740282147067699131e-07
1.713357718697507404e-06,2.044425663315836021e-06
2.699609622449608394e-06,-8.202971686177056627e-07
-2.039802638748466240e-06,-6.921150905313204839e-07
9.136061097850575121e-07,9.392373111668671563e-07
-1.251670163701587325e-06,-4.297844399172550854e-07
4.631328989751928266e-08,-2.348767740279238535e-06
1.296226756516272768e-06,1.467914466327859476e-06
5.292766173689491774e-08,-1.538555884013601899e-06
1.987700103090626696e-06,-5.797855826557334614e-07
1.334504537395308939e-06,-3.580120629474714438e-07
-7.058147298977291865e-07,9.299070882304469252e-07
-1.635883348847922362e-06,2.177410165325900615e-06
-1.151719196104304789e-06,1.527158812484920277e-06
3.314312005238965574e-07,-2.436223889892537502e-09
-1.519424421017068395e-08,-8.041246759848166615e-09
7.698901841036037229e-08,-1.133233308782927984e-07
3.962983520589075354e-06,-1.259626460689413066e-06
-4.271150019713310939e-06,-1.450331266522408024e-06
3.494845250160649128e-07,1.741366304673352555e-08
-3.063557308142960838e-08,1.808224062503474034e-08
-3.330063408197718166e-06,-3.369128564958654869e-06
2.906338758591984350e-06,-3.388067813756468857e-06
3.403828037922302313e-08,-4.552595525417888796e-06
3.221121089322437610e-06,-2.991569257023859698e-06
-3.597600108189769734e-06,-3.040393601261686292e-06
-2.576684897812602253e-08,-3.733106751796971654e-08
2.949020393863236392e-07,-4.081109535000850052e-08
-3.050381717563731459e-06,-3.637111138549950369e-06
2.593160593142310106e-06,-3.699564139952215965e-06
3.519044993942094341e-06,-2.509709817839887605e-06
-3.851919813236786473e-06,-2.635486224085326298e-06
1.747353177646598644e-09,4.967602603503798368e-08
1.396390614655337880e-07,8.024576688458829791e-08
-3.134914746678471871e-06,2.896556223145167949e-06
3.071650438356898345e-06,2.707224548652532370e-06
-2.759157092962129880e-06,-3.862689176247943487e-06
2.299410407151678734e-06,-3.939974553562546649e-06
3.767407684884127961e-06,-2.010504345571922624e-06
-4.073147803044475045e-06,-2.193111459277984329e-06
-3.501070149399220029e-06,2.534538931495330385e-06
3.378684651407537892e-06,2.394971781056871446e-06
-2.467808517276971079e-06,-4.047843707575937367e-06
2.042369726135115945e-06,-4.115929001136876620e-06
1.887988877893720089e-07,-7.219314551498300869e-08
-5.888025183413036148e-09,-5.874546598503612133e-08
-3.092379638194248257e-08,-5.587854482420212097e-08
3.491371109222536686e-07,-1.634084162572342013e-11
3.437801865753099774e-07,-2.087219531444690979e-10
-3.363089130323496303e-08,1.224860791455689824e-08
-3.134801066274540545e-08,1.085886054039160819e-08
-3.860405435502613092e-06,2.132654411545960422e-06
-3.996568320456523918e-06,1.948576140932663871e-06
3.778060592622194054e-06,1.908782007595760515e-06
3.669258179193736109e-06,2.060454085820210166e-06
-2.108134112510808148e-06,-4.246996675440331839e-06
-1.922394661784543956e-06,-4.327951754521260697e-06
1.761943637109024176e-06,-4.283910311686146239e-06
1.625274710061490655e-06,-4.349175979472551221e-06
-4.118564713287883681e-06,1.752165770780328951e-06
-4.221767602238875117e-06,1.577767106278044769e-06
3.875530948898405945e-06,1.746677456550980854e-06
3.958574177752441729e-06,1.601821365840082150e-06
-1.707519545344538086e-06,-4.401323984035313942e-06
-1.496309312584313055e-06,-4.468234332646381298e-06
1.469638373399221078e-06,-4.408292215714624788e-06
1.316790310000160129e-06,-4.462625522968840832e-06
-2.682757062410184856e-08,-4.859345829877254597e-08
-3.702480409678860590e-06,2.339356442919014828e-06
3.542695802442407635e-06,2.231559290006893020e-06
-2.298209860148863981e-06,-4.159686770597292307e-06
1.906390140832084819e-06,-4.211975450336171455e-06
-4.311776510274669571e-06,1.394675720279263988e-06
-4.386632481997293250e-06,1.232135983229794752e-06
4.031694536415846123e-06,1.447969362571902859e-06
4.093519959985503294e-06,1.309203112507327799e-06
-1.253172130300946612e-06,-4.524989695719888512e-06
-1.013923047194805724e-06,-4.574277532575704369e-06
1.138038640103886190e-06,-4.510710060515043819e-06
9.566181021282072208e-07,-4.554555448992304755e-06
-3.251658553050872170e-08,9.082351322905571845e-09
3.509894983927570814e-07,3.409925734590185107e-09
2.004828700643503830e-06,3.524085464995879145e-06
1.768185129384435027e-06,3.660265403119520471e-06
-1.805180723376917112e-06,3.838099440537518027e-06
-2.008643438594207532e-06,3.726250483260286299e-06
-4.450107324195363765e-06,1.062301057138750455e-06
-4.501981904915102052e-06,9.099383788572507584e-07
4.146885720404370912e-06,1.161288143497839676e-06
4.191537037431507392e-06,1.025553348904682159e-06
-7.410883014330308822e-07,-4.610019414428426117e-06
-4.728665924764432718e-07,-4.636927983447440065e-06
5.128721662285405352e-07,-4.620155251208347895e-06
7.399987743055296630e-07,-4.590213586284139378e-06
3.308844933557237700e-07,1.842998946539904760e-09
-3.943037886645001068e-08,5.310165514366650608e-09
1.516480127078589856e-06,3.783197025736115415e-06
1.289453761409862283e-06,3.885063027540435082e-06
-1.423476473712494578e-06,4.006481276383171384e-06
-1.600403090121464256e-06,3.932388010708212033e-06
-4.544347681926090248e-06,7.491612502864984134e-07
-4.577950735366318622e-06,6.014582182219215021e-07
4.259159107253485429e-06,7.408080148588343626e-07
4.228824163151197656e-06,8.788320578572168104e-07
1.052282035623125737e-06,3.973723250090779929e-06
8.404854850313624644e-07,4.044310535149369354e-06
-1.084081288856522698e-06,4.115370535106243309e-06
-1.243354078691590221e-06,4.067876325994622546e-06
-4.603188986118989384e-06,4.417104218511983852e-07
-4.621236860770452902e-06,2.897998058000171610e-07
4.282415580259159943e-06,5.882965380226711366e-07
4.299401114992377332e-06,4.406769298540246515e-07
2.269936585647436101e-06,3.364923398988723483e-06
-2.262066651731405916e-06,3.586167458669459240e-06
6.223025180195947134e-07,4.102797431759193536e-06
4.287507323139343186e-07,4.146541959575218676e-06
-7.670823568568171114e-07,4.181629160268106912e-06
-9.183046912416955912e-07,4.153526031178064330e-06
-4.630608142959310838e-06,1.199637887081843949e-07
-4.632686397844498856e-06,-4.747143534058554082e-08
4.308346954413573760e-06,2.735415854506681994e-07
4.310403719978641428e-06,1.075229448492914396e-07
-2.713711908723364514e-08,-3.528224875209111285e-08
-2.015350226628248853e-08,-4.100911120446793587e-08
3.251911890334274016e-07,-3.228838241798831344e-08
3.220239339567581716e-07,-2.992615839078970483e-08
9.802176590494884858e-09,6.227732260099447889e-08
5.624754185162457828e-08,7.982272558749556167e-08
2.308509422391202416e-07,4.179835326905111261e-06
5.536782158430660956e-08,4.201576728134884070e-06
-4.527986379988637192e-07,4.214035860514154794e-06
-6.051645221308438191e-07,4.201971261247523780e-06
-4.623719224678544275e-06,-2.404782801493250275e-07
-4.605447130064876432e-06,-4.359610180818570335e-07
4.301813377335991473e-06,-8.431711614164124366e-08
4.284270084147139902e-06,-2.783426268481829396e-07
4.206470361068177509e-06,-7.372999967845944462e-07
4.251492990127191376e-06,-5.054306668131080344e-07
-4.571255907778475796e-06,-6.657758767504716072e-07
-4.524112969518959670e-06,-9.019243548413475932e-07
-1.244663693833599778e-07,4.214475283029515993e-06
-2.854728067255366480e-07,4.218276729342450011e-06
4.142725984422690169e-06,-1.023972004976959272e-06
-4.457738669250983580e-06,-1.200372819488792171e-06
-6.890529332014937836e-09,-1.460725295964662673e-08
-2.013591866791418815e-08,-5.002626028196776971e-08
3.338544313998929047e-07,-3.869751698030594967e-08
3.163731884629662296e-07,-1.085044545249694569e-08
2.300320885687791628e-07,-4.443000559316922119e-06
3.376498655198486267e-07,-4.728198280561319001e-06
-2.845655728594306420e-07,-4.745311034648733341e-06
-1.656035380607123009e-07,-4.441867294406210671e-06
-4.504057808691667671e-06,-1.443322364081030595e-06
-4.229619323042165324e-06,-1.201092055741731195e-06
3.920617116881256504e-06,-1.024402190619295213e-06
4.190271959322521307e-06,-1.255613812751910104e-06
-8.431977832561131217e-10,7.522695166478935858e-08
8.090285690638914738e-10,2.601225135290323998e-08
7.672267706299267343e-08,4.191240878941351386e-08
1.179040594890805663e-07,1.156376920362839407e-07
3.086265235192889321e-08,-4.754971696817254689e-06
2.977695505714100750e-07,-1.474785189491939700e-08
3.224592117125881591e-07,-5.138354735431718056e-08
-3.544652139601421633e-08,-4.822297812566136844e-08
-1.467102127421770806e-08,-1.900359742052521636e-08
-6.645058081656558975e-09,3.033110094699810099e-11
3.251492121923572352e-07,3.743917892524642850e-09
-1.550546980178704736e-08,-2.251483028813151723e-08
-3.346864666495027130e-08,-5.884865129489181836e-08
2.956776852377124691e-07,-7.412466590252137362e-08
2.509999084870051348e-07,-5.272460464449466089e-08
2.496021760151801709e-07,-9.666434793543495625e-08
-4.190895547297920459e-08,1.280347672673338418e-08
-1.720021106885302486e-08,6.012845504041158815e-09
3.461741396933652504e-07,4.635548105899990621e-09
3.544543953133155902e-07,9.558328526426088701e-09
3.232152142207565406e-07,3.149828889246036418e-08
2.824223738441573126e-07,5.706503932279859098e-09
-1.232552230514827511e-08,3.348841908770934738e-09
-4.688042517705777195e-08,1.095884016254400893e-08
2.652059786957240097e-07,-2.354445820623531334e-08
2.087944143837473269e-07,-3.197282946759704055e-08
-4.218637141561745991e-06,-1.910816991252538530e-06
-4.093707319208084076e-06,-1.606859445050735555e-06
-4.391136090069295371e-06,-1.764338490382492613e-06
3.917289957560441523e-06,-1.711209869699154266e-06
4.086295847529271951e-06,-1.566321040693144663e-06
3.790863253790021694e-06,-1.406745742783909226e-06
2.026136867861634499e-06,-4.237824771294609568e-06
1.922447489191908664e-06,-4.090623228894117220e-06
-2.319043085415922042e-06,-4.013663272090596070e-06
-2.447989799818918287e-06,-4.192544350303311735e-06
3.546284460698186171e-06,2.403206732087268946e-06
3.378672866836874884e-06,2.222258666866858680e-06
-3.503049904128193712e-06,2.328927280659170479e-06
-3.704319139192859575e-06,2.543878589048731132e-06
-2.506254137018472105e-06,3.582900520357401967e-06
-2.249305892673253540e-06,3.359869572306271402e-06
2.257775816312476544e-06,3.133383478296692699e-06
2.506944121393561942e-06,3.358949753472914689e-06
-4.288155007682105288e-06,-2.131048978766167995e-06
-3.998345976201553423e-06,-1.978291693226423357e-06
3.692944608056100547e-06,-1.780872402832718318e-06
3.990335811141741786e-06,-1.942439638351980973e-06
1.956711974267332456e-07,-1.158813775504052863e-07
-2.867209571408002578e-06,3.155731687940939236e-06
-2.586250624199626344e-06,3.111467552299986263e-06
-2.782062027139757061e-06,3.390254465637025380e-06
2.837491727560210330e-06,2.943144070153629988e-06
2.762028718986699547e-06,3.165272848933317839e-06
2.577544684204215179e-06,2.900687296313565351e-06
2.868852851354137629e-06,2.695540820753581621e-06
3.044935824778938056e-06,2.948539490206013779e-06
-3.100885969697679927e-06,3.162736718482583273e-06
-2.904488113527717482e-06,2.885442542461417272e-06
-6.386579113945969376e-08,-4.210203883013416841e-07
-2.322616670287821881e-08,-2.076987982242758694e-07
-6.580496278551541303e-08,2.396525096496239789e-07
-1.181733477530667023e-08,1.077438340436163422e-07
4.919645901694949919e-07,1.891942619150999197e-07
3.798136621192932685e-07,8.135310309983682579e-08
4.875658693565018352e-07,-1.581196429564089228e-07
3.729259913910385908e-07,-7.795032661854914283e-08
-2.744627362417422065e-07,1.289017501892387854e-08
-1.051397467924655154e-07,2.432123652254699547e-08
-1.001252046220805349e-07,3.958905084877864979e-08
-2.202646212443520868e-07,1.309071946754411562e-07
1.579998921935227993e-07,-2.207870617443601529e-07
1.936772125612522324e-07,-4.189532276215318481e-07
4.033855814771701066e-07,2.221219052620604480e-08
5.397901074779659841e-07,1.053975835176436828e-08
2.698249711641975451e-07,1.673897194927397169e-07
3.336765193712198451e-07,3.053122009765237034e-07
-6.688287621764911697e-08,-9.615226887467094979e-08
-2.091480011619823901e-07,-1.927125899459565797e-07
-2.507042875841737901e-09,1.277229133204308967e-08
2.188175757015332684e-07,2.705432233293863682e-08
-2.181542122516805195e-06,2.532162931944186331e-06
-2.399985184898196211e-06,2.846774756250801282e-06
-3.418497039873147738e-06,-1.399386380611833745e-06
-3.804319416298937688e-06,-1.509324031646886820e-06
2.551933454742024040e-07,-3.787591333780297089e-06
2.356537406821310745e-07,-4.163101769532869235e-06
3.301086058325667726e-06,-7.983755582146324443e-07
3.648869997129102881e-06,-9.245796354875822713e-07
1.864305314571115450e-06,2.604814809051710373e-06
2.076339777405050846e-06,2.886520381078762571e-06
3.516757567367280542e-06,-1.311452838996630909e-06
3.171590933952884838e-06,-1.204847339534322969e-06
-2.057523559594556364e-06,3.101754460846798819e-06
-1.814792794246349247e-06,2.795507293801246843e-06
-1.719591357048131490e-07,-4.159763238276251557e-06
-1.858951103796626265e-07,-3.789108214515626442e-06
-3.944348439553007199e-06,-1.092446857947014968e-06
-3.563306476375610862e-06,-9.484346634525246561e-07
2.399469798521385612e-06,2.652710453046118129e-06
2.197542352706888836e-06,2.362302008532003503e-06
-5.491219887056041621e-11,2.097186881517977868e-08
1.526659689278215089e-07,3.731939139711323286e-08
-1.617290349349680658e-07,4.220229781825372076e-07
-1.981191577961120421e-07,2.566880646607539603e-07
-3.724611341251471845e-07,2.723237834251178465e-07
-1.004042680216013085e-07,-6.847589952868069499e-07
6.309809258827158478e-08,-5.407926311757024021e-07
2.228647829994038851e-07,-6.826357291620685795e-07
6.575594836287076083e-07,-2.523186958117240643e-07
5.932918227209414845e-07,-1.022407056047235265e-07
7.296654480522139695e-07,-2.241673163944504914e-08
6.284043223941164863e-07,3.339877365811176286e-07
4.655023924481057615e-07,3.199654468307508796e-07
4.281669253482997537e-07,4.797056215174066836e-07
-5.094506802978340202e-07,-2.545225753648186412e-08
-3.405715500134403443e-07,-1.237845649723656328e-07
-4.199813280069491435e-07,-3.061209999682919754e-07
3.005947593391911395e-07,9.516513173409128556e-08
2.326917569582976517e-07,9.428656394186440568e-08
-3.471877967831465191e-08,5.144913479373897361e-08
2.779326781135732923e-09,5.356608624452352160e-08
-1.068528345093630518e-08,7.240330867262511013e-09
-2.337909212617427596e-08,1.606415904207373305e-08
3.406804687743767979e-07,1.796841091617051023e-08
3.357006800477788522e-07,9.575213897970580265e-09
-3.310370049578985329e-06,-3.220352358352202108e-06
-3.439277977417988621e-06,-3.052229769227307715e-06
-3.460275233147360418e-06,-3.209226426168627799e-06
2.884326771858040438e-06,-3.211762111030157962e-06
3.058808607157133328e-06,-3.195901940637894180e-06
3.035259072121057265e-06,-3.008133727600298282e-06
-3.185727773136859879e-06,-3.364404058204791001e-06
-3.187905080303276133e-06,-3.505373368214070097e-06
-3.048485658725804720e-06,-3.500678428687193482e-06
2.741993504259840389e-06,-3.385256339811038415e-06
2.591241539252245438e-06,-3.546715173386362377e-06
2.744122524554303530e-06,-3.549027352454599552e-06
3.177375840608474043e-06,-2.796971700536228088e-06
3.366597058169407230e-06,-2.756452425073779427e-06
3.320463686497986339e-06,-2.551880049730818780e-06
-3.559067928305658682e-06,-2.876909599057727120e-06
-3.679336986460282563e-06,-2.669972699811519419e-06
-3.720815535404643883e-06,-2.844563117267629569e-06
-4.012465965436881579e-08,2.155121403394631536e-08
-4.756019376842266726e-08,3.196576352975967431e-08
3.518560696835963086e-07,2.196643041164810709e-08
3.587508299338080275e-07,2.981625272756280937e-08
-2.916710098058094557e-06,-3.620616503363404185e-06
-2.904419593111903551e-06,-3.750308679276996022e-06
-2.771592681824906212e-06,-3.733671780978179958e-06
2.453608924340205992e-06,-3.684616069137360795e-06
2.311079261686333683e-06,-3.809777876347886315e-06
2.441274327574962122e-06,-3.823558483790299921e-06
3.454810145465481663e-06,-2.305577378462969886e-06
3.641662035539954529e-06,-2.263666627954148509e-06
3.575687282022957292e-06,-2.053235093524339462e-06
-3.793169824559359139e-06,-2.456639036134306872e-06
-3.896901345506297873e-06,-2.230452823739089333e-06
-3.959535612248444043e-06,-2.421197350817673221e-06
-2.627662443145156969e-06,-3.835470393360446846e-06
-2.615074042087221340e-06,-3.954446690882732375e-06
-2.480792686540632726e-06,-3.926385801780859197e-06
2.178851536017926995e-06,-3.916989885826956133e-06
2.052954847827754348e-06,-4.007795776525845582e-06
2.167873778103313021e-06,-4.029899210235117335e-06
3.063756354610188628e-06,2.531549931100879290e-06
3.223277886669109179e-06,2.381824985196840829e-06
3.230467689324679828e-06,2.545580602636742587e-06
-3.127749881314311617e-06,2.696382959751170677e-06
-3.322211589904915514e-06,2.711371647752104010e-06
-3.315661544153224999e-06,2.519993522742165205e-06
2.945742996215924502e-06,-6.738382549651606617e-07
3.059334261689557410e-06,-9.418551024752742217e-07
2.813651580740323696e-06,-1.088307832764119492e-06
-1.946237211866107372e-06,2.205696230274351001e-06
-1.879212251403729589e-06,2.504105374110092362e-06
-1.569153176578239666e-06,2.476422923354924544e-06
2.701354916950690005e-07,-3.390260738494497466e-06
3.634102558279813316e-08,-3.593679326526486212e-06
-1.940710707281661737e-07,-3.392059981146934473e-06
-3.010063501491937508e-06,-1.274804551422589765e-06
-3.291675018613595304e-06,-1.107773833168711659e-06
-3.161433527516801578e-06,-8.038144978758919984e-07
1.651004874981066646e-06,2.313999927645257041e-06
1.925713283541800867e-06,2.338038814916124448e-06
1.988131134623466370e-06,2.068549398834839925e-06
2.300328407729386474e-06,-4.067025969018366909e-06
2.169070985367067451e-06,-4.151693716115223653e-06
-2.760568471886501256e-06,-3.996041923151463971e-06
-2.616412429955229267e-06,-4.090215474155980529e-06
3.244816550770904531e-06,2.752028618315191041e-06
3.392400499996073609e-06,2.587506864523146308e-06
-3.335900659908467468e-06,2.946859329560408287e-06
-3.514386466318245105e-06,2.759389238975885641e-06
2.322363365375270300e-06,2.885159360136793164e-06
-2.317008677056561934e-06,3.098259220285911240e-06
-4.036425469940289549e-06,-2.609952375538773233e-06
-4.154907841709780347e-06,-2.393747463012625409e-06
3.726183859815320034e-06,-2.477960834628377159e-06
3.854335143838540376e-06,-2.230834637048531664e-06
2.600919509935811627e-06,-3.843710602774614448e-06
2.448978066142127922e-06,-3.959157159408296411e-06
-3.058640230113588665e-06,-3.771449148686656145e-06
-2.912691805552027784e-06,-3.883805429566536382e-06
1.762634527480925838e-07,1.137465836353559086e-07
2.000396912040370822e-07,6.579713875224787048e-08
1.865902887718589331e-09,3.755214704738980089e-08
6.191804044564547091e-09,7.026518067180789526e-08
-3.764163550533157707e-06,-3.024872488388959415e-06
-3.897735409043227462e-06,-2.827563674315558719e-06
3.415750633280833288e-06,-2.970532427462209125e-06
3.570338770890165313e-06,-2.734022613251820959e-06
2.921538838855252093e-06,-3.555238578765437245e-06
2.758809583799338522e-06,-3.705686899558803688e-06
-3.344575003511358218e-06,-3.512950259638421180e-06
-3.202229865837557866e-06,-3.644667156020199504e-06
-1.703019797006655949e-06,1.877108766008378455e-06
-1.457210383312339664e-06,1.554160243642793580e-06
-1.391626085709133033e-06,1.849253870374361645e-06
-1.324291954963561814e-06,2.149283710391502755e-06
-1.085429822002077549e-06,1.821270173819951975e-06
1.879788465971900602e-06,-3.284800989166035471e-07
1.548545328690515843e-06,-2.306041688685601759e-07
1.650116900483109251e-06,-4.653717433767486750e-07
1.756254594453552959e-06,-7.161089369616410873e-07
1.433585597691924992e-06,-5.919784593207020323e-07
1.440081058724834774e-06,2.020281607728590889e-06
1.235369675228872183e-06,1.728835417061775290e-06
1.502277125505710992e-06,1.752665782930365460e-06
1.775212688332796104e-06,1.776334947044950421e-06
1.562438591398894898e-06,1.490780669000879912e-06
-1.308233756782978068e-07,-9.983046078083882555e-07
-1.553810245872854115e-07,-1.352315601856068360e-06
5.622641488876821566e-08,-1.167329081725700943e-06
-8.008060035157848200e-07,-8.854782332943774148e-08
-1.138185540077925361e-06,-1.731780162195464888e-07
-9.016819388770773123e-07,-3.128153094452855329e-07
2.465827222242201057e-07,-9.966148711059889840e-07
2.645416889699563212e-07,-1.350638487506181801e-06
-6.907728282964162408e-07,-4.324441967110337084e-07
-1.011485689088536164e-06,-5.682319229620114070e-07
2.098651459579606978e-06,-8.417511389308959082e-07
-7.567760857026978617e-07,6.904805175502944845e-07
-9.788622124710337469e-07,9.537813714916739906e-07
-1.950407077921300205e-07,-2.559623743770607142e-06
-1.874017445975194582e-07,-2.142452353446427110e-06
1.241523308119517353e-06,-1.453559658859754989e-07
6.940836427683420065e-07,9.183500385007156851e-07
8.588872523974225327e-07,1.172948403062863141e-06
-2.325072729672074957e-06,-5.232396941410284651e-07
-1.910393667774590411e-06,-3.938247065753845444e-07
4.962052213826451450e-08,-1.935525499368738217e-06
-1.742121259634383314e-07,-1.736887130793976659e-06
5.494179278118845772e-07,6.857060974741918546e-07
-1.214071663620110877e-06,1.244013613570315552e-06
1.098821515536249549e-06,1.195145372439677490e-06
1.040464624733762863e-06,1.444734087659940306e-06
-1.634405257320224494e-06,-5.573101971852504256e-07
-1.511414701005023447e-06,-2.760389128188521605e-07
-5.529425710431537701e-07,4.610305862881254050e-07
-2.745439275662946710e-06,-6.609938383127456249e-07
-9.213912638011275165e-07,1.218338826715256080e-06
2.453497216717045106e-06,-9.665693511375000036e-07
9.660886333214999395e-07,-7.515479147080954894e-08
-1.972253135852878731e-07,-2.979172978871632707e-06
2.767606214552161795e-07,-1.735197837147513132e-06
-1.371969056544675153e-06,-7.101888714231336837e-07
1.353537720378433857e-06,1.216878339889601685e-06
7.861230013196849330e-07,5.134353274310888023e-07
2.833350735309581188e-07,-2.140762759024973935e-06
-2.936656134218497011e-07,6.462670603366526148e-07
-1.762106331486059083e-06,-8.550536245620616168e-07
-2.591113061760566030e-06,-1.140553444829232370e-06
-8.578220446207286046e-07,1.499800954293683359e-06
2.799339026539792219e-07,-2.977480565769160115e-06
1.152150948302843185e-06,9.595153988749444173e-07
2.585707484674413260e-06,-5.524894039036771086e-07
8.768305220868338853e-07,-3.576934927995192530e-07
-5.100869486637000543e-07,6.688739233871816419e-07
7.440528619295634942e-07,7.049651917433828667e-07
2.843602231458120118e-07,-2.557938025013189021e-06
-2.171826375972762884e-06,-9.995826997712780838e-07
9.618460149772281517e-07,7.234729738321658685e-07
-6.466251632190720393e-07,1.192090995323144167e-06
2.227936747940784972e-06,-4.365759287764723050e-07
2.339949709060518428e-06,-6.988760174028623424e-07
1.137983130584115140e-06,-4.717156406785317876e-07
-2.457823897289439387e-06,-8.309343857890899261e-07
-4.569099044908412486e-07,9.052461821159821603e-07
4.300912328760962136e-08,-2.768967594946673303e-06
1.048214448961127944e-06,-2.600957574257657899e-07
-3.485379133940396860e-06,-3.364396459213564002e-06
-3.623661450229906185e-06,-3.203868748255103950e-06
3.086631677005793964e-06,-3.379963083557926473e-06
3.250283576301166125e-06,-3.186878844356037437e-06
1.095540447897532742e-07,-3.877276164434408982e-08
3.636658331977197760e-07,-1.701090813384479430e-08
-5.547357685516618554e-08,-2.403885871708775549e-08
3.697702377018236008e-06,-1.164425484824417308e-06
-3.996511202686338472e-06,-1.351082535412266959e-06
7.819312991397067440e-08,-1.841588427526883107e-07
-2.583812823728952890e-10,-1.162069256260102831e-07
1.483719635478079689e-07,-1.397513324611408352e-07
3.334247362922353051e-08,-4.282701668598351066e-06
1.364172959304203313e-07,-9.282453797621077926e-08
4.597612984202627346e-08,-5.682453470228584069e-08
