Size 899,2
0.000000000000000000e+00,0.000000000000000000e+00
0.000000000000000000e+00,0.000000000000000000e+00
1.292441774724883329e-09,-3.722089078501348945e-06
-1.756289720149209832e-07,3.230888184815083895e-06
1.332971638507614686e-07,-1.000643044382315729e-07
2.122594593705820420e-07,-5.836493527993811173e-08
2.897172680498613014e-07,-3.248405171850101233e-06
2.652722540352769372e-06,-1.172861058570530485e-06
2.444593702723107140e-07,3.139914656620514485e-08
2.386960668252718866e-07,2.035532154356331893e-08
2.851606033628152128e-06,-6.139746406394334120e-07
1.912755944380362673e-06,1.952118390664639565e-06
1.152602823926868881e-07,1.057666249712150143e-07
1.347177207922227182e-08,5.360019653723851475e-08
1.439235629072530890e-06,2.296001598163653746e-06
-1.488079274546283081e-06,2.468490845842685013e-06
-5.546856957263974429e-08,-1.078050123998122454e-08
-4.068849090662124937e-08,4.269199745147685761e-08
-1.981525595280665841e-06,2.092605819049447794e-06
-3.133253129832512099e-06,-7.307477258440375822e-07
-6.472861274083066479e-09,-6.195225475031951219e-08
-5.565485984197873718e-08,-7.436624221103306747e-08
-2.927534057247913530e-06,-1.326786624735239547e-06
-2.965232963496201574e-07,-3.241323907281922847e-06
8.747185613213348474e-08,0.000000000000000000e+00
1.381729241248072258e-07,0.000000000000000000e+00
1.687945004099069138e-07,0.000000000000000000e+00
1.882030965547338799e-07,0.000000000000000000e+00
2.008143561434652874e-07,0.000000000000000000e+00
2.127931778440826506e-07,0.000000000000000000e+00
2.193102486299386901e-07,0.000000000000000000e+00
2.178917299039356408e-07,0.000000000000000000e+00
2.105815461155581310e-07,0.000000000000000000e+00
1.936832531049234196e-07,0.000000000000000000e+00
1.560562398906266076e-07,0.000000000000000000e+00
1.052962354650665209e-07,0.000000000000000000e+00
5.500583309536326993e-08,0.000000000000000000e+00
0.000000000000000000e+00,0.000000000000000000e+00
0.000000000000000000e+00,0.000000000000000000e+00
0.000000000000000000e+00,0.000000000000000000e+00
0.000000000000000000e+00,0.000000000000000000e+00
0.000000000000000000e+00,0.000000000000000000e+00
0.000000000000000000e+00,0.000000000000000000e+00
0.000000000000000000e+00,0.000000000000000000e+00
0.000000000000000000e+00,0.000000000000000000e+00
0.000000000000000000e+00,0.000000000000000000e+00
0.000000000000000000e+00,0.000000000000000000e+00
0.000000000000000000e+00,0.000000000000000000e+00
0.000000000000000000e+00,0.000000000000000000e+00
0.000000000000000000e+00,0.000000000000000000e+00
2.288161687515276560e-07,-3.700139189954510113e-06
4.337345237110018408e-07,-3.660203282825158705e-06
6.084907830046725507e-07,-3.615451190462603359e-06
7.628020995599769940e-07,-3.568783829476116086e-06
9.009734347974234086e-07,-3.521250213764499526e-06
1.026668337063807915e-06,-3.473227985155276203e-06
1.143113101321560067e-06,-3.424565655712271945e-06
1.253160983832136760e-06,-3.374785006061958656e-06
1.359335027192105968e-06,-3.323049467838946926e-06
1.463734609322373469e-06,-3.268243520259242698e-06
1.568765448726887190e-06,-3.209745488381239150e-06
1.676181082459363039e-06,-3.145689056982443780e-06
1.787570001383998114e-06,-3.073748705100650244e-06
1.903077567445908300e-06,-2.992285218250711250e-06
2.023104668634131371e-06,-2.899415458886104982e-06
2.147041864214936065e-06,-2.793635124132869149e-06
2.274185118659372146e-06,-2.673514289073855301e-06
2.403075844074552407e-06,-2.538169711189204747e-06
2.532139545419063256e-06,-2.386922964172648443e-06
2.659289831912330460e-06,-2.219853039615449615e-06
2.782354886499030591e-06,-2.037358791235890506e-06
2.899072790301245244e-06,-1.840784098062824790e-06
3.007372934597959592e-06,-1.631043271738597781e-06
3.104314314815260014e-06,-1.410169970831161010e-06
3.186479931459660267e-06,-1.180523637279508852e-06
3.247960122146825585e-06,-9.490232686107934002e-07
3.289028237792487859e-06,-7.277828818112835954e-07
3.311214813373995120e-06,-5.260627427215218096e-07
3.321134858060827005e-06,-3.467244633397606518e-07
3.322940005024083840e-06,-1.857201097921288239e-07
3.318739923462747403e-06,-3.989458528111210103e-08
3.309949775371495621e-06,9.352625662588962713e-08
3.297531365508458145e-06,2.170549813052737093e-07
3.282093063546209431e-06,3.331431216815823950e-07
3.263876713906887169e-06,4.440603352305682096e-07
3.242815599335250181e-06,5.519112288826546312e-07
3.218556408269363501e-06,6.585862040445339922e-07
3.190502377583736814e-06,7.657145158491323834e-07
3.157869165085689382e-06,8.746925505190020129e-07
3.119701903528195966e-06,9.865962204990176616e-07
3.074962654856377884e-06,1.102265952765924635e-06
3.022517550684509978e-06,1.222199875476236435e-06
2.961252093190036175e-06,1.346677074575948324e-06
2.890015806133591727e-06,1.475671195788289437e-06
2.807706888858195386e-06,1.609022422039799314e-06
2.713088943516929948e-06,1.746278983349354511e-06
2.607456243793007710e-06,1.890106989966601983e-06
2.485863657970350758e-06,2.038991813110327876e-06
2.345714247942441421e-06,2.192375432275664538e-06
2.186328099054947983e-06,2.346630821620539305e-06
2.006910735775241699e-06,2.496572964333071275e-06
1.813529962626360041e-06,2.632994405826405960e-06
1.615743536889763433e-06,2.753151013618155567e-06
1.419555731562029826e-06,2.856369705072160843e-06
1.227836978109332059e-06,2.944253086801998946e-06
1.041565297650761346e-06,3.018046143630147131e-06
8.618083941562962235e-07,3.078706483665614337e-06
6.894420922525272329e-07,3.127226221712693556e-06
5.251694571386925652e-07,3.164754275503159179e-06
3.692903987439576216e-07,3.192510268197496224e-06
2.218435866437675837e-07,3.211778105172725674e-06
8.242335581781826502e-08,3.223814230285836038e-06
-4.967419914921868996e-08,3.229824111020449793e-06
-2.968105243327819508e-07,3.227490373410334239e-06
-4.146852730168764117e-07,3.219883717185127085e-06
-5.308833150997458664e-07,3.208454285607292494e-06
-6.473396791719487192e-07,3.193259121756477749e-06
-7.662106248490169801e-07,3.173976536986786638e-06
-8.897602008652104650e-07,3.149882938529403059e-06
-1.020391810868185843e-06,3.119833609547446732e-06
-1.160453821977153972e-06,3.082231557216694661e-06
-1.312443964652606855e-06,3.035022640631385264e-06
-1.478987128619596390e-06,2.975373958053324646e-06
-1.663324724638819469e-06,2.898652707388594104e-06
-1.864051057311927601e-06,2.798169778959867487e-06
-2.074278465355320481e-06,2.673251804935199725e-06
-2.277264636979021678e-06,2.523751739656865830e-06
-2.463985327283618255e-06,2.361398907827862806e-06
-2.632547036566810883e-06,2.193137069778016192e-06
-2.782265269453438054e-06,2.023883781648999760e-06
-2.913960639300346041e-06,1.856067722417438077e-06
-3.032053159168796905e-06,1.692979021732636230e-06
-3.134731489276243716e-06,1.533115223257771438e-06
-3.222968305973618216e-06,1.377973273365155174e-06
-3.297831596319532436e-06,1.228608024354337036e-06
-3.360638128891641396e-06,1.085763851959885578e-06
-3.412800099807547026e-06,9.496962937734373119e-07
-3.455866131412853476e-06,8.202592713989119302e-07
-3.491340490048745957e-06,6.967634474723247459e-07
-3.520680035138398532e-06,5.781178440026633418e-07
-3.545153754727038994e-06,4.627255556835634078e-07
-3.565806773246041180e-06,3.486255796014988706e-07
-3.583371019555333305e-06,2.334542736882736462e-07
-3.598201389396843382e-06,1.145513529343484230e-07
-3.610243907816061503e-06,-1.098449859672257748e-08
-3.618959528674790634e-06,-1.462611297213321792e-07
-3.623355150253085024e-06,-2.944540698222512874e-07
-3.621865813226873935e-06,-4.590126405627033362e-07
-3.612062312426815014e-06,-6.439149220557305468e-07
-3.588792748892649701e-06,-8.544522182532655283e-07
-3.543383406539578175e-06,-1.086986743754721614e-06
-3.472745248041615190e-06,-1.327097656535441434e-06
-3.379594456502991048e-06,-1.555835270674122853e-06
-3.275536268230000444e-06,-1.762525396526256563e-06
-3.167263010876153953e-06,-1.949547230035126186e-06
-3.057712957016525462e-06,-2.118467976227229300e-06
-2.947283213642639364e-06,-2.272003448776406734e-06
-2.836742135821132312e-06,-2.411022922419733424e-06
-2.726635614818712918e-06,-2.537060287727284793e-06
-2.617279944994824530e-06,-2.651609046380355214e-06
-2.508454344502839177e-06,-2.756413013295652266e-06
-2.399748722345650430e-06,-2.853056581354841786e-06
-2.290271778522082969e-06,-2.943115535498959113e-06
-2.178981094946092225e-06,-3.027949917557710178e-06
-2.064541178228705217e-06,-3.108735488093032137e-06
-1.945287299403940715e-06,-3.186550984223724462e-06
-1.819427783171662224e-06,-3.262025406669977127e-06
-1.685339088878304453e-06,-3.333132045533051382e-06
-1.542895185619252747e-06,-3.400952417452237882e-06
-1.390981025719227102e-06,-3.465059508933173387e-06
-1.228595921469837427e-06,-3.524888881002322694e-06
-1.054867894374170510e-06,-3.579591200545919775e-06
-8.691673525294428371e-07,-3.628173914711189059e-06
-6.709939229359590069e-07,-3.669379938862556347e-06
-4.597798701321044860e-07,-3.701671382961568547e-06
-2.327398790075090424e-07,-3.722111136968813905e-06
1.509398118718040846e-07,-8.071561341829880890e-08
1.738488937786681963e-07,-6.460981191685995799e-08
1.904661047272772452e-07,-4.884869999330648743e-08
1.990368777275304831e-07,-3.859186645638697950e-08
2.043540136019035964e-07,-3.912649631390484668e-08
2.630159626012500309e-07,-1.476722489917818518e-07
3.617032570254971994e-07,-2.396147830214128859e-07
5.004639212571155858e-07,-3.365473981729227990e-07
6.741666905709539051e-07,-4.373515230058700453e-07
8.772452752763035864e-07,-5.402599981502107990e-07
1.104123585643380443e-06,-6.435065109594034771e-07
1.349259736335367232e-06,-7.453431787262123957e-07
1.607167944579322484e-06,-8.440336077415177649e-07
1.872413183676909266e-06,-9.378012501704282449e-07
2.139371497749940581e-06,-1.024713542483249561e-06
2.401492581394308539e-06,-1.102979385105400479e-06
2.570923031643017470e-06,-1.379097140629593299e-06
2.481227673619125571e-06,-1.580822272163235610e-06
2.386770600236139905e-06,-1.773763368767510487e-06
2.288739745781167527e-06,-1.955503772608325807e-06
2.188226631157293392e-06,-2.124990875768715456e-06
2.086841171126223186e-06,-2.280873647149587563e-06
1.985343363185619791e-06,-2.423114159062692240e-06
1.885010745021881050e-06,-2.551215228144752423e-06
1.786087428143596716e-06,-2.665923715240872786e-06
1.689243618818823891e-06,-2.767416426729930265e-06
1.594042538951677350e-06,-2.856836682927165849e-06
1.500323791178969662e-06,-2.934958799881301361e-06
1.407132926799515300e-06,-3.002579914100924018e-06
1.312746020270151220e-06,-3.060663949360080234e-06
1.215610425750598111e-06,-3.110456441775138036e-06
1.114026073518863451e-06,-3.153051593910418106e-06
1.006073933728163925e-06,-3.188734408429457929e-06
8.894696278863890165e-07,-3.217466084480636041e-06
7.617004194920207753e-07,-3.239001315647963725e-06
6.201318051373578981e-07,-3.252573192606386387e-06
4.626015638094817318e-07,-3.256916301972633374e-06
3.297389245285095966e-07,-2.975382325207026362e-06
3.554185474039889353e-07,-2.682973111675187278e-06
3.725800036720467162e-07,-2.376041173264751536e-06
3.815378207162561363e-07,-2.060484314249390710e-06
3.820684766818623265e-07,-1.743160302319102600e-06
3.739759548123779756e-07,-1.431230690600369648e-06
3.570932985743379186e-07,-1.132005030886951023e-06
3.312466236778021010e-07,-8.529017683091257083e-07
2.961749862694103356e-07,-6.014817807401171217e-07
2.514711358760620392e-07,-3.858664679764599479e-07
1.970141727013567618e-07,-2.152174540430259847e-07
2.229143345360680948e-07,1.544365286265485607e-08
2.202768974065680372e-07,6.192860934110769451e-09
2.212296181081995589e-07,2.920152770124663383e-09
2.241928428944873168e-07,3.525219657145142544e-09
2.291973232082417709e-07,8.829228631885103690e-09
3.318538569224695513e-07,6.118517278733888613e-08
4.391350169368651055e-07,1.382827938518696229e-07
5.604914354406641551e-07,2.441886991665747039e-07
6.943856425945098535e-07,3.755955299798938064e-07
8.385174512990306736e-07,5.294086540876004799e-07
9.903706733769166381e-07,7.024086987723666122e-07
1.147338979742096210e-06,8.912486541614942738e-07
1.306753849947557028e-06,1.092482519069216282e-06
1.465887783749488061e-06,1.302577041034011835e-06
1.621955680401384402e-06,1.517925502726007903e-06
1.772110443709677049e-06,1.734969013118573228e-06
2.073935290688066530e-06,1.833523221972078893e-06
2.219868137748459968e-06,1.712931781103687343e-06
2.350403630918631599e-06,1.594599665801750461e-06
2.466580933010656096e-06,1.479172259693556948e-06
2.566317918803950613e-06,1.365257612778595495e-06
2.654692543587089041e-06,1.253372605077048214e-06
2.732189845523862114e-06,1.144181864521799458e-06
2.799500249483872228e-06,1.037837695722299389e-06
2.857266501129073502e-06,9.342243007792262041e-07
2.906188132502949482e-06,8.329760196318623819e-07
2.946854411631842123e-06,7.334987588849299340e-07
2.979792614732081612e-06,6.349510019772426464e-07
3.005375732580925806e-06,5.362717796702154201e-07
3.023801907755078197e-06,4.361711168136525360e-07
3.035070289463499891e-06,3.331734543728209636e-07
3.038902007598811645e-06,2.256163974897339733e-07
3.034775629120424944e-06,1.117099740431818959e-07
3.021813410042413229e-06,-1.045811290050768012e-08
2.998865713857989556e-06,-1.428274117655428135e-07
2.964389913450749522e-06,-2.872540000318652596e-07
2.916450251180728035e-06,-4.448640906137813962e-07
2.602266126374166002e-06,-5.040337540875553670e-07
2.343232381399275562e-06,-4.049945091155113919e-07
2.078242601371576114e-06,-3.110994433143127684e-07
1.811227750904941404e-06,-2.233074961202655776e-07
1.547280514027809184e-06,-1.435117103879216628e-07
1.291826528129209529e-06,-7.359380673514814171e-08
1.050353769584297137e-06,-1.539765748725188116e-08
8.283794997183909228e-07,2.923040979492463412e-08
6.314663853278943335e-07,5.842580062850381259e-08
4.652581845683892322e-07,7.033155620556595099e-08
3.348112040056623540e-07,6.306922441562175507e-08
8.145127368016792342e-08,9.248253141899015562e-08
4.728356171406632807e-08,8.277053811678613547e-08
1.890733395758285557e-08,6.803857341685744886e-08
3.089348319928222487e-09,5.154479843075562528e-08
3.658693148651575328e-09,3.985879034849651812e-08
1.945674299515074722e-08,1.476696377767468728e-07
-1.220475911825143423e-08,2.788769751524973816e-07
-7.583548343590276436e-08,4.415299881482494732e-07
-1.676926788412189278e-07,6.305428713971273926e-07
-2.841138790921155841e-07,8.408003375718752636e-07
-4.215028635858905904e-07,1.067185665585937490e-06
-5.762234030051863466e-07,1.304472164696244137e-06
-7.445588636178570624e-07,1.547328581908356664e-06
-9.226919622227734064e-07,1.790369835107506263e-06
-1.106819785242377864e-06,2.028374863254943268e-06
-1.294173968091416079e-06,2.256646017587311978e-06
-1.344487036250894321e-06,2.585220248944471393e-06
-1.205561968568120293e-06,2.681218467183165390e-06
-1.074924091294911789e-06,2.759480764953383125e-06
-9.521334265599754701e-07,2.822367255747854477e-06
-8.357379952841082681e-07,2.871937134057589565e-06
-7.240426448506063404e-07,2.909988103222384928e-06
-6.153132990196865527e-07,2.937956879428554665e-06
-5.078423293605532898e-07,2.956929004769690139e-06
-4.000239319990210159e-07,2.967671607776307394e-06
-2.903907364193394544e-07,2.970619779025507815e-06
-1.776591366628622624e-07,2.965952108457857707e-06
-6.068304373144049041e-08,2.953565846235733891e-06
6.156743825144370106e-08,2.933168265939676017e-06
1.899329522830103526e-07,2.904305793409474815e-06
3.249616977515843856e-07,2.866401941810944624e-06
4.669121493265791149e-07,2.818818451519037786e-06
6.157300721222382016e-07,2.760859357634168867e-06
7.710950642167997812e-07,2.691888086581239294e-06
9.323956974538161319e-07,2.611288032100124893e-06
1.098747595333242375e-06,2.518632858320371034e-06
1.268706689394930849e-06,2.413613047394766971e-06
1.277299390171269579e-06,2.093919803759732569e-06
1.118115095129901347e-06,1.883667846774619783e-06
9.620999849385012963e-07,1.668395522365575231e-06
8.119077146163918461e-07,1.451848320691448203e-06
6.701487115502878035e-07,1.237818388654199575e-06
5.393418310517974234e-07,1.030001824718193662e-06
4.219385462366526391e-07,8.319975869949923087e-07
3.203344000731406962e-07,6.473142678457677028e-07
2.368862747884089060e-07,4.794083871225246408e-07
1.738429250400881863e-07,3.318077858125352176e-07
1.327200598737424262e-07,2.075649321623127788e-07
-2.616793345838462290e-08,-8.645543097179153704e-09
-1.332072376938048053e-08,-3.767457784406673782e-09
-8.139300397312528995e-09,1.547610616639955610e-09
-7.345678454497355486e-09,7.998451982855206155e-09
-1.179985021571877091e-08,2.095941888067754277e-08
-1.535263093625176378e-07,8.603219417811676292e-08
-3.158087289033138514e-07,9.808420356321150497e-08
-5.222639855525702769e-07,8.551723143345176138e-08
-7.659175323983488082e-07,5.073946546065753288e-08
-1.038908396645136379e-06,-3.722947654182095648e-09
-1.333487056796197708e-06,-7.529590953047343037e-08
-1.641965440060482077e-06,-1.614247929471709734e-07
-1.956689808833381025e-06,-2.595638071043105412e-07
-2.270059695110443453e-06,-3.671441386134664902e-07
-2.574719852290758573e-06,-4.815788169715302682e-07
-2.864347850056867230e-06,-6.010654305578858768e-07
-3.203271228392254311e-06,-5.584202871281298557e-07
-3.254775533832400692e-06,-3.973007792886215642e-07
-3.291657199437936395e-06,-2.503014433290193651e-07
-3.315926046390673748e-06,-1.161558763498045413e-07
-3.329172888240799337e-06,7.461724006427448740e-09
-3.332535137982284359e-06,1.230221553158575880e-07
-3.326836382282778252e-06,2.329732829273022842e-07
-3.312474114938552272e-06,3.396048480513064338e-07
-3.289558685276524677e-06,4.450289820712456568e-07
-3.257883901404411344e-06,5.510851262722260609e-07
-3.217021204510901597e-06,6.593351583142496850e-07
-3.166384267198954568e-06,7.709881071170736771e-07
-3.105247085170919341e-06,8.869136708555087468e-07
-3.032908590341674283e-06,1.007591630236320731e-06
-2.948624319568284403e-06,1.133145054682234810e-06
-2.851866876042247756e-06,1.263310917951554846e-06
-2.742192655795201640e-06,1.397441962285912075e-06
-2.619590397167502543e-06,1.534264883902481901e-06
-2.479465116021594918e-06,1.672639250072883963e-06
-2.325576227188555538e-06,1.813555479324718398e-06
-2.158663212306618872e-06,1.955319419117718070e-06
-1.831666043976654329e-06,1.859081002390434149e-06
-1.667674049536050227e-06,1.617755012823026406e-06
-1.491956031930441263e-06,1.374050317805703017e-06
-1.308942541426884408e-06,1.134406963053354870e-06
-1.122926200197855505e-06,9.043058667658143079e-07
-9.379331837825742039e-07,6.889704987476234809e-07
-7.578794406480252440e-07,4.935547531990781590e-07
-5.866246964842552303e-07,3.231411871161896120e-07
-4.279937363129650779e-07,1.827036129846480491e-07
-2.857116811441635702e-07,7.694026185503761365e-08
-1.622063776802172276e-07,9.800803719794744576e-09
-2.333876008534208264e-09,-3.021452340072058004e-08
-6.783991434918596062e-09,-1.834350030520589415e-08
-1.465092084862848529e-08,-1.592793449965883371e-08
-2.510456998372673425e-08,-2.328876156523520795e-08
-3.735822222483487773e-08,-3.915425723854350338e-08
-1.378836297262560247e-07,-2.077258888654565035e-07
-1.971092416328135726e-07,-3.841233374429129023e-07
-2.464848544409128889e-07,-6.002230807787661810e-07
-2.870026389705065310e-07,-8.514356661532644785e-07
-3.185072105568402556e-07,-1.130455249285355232e-06
-3.410596319506070735e-07,-1.429670840235383408e-06
-3.548140089857733103e-07,-1.741608017309996214e-06
-3.599315862266657026e-07,-2.058958895670534757e-06
-3.565469513816012110e-07,-2.374541271289575350e-06
-3.447985853414868576e-07,-2.681149218202507015e-06
-3.250814360278330438e-07,-2.971659358204694428e-06
-4.965068361449647665e-07,-3.239889404718417127e-06
-6.896597715581486673e-07,-3.227623191179101915e-06
-8.726597181622110609e-07,-3.206783539846825053e-06
-1.044781956211724690e-06,-3.178176772986103407e-06
-1.206113597180147037e-06,-3.142468870046573185e-06
-1.357092652474054611e-06,-3.100092196795721213e-06
-1.498399134074156417e-06,-3.051443798110265451e-06
-1.631003741500981076e-06,-2.996659114232809292e-06
-1.755309418272666489e-06,-2.937965472533091384e-06
-1.871390243820598173e-06,-2.872934421330740406e-06
-1.980500016603909912e-06,-2.801402808412559256e-06
-2.083826271326152119e-06,-2.722686195466174110e-06
-2.182423966773033996e-06,-2.635985344305317294e-06
-2.277262497981061091e-06,-2.540185468715237647e-06
-2.368930251431480736e-06,-2.434362879858960928e-06
-2.458081993042812038e-06,-2.317096208838806165e-06
-2.544716687977841977e-06,-2.187558126323363259e-06
-2.629081312160101432e-06,-2.044274345321895032e-06
-2.710568024922540836e-06,-1.886787384533102694e-06
-2.788883401926985153e-06,-1.713949072270422402e-06
-2.863268492372593936e-06,-1.526273138687835509e-06
-2.644246456697280473e-06,-1.265728903531973467e-06
-2.343481071654504197e-06,-1.188229750991286721e-06
-2.031446683221591211e-06,-1.097030523103963886e-06
-1.716262005323976031e-06,-9.946131758838769880e-07
-1.405657019931379417e-06,-8.835386637206149241e-07
-1.107245996913555473e-06,-7.662709836645942903e-07
-8.286915600438020708e-07,-6.452520030109159757e-07
-5.777046450782005234e-07,-5.229373765767978389e-07
-3.620169142804397287e-07,-4.017938656386107409e-07
-1.893409322430547470e-07,-2.842461528137260088e-07
-6.700504521115716229e-08,-1.718364348092237956e-07
-7.635214281520367916e-08,8.688785510048234757e-08
3.161102331179426554e-08,-2.220030776568802387e-07
2.372919977071468000e-07,1.392106292399778467e-07
3.075040073690292768e-07,-4.523277615946782928e-08
-1.210145665499938875e-07,-4.701304975098032879e-08
-1.562011781362538887e-06,2.055112569058511116e-06
2.499314852358389833e-06,-8.039059389540658162e-07
2.154748313888524307e-09,-2.969066188467934285e-06
-2.749857233678417383e-06,-9.328471640501734420e-07
1.523980721829664735e-06,1.913281476759092396e-06
1.621341399285882068e-07,3.981672391596281379e-08
-1.225900788930296649e-08,1.484911637647313400e-08
1.794091126559987565e-06,2.285217189621060801e-06
-1.852757406821159838e-06,2.449601319083476406e-06
7.951563806030888402e-09,-2.373870751429521658e-06
-2.149764357060517464e-06,-7.318120349422571915e-07
4.013295062666819864e-07,3.655744753062254302e-07
2.497736780249138268e-08,-6.066778359486090440e-07
-4.487272738344882069e-07,-1.602226874920472303e-07
-2.554996957592392895e-07,3.171480046318906186e-07
5.713553710227955019e-07,-1.407760369146470753e-07
1.214203956937779091e-06,1.485806933376334072e-06
1.975272154815935784e-06,-6.245085425036764724e-07
-1.525329986682359965e-06,-5.229556288588178109e-07
6.321452812851201712e-07,6.833567939751844391e-07
-9.378353913856681784e-07,-3.257846975342591374e-07
1.363102144310582760e-08,-1.743289173399652915e-06
9.098333487758764723e-07,1.066046277242562801e-06
1.927981861616752268e-08,-1.134554237428833745e-06
1.450021190827430579e-06,-4.449741635672285903e-07
9.673544599940860380e-07,-2.789706325970159053e-07
-5.234313722594564850e-07,6.705341010876043924e-07
-1.207304026296522158e-06,1.582050911492361595e-06
-8.507607488672503429e-07,1.106047211669423402e-06
2.212009546501740350e-07,-8.641002815582349285e-09
-1.559406704481208159e-08,-7.638299092508188488e-09
4.667412359542735677e-08,-7.740343044706715907e-08
2.908231145695307496e-06,-9.559029845276312769e-07
-3.189221651510751311e-06,-1.094547379899334147e-06
2.240607088596890852e-07,1.008248371974286981e-08
-1.333926299611837457e-08,1.355548687121305852e-08
-2.490260312996632657e-06,-2.543134116139931045e-06
2.127001302389351386e-06,-2.548367292478085266e-06
5.628599008988765204e-10,-3.404820807518503364e-06
2.361840034994473586e-06,-2.250003647096559478e-06
-2.691998835209425429e-06,-2.294027708681664699e-06
-1.148291882435245854e-08,-1.394715670920137787e-08
1.744886833032346285e-07,-2.748591347795917301e-08
-2.280533782356269636e-06,-2.744842025263368213e-06
1.893865200691986699e-06,-2.782520079263836925e-06
2.583905381402943189e-06,-1.887792489334851309e-06
-2.883922954407078185e-06,-1.986530946261220916e-06
2.786790204438379967e-09,2.698047812008282619e-08
8.006016105038287489e-08,5.016122931031194150e-08
-2.330563326952103494e-06,2.117045391016458516e-06
2.225161552432838673e-06,1.976497768942687107e-06
-2.064050508941725619e-06,-2.912790149556348217e-06
1.676370139402359440e-06,-2.962563745845333699e-06
2.768587179622670677e-06,-1.513702128214693946e-06
-3.050640221557454154e-06,-1.650895002418604974e-06
-2.609236857761437427e-06,1.842897085473327813e-06
2.460253593665173367e-06,1.738031934558995933e-06
-1.849365446649033960e-06,-3.049077538222468332e-06
1.487480578662010255e-06,-3.093468373750784646e-06
1.122644998600383065e-07,-4.289766632153954084e-08
-3.732350770575872965e-09,-4.009517549871696749e-08
-2.126210438193141637e-08,-2.795385488009965088e-08
2.191427551979118193e-07,2.034704363213193428e-09
2.156400436517102080e-07,3.120245454199086893e-09
-1.607625295724204722e-08,-1.427296761940937808e-09
-1.079744474719383543e-08,1.715912677755450855e-09
-2.885830002939210627e-06,1.537773506647862200e-06
-2.990337469276387121e-06,1.397826302197269629e-06
2.770153369626600569e-06,1.364329456821047380e-06
2.685919720044558111e-06,1.481064685847288331e-06
-1.585728410129723151e-06,-3.193416989205999578e-06
-1.449656909920409859e-06,-3.252069237612707068e-06
1.282993430020269847e-06,-3.216993858291393973e-06
1.183427744892653532e-06,-3.264711376066374380e-06
-3.083698642462237058e-06,1.249065339538392545e-06
-3.162224878628330115e-06,1.117732470694696564e-06
2.845333339674616867e-06,1.240149339180592224e-06
2.908971171023739098e-06,1.129853637355358307e-06
-1.291909312171452993e-06,-3.305235513077648461e-06
-1.136272677043455456e-06,-3.353809536309616215e-06
1.069799744335467857e-06,-3.308021363982179190e-06
9.576804767484263110e-07,-3.347817641920437553e-06
-1.751262887896981822e-08,-1.915824681210919408e-08
-2.763998553842453324e-06,1.695036635559431896e-06
2.587410614721410083e-06,1.612738159652526091e-06
-1.724821033517964827e-06,-3.130332872284518091e-06
1.388228708601487899e-06,-3.164179263497939305e-06
-3.230414218482729299e-06,9.807248309332169161e-07
-3.286667363881632230e-06,8.600375202771318897e-07
2.964669454819731079e-06,1.013604758395021040e-06
3.011323754138134405e-06,9.096632381263360235e-07
-9.565038357494876903e-07,-3.394942053981715706e-06
-7.788019268371721710e-07,-3.430666784087106574e-06
8.256785986625786742e-07,-3.383170773736150224e-06
6.905608812920873249e-07,-3.415368258460899211e-06
-1.006101654040710144e-08,6.040744733030468969e-09
2.213766999606446073e-07,4.356461384941807364e-09
1.433552678151412641e-06,2.582244341175147187e-06
1.258223544779689108e-06,2.683943355212997107e-06
-1.340129776045519026e-06,2.821172842061349473e-06
-1.494038831138769564e-06,2.735894124504603997e-06
-3.334102204558904451e-06,7.349656662404913127e-07
-3.372497233715034216e-06,6.237193760988120468e-07
3.051277951459033063e-06,7.999518870035296152e-07
3.084343020428433969e-06,7.002614720213867261e-07
-5.752666304826102499e-07,-3.456161399345269997e-06
-3.744296137160310144e-07,-3.475142777894580761e-06
3.560226833505362995e-07,-3.463189589729539705e-06
5.276689311205516344e-07,-3.441321739991088438e-06
2.069341764621705791e-07,9.038532504521545193e-09
-2.362309874505293390e-08,-2.596352527489450938e-09
1.072452266744334397e-06,2.775401383738743780e-06
9.056077290433986214e-07,2.850921657463707542e-06
-1.055230539745048913e-06,2.947205764567088212e-06
-1.186684042022805443e-06,2.892152456094380152e-06
-3.403693137929218970e-06,5.072766657059829554e-07
-3.428212104297165336e-06,4.010090216701048751e-07
3.133819057572470983e-06,4.939621980618197897e-07
3.111745114395567098e-06,5.935439908286447365e-07
7.319824934843583849e-07,2.916536093333558932e-06
5.775973973065851283e-07,2.968654324575053168e-06
-8.063593628082231589e-07,3.026779204381033033e-06
-9.226520784044087742e-07,2.992324534070598482e-06
-3.446586791524130230e-06,2.866042084257357563e-07
-3.459634535889914735e-06,1.779516556834683409e-07
3.150669486172211350e-06,3.846246568498293348e-07
3.162899467085878664e-06,2.791358604787868166e-07
1.628289467887853956e-06,2.462666887918810518e-06
-1.680360140842467094e-06,2.627206686467382961e-06
4.191948179114998180e-07,3.011849333796232387e-06
2.792565728373084065e-07,3.044153826945483177e-06
-5.773872081589436620e-07,3.073961938629974317e-06
-6.862837015721799212e-07,3.054119191431433225e-06
-3.466404965554734664e-06,5.627887674862830970e-08
-3.467816147264546904e-06,-6.431586632921720415e-08
3.169344761938517100e-06,1.597658833987267857e-07
3.170795769295913073e-06,4.084668644207548257e-08
-7.358222491503425143e-09,-1.752265539678322047e-08
-5.334433937521795348e-09,-2.458374411388140404e-08
2.026741929372242351e-07,-2.495209242527593666e-08
1.936190347696339873e-07,-2.363543588235246678e-08
8.896081186151893214e-09,3.412767108139929443e-08
3.255205381116486688e-08,4.421977414375898337e-08
1.367194211613695042e-07,3.068876098340068768e-06
1.075711693303184395e-08,3.085162595920616039e-06
-3.524510256793523151e-07,3.096125913974700475e-06
-4.613600807713612694e-07,3.088047677459220141e-06
-3.461088678933285889e-06,-2.043799886986182601e-07
-3.447307099004898426e-06,-3.476641516223143129e-07
3.164509116761536805e-06,-9.729388081778549419e-08
3.151563386489730719e-06,-2.381137138272996489e-07
3.092934921054102118e-06,-5.762245891182819352e-07
3.127085267808870422e-06,-4.044539352650875161e-07
-3.421221786333410379e-06,-5.179372200416378814e-07
-3.384609317635519908e-06,-6.951356079696933919e-07
-1.179725580817040222e-07,3.095129746122716791e-06
-2.330086001750294824e-07,3.098499572043331447e-06
3.042950568644567684e-06,-7.847587545893414642e-07
-3.330809815351914737e-06,-9.134811038462758872e-07
-3.302206952479297049e-09,-1.068037788584821031e-08
-1.515191727754192467e-08,-3.533251453809714171e-08
2.192239990622256090e-07,-3.338572726355293931e-08
2.042229553711991236e-07,-1.029717588603603583e-08
1.461929893544595490e-07,-3.322579109051583130e-06
2.274982791591362319e-07,-3.543362895117641871e-06
-2.338752304795183567e-07,-3.555689345473743302e-06
-1.475459028609720176e-07,-3.321781244062385932e-06
-3.367088103955334220e-06,-1.091042266370807753e-06
-3.157021083999990945e-06,-9.109480073901745149e-07
2.876220991410286776e-06,-7.830117134554771328e-07
3.079656072757065159e-06,-9.531965299058158104e-07
2.910109542045398878e-09,3.901487601849451025e-08
2.411542128179017204e-09,1.467034329830385979e-08
4.550491563182406915e-08,2.356731624633926680e-08
6.249763724724870716e-08,6.881605925881995766e-08
4.630259119379501530e-10,-3.562063426641974584e-06
1.807969643068208001e-07,-1.153753706313529988e-08
1.896571547906217887e-07,-3.470705973164653581e-08
-1.115301952318838913e-08,-1.727423407490404485e-08
-5.161434329677016252e-09,-8.765546981613255704e-09
-6.684331586315297145e-09,-5.910369465637609559e-10
2.145293349108281291e-07,-1.113860195947716397e-09
-8.376583323840975477e-09,-9.135640820741262225e-09
-1.838269885204562827e-08,-1.930615613541150219e-08
1.736127308107479426e-07,-4.524124473213033354e-08
1.483884423507120664e-07,-3.259974568620327002e-08
1.484857970842052411e-07,-5.662133582203880377e-08
-1.277613835770244611e-08,1.286981177943719987e-08
-6.381433857490272176e-09,4.956304884234553203e-09
2.208092209244801403e-07,3.544646447577336322e-09
2.235051094352000096e-07,9.451822891694200715e-09
2.036983209512287181e-07,3.372649854771283202e-08
1.772811443541361942e-07,9.766238705887493966e-09
-9.918756772377370088e-09,1.133306515471878181e-09
-3.486178781681003053e-08,5.613967405973051558e-09
1.585687212438447604e-07,-1.579490753888273191e-08
1.241124767021503433e-07,-1.934569997726963294e-08
-3.157542147209539801e-06,-1.436845807309057324e-06
-3.057273392502859296e-06,-1.209493140283865008e-06
-3.285401203873147126e-06,-1.327998117410321903e-06
2.879031347284490185e-06,-1.290004755197579250e-06
3.004381855827589643e-06,-1.182147690507756301e-06
2.780936243091794015e-06,-1.063568229540906897e-06
1.475866148408861053e-06,-3.181922213997573130e-06
1.399104807683316350e-06,-3.076597046265654929e-06
-1.741511828224128407e-06,-3.024053745057011044e-06
-1.834098757209061902e-06,-3.154201302288945040e-06
2.590065502602396697e-06,1.743671265500536947e-06
2.461559723516390647e-06,1.604562199209845900e-06
-2.612476952100275796e-06,1.684610111602769901e-06
-2.764778940408222478e-06,1.850903526352331417e-06
-1.859629418635670423e-06,2.627146493003281618e-06
-1.667879006308814896e-06,2.455519454206857396e-06
1.616598433982845406e-06,2.289380262154769676e-06
1.803727362187657746e-06,2.459323289180661958e-06
-3.211162202014768188e-06,-1.603289268968614571e-06
-2.993178487759706375e-06,-1.490343619077964819e-06
2.711424084520353205e-06,-1.343183940624732842e-06
2.935386629850605285e-06,-1.462024455653689232e-06
1.186826900332269371e-07,-7.054514634806166789e-08
-2.127376629390809550e-06,2.310092244343355336e-06
-1.915960432450163274e-06,2.272175611362447273e-06
-2.063974500691177075e-06,2.485426117763722319e-06
2.047062601866377936e-06,2.152331184159627340e-06
1.992260081457191860e-06,2.316924464637167423e-06
1.852140481420540858e-06,2.117621557482023173e-06
2.072328875149023877e-06,1.967019052998112758e-06
2.204794193979049863e-06,2.156777130698248737e-06
-2.303737733729096781e-06,2.317683338894651628e-06
-2.157405866882092679e-06,2.106543333168567215e-06
-6.736762135198157637e-08,-2.976067199785247397e-07
-3.287463615957570471e-08,-1.469297583568506149e-07
-5.358214403716630609e-08,1.707892355730624569e-07
-1.473934509464013068e-08,7.672787269342811093e-08
3.273482028230972444e-07,1.423749108134736546e-07
2.478854864135483933e-07,6.874917723705307177e-08
3.347374340061281785e-07,-1.279594089579851699e-07
2.511328517811608543e-07,-6.714517175665329594e-08
-2.080515681489255019e-07,1.083377860126503725e-08
-8.353612186195820040e-08,1.860297286427498009e-08
-7.898821359494400166e-08,2.456512909799158403e-08
-1.663082453671393087e-07,8.671105920367668584e-08
1.000570054948628252e-07,-1.561994629199166016e-07
1.264377132441731833e-07,-2.997006100394546949e-07
2.779227370235399113e-07,9.770483016167317117e-09
3.781498268617198488e-07,8.339501418335599817e-10
1.664149278866583908e-07,1.279538500823913388e-07
2.121014910096161886e-07,2.269234016052182214e-07
-5.230300440710934272e-08,-7.423508893208891633e-08
-1.553406567405890273e-07,-1.473082101128063445e-07
-2.987085567894191912e-09,9.154082316616568134e-09
1.349510963868552261e-07,2.274868851192093562e-08
-1.612130095772088105e-06,1.839581792814613133e-06
-1.775537455209288509e-06,2.071663436387033421e-06
-2.550343616162249790e-06,-1.055067382050392230e-06
-2.837106262761086597e-06,-1.137460298292524196e-06
1.721511069854910752e-07,-2.828351185337588954e-06
1.558042921700947083e-07,-3.108956472860023760e-06
2.421614411093128841e-06,-6.081065292634025957e-07
2.676015789414805455e-06,-7.029603444456607934e-07
1.322993004642830782e-06,1.897808841082455537e-06
1.479120346857544901e-06,2.105759404240078717e-06
2.575767809022616185e-06,-9.917806208024838615e-07
2.320997181945297805e-06,-9.114954655208199555e-07
-1.518746230967112308e-06,2.265099781513416395e-06
-1.338844727300655123e-06,2.040576718487882962e-06
-1.546891369153273940e-07,-3.105844884727871669e-06
-1.649499316343842861e-07,-2.826969987868376345e-06
-2.943801851997217951e-06,-8.226783447400058679e-07
-2.662491277038628025e-06,-7.140666168740617629e-07
1.720661991401942518e-06,1.930540271402031964e-06
1.571723087236997618e-06,1.717331641730959321e-06
6.618200077907950114e-10,1.249874498109106121e-08
9.227526700382341391e-08,2.506917950924756525e-08
-1.226145595882700777e-07,3.021792578865944430e-07
-1.528789483398421638e-07,1.839191592573323566e-07
-2.779355931598930470e-07,1.878380304923067660e-07
-9.663506545465523346e-08,-4.925336316478648691e-07
2.813555419166250394e-08,-3.920763492578460325e-07
1.493552708528144795e-07,-4.931664317252457945e-07
4.605539851638183237e-07,-1.992685282184374267e-07
4.197975297440234939e-07,-8.662958833678775423e-08
5.187657967155947444e-07,-2.433794699868185686e-08
4.257479930282376792e-07,2.450602430846797698e-07
3.095445159724103648e-07,2.392991289083338255e-07
2.792541050062862855e-07,3.517175875592372086e-07
-3.828249886390927359e-07,-1.774595418465183332e-08
-2.604278860932585569e-07,-9.559759428190598808e-08
-3.117307894122776198e-07,-2.333586470191603174e-07
1.903053038497181175e-07,7.956498386309927229e-08
1.400394778714042398e-07,7.151813759101666942e-08
-3.236797890426968525e-08,3.809458826267446494e-08
-2.396458762925047205e-09,3.499227067075234130e-08
-6.368896251186996572e-09,5.710833999398617205e-09
-1.597105671928895961e-08,1.121044556937939059e-08
2.240225280111476439e-07,7.791571831974081311e-09
2.188342307692001484e-07,4.366177750316358139e-09
-2.475312067972875026e-06,-2.431959258709701360e-06
-2.572219912506177081e-06,-2.304617229298856576e-06
-2.588381369677587537e-06,-2.422139672051848565e-06
2.108718599189917544e-06,-2.417650311372550941e-06
2.240670166440753997e-06,-2.403819461210723524e-06
2.221224519421791188e-06,-2.264334061040562146e-06
-2.381896358100333313e-06,-2.540837346405119382e-06
-2.383485633160450491e-06,-2.645949816579847647e-06
-2.279373022862772843e-06,-2.643471987371640683e-06
2.002824985362633454e-06,-2.548299885093096678e-06
1.890763184952491336e-06,-2.669810260390776737e-06
2.006092182701495283e-06,-2.669499601471947439e-06
2.327179595765552743e-06,-2.105344966082136619e-06
2.470248893042352377e-06,-2.073222683350080541e-06
2.433878706776529470e-06,-1.921082696853031244e-06
-2.662383413394688966e-06,-2.171596260337824773e-06
-2.753017501539778527e-06,-2.014665752699937864e-06
-2.785004430928625718e-06,-2.145363438454396720e-06
-3.072253570239122938e-08,1.451451104880750508e-08
-2.351371471127237207e-08,2.482878501269431186e-08
2.352201857362162561e-07,8.903582687163499418e-09
2.310497546337569617e-07,1.832232237428444079e-08
-2.181377481470134557e-06,-2.733364451094676961e-06
-2.171804110996625304e-06,-2.829400926304295039e-06
-2.073959495644537961e-06,-2.817652818130155810e-06
1.788854111517941818e-06,-2.773423955894295019e-06
1.683573756601187722e-06,-2.867296705276110577e-06
1.781183698261674881e-06,-2.875576965997431509e-06
2.534045206161736372e-06,-1.736059156553189229e-06
2.675052155336524281e-06,-1.703293145110735662e-06
2.624045144561148801e-06,-1.547060767054936082e-06
-2.838751508690370071e-06,-1.852865819688225779e-06
-2.916732604438349360e-06,-1.681912316535354615e-06
-2.964959666295794494e-06,-1.823988862159848528e-06
-1.967888254873464816e-06,-2.893070274117703956e-06
-1.957693231084134535e-06,-2.980508133088496999e-06
-1.860130975276639277e-06,-2.960032532497617341e-06
1.586406160131010238e-06,-2.947469353439192775e-06
1.494250566837254446e-06,-3.015145982073435936e-06
1.579480307444924075e-06,-3.029663117873468756e-06
2.221000058450042152e-06,1.841530504058028297e-06
2.342638912482978123e-06,1.726866683510315211e-06
2.346590782229610649e-06,1.853271616101806647e-06
-2.327040110130054643e-06,1.963231391852898387e-06
-2.473006447477172692e-06,1.976904525288929162e-06
-2.469799361107715233e-06,1.829453495865521333e-06
2.159242402587587055e-06,-5.146590303688562258e-07
2.240228898894402593e-06,-7.151044317209133651e-07
2.057285285669105699e-06,-8.250630066491860649e-07
-1.438099697148884363e-06,1.599635326448304398e-06
-1.386927811615905177e-06,1.821761000592756254e-06
-1.156786720931410754e-06,1.805408699791008292e-06
1.844256567714334131e-07,-2.529121626264939148e-06
5.027043584895683620e-09,-2.679528397436594154e-06
-1.713354391020074859e-07,-2.528324042501389052e-06
-2.246484128334102857e-06,-9.623603863744565041e-07
-2.456791732145281822e-06,-8.345650107919349816e-07
-2.363340731867044461e-06,-6.049314001652313530e-07
1.166477619362610985e-06,1.684271981109378019e-06
1.369796507289336428e-06,1.700508597705946710e-06
1.417522297266115171e-06,1.502006535308075695e-06
1.677115029542096208e-06,-3.055918522460687134e-06
1.580493952905674761e-06,-3.118503132903130468e-06
-2.064237292968461722e-06,-3.010617789062338735e-06
-1.957838838620652573e-06,-3.079664666479691561e-06
2.357510240469753636e-06,2.009592153845498559e-06
2.470938711864429156e-06,1.884483585573240537e-06
-2.482666032882499052e-06,2.156229032242127824e-06
-2.618999845967043970e-06,2.014398754965532081e-06
1.662444318028338965e-06,2.104136964612955543e-06
-1.714001284628049117e-06,2.259826187802390253e-06
-3.022564707100980789e-06,-1.967142890478636427e-06
-3.111965859334614807e-06,-1.802886612825582961e-06
2.739528503664918260e-06,-1.863703274956322072e-06
2.834910010225012875e-06,-1.678202046948656668e-06
1.899706341449148138e-06,-2.889771820271278930e-06
1.786967274944424456e-06,-2.975820253370597712e-06
-2.285764865143766605e-06,-2.844638386082874930e-06
-2.177041932135408101e-06,-2.927927115669277317e-06
9.908140837881365799e-08,7.499535791866870953e-08
1.193276732485604683e-07,4.779688867084651268e-08
8.729584852042537963e-11,2.308740766131603455e-08
5.515520054478417473e-09,3.838687333787761193e-08
-2.816998024262192608e-06,-2.282168587495632452e-06
-2.917950509888891403e-06,-2.132407197421890876e-06
2.507864776376235384e-06,-2.234039144578063806e-06
2.623326641463243924e-06,-2.056160370197558499e-06
2.138560524389384118e-06,-2.673729202625031294e-06
2.017176802412504470e-06,-2.786508326954833822e-06
-2.500229191020416372e-06,-2.651287109248486076e-06
-2.393260696361877212e-06,-2.750072450564030718e-06
-1.258139626098280209e-06,1.358307103047214905e-06
-1.076422559179908704e-06,1.121407094968291088e-06
-1.027300687101813094e-06,1.341651451164122344e-06
-9.759451381518908938e-07,1.564718444003756186e-06
-7.998549577011281744e-07,1.323805005703136852e-06
1.371115915514218578e-06,-2.556300751962234151e-07
1.125752568429178654e-06,-1.819555248136909631e-07
1.200623961483253243e-06,-3.593957373818576428e-07
1.275086346710692510e-06,-5.473276173445198016e-07
1.035954758175842038e-06,-4.544018799508886951e-07
1.012234712820521397e-06,1.469154812548757106e-06
8.629212062881098738e-07,1.256269576408568575e-06
1.059988184261575984e-06,1.273087162936376237e-06
1.261056995948044428e-06,1.288464733668571894e-06
1.105115173162288653e-06,1.080377582659664661e-06
-1.207338302273621650e-07,-7.261296216972919278e-07
-1.401821673613111428e-07,-9.912891244532383070e-07
2.210111266838975449e-08,-8.567358699341828742e-07
-6.001806150353383990e-07,-6.533423220936387560e-08
-8.522726771082528926e-07,-1.292457379311866932e-07
-6.771181895196618727e-07,-2.377996795056878269e-07
1.677496949949610890e-07,-7.267922688079009583e-07
1.815695375583936776e-07,-9.920450733704340972e-07
-5.136409273155956484e-07,-3.288258417618535817e-07
-7.532337645844784864e-07,-4.313014587962506212e-07
1.528664362222974196e-06,-6.412429558680239745e-07
-5.600555421884856116e-07,4.905327373511265644e-07
-7.235169241831384974e-07,6.823190481978979973e-07
-1.717678705830784076e-07,-1.900681184045322407e-06
-1.656216688205702739e-07,-1.586026163826604286e-06
8.982023351251882230e-07,-1.176275123395744129e-07
4.703027757526346495e-07,6.675484450378970375e-07
5.894494017926483218e-07,8.519048633317080648e-07
-1.739452420800588455e-06,-3.934919665306403563e-07
-1.429606073329729753e-06,-2.958518087564808763e-07
1.645685832212237561e-08,-1.432554038197657874e-06
-1.551188501955088223e-07,-1.280433933043327440e-06
3.661163363743114252e-07,4.996879196687114070e-07
-8.969173078016224909e-07,8.943300241068086539e-07
7.663659351659442073e-07,8.682951905320360402e-07
7.211463499451745915e-07,1.049317417727433618e-06
-1.223139588492417118e-06,-4.216700957368021082e-07
-1.131320925621038696e-06,-2.069290157337154645e-07
-4.103061564024787742e-07,3.240481714539070919e-07
-2.053219773354311905e-06,-4.973385671373283086e-07
-6.815341157789622432e-07,8.805925566167321865e-07
1.791225636538914474e-06,-7.343971419148932204e-07
6.940090078423821042e-07,-6.447363483790158264e-08
-1.736395674247810965e-07,-2.217160537146856903e-06
1.908604855127450837e-07,-1.281213077708335551e-06
-1.022770757674199778e-06,-5.383180205949773658e-07
9.524064055148264387e-07,8.813539788703825403e-07
5.398011851523890227e-07,3.734939943533064691e-07
1.957092072134717635e-07,-1.586804926622288924e-06
-2.186529180730921799e-07,4.647834620406570739e-07
-1.314529424148658604e-06,-6.473959587708442284e-07
-1.934022855467613469e-06,-8.618646468980109187e-07
-6.323179636543306317e-07,1.088066386208917759e-06
1.924222294476598882e-07,-2.217908364708507730e-06
8.055770815332599057e-07,6.949220562461978274e-07
1.893290109810276330e-06,-4.237568348988608095e-07
6.231193045978612126e-07,-2.785964203803874653e-07
-3.801990330335713196e-07,4.810272752393011823e-07
5.096607153136444141e-07,5.146671247955175535e-07
1.962025120143565765e-07,-1.901450300021155547e-06
-1.620826042647972824e-06,-7.560638130644922115e-07
6.672077206065653672e-07,5.245213096089885498e-07
-4.771314680878408798e-07,8.628398608664844079e-07
1.628786140968548601e-06,-3.368329262346932476e-07
1.710056717705194478e-06,-5.339238340401677223e-07
8.167806386744422787e-07,-3.642322455263633372e-07
-1.836746528575745802e-06,-6.271536163566514699e-07
-3.380243087077505176e-07,6.533648982292611155e-07
1.080260612692104404e-08,-2.059451055328028276e-06
7.557420430316884181e-07,-2.054958974697668543e-07
-2.606368520580791741e-06,-2.539313756083197176e-06
-2.710845864714052040e-06,-2.417902602062447591e-06
2.261849599728628457e-06,-2.542025174965979265e-06
2.384215474844060276e-06,-2.396836437848192118e-06
6.637839030514794618e-08,-2.241299242973586038e-08
2.490851352022894110e-07,-2.119312833334029160e-08
-4.913020599012088602e-08,-1.999760764148555166e-08
2.710142202162510141e-06,-8.831079424149786697e-07
-2.980698728417570032e-06,-1.018316010100304273e-06
4.366274732492109150e-08,-1.335357464280447024e-07
-6.601982166734536546e-09,-8.097388357242873706e-08
9.140190829381355825e-08,-9.225614777229089855e-08
6.607791961651762258e-10,-3.198203486111088666e-06
8.245667804010157552e-08,-5.876474957878092143e-08
3.061540599789285688e-08,-3.673795461784494924e-08
