Size 899,2
0.000000000000000000e+00,0.000000000000000000e+00
0.000000000000000000e+00,0.000000000000000000e+00
1.323024738607666379e-08,-2.285728955913612796e-06
-8.708508045342115807e-08,1.747298538449688071e-06
9.805773682417891196e-08,-7.691837303760323764e-08
1.506843354653706997e-07,-3.636889705559153652e-08
1.791357224775291913e-07,-2.026079066840731070e-06
1.586127416298869302e-06,-7.058640629877838431e-07
1.641678113723918883e-07,1.659951809383756398e-08
1.611298493377966028e-07,8.743387031808694661e-09
1.704992135323885426e-06,-3.852108055640117125e-07
1.077210191057756477e-06,1.030796386676622794e-06
9.518990754331978221e-08,5.917470782823654638e-08
4.250983980164783977e-09,3.321521434444953998e-08
8.074896189313427195e-07,1.230693021066836952e-06
-7.995661827624691743e-07,1.329837953990729640e-06
-3.271638632353955745e-08,2.014953631596778075e-09
-3.051655136722959940e-08,1.923258535151282424e-08
-1.080707896740641306e-06,1.113682443386703970e-06
-1.833898561386357031e-06,-4.549312718086919110e-07
-1.361212436887459447e-08,-4.315293420705375113e-08
-3.168851106889824858e-08,-6.045876799758986479e-08
-1.711238654912928779e-06,-7.939843609971550913e-07
-1.514124354753469714e-07,-2.022805560062667925e-06
6.609680684930305898e-08,0.000000000000000000e+00
1.036974183413681211e-07,0.000000000000000000e+00
1.237152618968255013e-07,0.000000000000000000e+00
1.336224411217273583e-07,0.000000000000000000e+00
1.355945857842024728e-07,0.000000000000000000e+00
1.408325203937339287e-07,0.000000000000000000e+00
1.475882047449497375e-07,0.000000000000000000e+00
1.483378348833406386e-07,0.000000000000000000e+00
1.437843398124237347e-07,0.000000000000000000e+00
1.331253893351583153e-07,0.000000000000000000e+00
1.078748450215136559e-07,0.000000000000000000e+00
7.527978787125000770e-08,0.000000000000000000e+00
4.106240104156397899e-08,0.000000000000000000e+00
0.000000000000000000e+00,0.000000000000000000e+00
0.000000000000000000e+00,0.000000000000000000e+00
0.000000000000000000e+00,0.000000000000000000e+00
0.000000000000000000e+00,0.000000000000000000e+00
0.000000000000000000e+00,0.000000000000000000e+00
0.000000000000000000e+00,0.000000000000000000e+00
0.000000000000000000e+00,0.000000000000000000e+00
0.000000000000000000e+00,0.000000000000000000e+00
0.000000000000000000e+00,0.000000000000000000e+00
0.000000000000000000e+00,0.000000000000000000e+00
0.000000000000000000e+00,0.000000000000000000e+00
0.000000000000000000e+00,0.000000000000000000e+00
0.000000000000000000e+00,0.000000000000000000e+00
1.406637035385647794e-07,-2.273414116386843840e-06
2.551541325179756940e-07,-2.249305768083315395e-06
3.471804570331319909e-07,-2.224586398949140916e-06
4.285789131514135098e-07,-2.199247740062423374e-06
5.015529375661467115e-07,-2.173850538051331037e-06
5.680745416804395517e-07,-2.148489472894027798e-06
6.304235796071909252e-07,-2.122932967406819212e-06
6.902767398608857348e-07,-2.096719312202118092e-06
7.493658082508242764e-07,-2.069140039664478177e-06
8.093188456579112319e-07,-2.039274054893651746e-06
8.716638465745774806e-07,-2.007040898432181971e-06
9.374260310464675916e-07,-1.970460927769516149e-06
1.007680028606082650e-06,-1.927628835165053336e-06
1.082078141369926809e-06,-1.877472477503127646e-06
1.160732625330927552e-06,-1.818626973539594667e-06
1.242707036256860713e-06,-1.750153409297456017e-06
1.327241231575254522e-06,-1.671197045113528207e-06
1.412790708858204902e-06,-1.581480090575650585e-06
1.497904279963048347e-06,-1.480861960734815431e-06
1.580695730175289586e-06,-1.369979230580990330e-06
1.659265212565028948e-06,-1.249680331001832543e-06
1.731659712130587543e-06,-1.121637830281373115e-06
1.795993168182512129e-06,-9.878217256357425087e-07
1.850499894175288750e-06,-8.504780569552826647e-07
1.894187500195868726e-06,-7.129445488506096604e-07
1.923629675972322527e-06,-5.781380283636641801e-07
1.940785121130439514e-06,-4.532967425472710077e-07
1.945778471679744373e-06,-3.449132175924524363e-07
1.945491348887775873e-06,-2.557934060515408001e-07
1.942250342908196019e-06,-1.794155557480832437e-07
1.937319387702801645e-06,-1.124957239731486536e-07
1.931465213288688280e-06,-5.280956789872271465e-08
1.925111811795035040e-06,2.223124032163400351e-09
1.918340567900657124e-06,5.460498012616882503e-08
1.910929230629537477e-06,1.063435714408185457e-07
1.902431147397507693e-06,1.590618289723627578e-07
1.892181029737216999e-06,2.141007039643304409e-07
1.879392614996108048e-06,2.725890425909668406e-07
1.863173347825431905e-06,3.351711784348071461e-07
1.842596081516276342e-06,4.024308856534018163e-07
1.816749797666871598e-06,4.743487350382293229e-07
1.784757201124121574e-06,5.509741919957578233e-07
1.745875421882460497e-06,6.317134094069562001e-07
1.699441083107004865e-06,7.161664320134956841e-07
1.644969713067909659e-06,8.034856386526956465e-07
1.581777703548461614e-06,8.935088317618579144e-07
1.511814024355252098e-06,9.862009463118106358e-07
1.431544556047250491e-06,1.079743144339084682e-06
1.340955756474883909e-06,1.172871024285737620e-06
1.241359162306805045e-06,1.262859148107257082e-06
1.133440720346400405e-06,1.347621216110160351e-06
1.020372800158686134e-06,1.423063183457252675e-06
9.065139927586912864e-07,1.489519582753000199e-06
7.949590675606056556e-07,1.545960103058261584e-06
6.874091415446936357e-07,1.593787618130745327e-06
5.836276143546949600e-07,1.633777990731881277e-06
4.838093146061951583e-07,1.666535122047846541e-06
3.885351101849116930e-07,1.692628648979836757e-06
2.978531309228993148e-07,1.712741567091021144e-06
2.120628766679990190e-07,1.727537091059918216e-06
1.309258426333082703e-07,1.737728548202763075e-06
5.438112853291985474e-08,1.743993427979826040e-06
-1.813222783567826817e-08,1.746985700329429927e-06
-1.532990336925242801e-07,1.745210144512602305e-06
-2.175208699293090764e-07,1.740893639183705391e-06
-2.807183725587949531e-07,1.734570931363710008e-06
-3.439611167189691783e-07,1.726303971603992723e-06
-4.084283912519185554e-07,1.715934946517806575e-06
-4.755036696050434803e-07,1.703090175891040000e-06
-5.464537083413998888e-07,1.687150258066775948e-06
-6.228656021859506774e-07,1.667216658895767805e-06
-7.059481101822834141e-07,1.642159475932604646e-06
-7.975761888036648751e-07,1.610460332572856187e-06
-9.014249096306356178e-07,1.569569764078802846e-06
-1.016392379100722499e-06,1.514785549476322494e-06
-1.138481658626423580e-06,1.446532851677830799e-06
-1.259007439240081665e-06,1.362503974655640235e-06
-1.373873034908821143e-06,1.268268155097716889e-06
-1.480511114755073894e-06,1.166870859819988944e-06
-1.576813252209016061e-06,1.061664833168781639e-06
-1.661568783017001487e-06,9.550986625613905540e-07
-1.738251720839598046e-06,8.500483943962603456e-07
-1.804468643321880896e-06,7.472315201672626527e-07
-1.860758710371860566e-06,6.474062849142632939e-07
-1.907561158980695681e-06,5.519891184553674386e-07
-1.945629999392390695e-06,4.617291858173007682e-07
-1.975851825583092032e-06,3.776148277167098787e-07
-1.999331807311345105e-06,2.997426517540412670e-07
-2.017230664549100746e-06,2.283224058219357694e-07
-2.030756254365933081e-06,1.627194338771383761e-07
-2.041074606171990283e-06,1.022775011437816995e-07
-2.049229930813068353e-06,4.565228627388172025e-08
-2.056113960962192924e-06,-8.680798353378109193e-09
-2.062350466672545044e-06,-6.267085632253691101e-08
-2.068290101511174374e-06,-1.186277136714996359e-07
-2.073913971261406357e-06,-1.789221176002023516e-07
-2.078804345050899790e-06,-2.464872553560575793e-07
-2.082141078954939520e-06,-3.238851793873575956e-07
-2.082554699243032674e-06,-4.148050121197486524e-07
-2.077416671762311677e-06,-5.270927198333897414e-07
-2.058519091496815923e-06,-6.570915275922836558e-07
-2.024323143884772107e-06,-7.959176110362738804e-07
-1.974659019091312709e-06,-9.321616032817775754e-07
-1.916715083259899756e-06,-1.059852721919649427e-06
-1.853046789457896785e-06,-1.179854390103928888e-06
-1.785457297135304715e-06,-1.291464907226646228e-06
-1.714696429864802148e-06,-1.394797219988188810e-06
-1.641955868216943468e-06,-1.489360836691281699e-06
-1.568199363540071376e-06,-1.575419191916892663e-06
-1.494282104707256331e-06,-1.653248176583249058e-06
-1.420631377972490387e-06,-1.723562436936654544e-06
-1.347669502497744026e-06,-1.787052068489669524e-06
-1.275292441057939483e-06,-1.844615725085061444e-06
-1.203417063227555136e-06,-1.897099287538811073e-06
-1.131480812010036439e-06,-1.945393175144680805e-06
-1.058934702108872563e-06,-1.990292660338789757e-06
-9.847141655539484322e-07,-2.032726953555532782e-06
-9.080909585607833061e-07,-2.072092630636924075e-06
-8.282561892853907837e-07,-2.109015585751375975e-06
-7.445982932186172835e-07,-2.143552024572015468e-06
-6.562435625905382510e-07,-2.175645665861277846e-06
-5.625780461038636084e-07,-2.205078480228312796e-06
-4.627475629249713421e-07,-2.231460339111973478e-06
-3.563505834189391955e-07,-2.254257793299708055e-06
-2.428912734100309004e-07,-2.272724194683071250e-06
-1.168995047300998060e-07,-2.285878670954374387e-06
1.145297067998470176e-07,-6.646288436180871428e-08
1.337317046456704063e-07,-5.185854120762152373e-08
1.464383603936702484e-07,-3.716511277947736296e-08
1.526076572550616967e-07,-2.677102413059625748e-08
1.546351372347223608e-07,-2.373851197169958861e-08
1.832345519444907037e-07,-9.161800340986081146e-08
2.414988260342433334e-07,-1.481627450926881712e-07
3.240145254358399600e-07,-2.075549582820445423e-07
4.273706376163552527e-07,-2.689666557724804903e-07
5.480641316138932716e-07,-3.313409650529973768e-07
6.826195841953860763e-07,-3.936135670411726943e-07
8.276103128232418605e-07,-4.547324074136635142e-07
9.796566088566108282e-07,-5.136631368358913428e-07
1.135474988885656463e-06,-5.694042902570267490e-07
1.291944634056958507e-06,-6.208791606276909683e-07
1.444003760645079905e-06,-6.659230238061916961e-07
1.530217363120383674e-06,-8.294059563481861889e-07
1.470195283259313483e-06,-9.546398545544384159e-07
1.406934652848703879e-06,-1.077168949873929793e-06
1.341222282355525888e-06,-1.194746471168357206e-06
1.273886830234806714e-06,-1.305838845514056505e-06
1.206192404207427955e-06,-1.408943296506580237e-06
1.138854443392759259e-06,-1.503486417772889451e-06
1.073002300527029000e-06,-1.588680018748251616e-06
1.009024406886199552e-06,-1.664793845610056996e-06
9.476388790095909978e-07,-1.731623184821598347e-06
8.886981089994211388e-07,-1.789912246816903522e-06
8.323269294225016418e-07,-1.840036052263431988e-06
7.779077811113538692e-07,-1.882588611789333767e-06
7.241511934022721155e-07,-1.918514886270385550e-06
6.707598723936702267e-07,-1.947787574997769065e-06
6.157766616488448500e-07,-1.972510600844270434e-06
5.581617939662810074e-07,-1.992860353439385718e-06
4.965452153729921654e-07,-2.008942593760989829e-06
4.291182911072322684e-07,-2.020669132843610751e-06
3.543349911097006365e-07,-2.027722971961777198e-06
2.697440842767686742e-07,-2.029446777671234395e-06
2.041760557770949479e-07,-1.866568488659307668e-06
2.226635926842493251e-07,-1.695825744329777593e-06
2.359966250460662393e-07,-1.513036011929205979e-06
2.441271945166949039e-07,-1.322245593406444868e-06
2.468518728430436120e-07,-1.127864087475317295e-06
2.439896376494982033e-07,-9.345194149179220063e-07
2.353552287961534900e-07,-7.469766086822242246e-07
2.207649066678270155e-07,-5.701568996993495688e-07
2.000371572625459554e-07,-4.090846631465860215e-07
1.728656718617909399e-07,-2.688891839986377318e-07
1.385107607668971635e-07,-1.565483872793669319e-07
1.552725474979095390e-07,5.775851038550000927e-09
1.544267823161895248e-07,1.894104965743599383e-09
1.547684791115530914e-07,1.118018418808155599e-09
1.560872133654706475e-07,2.104818767377161525e-09
1.578901590072554335e-07,5.432744118717021103e-09
2.109142378501060271e-07,3.357488554206492285e-08
2.662953546214201932e-07,7.314318981023788161e-08
3.293352396175441907e-07,1.266046915065554332e-07
3.995435467744770993e-07,1.931282772674116958e-07
4.758983278958395010e-07,2.715701451801670172e-07
5.572605607081402118e-07,3.606132722828995367e-07
6.424219499226062663e-07,4.588485486520377933e-07
7.301002415446376657e-07,5.647663726721990627e-07
8.189436904296144670e-07,6.767625787577642651e-07
9.075345037142376665e-07,7.931879197078770732e-07
9.938245201651819328e-07,9.118179008272107092e-07
1.172989831071404553e-06,9.533173262152719451e-07
1.263227712854881106e-06,8.747207753242313404e-07
1.346276862767650774e-06,7.968096845240220328e-07
1.422429614824649455e-06,7.200884576492699703e-07
1.487643132980525477e-06,6.453858116073952386e-07
1.546208685399330686e-06,5.722645504973546169e-07
1.597897939119989651e-06,5.019930406058485477e-07
1.642947740537861195e-06,4.348152867508510042e-07
1.681583240240100701e-06,3.713476599097837204e-07
1.714231572273390051e-06,3.114244425212015924e-07
1.741258242937230195e-06,2.552148740057127265e-07
1.763112254098015146e-06,2.021314000351624490e-07
1.780144374549025940e-06,1.517926918015608889e-07
1.792659999596037666e-06,1.032039219614714992e-07
1.800815488086360348e-06,5.537901948202579579e-08
1.804605264412938815e-06,6.987810825729097609e-09
1.803799276458244096e-06,-4.355722202792422334e-08
1.797928708513087804e-06,-9.779287090766372363e-08
1.786191426148925935e-06,-1.578431735547008716e-07
1.767542053989153422e-06,-2.252578178332131968e-07
1.740537038577246173e-06,-3.022868256123539056e-07
1.555278187786346771e-06,-3.193699132139744811e-07
1.404768112181078735e-06,-2.598392857982620902e-07
1.250481643479949556e-06,-2.027285970795342321e-07
1.094031706816782705e-06,-1.489979592932066804e-07
9.386974860910486244e-07,-9.989515852403874349e-08
7.878379549990092220e-07,-5.656326701430375016e-08
6.447957053945637633e-07,-2.014579823066498066e-08
5.129579459677043501e-07,8.195712303666718289e-09
3.957574266941217668e-07,2.728166364726053848e-08
2.966810994293012289e-07,3.589262636330505956e-08
2.193210611603980419e-07,3.268110998837876283e-08
7.222485386501508218e-08,6.160367315311854814e-08
4.408358370932013598e-08,6.049089533346657304e-08
2.002631604308271449e-08,5.290805572357555991e-08
3.413388671473058959e-09,4.196977147883012828e-08
-4.948808520256096171e-10,3.233796929124148735e-08
5.426192211237023766e-09,8.016948476100657731e-08
-1.090829144672116712e-08,1.459896884379773961e-07
-4.384767202219579490e-08,2.288514463620421497e-07
-9.125414192081074750e-08,3.261017435086331319e-07
-1.515933251791073540e-07,4.354817094138328072e-07
-2.232939132448219988e-07,5.545731210007961724e-07
-3.046991827452723870e-07,6.808380247996079755e-07
-3.940791591500693159e-07,8.116349337870331269e-07
-4.896034943190800761e-07,9.441767146410824113e-07
-5.893067133878048386e-07,1.075653701185562689e-06
-6.916475353277463042e-07,1.204037247544292301e-06
-7.214830999104597184e-07,1.392532938712796496e-06
-6.447791334711045437e-07,1.445706884685640314e-06
-5.735510955453303454e-07,1.488747873475371566e-06
-5.066878656787824293e-07,1.523151232993569223e-06
-4.435959741018263657e-07,1.550105868494696564e-06
-3.829662617763979533e-07,1.570742047679385654e-06
-3.240038211454227257e-07,1.585861430089088371e-06
-2.655981953633734415e-07,1.596114381552374140e-06
-2.069123222729566024e-07,1.601922050337151100e-06
-1.471321011658595788e-07,1.603537486831633051e-06
-8.551664357771187277e-08,1.601054785145265515e-06
-2.156963842647952822e-08,1.594405625603724539e-06
4.543270352117351125e-08,1.583402635583808016e-06
1.157691443897636025e-07,1.567790394940028415e-06
1.899683426639973534e-07,1.547212572106105337e-06
2.679339653752668574e-07,1.521300571148303191e-06
3.499416456131504816e-07,1.489590449960683249e-06
4.355782421506856415e-07,1.451691456357578915e-06
5.248816647569244442e-07,1.407114172968341616e-06
6.171857188987495642e-07,1.355523337215096009e-06
7.122181033392239453e-07,1.296526549892962732e-06
7.166500916586489693e-07,1.112784664702276095e-06
6.291762579999842288e-07,9.942501608462367336e-07
5.445691725668335212e-07,8.750092293828555112e-07
4.640756193764793579e-07,7.569130011912227170e-07
3.889103881957252111e-07,6.418386979177639243e-07
3.201951157882180861e-07,5.315911865659807698e-07
2.589681745663744986e-07,4.278574532921751145e-07
2.061927485442913128e-07,3.322213652948303261e-07
1.627557956064555551e-07,2.461578963340549908e-07
1.295182701005418138e-07,1.710669839905579656e-07
1.075959395214285952e-07,1.087861211051789474e-07
-2.152038525325968522e-08,8.133458595936724762e-09
-1.837335077872590839e-08,7.638967149895379913e-09
-1.788340271637532373e-08,5.801344414492248073e-09
-1.868883430506903021e-08,4.203139016449673605e-09
-2.002243676245319583e-08,6.878426248921563112e-09
-9.872140346773209024e-08,4.070507164722289665e-08
-1.937805169760645180e-07,4.614806990280425294e-08
-3.150722234847112611e-07,3.677650611331083367e-08
-4.578313927029809502e-07,1.430404445670274411e-08
-6.173902856633407498e-07,-1.966511509855056089e-08
-7.891483157126118075e-07,-6.357093258716875677e-08
-9.685515547379507206e-07,-1.158727979067426286e-07
-1.151090936539480816e-06,-1.750477942615355713e-07
-1.332246974579521589e-06,-2.395758624375018906e-07
-1.507590691491983822e-06,-3.078555806970559825e-07
-1.673937803520754788e-06,-3.785282861192557985e-07
-1.871101815360808598e-06,-3.713074942504344721e-07
-1.899576016635472302e-06,-2.929850594290277481e-07
-1.919143227069021933e-06,-2.247407771547190371e-07
-1.931261268138798780e-06,-1.641100848063368973e-07
-1.936985323694223185e-06,-1.092620046420580850e-07
-1.937101491743628922e-06,-5.779510443742585554e-08
-1.932028735146850989e-06,-7.857310329022708909e-09
-1.921917449692356106e-06,4.235427666052750081e-08
-1.906663932651564554e-06,9.446168032036827512e-08
-1.885992574950572120e-06,1.495563018435096865e-07
-1.859458438689199528e-06,2.088453831321708901e-07
-1.826597378692555554e-06,2.726744801705819183e-07
-1.786841592760288603e-06,3.417186392049151684e-07
-1.739777176051044593e-06,4.156241702618868092e-07
-1.684945945667759130e-06,4.944916685555830369e-07
-1.622203406288506596e-06,5.773912487433823574e-07
-1.551443975574494426e-06,6.638554535152832686e-07
-1.473163270723370261e-06,7.522169595909690394e-07
-1.383328088819859693e-06,8.425366892782176919e-07
-1.287099605951550752e-06,9.337820942165732090e-07
-1.185114530786853450e-06,1.024867483397542228e-06
-9.936222485354844104e-07,9.861671714230726321e-07
-9.002560539563622609e-07,8.541476826044988975e-07
-8.008873128690493026e-07,7.221278425480802144e-07
-6.991263552102313544e-07,5.940823916085976471e-07
-5.971056202335243610e-07,4.725389510599295146e-07
-4.968519149222806148e-07,3.600338748828862630e-07
-4.003389511288049154e-07,2.590308943657455157e-07
-3.094675765911398198e-07,1.718925021415190714e-07
-2.260746560818549221e-07,1.009010223228347081e-07
-1.519544682977070825e-07,4.822381302237176688e-08
-8.837769063589787468e-08,1.530104971659285278e-08
-1.945216657517810769e-08,-2.635552196543573968e-08
-1.978887753643948151e-08,-2.582303559514817256e-08
-1.864906834263432545e-08,-2.986556634656522925e-08
-1.761562587386647452e-08,-3.820536155079185232e-08
-1.886416708024930069e-08,-4.706011646982322532e-08
-7.882449948479138151e-08,-1.555910129071247441e-07
-1.148952910297349536e-07,-2.708003869978914609e-07
-1.447503987495825051e-07,-4.106151645042292775e-07
-1.683422277450273791e-07,-5.715952752858201200e-07
-1.857749407954822855e-07,-7.484234943443090426e-07
-1.972460455301371389e-07,-9.359691649773294523e-07
-2.029454231393098885e-07,-1.129312758729706011e-06
-2.030601144981184866e-07,-1.323692624427883834e-06
-1.977745434394960073e-07,-1.514509725920511026e-06
-1.872400828309027474e-07,-1.697353100428495503e-06
-1.714382822891456751e-07,-1.867053671522816113e-06
-2.580669811633679207e-07,-2.020993891468227716e-06
-3.629871230276377215e-07,-2.014568674809853522e-06
-4.615388886916337203e-07,-2.003118569861111750e-06
-5.542414055931719647e-07,-1.987012049972986082e-06
-6.413124763028802927e-07,-1.966514489124460986e-06
-7.234567763044095054e-07,-1.941806719460057162e-06
-8.011194886518278636e-07,-1.912966555230573439e-06
-8.750342577079332544e-07,-1.879965016650771964e-06
-9.455187657399526094e-07,-1.843388683966126764e-06
-1.013094840715958419e-06,-1.801807650775303296e-06
-1.078453793045469278e-06,-1.754997410141524654e-06
-1.142167688789930374e-06,-1.702488685551243472e-06
-1.204628602283421954e-06,-1.643832308750420718e-06
-1.266272302971869042e-06,-1.578361615062460198e-06
-1.327101450302620239e-06,-1.505814475055578850e-06
-1.387250565402246175e-06,-1.425583318141462976e-06
-1.446332440971143145e-06,-1.337685280146283318e-06
-1.504216543442536505e-06,-1.241845298867708925e-06
-1.560200168693636216e-06,-1.138530692500441187e-06
-1.613964483858285506e-06,-1.027943218190983488e-06
-1.665091346663943919e-06,-9.114004416513645050e-07
-1.551741997700726311e-06,-7.578553177095544086e-07
-1.379488433996399538e-06,-7.134902375596327405e-07
-1.199062019427353384e-06,-6.599405860776491781e-07
-1.016508577510316613e-06,-5.996952581422635316e-07
-8.361172651331607563e-07,-5.341966936717068420e-07
-6.623474076425956318e-07,-4.648308258895909420e-07
-4.997449481651600452e-07,-3.930115065920905955e-07
-3.529033397458762815e-07,-3.201696806563685223e-07
-2.264640797694761266e-07,-2.477478285345373872e-07
-1.250823969798618368e-07,-1.771686195386449907e-07
-5.333713089323231276e-08,-1.095498506468962242e-07
-3.668293640383304699e-08,4.180446106140929942e-08
3.068501210941876024e-08,-1.463409816187401084e-07
1.564666069675865087e-07,6.654836158048361067e-08
1.932121917955473478e-07,-2.703512960859994719e-08
-6.607094747615885941e-08,-3.153931547360721606e-08
-8.445944806261885018e-07,1.096397586644547315e-06
1.501785789347193697e-06,-4.945673740010851725e-07
1.632389721209346140e-08,-1.872102589892362349e-06
-1.616820802825281557e-06,-5.705859790534985494e-07
8.560092503517318401e-07,1.012740765197937859e-06
1.166915794178864095e-07,1.689881204078917029e-08
-5.468932996516654117e-09,7.141732565405450082e-09
1.010323422157663678e-06,1.225631366395745045e-06
-1.007796344116709478e-06,1.321783715987193075e-06
1.911831387313771526e-08,-1.516145876454016174e-06
-1.266871133236159663e-06,-4.501676651709544500e-07
2.434467491013206903e-07,1.827586874261829383e-07
2.762072640067707225e-08,-4.033765415797637201e-07
-2.636659690042459314e-07,-1.032097002513735900e-07
-1.313991964622049885e-07,1.599349597215351356e-07
3.539345699354087096e-07,-8.823269005309201898e-08
6.812022848363126455e-07,7.751006458353684658e-07
1.193214409170099814e-06,-3.861539405094768170e-07
-9.008272051580287395e-07,-3.245714429542875847e-07
3.654192038998498652e-07,3.469150101979901296e-07
-5.542896339536816094e-07,-2.049744178162858864e-07
2.195328958867522354e-08,-1.128199666291878352e-06
5.143363235626441112e-07,5.484870699989557364e-07
2.479049369572481876e-08,-7.443628065146388925e-07
8.813767255648863783e-07,-2.767628040556830511e-07
5.925924493105945717e-07,-1.745224578431011223e-07
-2.734120733843324253e-07,3.437155047408411740e-07
-6.449902582610101223e-07,8.327922004014142816e-07
-4.494551870805009660e-07,5.746700591787802787e-07
1.449965039784598582e-07,-3.814345620800389986e-09
-6.405127009028963482e-09,-5.713071032693824753e-09
3.578057384528211108e-08,-5.303463945506406239e-08
1.737274076934687788e-06,-5.787932821404101674e-07
-1.866123494696935644e-06,-6.600759493304453811e-07
1.519201972641555623e-07,6.910780078233377481e-09
-1.262611359223985126e-08,7.382765811302526034e-09
-1.407445158610073765e-06,-1.581152640344117870e-06
1.229126617448258841e-06,-1.589717803975671306e-06
1.669084677689131778e-08,-2.115866344603548912e-06
1.385435052955001267e-06,-1.391482858147510584e-06
-1.543561222663375742e-06,-1.411895353174102078e-06
-1.239438795229083908e-08,-1.791698877951826751e-08
1.335756227993263143e-07,-1.890457835786945883e-08
-1.268197242954772721e-06,-1.716519282580304241e-06
1.075614515757153171e-06,-1.743649288493715796e-06
1.531872445046587653e-06,-1.153089849532368194e-06
-1.671334113047135864e-06,-1.206451552713725445e-06
2.473940374364617813e-10,1.859897519084972345e-08
6.413483398433798188e-08,3.186232049155345590e-08
-1.292659765693309362e-06,1.120959553623879437e-06
1.268884119686494293e-06,1.039306829887457428e-06
-1.130612753997695986e-06,-1.824988734769612123e-06
9.370688740779783340e-07,-1.858384236643331326e-06
1.650238932194868058e-06,-9.138773557343420581e-07
-1.778070131609254426e-06,-9.916059171120691645e-07
-1.468439379865541685e-06,9.472647692981882229e-07
1.419357834841860597e-06,8.869077195332767794e-07
-1.001765278062759556e-06,-1.908496964399276953e-06
8.230559158170456162e-07,-1.937867120621545851e-06
8.767333560431585926e-08,-3.349017311118010504e-08
-3.339059106155340005e-09,-2.758622453281509209e-08
-1.510041530822831091e-08,-2.663809018960146521e-08
1.514083330177616376e-07,-6.205102453458621962e-11
1.490521959216809777e-07,-1.567135001480178688e-10
-1.350476656265052974e-08,4.906145866507829638e-09
-1.269799585901482123e-08,4.371282574459237518e-09
-1.645547192072031092e-06,7.499633295983423592e-07
-1.712854207457532420e-06,6.595859798614162723e-07
1.622565942849881360e-06,6.420003321646822547e-07
1.566993616628346318e-06,7.184787009866284318e-07
-8.518824535164000221e-07,-1.992526336255705071e-06
-7.767177079553894019e-07,-2.025599152765982086e-06
7.072909238798995087e-07,-2.008452775465362253e-06
6.532290036764246463e-07,-2.034770210201193747e-06
-1.772759069987469168e-06,5.640981152451465485e-07
-1.822685263387704920e-06,4.807083884435498055e-07
1.671948177100119285e-06,5.612317925232310375e-07
1.713222260029148975e-06,4.905225810383469483e-07
-6.907058444311407571e-07,-2.055193765964710356e-06
-6.066983544020660106e-07,-2.081981050398439014e-06
5.926818427528150858e-07,-2.058229068854787569e-06
5.337537216727752115e-07,-2.079605257687788502e-06
-1.294553271991132643e-08,-2.327674058865390825e-08
-1.567330042660086780e-06,8.516434044611314412e-07
1.502223025741994697e-06,8.048981902939407745e-07
-9.301177805899402502e-07,-1.956277213184945455e-06
7.658914658382508087e-07,-1.978829063532090514e-06
-1.865347516032098896e-06,3.953641680450743220e-07
-1.899781900323385101e-06,3.221333934407984997e-07
1.748633791913019933e-06,4.177337380814786166e-07
1.777471825505653573e-06,3.547158001033521549e-07
-5.101139640039768588e-07,-2.104626016372144846e-06
-4.147851928214932096e-07,-2.124341131125810177e-06
4.648293071217346633e-07,-2.098519010088568765e-06
3.943377544776524418e-07,-2.115891193006889411e-06
-1.331635559980724950e-08,3.705823222427935366e-09
1.523572472395791018e-07,1.360843258931455190e-09
8.019246918654985765e-07,1.393421906543559808e-06
7.033464854521149160e-07,1.449677265295270259e-06
-7.162338995911922147e-07,1.526119095207846648e-06
-8.005032720548750415e-07,1.480345268502657228e-06
-1.927978875574844129e-06,2.488914317427789179e-07
-1.950039290321336747e-06,1.865365511568560333e-07
1.801325468604491490e-06,2.908950242806988766e-07
1.820281144918753727e-06,2.356909259330400195e-07
-3.052573459763441990e-07,-2.138716760185660916e-06
-1.962290755386992800e-07,-2.149669012269264330e-06
2.175633790487530186e-07,-2.142475735467691351e-06
3.089491361488973406e-07,-2.130225690511197268e-06
1.437743467802324204e-07,6.573798457208635958e-10
-1.585605061535564466e-08,2.090414829212058593e-09
5.996018519347539955e-07,1.499937548876207166e-06
5.069024802440095085e-07,1.541237808710718127e-06
-5.615616748914125418e-07,1.593406858022631830e-06
-6.326993394520750683e-07,1.564052552655778227e-06
-1.967301489581248827e-06,1.245285086743005672e-07
-1.980396523232381701e-06,7.100022037140075106e-08
1.847048366766817194e-06,1.303719650495061407e-07
1.835359398818091663e-06,1.797316210542708428e-07
4.108418494437317375e-07,1.576896562924150547e-06
3.256908835927276370e-07,1.605107336900194246e-06
-4.274836878366968633e-07,1.635626902482904734e-06
-4.900441997696791435e-07,1.617342608243564469e-06
-1.990001338462902224e-06,1.639450300893686525e-08
-1.996829708441113021e-06,-3.311711746386419879e-08
1.855800037202859213e-06,7.888571670794003701e-08
1.862170732968441422e-06,3.122560860968295851e-08
9.137916155605424897e-07,1.326973037925024441e-06
-9.072753733999235416e-07,1.422132067486274915e-06
2.385557839692976426e-07,1.628342906789599178e-06
1.617435689106645407e-07,1.645647754089434583e-06
-3.042737936040370409e-07,1.660710636683682938e-06
-3.628849673090772363e-07,1.650125561268395900e-06
-2.000778766855029597e-06,-8.692994064767824296e-08
-2.002357208211827563e-06,-1.396679516042338493e-07
1.865935999538501656e-06,-2.142198424929862756e-08
1.867504230206702938e-06,-7.355147261266943881e-08
-1.312265868063968541e-08,-1.701630720336180457e-08
-9.797731938083180358e-09,-1.992024677248214447e-08
1.445092185191759382e-07,-1.627433007559607918e-08
1.444376401030179507e-07,-1.439767432019111614e-08
4.710716348089299347e-09,2.462964559536611671e-08
2.574586128379756817e-08,3.250855446693902895e-08
8.366742843827699697e-08,1.658780024912678069e-06
1.482205673030654622e-08,1.667362137920016581e-06
-1.827624176130678983e-07,1.672708603698609338e-06
-2.416684982242913834e-07,1.668280797284398604e-06
-2.000432504851420264e-06,-2.015705508482283301e-07
-1.995238957731359739e-06,-2.665776003080816835e-07
1.865739703146574721e-06,-1.349593500622434056e-07
1.860856397003543517e-06,-1.993535492981820190e-07
1.834817387884308391e-06,-3.641904144885341936e-07
1.850431082144685709e-06,-2.785655353962804354e-07
-1.984211630219501006e-06,-3.469382981021068855e-07
-1.967695285566445203e-06,-4.343715281618597130e-07
-5.537296471025869653e-08,1.672508462126697354e-06
-1.179454949842007285e-07,1.674139557801704206e-06
1.811613622648627567e-06,-4.795026654696876620e-07
-1.943373108029302855e-06,-5.546913508906573934e-07
-3.378520663658749795e-09,-7.496260716562197488e-09
-9.009169837696049221e-09,-2.523613766905053877e-08
1.466472202629380389e-07,-2.075837878215302703e-08
1.397431928381708297e-07,-6.181991083837018227e-09
1.003787293480978492e-07,-2.070074613936620669e-06
1.445583868257868335e-07,-2.187495425956284151e-06
-1.176098838884791476e-07,-2.194837761995301204e-06
-6.856389171097217159e-08,-2.069584845389457735e-06
-1.963851235615177351e-06,-6.572671944329841257e-07
-1.849308792555586002e-06,-5.545045118753891760e-07
1.720097102980134354e-06,-4.791925712489383779e-07
1.832621903935531561e-06,-5.772661498486777663e-07
-1.404779287555440398e-10,2.946166128107249188e-08
4.477944073693046364e-10,9.782519323523217947e-09
3.551635441076104306e-08,1.690938260393994292e-08
5.348413587264661250e-08,4.713253223483023536e-08
1.532846789680056327e-08,-2.199169917955342714e-06
1.341506481636107813e-07,-7.051193923985394258e-09
1.452426628754625134e-07,-2.384549408275554718e-08
-1.704132005673249627e-08,-2.313295784547464381e-08
-7.075253603285890048e-09,-9.175430606750297769e-09
-2.698411525466718526e-09,-8.998290395624126132e-10
1.421974802884761352e-07,3.085898996997997523e-10
-7.475147499784664837e-09,-1.082373158592695321e-08
-1.608844966233371633e-08,-2.817365208863055928e-08
1.342445517805855497e-07,-3.413442994848425476e-08
1.149864950593098727e-07,-2.437441334764483712e-08
1.146045714683736495e-07,-4.473125772927483153e-08
-1.736812070608989310e-08,5.237296435979309508e-09
-7.012996858870280715e-09,2.479709392863774020e-09
1.503031224435518321e-07,1.886502937633261645e-09
1.540973439047388206e-07,3.794233293493144034e-09
1.409061605175891994e-07,1.209404841372323028e-08
1.245586830533697316e-07,2.105538110263388170e-09
-5.291298842225121970e-09,1.231515284923633951e-09
-1.919536305441572660e-08,3.498960094013753167e-09
1.208559566666665518e-07,-1.089781660598438917e-08
9.637370230583772724e-08,-1.479833139224178964e-08
-1.843593143870190007e-06,-8.611344405850365460e-07
-1.789332169300702919e-06,-7.274811444828401407e-07
-1.918249744797366468e-06,-7.962896827015321190e-07
1.717657219977791766e-06,-7.760959690454030406e-07
1.790837386270515173e-06,-7.119138662437879623e-07
1.662741397344522509e-06,-6.421890996353769062e-07
8.161932481477425386e-07,-1.989871487125297995e-06
7.724201938880795181e-07,-1.927535289599686381e-06
-9.387034750992778870e-07,-1.894349230159464836e-06
-9.933554938355176453e-07,-1.970335791490858907e-06
1.502979422839078405e-06,8.903154641477541552e-07
1.420170236016074779e-06,8.009362442593264469e-07
-1.470105286216016297e-06,8.471995149203427488e-07
-1.567333934140461220e-06,9.511448881514079619e-07
-1.011592910699089209e-06,1.421755161606708488e-06
-9.014044123959539969e-07,1.325542934381062281e-06
9.081747560042500467e-07,1.228064573730483191e-06
1.015100371016805769e-06,1.325432129069413316e-06
-1.875535576997418953e-06,-9.621541172904863247e-07
-1.745079379700521530e-06,-8.919681325461713039e-07
1.617385200128653357e-06,-8.078747173143575431e-07
1.751116544436767387e-06,-8.818485647745645710e-07
9.142048496098016315e-08,-5.392804392386112060e-08
-1.168900001069341341e-06,1.238623424447692636e-06
-1.044417274607448503e-06,1.218821597987020574e-06
-1.131440615197227313e-06,1.340793015056564975e-06
1.159458186726251785e-06,1.147052586590426805e-06
1.126131894149312190e-06,1.243968363144810214e-06
1.043915482788768213e-06,1.128014127938259391e-06
1.174127474610625669e-06,1.035567696498406476e-06
1.255055891474639611e-06,1.149694590382337167e-06
-1.275699088090407633e-06,1.241955319252591523e-06
-1.186099149064212664e-06,1.117470347244663351e-06
-3.234971962509873612e-08,-2.031257686963827848e-07
-1.253495653412792569e-08,-9.903549443704846524e-08
-2.709548730797019647e-08,8.574787108223870994e-08
-6.421122406902649528e-09,3.837750328467648256e-08
2.050399158528360736e-07,7.022081891327177621e-08
1.626841677682922348e-07,3.074740400689310156e-08
2.151863753031300258e-07,-7.808617293528957542e-08
1.637122092422768282e-07,-3.984872860074228328e-08
-1.210896463417466069e-07,-5.379859615810807929e-10
-4.596629997942461594e-08,6.731263835098238451e-09
-3.965641157302309918e-08,1.312431748615370880e-08
-8.550684796276476630e-08,4.565049635466182156e-08
7.451651645063012670e-08,-1.049658438862635045e-07
9.222475275800574189e-08,-2.022407000638911538e-07
1.767664446403802068e-07,5.363237646980910970e-09
2.376892550904011566e-07,-1.942076935161613796e-09
1.205160093257231564e-07,6.360074673479374298e-08
1.451936399769163809e-07,1.133268558846187734e-07
-2.955364146074203560e-08,-4.734048090228409233e-08
-9.296602975466205826e-08,-9.262851690056657405e-08
-1.530027619073139249e-09,4.520263914998263364e-09
9.853869562101083295e-08,1.035343838454737040e-08
-8.712529636718980571e-07,9.765278726351008370e-07
-9.640765956267954053e-07,1.105611612134319768e-06
-1.501067772864639690e-06,-6.387640641788871203e-07
-1.665553123897186067e-06,-6.865471992549390440e-07
1.145621425704873335e-07,-1.786494373196677225e-06
1.038472024383582858e-07,-1.951364644194876588e-06
1.453381930851937078e-06,-3.797025421074007089e-07
1.604224756230207721e-06,-4.368393047406002424e-07
7.428826093162363959e-07,1.003014411194303263e-06
8.313347806134322141e-07,1.121693229385174992e-06
1.545470363037192397e-06,-6.022018893540004821e-07
1.398344164047823828e-06,-5.558301234327650586e-07
-8.201809980860402271e-07,1.214420385540179498e-06
-7.186222965330225634e-07,1.085301280597060602e-06
-7.235098563062134536e-08,-1.949929635805274425e-06
-8.066243037250886027e-08,-1.787145295721406200e-06
-1.727681191749085500e-06,-5.083863296553309015e-07
-1.562646602107632624e-06,-4.436419585258035135e-07
9.670317640318440357e-07,1.021901004093978677e-06
8.812285337603942708e-07,9.031098388798845772e-07
-3.236735409505337988e-10,7.593541022049803825e-09
7.006944013627620425e-08,1.457475691682802184e-08
-6.369865783809801361e-08,1.528041429013810249e-07
-7.734076029536825727e-08,9.159289146426023408e-08
-1.437930412062848810e-07,9.693365633023099725e-08
-4.975608248153511236e-08,-3.318877087662313377e-07
2.915522736308819182e-08,-2.617542454165936381e-07
1.064618440679276688e-07,-3.309694299303767524e-07
2.913079983983415655e-07,-1.224668775890079556e-07
2.620849068401823934e-07,-5.389379200472989079e-08
3.226310237816883023e-07,-1.897842774449105931e-08
2.564985010881592049e-07,1.227916190368011195e-07
1.950685531483570574e-07,1.181472515793448235e-07
1.810525043207742895e-07,1.768434685383357015e-07
-2.254317214387613167e-07,-1.992955215804002264e-08
-1.509221361285341760e-07,-6.279816897557276939e-08
-1.866489716941564109e-07,-1.452416102068643841e-07
1.323386309452413477e-07,3.628237577832961918e-08
1.052178913888097333e-07,3.643044069722540048e-08
-1.493972173884162793e-08,1.785263992075618881e-08
-4.601032143637715964e-10,1.922388778901205824e-08
-4.233458125273456606e-09,2.790992502735366413e-09
-9.590744340232105442e-09,5.827336708811244975e-09
1.484446318519087485e-07,6.243048729855660492e-09
1.460737106895460124e-07,3.610874061702301980e-09
-1.397771248987977406e-06,-1.505229844903585158e-06
-1.463372520331089816e-06,-1.418575322804951410e-06
-1.473646214910454852e-06,-1.498910301390037020e-06
1.218461767277007061e-06,-1.502030355301466942e-06
1.304835522935343211e-06,-1.493684226784141329e-06
1.293469574815620245e-06,-1.400187353122546741e-06
-1.335066906548057372e-06,-1.579369090499184013e-06
-1.336005962496821908e-06,-1.650604446748718208e-06
-1.267350261173214449e-06,-1.648892545203294218e-06
1.148213789202727188e-06,-1.588754966434410426e-06
1.074756313474293865e-06,-1.669032982247944995e-06
1.149133729776981835e-06,-1.669722559945341567e-06
1.364233540744701108e-06,-1.295031242025066592e-06
1.457350952292656206e-06,-1.274543523402551188e-06
1.435332848575404711e-06,-1.174181234402954139e-06
-1.524591075959075611e-06,-1.328760549984046695e-06
-1.585927945690338388e-06,-1.224251102683407088e-06
-1.605951606440184553e-06,-1.311772695390382909e-06
-1.699082151000744687e-08,7.155821429790068352e-09
-1.998134913134127370e-08,1.291078458871650182e-08
1.535761874555565155e-07,6.844602363067856439e-09
1.562243063786120094e-07,1.165136992048005563e-08
-1.203966401671000252e-06,-1.709049901761520874e-06
-1.198145972417081053e-06,-1.771794408934553858e-06
-1.136292783781028967e-06,-1.764521268749463719e-06
1.008915107182364125e-06,-1.736848082411931361e-06
9.424131929545882029e-07,-1.797464563973167838e-06
1.003082670474274715e-06,-1.803507680653306013e-06
1.501611326977411385e-06,-1.054521088824544512e-06
1.590946726130251615e-06,-1.033912093254228992e-06
1.560691276961386052e-06,-9.344541616954837837e-07
-1.643424877523542956e-06,-1.118719343640589154e-06
-1.695161255874733935e-06,-1.009871121337248940e-06
-1.723981009640284239e-06,-1.100883225441751764e-06
-1.071350445678908919e-06,-1.813066142855551825e-06
-1.065816354464469094e-06,-1.867070994722203486e-06
-1.007273942042453078e-06,-1.855130043097791502e-06
8.825508747563607360e-07,-1.848286688276577372e-06
8.275292558345188262e-07,-1.890263247942955736e-06
8.777141720984293932e-07,-1.899640343902553742e-06
1.265887565033930575e-06,9.554767550350735810e-07
1.343037387575926803e-06,8.812315318197702971e-07
1.345799403640554848e-06,9.613047392081803139e-07
-1.289977573119719000e-06,1.026654685127609219e-06
-1.381760108424621614e-06,1.032889507504540725e-06
-1.379273557931515776e-06,9.409919055066926068e-07
1.299743215432986493e-06,-3.231703623740475170e-07
1.349440512058365808e-06,-4.409803144013028721e-07
1.243229085003722034e-06,-5.039537721047568866e-07
-7.723708525546741725e-07,8.439903152160693237e-07
-7.452623091721463730e-07,9.652370290807803166e-07
-6.178149448928558803e-07,9.540835649881488368e-07
1.230941988041780107e-07,-1.608330448278495155e-06
1.767561338645772138e-08,-1.700188132934915136e-06
-8.629194066014531511e-08,-1.609102351929864227e-06
-1.324380049176630639e-06,-5.834617958633536951e-07
-1.445944047777453855e-06,-5.116933884718342565e-07
-1.389133526122916582e-06,-3.785258182330118940e-07
6.558914953767967855e-07,8.838352540639486526e-07
7.682453054633300159e-07,8.934363114390614312e-07
7.933902028536887509e-07,7.845229344944066086e-07
9.374259478778262071e-07,-1.916360664780857667e-06
8.782853583243064238e-07,-1.953553424876311329e-06
-1.131180127826710383e-06,-1.885722392834996737e-06
-1.066446823010167135e-06,-1.927031332137378665e-06
1.351323039813179918e-06,1.059627459439028360e-06
1.424800048790405898e-06,9.808551150199892605e-07
-1.386996775212038889e-06,1.143628986620862079e-06
-1.473706741811243227e-06,1.055044989116422874e-06
9.348622375749214522e-07,1.121257678894994035e-06
-9.294097155491624102e-07,1.213067168762614249e-06
-1.760737394391478563e-06,-1.193145887806796522e-06
-1.816130542600027239e-06,-1.087035387319568875e-06
1.630974594227449404e-06,-1.137121237308175727e-06
1.690517941679920250e-06,-1.017756867881147563e-06
1.079157385275914498e-06,-1.812927637265066705e-06
1.006601038856028630e-06,-1.867219373031399897e-06
-1.271955869330929591e-06,-1.781644198615402516e-06
-1.201909664449436310e-06,-1.834659341363544195e-06
8.073068444695259341e-08,4.470635569074198216e-08
9.089219555473246193e-08,2.552505700121973429e-08
-2.311440718758924714e-10,1.360836388580528491e-08
1.362361974219837209e-09,2.608275807748706534e-08
-1.627351564606856893e-06,-1.403315158130092515e-06
-1.693661796078128298e-06,-1.302539758726510784e-06
1.481235080740093226e-06,-1.380541386267759977e-06
1.556545971742313464e-06,-1.262984771666096485e-06
1.236359227811255059e-06,-1.672433367388103812e-06
1.156078977431869391e-06,-1.746364079732318165e-06
-1.414385808458948644e-06,-1.653901220393578026e-06
-1.342799356585287352e-06,-1.719849146459989088e-06
-6.717894109633933435e-07,7.124754698340413805e-07
-5.715887752610445445e-07,5.849924168302982514e-07
-5.457384867188978022e-07,7.016497875143807233e-07
-5.187164250222565093e-07,8.216577841059446264e-07
-4.231951955356494659e-07,6.907528734691230111e-07
8.333863642143952811e-07,-1.644999775155157064e-07
6.870318280208525669e-07,-1.187896207284266740e-07
7.324284223191152635e-07,-2.242045377395026204e-07
7.797091234985992543e-07,-3.362449519453114920e-07
6.369485105482033142e-07,-2.796073063671882750e-07
5.713043448083960907e-07,7.656644586158183240e-07
4.903996687512317845e-07,6.503763216332662097e-07
5.961330590733376585e-07,6.595008033132166346e-07
7.057455528521005748e-07,6.685396275553664691e-07
6.196626664096265767e-07,5.570428310570016807e-07
-6.387103261679193563e-08,-4.841769237772151915e-07
-7.485404976937023889e-08,-6.549204578479163571e-07
2.620524332988498521e-08,-5.659937437042654645e-07
-3.545762300818100671e-07,-5.030432556012895105e-08
-5.037472689795581178e-07,-9.015665589751121114e-08
-3.996833111466173098e-07,-1.511136768192490242e-07
1.177001123932587869e-07,-4.834521820587817360e-07
1.258528649511125624e-07,-6.542013393233915759e-07
-3.067415423139281328e-07,-2.033622552460865400e-07
-4.486509104150851105e-07,-2.654267516729974105e-07
9.305479047261802432e-07,-3.932076455589186530e-07
-2.928200763286287809e-07,2.525523431502168437e-07
-3.801904563971001413e-07,3.525264465989827562e-07
-9.003840890059487682e-08,-1.226545714435701094e-06
-8.784696612801276578e-08,-1.031028701879939530e-06
5.508315251058829196e-07,-7.853840506994148076e-08
2.815837872286719333e-07,3.394102294904343298e-07
3.444379305806210621e-07,4.356062571002149518e-07
-1.025234698437363158e-06,-2.513718329220828543e-07
-8.436403908870454481e-07,-1.922024191029869780e-07
2.337192249281536650e-08,-9.334050335517609411e-07
-8.281623150328963566e-08,-8.388734569444045561e-07
2.268207258506345562e-07,2.526915563355347920e-07
-4.737397870191811411e-07,4.641585859540422698e-07
4.370443039766978028e-07,4.437591166867105419e-07
4.143975918121385793e-07,5.397920000288652885e-07
-7.228622432718225468e-07,-2.632892887860695328e-07
-6.682979899367730502e-07,-1.379620952522194145e-07
-2.134370178068138008e-07,1.665924447652978509e-07
-1.208578417071387422e-06,-3.139730583507293712e-07
-3.580608762012424479e-07,4.545082526988528150e-07
1.086127494146183554e-06,-4.494398326363852293e-07
4.282065004388524852e-07,-4.488603271728551175e-08
-8.948545301291336046e-08,-1.420741440808062852e-06
1.309788118125869500e-07,-8.381488545121483564e-07
-6.077289555374533345e-07,-3.299440183952480382e-07
5.364584032553495744e-07,4.517240516489338069e-07
3.163355239612104984e-07,1.883667407667650000e-07
1.331719729494812652e-07,-1.030303948167089990e-06
-1.141431415328540412e-07,2.365481983189405008e-07
-7.793690733295111118e-07,-3.954454947456245452e-07
-1.142146655310587059e-06,-5.236086537961134547e-07
-3.331801507777100614e-07,5.641909596825643047e-07
1.291377340308795813e-07,-1.420015482614464807e-06
4.573907528242908236e-07,3.541866858725597832e-07
1.143102877299756562e-06,-2.677995779769544110e-07
3.892851738064163149e-07,-1.716179779762710286e-07
-1.972900388062543664e-07,2.447408493729771038e-07
3.005491846807465419e-07,2.594502080635588351e-07
1.325264305540633915e-07,-1.225822630765986412e-06
-9.590102609830302274e-07,-4.604784359685826438e-07
3.836452754619935113e-07,2.659333081280157243e-07
-2.505086282458779785e-07,4.446240742847470943e-07
9.865224134879103406e-07,-2.145427257063830461e-07
1.036076985223073292e-06,-3.311019598289676992e-07
5.056605926146467778e-07,-2.243685653411145402e-07
-1.083657004487245739e-06,-3.873468669695609726e-07
-1.769366772040714502e-07,3.345963207629261060e-07
2.053597466708782637e-08,-1.323981740395080505e-06
4.652759514964315291e-07,-1.288242324443682912e-07
-1.485987795727129004e-06,-1.578164556190349004e-06
-1.556398009378700931e-06,-1.495519626793174947e-06
1.318337797262223124e-06,-1.585286768797420062e-06
1.399597173946510748e-06,-1.488724594012546141e-06
5.102773606144625876e-08,-1.791388787468570549e-08
1.592494216783808167e-07,-1.194836464134406455e-08
-2.415995155820051595e-08,-1.449777641652623158e-08
1.624144035297382901e-06,-5.387567660836996761e-07
-1.749019532583231124e-06,-6.183185989433777473e-07
3.624935740237761551e-08,-8.730990295996262977e-08
-1.149214052368811238e-09,-5.475367276833427221e-08
6.965036211864258928e-08,-6.543175804806886381e-08
1.639042405717001168e-08,-2.002548359745767695e-06
6.375945450655222634e-08,-4.312478713325127824e-08
2.131295957206738195e-08,-2.638277464129498668e-08
