Size 899,2
0.000000000000000000e+00,0.000000000000000000e+00
0.000000000000000000e+00,0.000000000000000000e+00
3.425681700605126776e-08,-6.703939563388222237e-06
-2.832352702069770880e-07,6.134426099275235730e-06
2.803090806006645716e-07,-2.208411481472006608e-07
4.663735584475253073e-07,-9.801758839837493332e-08
5.700994739139034956e-07,-5.840328435883341578e-06
4.937116104417265049e-06,-2.103575158706133204e-06
5.131456368227443414e-07,6.054535266641890445e-08
5.153895887447494828e-07,3.163077687182756225e-08
5.295615790961504007e-06,-1.066057628927268649e-06
3.681899474028394509e-06,3.750123297915450354e-06
2.811456278857170133e-07,2.125150922029445781e-07
2.233755314148539014e-08,1.288021560529458070e-07
2.807228612950193109e-06,4.380476126095302890e-06
-2.793689401974170920e-06,4.696150194709533655e-06
-1.159670070307367024e-07,9.697739529601419123e-09
-9.700202432172565738e-08,6.725213369617118300e-08
-3.705604137918525718e-06,4.013331548493039941e-06
-5.720489760069102460e-06,-1.290621532944880232e-06
-4.014012579161650249e-08,-1.201445535045325955e-07
-8.485522602065014749e-08,-1.711686911402250138e-07
-5.349709439839434891e-06,-2.387455743498926211e-06
-4.975392750725432476e-07,-5.829899074358154860e-06
1.919078600688928113e-07,0.000000000000000000e+00
3.051581596003943764e-07,0.000000000000000000e+00
3.704528593331350737e-07,0.000000000000000000e+00
4.063017923268545766e-07,0.000000000000000000e+00
4.192452619219100909e-07,0.000000000000000000e+00
4.408717874249461862e-07,0.000000000000000000e+00
4.646110902411994735e-07,0.000000000000000000e+00
4.670882856834143009e-07,0.000000000000000000e+00
4.517357090804099420e-07,0.000000000000000000e+00
4.149218915598087762e-07,0.000000000000000000e+00
3.280393216441337651e-07,0.000000000000000000e+00
2.215211792573012161e-07,0.000000000000000000e+00
1.186549374853847883e-07,0.000000000000000000e+00
0.000000000000000000e+00,0.000000000000000000e+00
0.000000000000000000e+00,0.000000000000000000e+00
0.000000000000000000e+00,0.000000000000000000e+00
0.000000000000000000e+00,0.000000000000000000e+00
0.000000000000000000e+00,0.000000000000000000e+00
0.000000000000000000e+00,0.000000000000000000e+00
0.000000000000000000e+00,0.000000000000000000e+00
0.000000000000000000e+00,0.000000000000000000e+00
0.000000000000000000e+00,0.000000000000000000e+00
0.000000000000000000e+00,0.000000000000000000e+00
0.000000000000000000e+00,0.000000000000000000e+00
0.000000000000000000e+00,0.000000000000000000e+00
0.000000000000000000e+00,0.000000000000000000e+00
4.523576479064753866e-07,-6.666227818286926187e-06
8.350952206113486553e-07,-6.593980980532840399e-06
1.156008299256582119e-06,-6.516294911757084447e-06
1.445557157009650133e-06,-6.433040937257448699e-06
1.708659965361807563e-06,-6.346244394273778207e-06
1.949749900741658138e-06,-6.256739106377735124e-06
2.174431791836492160e-06,-6.164586528249665997e-06
2.386589764167199092e-06,-6.069269426640054001e-06
2.590537733793205688e-06,-5.969671399663345281e-06
2.789663802467856036e-06,-5.864316788610710153e-06
2.987379116195207666e-06,-5.751604280511453297e-06
3.186450945215519634e-06,-5.630328015106117762e-06
3.390086766714728531e-06,-5.496397061311203971e-06
3.598915172228780156e-06,-5.346999382584547063e-06
3.814089164039850479e-06,-5.178915197713949297e-06
4.034748930701172104e-06,-4.989505656781512851e-06
4.260353838742184194e-06,-4.776121011519026198e-06
4.488611504359365493e-06,-4.537080617898782036e-06
4.717466458390174105e-06,-4.270668709523256649e-06
4.943672542644744876e-06,-3.976718867695676117e-06
5.163915411020916542e-06,-3.654993999064156911e-06
5.374454230469229305e-06,-3.307449289103701240e-06
5.572617738164869445e-06,-2.934355707919492133e-06
5.753120959831817198e-06,-2.539131899886144859e-06
5.910068064094976692e-06,-2.121666657974751555e-06
6.030135061427609444e-06,-1.695462869235802955e-06
6.113735264112611790e-06,-1.281370696722550155e-06
6.161920741716453492e-06,-8.974527061905491158e-07
6.188678137359042368e-06,-5.529781748183951465e-07
6.198890080012484070e-06,-2.371817343271313774e-07
6.195673883121689043e-06,5.437890547842068563e-08
6.181381287080967247e-06,3.240002134519424440e-07
6.157978306652243353e-06,5.755274981429039302e-07
6.126845903221700400e-06,8.115465776729594794e-07
6.088893483145834958e-06,1.035650465545240910e-06
6.044567232791489866e-06,1.250480521090980969e-06
5.993834820912143311e-06,1.459153171903302406e-06
5.936308232455140054e-06,1.664130993020511500e-06
5.871177166477414211e-06,1.867874099635657042e-06
5.797365899194478590e-06,2.072476492718120376e-06
5.713481289145559869e-06,2.279615235333117783e-06
5.617938236370584781e-06,2.490879291159749246e-06
5.508977679548653024e-06,2.707092141558487852e-06
5.384694808110303273e-06,2.929321403247955643e-06
5.243001929346051221e-06,3.158116897064457175e-06
5.080654494877729216e-06,3.396110481615409444e-06
4.901593346649826744e-06,3.646708538040098129e-06
4.694141867866873021e-06,3.908646719142790174e-06
4.451402483742332969e-06,4.184444465887663375e-06
4.171671412796694063e-06,4.466320282840807683e-06
3.846935800840115884e-06,4.745708108531037481e-06
3.492148470909185527e-06,4.999444774863809221e-06
3.126438644689817108e-06,5.222966340134178583e-06
2.762096156926460732e-06,5.415849558046733645e-06
2.405571882244129465e-06,5.581548037052970398e-06
2.057016980192246975e-06,5.721768286932100835e-06
1.718057970647349921e-06,5.837909188556881303e-06
1.391280822047158790e-06,5.931456307172141540e-06
1.077538135693756628e-06,6.004402147190097817e-06
7.782692427416760744e-07,6.058772545533353092e-06
4.931254849118029087e-07,6.096828305826762059e-06
2.221810907131758327e-07,6.120742787029871463e-06
-3.614916640109466608e-08,6.132637946530246604e-06
-5.215907271570322230e-07,6.127008048125223157e-06
-7.534907236209510473e-07,6.110919061553482474e-06
-9.818900067733385745e-07,6.086847405881305399e-06
-1.209998089700136482e-06,6.054954833068999728e-06
-1.441310360088089907e-06,6.014725098232559221e-06
-1.679832022613469016e-06,5.964979310086638103e-06
-1.929123572277459452e-06,5.903829003180995254e-06
-2.193554370826219146e-06,5.828590470717295379e-06
-2.476251246497454696e-06,5.735986403505796965e-06
-2.782197416430608007e-06,5.621694539062513245e-06
-3.122225663593543902e-06,5.478339986857815380e-06
-3.491790206044244780e-06,5.291924157869301827e-06
-3.875700225984126373e-06,5.060938673976478326e-06
-4.240976482894441122e-06,4.783649717112928196e-06
-4.569686481413217438e-06,4.487967647388188543e-06
-4.863841683004627797e-06,4.185539444735684039e-06
-5.122601287073497891e-06,3.886167636443304934e-06
-5.348965516625373537e-06,3.591112485678416734e-06
-5.554443992086787890e-06,3.305018451281953793e-06
-5.733668376421364482e-06,3.026651658283215147e-06
-5.889429070113136170e-06,2.755278407845092638e-06
-6.023674143881545662e-06,2.492164175532955884e-06
-6.138602477062386057e-06,2.237353765865829302e-06
-6.236436305829478191e-06,1.991281432658016997e-06
-6.319492313831859811e-06,1.752820614764701767e-06
-6.389964371967648162e-06,1.520898153275130374e-06
-6.449827251652221642e-06,1.293252521663296257e-06
-6.500766516545505058e-06,1.067380392611546947e-06
-6.543994928267535110e-06,8.401256917587596526e-07
-6.580268175883832913e-06,6.077796965470297220e-07
-6.609704980117922517e-06,3.666543543376803608e-07
-6.631804432227401833e-06,1.121856189135648840e-07
-6.645382819480975352e-06,-1.593919433912056414e-07
-6.648491005275457065e-06,-4.530558515377004781e-07
-6.638603169884157781e-06,-7.721834656028279944e-07
-6.612260742314877182e-06,-1.122515657960846638e-06
-6.563610131764892504e-06,-1.519063522689442483e-06
-6.474406997234773052e-06,-1.949822359809410979e-06
-6.339068191823831365e-06,-2.389052713578243998e-06
-6.162911957349326518e-06,-2.802523309782124406e-06
-5.971327336660961792e-06,-3.166926602362333860e-06
-5.775227158731988760e-06,-3.495833451232974250e-06
-5.580026901998370636e-06,-3.790765751378175377e-06
-5.384762379988459178e-06,-4.058127815179065251e-06
-5.190741833088557867e-06,-4.299749379230435494e-06
-4.998286432134031932e-06,-4.519431935690512901e-06
-4.807345223764897804e-06,-4.720266793952485659e-06
-4.616696875010016145e-06,-4.905813792124072279e-06
-4.425043093631562510e-06,-5.079079033130434460e-06
-4.230156457585689065e-06,-5.242859809874643283e-06
-4.029632089075050686e-06,-5.399503612956113542e-06
-3.820871168645939427e-06,-5.550718534688683273e-06
-3.600371337644429414e-06,-5.698436528381473030e-06
-3.364949680232280121e-06,-5.843632021483773817e-06
-3.112782808172510938e-06,-5.979244331946359682e-06
-2.842753940872354481e-06,-6.108624699633751078e-06
-2.554721386523516066e-06,-6.230483280565049131e-06
-2.247108782500461726e-06,-6.343490870311830560e-06
-1.919425493949312002e-06,-6.445990132883511249e-06
-1.570618874618415906e-06,-6.535929719486437775e-06
-1.201273610094737064e-06,-6.611070046349119962e-06
-8.119288084850388149e-07,-6.668787102008533444e-06
-3.924576846024986362e-07,-6.706047498643506993e-06
3.367635017044141985e-07,-1.943972615248930932e-07
3.987392667010727790e-07,-1.532406297572347160e-07
4.407747444390382456e-07,-1.100997704255977785e-07
4.630898660318367291e-07,-7.818960120802827021e-08
4.732897152323386990e-07,-6.678786599704624312e-08
5.660690672028088999e-07,-2.542883335922125321e-07
7.428270114028956139e-07,-4.171999220392189343e-07
9.936287928174773701e-07,-5.902387434875577922e-07
1.308558226270192005e-06,-7.707344219372843242e-07
1.677580624037222709e-06,-9.555510942866900021e-07
2.090708791706220463e-06,-1.141516451917752427e-06
2.538008157952705322e-06,-1.325464767526050493e-06
3.009592339559219840e-06,-1.504248848636004525e-06
3.495687134560835301e-06,-1.674757157638861637e-06
3.986795750476663272e-06,-1.833784072965469489e-06
4.470276153708989022e-06,-1.976263762006217305e-06
4.791761509680563487e-06,-2.474177591089920687e-06
4.632882407449242096e-06,-2.836601825990316437e-06
4.465838081154906284e-06,-3.180531494505110289e-06
4.292482118756434006e-06,-3.502441058831528632e-06
4.114339153400816605e-06,-3.801458531558048142e-06
3.934172015753181889e-06,-4.075791154108627635e-06
3.752975257817972339e-06,-4.325971379171331264e-06
3.572738066422910343e-06,-4.551466585329644661e-06
3.393659045371479209e-06,-4.753981749250215546e-06
3.216565758795222404e-06,-4.933901417498837873e-06
3.040505807205061955e-06,-5.093372390850439100e-06
2.864881915289094489e-06,-5.233659541875072336e-06
2.687897225929574740e-06,-5.356289014521943427e-06
2.506623596658521004e-06,-5.462657219070033687e-06
2.319453292350885898e-06,-5.555497352706342607e-06
2.123282786588594393e-06,-5.636019606191783598e-06
1.914942295131745262e-06,-5.704400454888494494e-06
1.691332417166721255e-06,-5.760445288036100441e-06
1.447905400257473282e-06,-5.803465589472563923e-06
1.181314839390337093e-06,-5.832171104387842026e-06
8.854296948652283365e-07,-5.844397481329184926e-06
6.300559222734610886e-07,-5.338649024359746722e-06
6.713650179871797221e-07,-4.814682369660320345e-06
6.984181202875921828e-07,-4.266704627962465862e-06
7.113563794325042665e-07,-3.705599793731103497e-06
7.099294902911182438e-07,-3.143210112307738587e-06
6.939656618334230299e-07,-2.591711124436397951e-06
6.632819091834060164e-07,-2.063376179496542255e-06
6.177000151397968393e-07,-1.570634283258292958e-06
5.570498052110063454e-07,-1.125908599024594715e-06
4.807890525361027246e-07,-7.416236809591325181e-07
3.871150225808719378e-07,-4.355142884861911451e-07
4.863997941694596432e-07,2.094317386272829229e-08
4.859157121777304972e-07,7.099315450215875987e-09
4.885739321757343056e-07,4.517856304502909875e-09
4.944107250661808292e-07,8.215264490491642619e-09
5.020944557107445309e-07,2.015872389704938560e-08
7.010149073119696603e-07,1.257200321597800339e-07
9.080677998803355440e-07,2.791177282121763975e-07
1.141802060269329030e-06,4.873216270895777291e-07
1.398702301616055990e-06,7.442227622182148414e-07
1.673926560930900191e-06,1.043388422754443320e-06
1.962399359527388918e-06,1.378068003656041907e-06
2.258983240777660601e-06,1.741438913601589252e-06
2.558464385603518201e-06,2.126583146978848378e-06
2.855525737259192183e-06,2.526453405280515857e-06
3.144903242515739579e-06,2.933996773068332935e-06
3.420770991877061794e-06,3.341887720410216849e-06
3.966544899726126172e-06,3.545821508959613037e-06
4.225263844284036980e-06,3.337285087094199395e-06
4.453960599318452151e-06,3.133615385576055844e-06
4.656308885136172975e-06,2.933534619998684731e-06
4.824816418670221600e-06,2.738393598171692917e-06
4.974375345301572528e-06,2.544479339288484244e-06
5.105530482865378734e-06,2.353485526726967519e-06
5.219731359837376045e-06,2.164527449218643904e-06
5.318115223047248994e-06,1.977409062639393787e-06
5.401890340664924260e-06,1.790729277497343938e-06
5.471933334614144707e-06,1.603477024479168510e-06
5.528969355916480999e-06,1.413907813463370638e-06
5.573401627330642643e-06,1.220232105553169346e-06
5.605323136457346548e-06,1.020509274298954334e-06
5.624473167638951540e-06,8.122666997954139622e-07
5.630200277386722159e-06,5.935626300507031677e-07
5.621415709126297906e-06,3.613916005212827263e-07
5.596659219541944923e-06,1.140415838576824468e-07
5.553893930900897565e-06,-1.518264160515649300e-07
5.490859617243890182e-06,-4.374145192903825665e-07
5.404704663084922442e-06,-7.455586394577544983e-07
4.826560472179022379e-06,-8.756290857006920999e-07
4.349908592848227575e-06,-6.987151912868620259e-07
3.862388006996435555e-06,-5.303857398341574922e-07
3.371873538548711967e-06,-3.736935331822139503e-07
2.888124274009554210e-06,-2.320475363200512126e-07
2.421040557834245544e-06,-1.087098576306270500e-07
1.980470721327244317e-06,-6.936770197924361361e-09
1.576308445034192055e-06,6.999469670544296757e-08
1.218493214437226562e-06,1.187831107367656962e-07
9.169839734484362445e-07,1.360580800976566111e-07
6.815831927066560606e-07,1.180679230451563926e-07
2.166912092309925105e-07,2.072322782269645842e-07
1.331139005057506586e-07,2.003897237185841967e-07
5.920039667206243119e-08,1.760089155107392752e-07
8.205145572429775485e-09,1.430367492892738234e-07
-8.668350179259805008e-10,1.151842967065468909e-07
3.018557343350618431e-08,3.168249877634720739e-07
-2.931906319816677220e-08,5.702869177083898995e-07
-1.511015367669710851e-07,8.830697860493747650e-07
-3.259655644222108802e-07,1.244263104189000244e-06
-5.468610011694428988e-07,1.644268934417458325e-06
-8.067680728792920496e-07,2.073177892621504671e-06
-1.098562372501274138e-06,2.520924933491310871e-06
-1.415047586230684381e-06,2.977341715365119989e-06
-1.748904262544804497e-06,3.432068037891761078e-06
-2.092697492596535764e-06,3.874869651599376686e-06
-2.439487084547434693e-06,4.296044731668627251e-06
-2.532279311691532419e-06,4.897749525172013443e-06
-2.271982365275343620e-06,5.071805609694045030e-06
-2.026309888955152741e-06,5.215212011040817784e-06
-1.792476161763025084e-06,5.331799089686203317e-06
-1.568974759167320299e-06,5.424713778679053318e-06
-1.352163315267393016e-06,5.497042533093145750e-06
-1.139804608700222089e-06,5.550982810252536933e-06
-9.286771316636143652e-07,5.588349121487688666e-06
-7.162959955729394439e-07,5.610308528898056422e-06
-5.002305050904571950e-07,5.617561884551977937e-06
-2.782230223214857068e-07,5.610345219862979311e-06
-4.878381557192797426e-08,5.588427114702057787e-06
1.903025340221360783e-07,5.551225376613668634e-06
4.398205330799533505e-07,5.497991835317182339e-06
7.012888949630550866e-07,5.427698989627761709e-06
9.742141363417860078e-07,5.339350390329710012e-06
1.259151299829182359e-06,5.231729946828578031e-06
1.554482228160475490e-06,5.103954923090895771e-06
1.859789310114759985e-06,4.954988362581678617e-06
2.172559113891694009e-06,4.784411526551943585e-06
2.491160226867451418e-06,4.591918572542904982e-06
2.507855925030852169e-06,4.005923727979353298e-06
2.208804988789495502e-06,3.616570303129676700e-06
1.913442338983606234e-06,3.213219614605891348e-06
1.627749524911885146e-06,2.804979684778769113e-06
1.356747297725430156e-06,2.399083663563675187e-06
1.105474707960691521e-06,2.002731304270731588e-06
8.789022137899206351e-07,1.623019062500629793e-06
6.819223947437273364e-07,1.266941215838430694e-06
5.193560261559780437e-07,9.413746816143890532e-07
3.960830372321644672e-07,6.531613427130457861e-07
3.179122076752111803e-07,4.104838142617843453e-07
-7.592248220366003071e-08,2.952696503715329604e-08
-6.384035338781276892e-08,2.712636005529108458e-08
-6.104240959697115226e-08,2.042238576149682340e-08
-6.258812501637659570e-08,1.470592124541648470e-08
-6.505608303394794927e-08,2.378127227818966471e-08
-3.069568016000556428e-07,1.419416705945475486e-07
-5.986573275510657456e-07,1.672888624050057720e-07
-9.710959788857897094e-07,1.477903188930733874e-07
-1.410671660928156474e-06,8.831445229975437647e-08
-1.903606968198422494e-06,-6.529459360962897742e-09
-2.436206076291911358e-06,-1.322160841748168382e-07
-2.994824466511213739e-06,-2.842498145483751465e-07
-3.565863513994251635e-06,-4.581546275433638128e-07
-4.135691631017132814e-06,-6.494563495727422229e-07
-4.690852995796831963e-06,-8.536087624831198405e-07
-5.218424969145069775e-06,-1.066278004718025279e-06
-5.834941741945694854e-06,-9.677913539525554089e-07
-5.925847803244329147e-06,-6.554292629404919782e-07
-5.991860831909285711e-06,-3.671328292450072159e-07
-6.035880353016874039e-06,-9.937848676510350772e-08
-6.060199999564348101e-06,1.499356795520689967e-07
-6.066807442385702996e-06,3.850390895114518769e-07
-6.057005059187260795e-06,6.086536332858878446e-07
-6.031628092825921319e-06,8.244775461259577965e-07
-5.990979213503437195e-06,1.035388652888877635e-06
-5.934937919175075503e-06,1.244200654257457068e-06
-5.862964518127713784e-06,1.453537030083403950e-06
-5.774292174899652874e-06,1.665076955223219966e-06
-5.667814105085682461e-06,1.880848741159321970e-06
-5.542496713248387456e-06,2.101276943457535866e-06
-5.397029443857914282e-06,2.327558476302980822e-06
-5.230529835183646970e-06,2.558889060124232513e-06
-5.041964135082447848e-06,2.795442406161716208e-06
-4.831639810787180571e-06,3.034247652350602350e-06
-4.585458334123649260e-06,3.277824219317291829e-06
-4.314500061351742347e-06,3.524168066997250492e-06
-4.018051323340085679e-06,3.772702931737054234e-06
-3.432407975661984387e-06,3.577444676219575192e-06
-3.133668902567300967e-06,3.126432973273309907e-06
-2.809582290739413691e-06,2.668763948744336401e-06
-2.470980638956218882e-06,2.217376943178287355e-06
-2.125427230519935403e-06,1.782153532488320908e-06
-1.780412134560070365e-06,1.373141593154384070e-06
-1.443374406031296949e-06,1.000329601726782744e-06
-1.121680014336319428e-06,6.736084210461014069e-07
-8.226521307664747888e-07,4.028388901610826077e-07
-5.536292028006909595e-07,1.977495071157398977e-07
-3.205639722180792354e-07,6.625509612306841877e-08
-5.506080953987566716e-08,-7.381435315872623036e-08
-5.551447728203654706e-08,-7.228284984279220498e-08
-5.201861825875448491e-08,-8.360903511307676667e-08
-4.900745942218615621e-08,-1.072930036419100796e-07
-5.186152540623236490e-08,-1.326490566439348052e-07
-2.122093288778318757e-07,-4.329254176383612433e-07
-3.115215090022542136e-07,-7.476687280994399895e-07
-3.963833910657471461e-07,-1.130787958092480520e-06
-4.661837762425391978e-07,-1.575234155878829176e-06
-5.208505957948915012e-07,-2.068001832218203116e-06
-5.606022295072571317e-07,-2.596345397044724462e-06
-5.856353391251920271e-07,-3.147840953555717530e-06
-5.961385990644768261e-07,-3.710225422525214810e-06
-5.922946712053293313e-07,-4.271415349724743385e-06
-5.741879482932006163e-07,-4.819563504647495011e-06
-5.414675053425496458e-07,-5.340203343928705642e-06
-8.641176328100933350e-07,-5.817462045008916777e-06
-1.224911775151417259e-06,-5.790263291116052192e-06
-1.567373335477597581e-06,-5.747568212449701784e-06
-1.891462235169871113e-06,-5.690620377704851587e-06
-2.196280650349419248e-06,-5.620546831041444434e-06
-2.482852183279484721e-06,-5.538333440583330574e-06
-2.751322662350364237e-06,-5.444762296013131945e-06
-3.003889310144966855e-06,-5.340127803012527696e-06
-3.238414199558655641e-06,-5.231830255527452276e-06
-3.457228497252574262e-06,-5.112465300958691037e-06
-3.661352340053592321e-06,-4.982939289279906992e-06
-3.852441844993700425e-06,-4.842121168804417349e-06
-4.032751877764099511e-06,-4.688504736020598474e-06
-4.204160816475745024e-06,-4.520185449691629071e-06
-4.368148728240749098e-06,-4.335281232146424384e-06
-4.526192589068726640e-06,-4.130999499049440369e-06
-4.678676910612994440e-06,-3.905402350084073280e-06
-4.826479532822663122e-06,-3.655235927411187646e-06
-4.968630684573973331e-06,-3.378977545637937287e-06
-5.105236265892334384e-06,-3.073231674452801773e-06
-5.235619964252021421e-06,-2.738550715475738564e-06
-4.827024750366256947e-06,-2.272306804227378315e-06
-4.278666937155445823e-06,-2.131938008483339543e-06
-3.710640199434446077e-06,-1.966186703239914522e-06
-3.138753726750390281e-06,-1.781162313314308273e-06
-2.576260459838151422e-06,-1.581246451095634935e-06
-2.036714892373938089e-06,-1.370786675729587717e-06
-1.533752964455786190e-06,-1.154150253019811213e-06
-1.081060816846921843e-06,-9.357210538254784191e-07
-6.923728333222170027e-07,-7.198867079743507230e-07
-3.814104276438705985e-07,-5.109470171747069359e-07
-1.618533072066380174e-07,-3.124337990581608977e-07
-1.273065596581125763e-07,1.692365402059942248e-07
9.008881280805466140e-08,-4.079229671379205537e-07
4.980805686634577925e-07,2.499599579911343736e-07
5.996626740038178650e-07,-6.030945739147144807e-08
-2.040841881601212124e-07,-7.618560261472221394e-08
-2.943373253664347759e-06,3.944637103265903881e-06
4.654431956428806350e-06,-1.429773157120215986e-06
4.415363369542971152e-08,-5.351514112341868296e-06
-5.034623248591202412e-06,-1.674636282065781987e-06
2.967944723391766416e-06,3.679060091874896761e-06
3.563519603964592245e-07,6.152761578762674130e-08
-1.486172291705564236e-08,2.916970397156775830e-08
3.464083577903425899e-06,4.361537247059474197e-06
-3.468348969113028047e-06,4.667632910289094200e-06
5.308495654539228016e-08,-4.273011314843322692e-06
-3.926029489330097961e-06,-1.308769566142331181e-06
8.211299433227991209e-07,7.012616667000701129e-07
8.026675523758440175e-08,-1.109738704843477891e-06
-8.096693296826579168e-07,-2.789158513635559077e-07
-4.743133335150551494e-07,6.256000701198376186e-07
1.087714074804019978e-06,-2.297953029004094805e-07
2.384258716646158598e-06,2.869486882790420514e-06
3.678766461370251263e-06,-1.102490252561329616e-06
-2.780136632996058412e-06,-9.310184493274494577e-07
1.269927580520275164e-06,1.324246787250003635e-06
-1.704967485024166362e-06,-5.759109468641534589e-07
6.214728929438597991e-08,-3.142136948092270413e-06
1.804455512133749280e-06,2.065542243600548043e-06
7.121682003512820721e-08,-2.054781358179552492e-06
2.706810261973689278e-06,-7.767503787460168685e-07
1.816747370167275667e-06,-4.772803002101574232e-07
-9.868764423621480010e-07,1.310931598154366752e-06
-2.279963825029940650e-06,3.051411798154419972e-06
-1.608190778795062307e-06,2.146276470701780434e-06
4.526137471260842566e-07,-1.540444810280637598e-09
-2.090717010087193058e-08,-9.554560905668638148e-09
1.037745060177821027e-07,-1.525109783138643077e-07
5.409694585516014383e-06,-1.702168004278770362e-06
-5.834417181608067119e-06,-1.963997196618755189e-06
4.779013315351822782e-07,2.424053662966353354e-08
-4.234172115509076316e-08,2.503689890087796983e-08
-4.579765206983287475e-06,-4.531312856954881602e-06
3.996526594987401864e-06,-4.556995260768422268e-06
4.531411164827175964e-08,-6.136469412535137663e-06
4.414316952383627898e-06,-4.031625363490620400e-06
-4.932725315998642360e-06,-4.098917408778161850e-06
-3.445894820362760827e-08,-4.995021805729847408e-08
3.997642048440993853e-07,-5.505033067198381400e-08
-4.208801567247469690e-06,-4.885495781550672961e-06
3.579565493363641912e-06,-4.970908728855035317e-06
4.810707085147475771e-06,-3.391512752471304104e-06
-5.269300446400731100e-06,-3.564358713318712841e-06
2.722326569284541575e-09,6.987610805821754509e-08
1.887168068366707625e-07,1.116950054434071765e-07
-4.332380423524404072e-06,4.050693999739311497e-06
4.243448486001371999e-06,3.791371010808552564e-06
-3.817710859547049873e-06,-5.187194395964725810e-06
3.184932358692308459e-06,-5.293008190867540712e-06
5.143567304265572100e-06,-2.723311852777653795e-06
-5.564948213739796195e-06,-2.974090022036137865e-06
-4.822280082519288728e-06,3.566267084543420851e-06
4.652247017517442148e-06,3.375213371281100806e-06
-3.420736574386782379e-06,-5.438419020042307028e-06
2.834923662604500971e-06,-5.531669151595783836e-06
2.545304933725145338e-07,-9.735007630025660238e-08
-7.544853049514781847e-09,-7.899897190072466398e-08
-4.120899355768511244e-08,-7.488483937175745022e-08
4.776608100351230984e-07,1.337077575654135890e-11
4.703533740741441654e-07,-2.425274458758788872e-10
-4.671287172045261960e-08,1.702120800348750677e-08
-4.347051966971969714e-08,1.507578600415754880e-08
-5.300063220642158833e-06,3.031403569183102294e-06
-5.480982418543292946e-06,2.786419703092294954e-06
5.179132043842871873e-06,2.732190054822169135e-06
5.035730075486507623e-06,2.932738041676854422e-06
-2.924697649400869326e-06,-5.712402321512802204e-06
-2.667084643966154299e-06,-5.824480869684540525e-06
2.447467865904413575e-06,-5.762957635139543047e-06
2.257104387134271968e-06,-5.853539653123527582e-06
-5.643338304021555999e-06,2.524409707671958523e-06
-5.781171043322403514e-06,2.290855236667520610e-06
5.307859677849064751e-06,2.517217099049312666e-06
5.418052850175973333e-06,2.324165539288350930e-06
-2.368448417383391925e-06,-5.926308548358894213e-06
-2.074556406045608967e-06,-6.019298887361169766e-06
2.039660089379816025e-06,-5.935833183621418708e-06
1.825764066572749535e-06,-6.011588616761841300e-06
-3.585089480371840260e-08,-6.504932397489791364e-08
-5.090328077781093431e-06,3.306369868822103686e-06
4.869003039962075271e-06,3.158888957740501204e-06
-3.187469666715127312e-06,-5.591902910202785146e-06
2.647714241941616420e-06,-5.663520528064977588e-06
-5.901955275800168371e-06,2.044228196254195490e-06
-6.003085278019249168e-06,1.823637636562547764e-06
5.515683945001680591e-06,2.117622484492903815e-06
5.598951170967818781e-06,1.929619834071830799e-06
-1.736159913873052481e-06,-6.098226007423908982e-06
-1.403362632765906414e-06,-6.166736112670221908e-06
1.575624684326373621e-06,-6.078634163689933816e-06
1.322100309545814236e-06,-6.139687134906890200e-06
-4.499673435185701357e-08,1.257709441079057709e-08
4.801004550874571317e-07,4.741829276148761271e-09
2.786716266653382014e-06,4.909016707677988537e-06
2.460330212800774238e-06,5.097147619755875179e-06
-2.512996122902390817e-06,5.340886588706445833e-06
-2.793934506976146251e-06,5.186088798737866084e-06
-6.089490732568447772e-06,1.591017286803605056e-06
-6.160744520186930722e-06,1.380149542990236215e-06
5.671499806670807922e-06,1.727043642266006741e-06
5.732853289313353969e-06,1.538963897770789618e-06
-1.024378408097453166e-06,-6.216366058133222836e-06
-6.526809693569373676e-07,-6.253646232633694711e-06
7.048228681502099197e-07,-6.230646854676338901e-06
1.020181024882699575e-06,-6.189205637356937123e-06
4.525060824551575435e-07,2.613651322946740411e-09
-5.475369145170834987e-08,7.403003353465360275e-09
2.112450975665107459e-06,5.267315610347491915e-06
1.798112068343481955e-06,5.408549342433516144e-06
-1.983721064503006201e-06,5.574979568686058979e-06
-2.229410496122340518e-06,5.471805980287216963e-06
-6.219427621907707869e-06,1.155172511721534312e-06
-6.266360887534083859e-06,9.462558993196363040e-07
5.827031008970166236e-06,1.137591427090509546e-06
5.784576180983379894e-06,1.333247318708819103e-06
1.469218135472213120e-06,5.531660517653806672e-06
1.175101958978260893e-06,5.629792533517626697e-06
-1.510869707851679477e-06,5.727203814479869209e-06
-1.733005475131601631e-06,5.660723161665192252e-06
-6.301760870860249304e-06,7.181657550632370824e-07
-6.327101423179081960e-06,4.996957952652774320e-07
5.859715603167445650e-06,9.194135550666906928e-07
5.883600782879334086e-06,7.068202751509540997e-07
3.151430771451136882e-06,4.689591066427767258e-06
-3.142680937938753684e-06,4.992790391525353820e-06
8.717378824886535612e-07,5.711192791332426818e-06
6.023053797148334091e-07,5.772123110611466678e-06
-1.067907907698426486e-06,5.820226117407668873e-06
-1.279327493469033767e-06,5.780736254007132855e-06
-6.339997150642714523e-06,2.544447059619983618e-07
-6.342400284304859241e-06,1.245629718829959271e-08
5.895913994482811640e-06,4.652678960218497187e-07
5.898288307714720436e-06,2.252213102241107980e-07
-3.624651788904246789e-08,-4.715511015598902811e-08
-2.688475263787158695e-08,-5.471687238932606657e-08
4.426344639051847008e-07,-4.269751591207970142e-08
4.374550191013405949e-07,-4.001967252423891338e-08
1.311162558004028566e-08,8.674831141227941046e-08
7.607363321415636140e-08,1.105769352544894482e-07
3.265202213526235705e-07,5.818521190005363691e-06
8.172256740141006604e-08,5.848816128145462525e-06
-6.283221723384192507e-07,5.865898493580455972e-06
-8.414369256747180819e-07,5.848869979211767202e-06
-6.328855505997700138e-06,-2.657683029110831550e-07
-6.302082355944779519e-06,-5.460602340451562885e-07
5.885261185168683564e-06,-5.139966576444303888e-08
5.859488900817831004e-06,-3.296855246490432827e-07
5.748044715373143804e-06,-9.798212129644187941e-07
5.812183151080780253e-06,-6.528929947474976026e-07
-6.252834602819334579e-06,-8.730202923502690534e-07
-6.185784379726295504e-06,-1.205833676753769894e-06
-1.693770801407775848e-07,5.866753632731439877e-06
-3.943655538289867173e-07,5.871965806887404772e-06
5.657948942649118138e-06,-1.377877057689198805e-06
-6.092076201071000040e-06,-1.620065752770088074e-06
-9.173334850550168266e-09,-1.922939768298871212e-08
-2.736830504037324499e-08,-6.613983916228977259e-08
4.555391124610742020e-07,-5.035795621711420404e-08
4.311826797902918553e-07,-1.388494063806706604e-08
3.143067677836595685e-07,-5.985402345507549598e-06
4.631593202989675789e-07,-6.379655052211389874e-06
-3.930867651810110459e-07,-6.403118577707832921e-06
-2.286793049857356215e-07,-5.983850807981770015e-06
-6.155191997364554973e-06,-1.954258198412435859e-06
-5.776821089308181988e-06,-1.621373937917462102e-06
5.350955053299824677e-06,-1.378788425218110856e-06
5.722744417521608758e-06,-1.696539771253538071e-06
-1.299965665491714034e-09,1.049743889039505194e-07
1.043830762244640802e-09,3.656157663641902277e-08
1.035067854271340481e-07,5.816437498487143007e-08
1.597770077139044754e-07,1.601660436465583310e-07
4.095987173513350188e-08,-6.416242768736025682e-06
4.041218317370549500e-07,-1.975067932203682075e-08
4.376499626085727636e-07,-6.928328107207649449e-08
-4.740990165917561503e-08,-6.453149047981197866e-08
-1.960827000966302068e-08,-2.539190552514936904e-08
-9.210378212940619511e-09,6.349351615828472521e-10
4.440678318924712344e-07,5.976880974494862351e-09
-2.072517903308793864e-08,-3.011404405875820074e-08
-4.476577414310447545e-08,-7.878739976668655921e-08
4.006092166575505124e-07,-1.001183179529676079e-07
3.394086227265635513e-07,-7.115222805189070149e-08
3.373506145156825956e-07,-1.304208548556468754e-07
-5.786049726160964581e-08,1.772149366603953801e-08
-2.382189996916369712e-08,8.309383859712954196e-09
4.734902944419992564e-07,6.422427374555051804e-09
4.846864721171066937e-07,1.330499023761745040e-08
4.417160931116158371e-07,4.411104456329955931e-08
3.850337676486662025e-07,8.047131597758628189e-09
-1.689776732391889069e-08,4.725104144399889882e-09
-6.487571464316781297e-08,1.580776196091263422e-08
3.590334882510597777e-07,-3.176477482905922672e-08
2.818678735245042240e-07,-4.313625264981948130e-08
-5.762415661684794840e-06,-2.593110614546883396e-06
-5.591551090603495088e-06,-2.178455311400378681e-06
-5.998512132890786225e-06,-2.393570183429499690e-06
5.347051164401277941e-06,-2.319033874265331805e-06
5.578343771597331111e-06,-2.121685675889789234e-06
5.174142390251570449e-06,-1.903707535600086629e-06
2.812600180747521178e-06,-5.698994331822185938e-06
2.669965193188492047e-06,-5.496630318053577476e-06
-3.216263786570533598e-06,-5.391217329408451797e-06
-3.393502050705197510e-06,-5.636979840198506530e-06
4.874432667877539150e-06,3.386586006322549045e-06
4.651699512239810909e-06,3.146118194658120431e-06
-4.824463838683933831e-06,3.292050279492388247e-06
-5.093359451956398231e-06,3.579155442071771972e-06
-3.477783884802246885e-06,4.987644932227547192e-06
-3.125441810372746604e-06,4.682181819824872921e-06
3.135016460975993337e-06,4.371840703389208423e-06
3.476642509907611292e-06,4.680736142229109659e-06
-5.856357558010699662e-06,-2.890830600151823838e-06
-5.462969189569417876e-06,-2.684401971819903891e-06
5.042058154715481114e-06,-2.413320866310725915e-06
5.445828260605733632e-06,-2.631823801177791145e-06
2.634341570891985139e-07,-1.561510423631985956e-07
-3.971110736083910430e-06,4.401851995946972436e-06
-3.588442250554035330e-06,4.341687360146093881e-06
-3.854965890431888629e-06,4.722404340882089902e-06
3.928213473727178626e-06,4.110603475198697923e-06
3.825361601146409414e-06,4.414120701292803446e-06
3.574403614514493118e-06,4.052924797259303720e-06
3.970424290311482759e-06,3.774523296740338816e-06
4.208357722360693701e-06,4.117788615729527118e-06
-4.287257382511231185e-06,4.411244564596285452e-06
-4.021440883722155214e-06,4.034624411009219126e-06
-8.435123658376446096e-08,-5.626518838540411659e-07
-3.017545295975633245e-08,-2.783299421000840693e-07
-9.096612056850667062e-08,3.396905196395704609e-07
-1.532487263669412472e-08,1.528319467478380745e-07
6.784656190068080832e-07,2.665269959401647459e-07
5.209478262821699860e-07,1.142468058402622535e-07
6.646125315026698923e-07,-2.101413958290331057e-07
5.089149428836777128e-07,-1.027163640727712756e-07
-3.741552396154270321e-07,2.161847921312293849e-08
-1.436024852682182007e-07,3.575471818891966858e-08
-1.394299181084972365e-07,5.679112666114855199e-08
-3.078571694303765466e-07,1.863240457704759911e-07
2.122640836714508894e-07,-2.960708495300220121e-07
2.596213080854301265e-07,-5.598163633824836382e-07
5.506880129426507956e-07,3.316400934168657069e-08
7.361556515605542241e-07,1.865295087636517770e-08
3.668757914320094003e-07,2.348525483603686522e-07
4.561903847575814247e-07,4.301026689507459477e-07
-9.114687757777387155e-08,-1.278799294459332384e-07
-2.846662787427354168e-07,-2.577672341226852941e-07
-3.142102760499799925e-09,1.813610888080528816e-08
2.969988437846688869e-07,3.790989634826372394e-08
-3.033230032526448044e-06,3.543325669159131092e-06
-3.333325720539619322e-06,3.978530742468126340e-06
-4.664826000153507865e-06,-1.893790861192708432e-06
-5.194517435780783770e-06,-2.044128945550014821e-06
3.466036227207865542e-07,-5.088304292123438065e-06
3.213279861909656750e-07,-5.600730828015228836e-06
4.502093680209354785e-06,-1.070513004868125669e-06
4.977889336240090306e-06,-1.241610834377691799e-06
2.593230035979841581e-06,3.645985014799616855e-06
2.885592984234442962e-06,4.033657971440302259e-06
4.798094185129360817e-06,-1.772465932859059600e-06
4.324201275874032654e-06,-1.626708508582767747e-06
-2.861796183742786578e-06,4.328521547514070712e-06
-2.527303581586381109e-06,3.907141145947164844e-06
-2.367044299659686229e-07,-5.596155006957867567e-06
-2.542963489116344904e-07,-5.090384045667082532e-06
-5.385182077475532570e-06,-1.472086182062609621e-06
-4.863735328628015586e-06,-1.276549904996731782e-06
3.330554473669135966e-06,3.712736541048302832e-06
3.053146291583758099e-06,3.310776870652543891e-06
1.197826646123036063e-10,2.966778143922939574e-08
2.063537099166397583e-07,5.210340305872562755e-08
-2.254487768129303990e-07,5.970152122310659070e-07
-2.766251121859075454e-07,3.639999217903333112e-07
-5.210953869763592801e-07,3.863273602489191584e-07
-1.333255869512549178e-07,-9.141253198804271224e-07
8.516095386452512287e-08,-7.221675727108548724e-07
2.985266894635648999e-07,-9.112188120576786106e-07
8.956229369421463083e-07,-3.367223733713808469e-07
8.085763071136064964e-07,-1.336661978492722382e-07
9.942378103959198072e-07,-2.465162905770219602e-08
8.701430939700959073e-07,4.712652060154519831e-07
6.412843790686247949e-07,4.511472670841648453e-07
5.887912908614148664e-07,6.765660109593524357e-07
-6.940629941836052611e-07,-2.904201585021981052e-08
-4.638436627801984998e-07,-1.634257203577297147e-07
-5.716473519102962362e-07,-4.106925980041995707e-07
4.099612372428055812e-07,1.334389211622054455e-07
3.155497653718262726e-07,1.318930421416276364e-07
-4.757516668626297786e-08,7.328685535249332000e-08
4.884956171309264113e-09,7.588851410731330009e-08
-1.487896969970690247e-08,1.013240065737698083e-08
-3.234151773202119993e-08,2.271809322087920856e-08
4.656337564301973805e-07,2.558989595033810372e-08
4.589582038729387828e-07,1.345203459472170896e-08
-4.553559206847386528e-06,-4.335181935494744133e-06
-4.723616459319594492e-06,-4.114105105491228621e-06
-4.751584029442595830e-06,-4.320931850834264476e-06
3.967138969862163396e-06,-4.323087695832645349e-06
4.198891054020182776e-06,-4.302343398469636956e-06
4.167422187890535100e-06,-4.053298817948590565e-06
-4.388657275347776621e-06,-4.524676728307264091e-06
-4.391639445764804955e-06,-4.710973105959158548e-06
-4.206223608357525559e-06,-4.704339191842777004e-06
3.777950266452228227e-06,-4.552982173221288090e-06
3.576956885963899353e-06,-4.767208535662804985e-06
3.780865188524930473e-06,-4.770575405568546455e-06
4.355918275686226701e-06,-3.773232949004432652e-06
4.607606963984169803e-06,-3.719693162257068266e-06
4.545798668938344363e-06,-3.447384234229857216e-06
-4.881477815193200878e-06,-3.883206429866687359e-06
-5.040052793878248226e-06,-3.609691690235969894e-06
-5.095477019441032615e-06,-3.840876840905743122e-06
-5.516165368478698222e-08,3.090821875159995323e-08
-6.548644187242361334e-08,4.435149921262337656e-08
4.807379865885850388e-07,3.179561814420484427e-08
4.903930635613092850e-07,4.162342595272538890e-08
-4.029993444189166064e-06,-4.863134731322913484e-06
-4.013497390256511058e-06,-5.036342889708595156e-06
-3.834537561588531697e-06,-5.013619548944859243e-06
3.392659857817904865e-06,-4.950665196232531982e-06
3.200712161195985295e-06,-5.117781462985097870e-06
3.376098857230081405e-06,-5.136591439167653283e-06
4.724389313027164893e-06,-3.118763925443078282e-06
4.974626918982650765e-06,-3.063007034927188142e-06
4.885434618818106622e-06,-2.780442662293319942e-06
-5.190503969191054212e-06,-3.326286792103863787e-06
-5.328032331109386818e-06,-3.023830890021079889e-06
-5.412646030170441627e-06,-3.279401488741647856e-06
-3.639265190139924097e-06,-5.150033089449270399e-06
-3.622091487916509288e-06,-5.311240824503659273e-06
-3.438579821838332181e-06,-5.272701976573396313e-06
3.021446923060018692e-06,-5.261646895967482847e-06
2.849481442184306970e-06,-5.384191850226134848e-06
3.006477479431213964e-06,-5.414567403052724652e-06
4.232371008505085101e-06,3.555997443533245001e-06
4.445434149031740792e-06,3.357210680372361198e-06
4.455502012825306598e-06,3.575359861584212263e-06
-4.322301820994303531e-06,3.781706283155448932e-06
-4.583504988832201529e-06,3.802384983523105164e-06
-4.574313671296524760e-06,3.546344521838163949e-06
4.015642799406845244e-06,-9.017723735773464842e-07
4.170765142523340919e-06,-1.267423698194489059e-06
3.834426151145174431e-06,-1.468137952909021358e-06
-2.709250306680945022e-06,3.090805030125934262e-06
-2.616279676433907677e-06,3.504369747596483898e-06
-2.187522995779574292e-06,3.465943456056124630e-06
3.657123272217834353e-07,-4.548515368331191154e-06
4.847354289446028808e-08,-4.824448539875788789e-06
-2.641275017156681006e-07,-4.550982381300421053e-06
-4.105757689869330958e-06,-1.724177319721778520e-06
-4.491400088747961643e-06,-1.495226102551024073e-06
-4.313428469936922523e-06,-1.080252125609234093e-06
2.297828538885104769e-06,3.243606918277678638e-06
2.678067431096367306e-06,3.277030394504337032e-06
2.764712700847374605e-06,2.903166558283254200e-06
3.186214961657115499e-06,-5.464958345800778350e-06
3.008081600348929512e-06,-5.580484832881873329e-06
-3.819670841755552155e-06,-5.367749548216604993e-06
-3.623890023320655821e-06,-5.496285095082978775e-06
4.475587270408140033e-06,3.852089315735463702e-06
4.671340728348941152e-06,3.631830448680697720e-06
-4.602688120647305218e-06,4.118958992964506440e-06
-4.840828219905357381e-06,3.867212945141170594e-06
3.224239052657963944e-06,4.031695394735211785e-06
-3.218947956245602396e-06,4.323633991564712362e-06
-5.515622643949308203e-06,-3.530876545809933205e-06
-5.675113008951462640e-06,-3.243110269091605558e-06
5.088069813305522365e-06,-3.349506528638790148e-06
5.260816253835670081e-06,-3.019335146975755966e-06
3.590064840746592292e-06,-5.163719463339964491e-06
3.386523086279649824e-06,-5.318916651519317977e-06
-4.219985005661736830e-06,-5.064822300569389296e-06
-4.024700140812904149e-06,-5.215750319276642642e-06
2.383597489912512756e-07,1.586227295210274094e-07
2.709855597742167578e-07,9.197399056143738302e-08
3.228983342252468374e-09,5.311560531227480331e-08
9.330941230917018980e-09,9.898375390009629121e-08
-5.153091270870459062e-06,-4.078884699545817555e-06
-5.330383184736112943e-06,-3.818829169122637672e-06
4.673185678593298647e-06,-4.004026551768881006e-06
4.879304023881103053e-06,-3.690197161738279020e-06
4.016905530422918441e-06,-4.779061904028117674e-06
3.800584425048080787e-06,-4.979246667788351029e-06
-4.599197916599188149e-06,-4.721332073798935658e-06
-4.410859635490333600e-06,-4.895798798715325967e-06
-2.373319513904170990e-06,2.634120370088795626e-06
-2.032864399320166360e-06,2.184119299088375392e-06
-1.941452997138492458e-06,2.595196486362411844e-06
-1.847916022841415017e-06,3.012240518665455294e-06
-1.515882307351511311e-06,2.556106381740916803e-06
2.559949797583012726e-06,-4.350671724159689362e-07
2.108529075695853582e-06,-3.032836214697690314e-07
2.246614381005987023e-06,-6.221304190824431569e-07
2.391009118348274852e-06,-9.630205146867457414e-07
1.951399678046321651e-06,-7.950196984322400636e-07
2.004785894100891076e-06,2.835782713249534524e-06
1.719600154855330636e-06,2.429833793501161961e-06
2.091270738784002832e-06,2.463222983607073197e-06
2.470366291102836474e-06,2.496401868155940817e-06
2.175242911530316595e-06,2.097710232851057733e-06
-1.743423964588496267e-07,-1.332487585462434796e-06
-2.077235555615405601e-07,-1.805622422447323965e-06
7.574017541134281168e-08,-1.558197031595564423e-06
-1.090855341522285282e-06,-1.134060956174526380e-07
-1.550570395355399458e-06,-2.271418976891638004e-07
-1.227981030335920077e-06,-4.179213653160548341e-07
3.303564143612172168e-07,-1.330170602052302874e-06
3.546894200054721195e-07,-1.803322610842565717e-06
-9.403931515120005667e-07,-5.813474511035448205e-07
-1.377328276652730159e-06,-7.650552743072988469e-07
2.857918731686921340e-06,-1.133304394820747895e-06
-1.058347476485292863e-06,9.751338164587132829e-07
-1.367998834162920090e-06,1.344597052830509144e-06
-2.632921986065532026e-07,-3.426124418846716966e-06
-2.521123473173923933e-07,-2.864877690287658794e-06
1.690472944285552867e-06,-1.887873782114198237e-07
9.622085352566319423e-07,1.294660895252387222e-06
1.193279294601515930e-06,1.652220773606297613e-06
-3.169967407079982112e-06,-6.999537949617013719e-07
-2.603783262548634265e-06,-5.248791867789062305e-07
6.668211104160126232e-08,-2.586903769079793651e-06
-2.336194543464711523e-07,-2.320595989161744352e-06
7.591060984409894460e-07,9.671655349248400670e-07
-1.695287358979760873e-06,1.750919355785675205e-06
1.528976681211311534e-06,1.683546413883363006e-06
1.447408175472607763e-06,2.032946414757053978e-06
-2.226908186370763326e-06,-7.484237779420267035e-07
-2.059440535376531879e-06,-3.657888396806276261e-07
-7.736211694430899429e-07,6.524153685615032699e-07
-3.744398783031048864e-06,-8.865573338363675642e-07
-1.287555997151147637e-06,1.714828674619507527e-06
3.342287491264908076e-06,-1.302703521097951736e-06
1.315712001945110654e-06,-9.482948366173265816e-08
-2.672562194019158842e-07,-3.992153427184705077e-06
3.715187929121243517e-07,-2.318279646257878298e-06
-1.868725096979443656e-06,-9.573480133431778585e-07
1.884639249544823340e-06,1.714228601995948670e-06
1.091484846099706505e-06,7.247298980356369582e-07
3.809410839535339264e-07,-2.862560949437452316e-06
-4.103552142254539981e-07,9.125843071274412847e-07
-2.400885516857482939e-06,-1.153798893775675268e-06
-3.532941178137158948e-06,-1.541567538641577028e-06
-1.198839258305506112e-06,2.107947419915777645e-06
3.779514072827181454e-07,-3.989832818423359499e-06
1.603745052436816527e-06,1.352979042350649831e-06
3.523400431861993230e-06,-7.375377813612862032e-07
1.193734982380110220e-06,-4.786425712941400381e-07
-7.134049297487402879e-07,9.445604075000213130e-07
1.032330237505672680e-06,9.945499164332753337e-07
3.830521833199318185e-07,-3.423812987314059846e-06
-2.960156810693154458e-06,-1.350000453452586056e-06
1.337676476581506250e-06,1.020873741441055958e-06
-9.041008978798010792e-07,1.677944469331691869e-06
3.034856024368484831e-06,-5.808975034449373695e-07
3.187466936527061907e-06,-9.379291426893528867e-07
1.548992759397627128e-06,-6.324912314854012696e-07
-3.351032332263355831e-06,-1.119266258383392544e-06
-6.388924929881238729e-07,1.276168573164021138e-06
5.761666914933367817e-08,-3.708208352720671448e-06
1.427124453076210668e-06,-3.454222443317157502e-07
-4.784983437799112783e-06,-4.525447137232986687e-06
-4.967382618563494937e-06,-4.314295620829823911e-06
4.236022640485413979e-06,-4.546502628927922276e-06
4.453229676759035180e-06,-4.290679051040204190e-06
1.475961435317841021e-07,-5.233102890627907988e-08
4.965364939395477470e-07,-2.030156123690666927e-08
-7.582743226484416070e-08,-3.024056189759691153e-08
5.045515230709361076e-06,-1.571110131358817228e-06
-5.457380714086128604e-06,-1.827379069935831494e-06
1.054565806623611178e-07,-2.471106504219442970e-07
3.206599887267067838e-10,-1.561515379555420192e-07
1.995410018789519051e-07,-1.880590533770911640e-07
4.436130529163982024e-08,-5.764801244107460652e-06
1.836448904582251564e-07,-1.251293743840423445e-07
6.200718970361468322e-08,-7.661167773735167430e-08
