Size 899,2
0.000000000000000000e+00,0.000000000000000000e+00
0.000000000000000000e+00,0.000000000000000000e+00
2.852229801878600750e-08,-5.498973034076956762e-06
-2.297397639105584116e-07,4.937936764504623834e-06
2.306041686616224565e-07,-1.815894822082190160e-07
3.802764976342091029e-07,-8.120430894125203112e-08
4.634729962494379374e-07,-4.800078607962624154e-06
4.023210098566788573e-06,-1.722381223510217480e-06
4.179698662453742417e-07,4.856012505571481918e-08
4.187732961792149950e-07,2.538876146091334203e-08
4.316354793969421265e-06,-8.803721316463788779e-07
2.971529669581849164e-06,3.008488685759400199e-06
2.304304314286985231e-07,1.706949873734781479e-07
1.740485246112523791e-08,1.027329901324466518e-07
2.261845250945044528e-06,3.521444370178439861e-06
-2.249837614916433647e-06,3.778065038149854000e-06
-9.326229229241017828e-08,7.602434284690994833e-09
-7.886962260686295835e-08,5.415589323853702560e-08
-2.989723344870009901e-06,3.222518156191308599e-06
-4.660510342246523146e-06,-1.062706007180461732e-06
-3.290521631268681015e-08,-9.914683915067452793e-08
-7.035521285199041777e-08,-1.409750757376877278e-07
-4.357399225768557922e-06,-1.952872639180254892e-06
-4.031410460914889597e-07,-4.791600843186648567e-06
1.575957546453678606e-07,0.000000000000000000e+00
2.502143210752045807e-07,0.000000000000000000e+00
3.031607873050496703e-07,0.000000000000000000e+00
3.319346965436370446e-07,0.000000000000000000e+00
3.418859866116251242e-07,0.000000000000000000e+00
3.590428964164325130e-07,0.000000000000000000e+00
3.781503032876754923e-07,0.000000000000000000e+00
3.801563445561201797e-07,0.000000000000000000e+00
3.677489720073214061e-07,0.000000000000000000e+00
3.380683000439932864e-07,0.000000000000000000e+00
2.679944643834178808e-07,0.000000000000000000e+00
1.816371634247408957e-07,0.000000000000000000e+00
9.749333663706953302e-08,0.000000000000000000e+00
0.000000000000000000e+00,0.000000000000000000e+00
0.000000000000000000e+00,0.000000000000000000e+00
0.000000000000000000e+00,0.000000000000000000e+00
0.000000000000000000e+00,0.000000000000000000e+00
0.000000000000000000e+00,0.000000000000000000e+00
0.000000000000000000e+00,0.000000000000000000e+00
0.000000000000000000e+00,0.000000000000000000e+00
0.000000000000000000e+00,0.000000000000000000e+00
0.000000000000000000e+00,0.000000000000000000e+00
0.000000000000000000e+00,0.000000000000000000e+00
0.000000000000000000e+00,0.000000000000000000e+00
0.000000000000000000e+00,0.000000000000000000e+00
0.000000000000000000e+00,0.000000000000000000e+00
3.673502085334088646e-07,-5.468187717768716097e-06
6.769294693131556974e-07,-5.409069558955693212e-06
9.354188877410954700e-07,-5.345828953718548233e-06
1.168199454139221323e-06,-5.278370065295162481e-06
1.379448957781172227e-06,-5.208318797122195585e-06
1.572929348270416705e-06,-5.136307388154900695e-06
1.753338643046682212e-06,-5.062317375292520959e-06
1.923958939356386936e-06,-4.985846668156975604e-06
2.088399935918013529e-06,-4.905890119663649633e-06
2.249569723337873813e-06,-4.821123315778780166e-06
2.410365860844128121e-06,-4.730359721762552801e-06
2.573080514078506634e-06,-4.632182445832491132e-06
2.740339474503280386e-06,-4.523096635998610889e-06
2.912505072903639566e-06,-4.400764772107789998e-06
3.090446471664689835e-06,-4.262472954757301023e-06
3.273282959489086756e-06,-4.106045952922218964e-06
3.460414036787567030e-06,-3.929323566135702250e-06
3.649751287404502475e-06,-3.731007746810651484e-06
3.839404046091863789e-06,-3.509812323490042193e-06
4.026497048334889506e-06,-3.265789875755304725e-06
4.208101720532943695e-06,-2.998999362319884550e-06
4.380964816376867321e-06,-2.711318891243063525e-06
4.542629219078765315e-06,-2.403482803660285399e-06
4.688769760107304145e-06,-2.078589942723181094e-06
4.814827910304304068e-06,-1.737469719122710980e-06
4.910179047212523878e-06,-1.390737912634309061e-06
4.975657952390195471e-06,-1.055532345583836529e-06
5.012063758979162334e-06,-7.467601183910674380e-07
5.031445376866870539e-06,-4.719277833365253125e-07
5.037988333529488565e-06,-2.214273219873911915e-07
5.034304475280165943e-06,8.867642900719462558e-09
5.022313266955791786e-06,2.212339094472147830e-07
5.003560171691177492e-06,4.191717597490644174e-07
4.979071720861406476e-06,6.051079601601965967e-07
4.949448687005017507e-06,7.822031307894870390e-07
4.914893754956758600e-06,9.528208777858997569e-07
4.875201968773518824e-06,1.119593407919941473e-06
4.829876700420850743e-06,1.284619551994265310e-06
4.778085215935958157e-06,1.449864212035417908e-06
4.718792312554962957e-06,1.617009508973189095e-06
4.650736336924094195e-06,1.787269826161775716e-06
4.572525226757907800e-06,1.961814264115016141e-06
4.482677063821503159e-06,2.141079760062608422e-06
4.379625610382122721e-06,2.325733683820368271e-06
4.261720415815641315e-06,2.515944735679423853e-06
4.126415369969740232e-06,2.713582758928068671e-06
3.977108076933120795e-06,2.921115558477830107e-06
3.804342601006971078e-06,3.137127562378135232e-06
3.603098830851205069e-06,3.363106254541677213e-06
3.372495344481261623e-06,3.592649064277104942e-06
3.106891687978185280e-06,3.818957137870790563e-06
2.818027833431769132e-06,4.024067977207467513e-06
2.521004648708593043e-06,4.204753588121122059e-06
2.225604223463037857e-06,4.360425161231687975e-06
1.936982043871548645e-06,4.493977013710537004e-06
1.655183516781997306e-06,4.606861842513851014e-06
1.381444700817935423e-06,4.700261715872592011e-06
1.117804718811992338e-06,4.775412400392414411e-06
8.648967707562425611e-07,4.833949261708523020e-06
6.238493247215755629e-07,4.877526512495135572e-06
3.943437642903884821e-07,4.907982917383845718e-06
1.764174646640081324e-07,4.927083870925306363e-06
-3.123545588326053737e-08,4.936550970293652884e-06
-4.211475380303534772e-07,4.931972256230864450e-06
-6.073171271595986580e-07,4.919093946361717696e-06
-7.906613792602867530e-07,4.899862912831045642e-06
-9.738061879780045647e-07,4.874413689033079467e-06
-1.159615277678228728e-06,4.842327784128527283e-06
-1.351378835429354308e-06,4.802645909851465436e-06
-1.552031791203989615e-06,4.753825709058926491e-06
-1.765184706651600694e-06,4.693670340220508971e-06
-1.993441300229681182e-06,4.619488150531282769e-06
-2.240937081623260131e-06,4.527721573656235476e-06
-2.516552730694568733e-06,4.412311744281713333e-06
-2.816681707786918058e-06,4.261795446489392135e-06
-3.129186071250205505e-06,4.075191631531386323e-06
-3.427712198261431437e-06,3.850609969170025011e-06
-3.698100996002923131e-06,3.609867785854419792e-06
-3.941115164391107090e-06,3.362266194304127559e-06
-4.155568186655905969e-06,3.115848690095706786e-06
-4.343311862004900540e-06,2.872199624828319570e-06
-4.513664281746636677e-06,2.635481163040402594e-06
-4.662068449212405385e-06,2.404991620615231308e-06
-4.790700790183686974e-06,2.180404192500324444e-06
-4.901097875272211389e-06,1.963025523602709716e-06
-4.995064528606924421e-06,1.753092516761689883e-06
-5.074458720307728387e-06,1.551190540401304155e-06
-5.141266721144437854e-06,1.356526624852710894e-06
-5.197400633580761853e-06,1.168377494878812987e-06
-5.244626070574131277e-06,9.849253159034435594e-07
-5.284486904625445640e-06,8.041705131203475415e-07
-5.318149928961759129e-06,6.234511266265281382e-07
-5.346407935450643394e-06,4.396541070287422814e-07
-5.369517385541897658e-06,2.495656605212627095e-07
-5.387209614759327132e-06,4.923652820855205947e-08
-5.398618588148353960e-06,-1.647183545391100475e-07
-5.402212825214202736e-06,-3.967189616699755967e-07
-5.395931690539814786e-06,-6.499202966349687734e-07
-5.376886366931636312e-06,-9.295036636405428366e-07
-5.340102824491447663e-06,-1.248526031001424364e-06
-5.270073932033498079e-06,-1.597259405568372828e-06
-5.162319542385894293e-06,-1.954561321975883680e-06
-5.020661156006220793e-06,-2.292424662554749148e-06
-4.865523994824299269e-06,-2.592270089514322180e-06
-4.705541603475406902e-06,-2.864202798197777346e-06
-4.545144282490249351e-06,-3.109138248427755719e-06
-4.383835302681994305e-06,-3.331764925581553071e-06
-4.222891115396284264e-06,-3.533279776719756108e-06
-4.062808140699300844e-06,-3.716519369206798194e-06
-3.903782554930980510e-06,-3.883807171033602488e-06
-3.745042648545218432e-06,-4.037927058891139246e-06
-3.585759386958684057e-06,-4.181253497319315614e-06
-3.424284453078102593e-06,-4.316065968568392420e-06
-3.258846172934806974e-06,-4.444302433296847557e-06
-3.087401071381587965e-06,-4.567447982085767464e-06
-2.907252255225631171e-06,-4.687124564369826593e-06
-2.715794539865455168e-06,-4.804294275685154348e-06
-2.511503212823851152e-06,-4.913657504316504945e-06
-2.293345463166814230e-06,-5.017822214029458912e-06
-2.061051451985811903e-06,-5.115865665294213375e-06
-1.813236449797752397e-06,-5.206805814552579709e-06
-1.549376189991460814e-06,-5.289377863977538255e-06
-1.268472153247476879e-06,-5.361983524838847671e-06
-9.708400573649725457e-07,-5.422848522790179701e-06
-6.567367534645812831e-07,-5.469860854556125847e-06
-3.173054537282067154e-07,-5.500546909273735546e-06
2.761542849122587428e-07,-1.595060677531423400e-07
3.264644770495983988e-07,-1.255909692437034188e-07
3.605011851539366867e-07,-9.020850015847374668e-08
3.784129000018060294e-07,-6.416635291418295324e-08
3.863839212329875084e-07,-5.504713308104245396e-08
4.616596539505387633e-07,-2.099236980879344183e-07
6.061011426659888872e-07,-3.438261465083463714e-07
8.110067198952103455e-07,-4.858704384315076965e-07
1.068234338455506834e-06,-6.338886675287003391e-07
1.369530671558130292e-06,-7.853119681320455818e-07
1.706684462385080732e-06,-9.375429378605022827e-07
2.071536018371938507e-06,-1.087992305677216540e-06
2.455973503913048567e-06,-1.234089109054154792e-06
2.851992913013053614e-06,-1.373297284716542800e-06
3.251836355089465519e-06,-1.502991824146074683e-06
3.644929137418827043e-06,-1.618898106133480729e-06
3.902249469709599600e-06,-2.025603508887627160e-06
3.770331373579253980e-06,-2.323339470144164671e-06
3.631591691616849331e-06,-2.606887164151148372e-06
3.487593072465277458e-06,-2.873069807650661407e-06
3.339670337991902526e-06,-3.120834980818774327e-06
3.190177576240700867e-06,-3.348469011126249128e-06
3.040033217520189417e-06,-3.556202753335388275e-06
2.890991948451307149e-06,-3.743433885352895963e-06
2.743304143966403131e-06,-3.911475957348348733e-06
2.597767518853687288e-06,-4.060552808586857932e-06
2.453649162239888554e-06,-4.192428715204922639e-06
2.310548737325479423e-06,-4.308125862890070158e-06
2.166991013706424286e-06,-4.408916177413041182e-06
2.020494759406817762e-06,-4.496072946488303421e-06
1.869809632362555593e-06,-4.571576504240359881e-06
1.712144752514117881e-06,-4.636880786551545496e-06
1.544911249359346170e-06,-4.692162245402367643e-06
1.365481362132066452e-06,-4.737308189597427057e-06
1.170054370489225156e-06,-4.771793828573752006e-06
9.557748807683450243e-07,-4.794594340998909364e-06
7.175154374320124259e-07,-4.803956380331558165e-06
5.139068677744516382e-07,-4.391717969168712961e-06
5.489919019954707149e-07,-3.964085108206531684e-06
5.723031670399024084e-07,-3.515704096317026748e-06
5.839302380918282495e-07,-3.055594102733466168e-06
5.836355946234604624e-07,-2.593570287353437558e-06
5.712449279650787981e-07,-2.139749749113174582e-06
5.465746327141542012e-07,-1.704358114728997884e-06
5.094449855565313168e-07,-1.297776815014941825e-06
4.596827194068797546e-07,-9.304111619669542382e-07
3.968099487158350489e-07,-6.126960908789962433e-07
3.193138602679691347e-07,-3.594326790661473044e-07
3.960923632590355303e-07,1.680663127431594551e-08
3.955096403973088940e-07,5.679712590814259827e-09
3.975360813400470111e-07,3.590627790222468071e-09
4.021406764205310433e-07,6.548779293278536710e-09
4.082205566097911854e-07,1.614254759386780811e-08
5.673510883678221358e-07,1.005895376276756510e-07
7.330389511733548859e-07,2.229428541025561682e-07
9.202202000915648985e-07,3.889442810214793845e-07
1.126204459386529180e-06,5.939242663225390063e-07
1.347191588284968325e-06,8.328925288705469002e-07
1.579179687122132582e-06,1.100580349645181470e-06
1.818102888726274956e-06,1.391641541342615898e-06
2.059819619041997031e-06,1.700633117622483911e-06
2.300094269942027347e-06,2.021992270774304572e-06
2.534711768297140824e-06,2.350139813060929260e-06
2.758876499591996777e-06,2.679141405978481511e-06
3.204666244638468815e-06,2.838774913665693129e-06
3.417435808439719335e-06,2.665676638429653133e-06
3.606410489350046674e-06,2.496304739834584175e-06
3.774341811414841757e-06,2.329867484812473708e-06
3.914678249845752399e-06,2.167573292745058125e-06
4.039420801691864336e-06,2.006602578709077766e-06
4.148903425480267076e-06,1.848533030512109479e-06
4.244244918210230665e-06,1.692787768545601883e-06
4.326333773190750116e-06,1.539392316440402399e-06
4.396165222012681555e-06,1.387282504322024876e-06
4.454476491429525151e-06,1.235769165259128497e-06
4.501917419056892473e-06,1.083423337073852304e-06
4.538876922026556813e-06,9.288395381663632690e-07
4.565505917313344515e-06,7.703350872978195042e-07
4.581657436851872764e-06,6.058427869826698935e-07
4.586856182939319464e-06,4.335876793529817684e-07
4.580247591125913299e-06,2.509510125533166748e-07
4.560641807443158047e-06,5.626855073986043729e-08
4.526338702332170926e-06,-1.534673499160572940e-07
4.475409372719862884e-06,-3.795536007111538443e-07
4.405386220037368324e-06,-6.246663265908255527e-07
3.934392576435558888e-06,-7.239220386588590402e-07
3.546688461757182054e-06,-5.790217625172431494e-07
3.150049907855569134e-06,-4.410247009010777427e-07
2.750643948076361020e-06,-3.124129221215749446e-07
2.356462422759047893e-06,-1.960059787393201493e-07
1.975621666151904149e-06,-9.448806018981153181e-08
1.616195716981965300e-06,-1.053923238867177532e-08
1.286303763470600774e-06,5.314042823223138925e-08
9.941107268709223327e-07,9.382817062144613600e-08
7.478104623523067371e-07,1.087402290791970278e-07
5.555117022849477160e-07,9.478061039330788555e-08
1.772912941311797314e-07,1.675153859340968121e-07
1.088329050158145737e-07,1.622354977953696544e-07
4.851655650052224496e-08,1.424359537506031768e-07
6.898302781259714211e-09,1.154730280682432874e-07
-7.653929726803973767e-10,9.258984377509966369e-08
2.343301491834184193e-08,2.522825778537085834e-07
-2.429794362959078382e-08,4.545694915437317635e-07
-1.218504827456688559e-07,7.046466024982836042e-07
-2.619533582854653943e-07,9.938554603670809206e-07
-4.390607258993513120e-07,1.314599691234650702e-06
-6.476387566153455422e-07,1.659012954906765604e-06
-8.820542298405462384e-07,2.019083049302664030e-06
-1.136601651572334664e-06,2.386694411298368738e-06
-1.405458598483243185e-06,2.753552222459755822e-06
-1.682681825539609572e-06,3.111447119668333463e-06
-1.962803571123883237e-06,3.452769963271077852e-06
-2.038425799387604319e-06,3.941781365228583016e-06
-1.828199665692369894e-06,4.082869593782655516e-06
-1.630102945297928653e-06,4.198903609886599134e-06
-1.441806626467323543e-06,4.293076946951842731e-06
-1.262053272331279098e-06,4.368002530446950497e-06
-1.087836846133488818e-06,4.426233309798478149e-06
-9.173134848216453435e-07,4.469586070207953392e-06
-7.478374217635533704e-07,4.499557828778050579e-06
-5.773731755820406658e-07,4.517112216563257189e-06
-4.039309403837542719e-07,4.522827957900967567e-06
-2.256667372095539168e-07,4.516902374030867829e-06
-4.136176725953954924e-08,4.499148526766142886e-06
1.507925802491393931e-07,4.469091901787336889e-06
3.514428816189859998e-07,4.426118715214315517e-06
5.618378352451226414e-07,4.369384512121848842e-06
7.815922715327284338e-07,4.298064076007500586e-06
1.011185030497530280e-06,4.211146447682781230e-06
1.249326595612343266e-06,4.107883068527257760e-06
1.495723588653524189e-06,3.987386310868942124e-06
1.748366369802701296e-06,3.849260202187340802e-06
2.005994193177926836e-06,3.693175293638366922e-06
2.019345243202061605e-06,3.216885801631052797e-06
1.777997153119622131e-06,2.901392082506914224e-06
1.540113293597207487e-06,2.575525873181422062e-06
1.310383914311313906e-06,2.246416043800341593e-06
1.092791776944595225e-06,1.919835036569330506e-06
8.913075464591027601e-07,1.601511272169431637e-06
7.098292940016765204e-07,1.297065896352865663e-06
5.521779457802413507e-07,1.012017620235627600e-06
4.221014178242875777e-07,7.517701038106586170e-07
3.233835552871747744e-07,5.216810630614561990e-07
2.605532254514510771e-07,3.282026252190723998e-07
-6.108554667173262586e-08,2.369237237136692563e-08
-5.144026176715266792e-08,2.181161653563768591e-08
-4.927177135680860153e-08,1.643482903049556145e-08
-5.061559118601990331e-08,1.184152609206188903e-08
-5.277417950535839255e-08,1.917140517929835615e-08
-2.501653293821487272e-07,1.143316890634587996e-07
-4.882363792124283229e-07,1.342504644498596914e-07
-7.921804092309483952e-07,1.175138244985926031e-07
-1.150806133230379165e-06,6.812979561528557936e-08
-1.552820600234305787e-06,-1.011191092575987951e-08
-1.987008505224824600e-06,-1.134946791963672231e-07
-2.442204581482135904e-06,-2.383288100097476967e-07
-2.907289174688397232e-06,-3.809436730119557688e-07
-3.371115815625047727e-06,-5.376707621722208376e-07
-3.822690549168226851e-06,-7.047669856323733038e-07
-4.251746651247517658e-06,-8.787098996456306039e-07
-4.753894489240712515e-06,-8.051139376701551851e-07
-4.827773679623720853e-06,-5.565808438009977247e-07
-4.881119666952835543e-06,-3.282986332203791919e-07
-4.916438784413749475e-06,-1.170325589581624105e-07
-4.935686906145207454e-06,7.924540204458495062e-08
-4.940524001301487501e-06,2.642661275254000346e-07
-4.932011516267136632e-06,4.405142850272817645e-07
-4.910797917425844565e-06,6.111711999081204285e-07
-4.877075045998367526e-06,7.787722058247462757e-07
-4.830680098022928110e-06,9.456612854172976254e-07
-4.771099223735382339e-06,1.114075671823984758e-06
-4.697648139570435139e-06,1.285330825663417073e-06
-4.609367056269655694e-06,1.461085986080854443e-06
-4.505391384921830374e-06,1.641553459858728705e-06
-4.384643035260591232e-06,1.827631165099150876e-06
-4.246440809121329664e-06,2.018480566111277519e-06
-4.090004091580272130e-06,2.214100509985419655e-06
-3.915691663497044422e-06,2.411875645234341194e-06
-3.712150085404429322e-06,2.613654892942999999e-06
-3.488845391697139846e-06,2.817699165329791829e-06
-3.245432198098291394e-06,3.023293264008094297e-06
-2.767284595536573647e-06,2.870732629456889557e-06
-2.524556307491589487e-06,2.506718803090905894e-06
-2.261756387683859218e-06,2.137863192508993313e-06
-1.987747652480040360e-06,1.774660247295643331e-06
-1.708612245896367629e-06,1.424985919371485539e-06
-1.430350256477036961e-06,1.096839488171247525e-06
-1.158910191057890305e-06,7.981572269919544520e-07
-9.001675313149061341e-07,5.367768067993971119e-07
-6.599491831252141586e-07,3.204921989324694142e-07
-4.440815479362405947e-07,1.569697723630029862e-07
-2.572404408774843646e-07,5.235853801221137373e-08
-4.534936145859440809e-08,-6.087103556055599938e-08
-4.577113189687360873e-08,-5.961199141161644006e-08
-4.291783191799434667e-08,-6.895172544948253594e-08
-4.044605027264432798e-08,-8.845091943524124898e-08
-4.286224586278233272e-08,-1.093066184146313541e-07
-1.758316481342751860e-07,-3.572887618025686911e-07
-2.578961768279303411e-07,-6.176137259808344496e-07
-3.277562113431567486e-07,-9.343771962047736818e-07
-3.849542630159447286e-07,-1.301514461171642540e-06
-4.294663262495977996e-07,-1.708116830979865779e-06
-4.615050884225880499e-07,-2.143515515571795046e-06
-4.812653620381332957e-07,-2.597333264057710115e-06
-4.889353760009244218e-07,-3.059352841225938221e-06
-4.846982727237378497e-07,-3.519531997778127937e-06
-4.686567122580274644e-07,-3.968051576224128159e-06
-4.405504445098013180e-07,-4.392980705999820654e-06
-6.988310914518947295e-07,-4.782061639497810366e-06
-9.898414154812943107e-07,-4.760528395759806527e-06
-1.265782122717787542e-06,-4.726354673561895800e-06
-1.526765645285315144e-06,-4.680545379232518048e-06
-1.772198421063995288e-06,-4.623992555973170870e-06
-2.003017072286278308e-06,-4.557462516640614369e-06
-2.219449069523485310e-06,-4.481545275799701816e-06
-2.423292477662133571e-06,-4.396447043095680449e-06
-2.613079081244456936e-06,-4.307709826919814388e-06
-2.790646590924396102e-06,-4.209558669090494669e-06
-2.956925463596819152e-06,-4.102591504060349405e-06
-3.113276166029021524e-06,-3.985857764280825224e-06
-3.261445529905716772e-06,-3.858139528583277672e-06
-3.402918494611032651e-06,-3.717869858429128219e-06
-3.538772197893968047e-06,-3.563608480212556477e-06
-3.670117491705124272e-06,-3.393158722438172209e-06
-3.797128418892473717e-06,-3.205115876464673399e-06
-3.920407808446248436e-06,-2.997038483262962018e-06
-4.039058725697502084e-06,-2.767946585691342475e-06
-4.153071234428490821e-06,-2.515425731835937601e-06
-4.261839432182534226e-06,-2.240237004432722173e-06
-3.933765817821101371e-06,-1.859274580631602230e-06
-3.487981890839330933e-06,-1.745088616413232885e-06
-3.025664332159776136e-06,-1.609937762195655727e-06
-2.559959595139454361e-06,-1.458944025540110826e-06
-2.101675952191330069e-06,-1.295687426343651071e-06
-1.661887396538112982e-06,-1.123707807591404102e-06
-1.251750778194703849e-06,-9.465669585395218327e-07
-8.824724140011800314e-07,-7.678434065975377971e-07
-5.653068096260138242e-07,-5.911215590362187111e-07
-3.115027829173221600e-07,-4.199165450921439808e-07
-1.322579863938908025e-07,-2.571018131278154237e-07
-1.025910260433090430e-07,1.344823368029254542e-07
7.388777625388110688e-08,-3.365824256326885823e-07
4.049131245645814935e-07,1.999386135155017373e-07
4.888125424924700946e-07,-5.123464072341550930e-08
-1.664442134281311982e-07,-6.400934248532704607e-08
-2.370979042835757918e-06,3.167844507823713455e-06
3.794619365406542675e-06,-1.174717034451361319e-06
3.656370556361090988e-08,-4.402583697128359840e-06
-4.102495308836851216e-06,-1.373531653971518420e-06
2.391962321653566110e-06,2.951882093690266427e-06
2.909900383113926239e-07,4.935612385667100251e-08
-1.230005293872681746e-08,2.316207540625068304e-08
2.794876262700027616e-06,3.506290188696631428e-06
-2.797289162295848446e-06,3.755128584570388792e-06
4.382132672568599854e-08,-3.521138922555326232e-06
-3.200804483122651407e-06,-1.074605411331953153e-06
6.635799812623923849e-07,5.598517632617352618e-07
6.590874737297311126e-08,-9.170944784988264442e-07
-6.607593222249080240e-07,-2.309959919693239177e-07
-3.807912961370049322e-07,4.986004945566639879e-07
8.875923916580326992e-07,-1.911873175784134302e-07
1.919788780698011670e-06,2.298290636348128000e-06
3.000888628952021595e-06,-9.071258038199144127e-07
-2.267597698131135540e-06,-7.656238112256761560e-07
1.023243477805609075e-06,1.057701757144905707e-06
-1.391146252914031529e-06,-4.747464389420067105e-07
5.118528937464645201e-08,-2.592881325783068940e-06
1.452604824341623846e-06,1.651799923527381182e-06
5.855509466983597816e-08,-1.697394480452755343e-06
2.208964752044011390e-06,-6.403901311031975488e-07
1.482886937206359638e-06,-3.947099795645960532e-07
-7.922952508227434787e-07,1.047145390859768097e-06
-1.834061943183868467e-06,2.446333726039962941e-06
-1.292171981054727641e-06,1.717656540286416130e-06
3.687181353585493046e-07,-2.160599576786145607e-09
-1.695206743946017483e-08,-8.506881849402750021e-09
8.523070633437284319e-08,-1.253810677160093194e-07
4.408125355902917592e-06,-1.395793080059216215e-06
-4.752155266995930477e-06,-1.608382310994665412e-06
3.889973858249009221e-07,1.951423938836437337e-08
-3.423746454704045280e-08,2.022213533099373209e-08
-3.714587011972395069e-06,-3.726723706970128492e-06
3.241781146567634931e-06,-3.747737772552211204e-06
3.750776668335024146e-08,-5.039941303099241159e-06
3.588258252539455574e-06,-3.311586498397043436e-06
-4.008407835998099758e-06,-3.366093211795233801e-06
-2.844134086235388620e-08,-4.121388279972196477e-08
3.271673188318874120e-07,-4.519239822267978675e-08
-3.406818569713079828e-06,-4.021229463649661963e-06
2.896669772198234698e-06,-4.090747063301941629e-06
3.916479456029047850e-06,-2.781033778942499551e-06
-4.288036900940645215e-06,-2.921293124062803607e-06
2.047344969689636557e-09,5.589143545802618113e-08
1.547399051496701865e-07,8.992245500199223365e-08
-3.503365698661375682e-06,3.251675514435099269e-06
3.432203658824581357e-06,3.040808052375519091e-06
-3.084865921669939363e-06,-4.270229215638785656e-06
2.571878681070220677e-06,-4.356292566988204161e-06
4.190841384609920423e-06,-2.229829717220385620e-06
-4.532163282249638391e-06,-2.433412538875022541e-06
-3.907596254522805505e-06,2.851993725840176185e-06
3.770549967696823338e-06,2.696584557168048726e-06
-2.761017129934767877e-06,-4.475713004866930954e-06
2.286232458935196823e-06,-4.551541324966439119e-06
2.090239957993688825e-07,-7.993373906687183420e-08
-6.397818337689453546e-09,-6.497731352765819241e-08
-3.408847221692408445e-08,-6.172663504935108450e-08
3.886828617576593899e-07,-7.198806141029921664e-12
3.827257800325618306e-07,-2.191236424955574788e-10
-3.765611576832474999e-08,1.371710014794757234e-08
-3.507801317589106905e-08,1.215637597787617659e-08
-4.303377031032117334e-06,2.409192594750897859e-06
-4.453311088247168219e-06,2.206374142211149822e-06
4.209159470844778161e-06,2.162138312279210516e-06
4.089711041252459569e-06,2.328849130579513015e-06
-2.359384414159645189e-06,-4.697890689169950332e-06
-2.151530025054123322e-06,-4.788422219615836147e-06
1.972874154443183564e-06,-4.739001764319304221e-06
1.819683828009405152e-06,-4.812057077781066123e-06
-4.587725785648614603e-06,1.989779273373741936e-06
-4.701584012431112704e-06,1.797178823515534184e-06
4.316247450372072174e-06,1.983766560905828254e-06
4.407644507408651612e-06,1.824081096129250099e-06
-1.910882261123683028e-06,-4.870549971342290568e-06
-1.674231482870095596e-06,-4.945484931825871514e-06
1.645029658481543032e-06,-4.878304788685059448e-06
1.473397608872756441e-06,-4.939229518832548475e-06
-2.960397787177094570e-08,-5.365680123319484877e-08
-4.129510431838995722e-06,2.636899014905477087e-06
3.950790308811138584e-06,2.516891475709613377e-06
-2.571828243226432395e-06,-4.600368629197913962e-06
2.134489848458882722e-06,-4.658604674101456309e-06
-4.801062250408869303e-06,1.594538006742624228e-06
-4.884002538647642080e-06,1.414136479347532346e-06
4.488306630522947546e-06,1.654016462744325505e-06
4.556729531296312884e-06,1.500100552080419568e-06
-1.401783745726940062e-06,-5.009062373500691995e-06
-1.133750603690156001e-06,-5.064264754067190670e-06
1.272680490543289754e-06,-4.993148212707737187e-06
1.069074158163587393e-06,-5.042288241661429394e-06
-3.635663105584340395e-08,1.015765681396439410e-08
3.907159438562163671e-07,3.819742180543970181e-09
2.245409473529405420e-06,3.950218125550409096e-06
1.981152832614768233e-06,4.102382977630247859e-06
-2.022970061999336749e-06,4.300495454115911776e-06
-2.250271442906708360e-06,4.175431472310073881e-06
-4.954532953388365620e-06,1.224982962696114916e-06
-5.012370366587212301e-06,1.054618727035686230e-06
4.615997714470897280e-06,1.335366746451824977e-06
4.665788159023912803e-06,1.183525814542306088e-06
-8.282544820644228124e-07,-5.104279885965696516e-06
-5.281940892246901304e-07,-5.134379717988840167e-06
5.719339165770850071e-07,-5.115691094892154481e-06
8.262086915916621496e-07,-5.082211106399002143e-06
3.683065181801762584e-07,2.080122738248827059e-09
-4.414524395088485503e-08,5.954115574123511096e-09
1.699855760102275682e-06,4.239848866309861236e-06
1.445963998861799970e-06,4.353828015054564396e-06
-1.595859412790754155e-06,4.489096102141482009e-06
-1.793943817030450740e-06,4.406055045478634946e-06
-5.059756858545935839e-06,8.740877836177523171e-07
-5.097461515451789748e-06,7.075498050610343754e-07
4.741581197460153963e-06,8.628952101702327834e-07
4.707517058574656875e-06,1.018652128439392488e-06
1.180570057464437784e-06,4.453088530000256103e-06
9.434443929640170183e-07,4.532151116258318486e-06
-1.215400793302141796e-06,4.611319202117054228e-06
-1.394016036396533027e-06,4.557983010732014570e-06
-5.125826452933686047e-06,5.267735954120702155e-07
-5.146118228250531386e-06,3.543831827027902006e-07
4.767738630631639935e-06,6.901786900597563376e-07
4.786847132903628233e-06,5.225671842760603749e-07
2.541165547117330134e-06,3.772513422290647573e-06
-2.533024874882707386e-06,4.018974484969234557e-06
6.990518556197310820e-07,4.597688277366194129e-06
4.821521585864165853e-07,4.646720740650905193e-06
-8.596440583999616951e-07,4.685812804482937062e-06
-1.029388622698140714e-06,4.654206065078377365e-06
-5.156573955064242755e-06,1.613425296139103984e-07
-5.158752172643111663e-06,-2.903213430056916938e-08
4.796829086770718898e-06,3.325342923115358911e-07
4.798983559303434620e-06,1.437378239958976440e-07
-2.994001083220527682e-08,-3.893543662345425077e-08
-2.222465608338378120e-08,-4.522688358473217939e-08
3.613275787999086092e-07,-3.549119250212956006e-08
3.575411884654332545e-07,-3.303185483222583265e-08
1.082046851678085830e-08,6.980685709857555870e-08
6.234787723314910166e-08,8.928555867606627629e-08
2.602876414668859659e-07,4.684046326798260028e-06
6.347697358201149322e-08,4.708419585356697321e-06
-5.068058755951466191e-07,4.722301250885400749e-06
-6.778637181882427993e-07,4.708709293231567855e-06
-5.148376505685067882e-06,-2.482598250757551077e-07
-5.127488701886561457e-06,-4.698376975714057669e-07
4.789028053708101148e-06,-7.418867057293440652e-08
4.768952763413925793e-06,-2.941404404624446455e-07
4.680800898785271342e-06,-8.119219042891762592e-07
4.731705314098201140e-06,-5.508036876517100244e-07
-5.088664701201185406e-06,-7.295433848280382334e-07
-5.035396444955413688e-06,-9.954349089559728490e-07
-1.382850486597333022e-07,4.722868586202866400e-06
-3.189782650531420739e-07,4.727104102591297475e-06
4.608948400830795598e-06,-1.132865859811148733e-06
-4.960611721150526275e-06,-1.329509097712057829e-06
-7.592930981397940594e-09,-1.602945123759963275e-08
-2.236126816691578675e-08,-5.498428420958806139e-08
3.712958691343085546e-07,-4.228534418939749503e-08
3.516991833488033042e-07,-1.178413621418619903e-08
2.559627573012335224e-07,-4.917585691442744138e-06
3.762681566244637128e-07,-5.236338790505441978e-06
-3.179567066466832237e-07,-5.255405627968042496e-06
-1.850114650017087111e-07,-4.916323727274766516e-06
-5.012099062341987044e-06,-1.600533379145308741e-06
-4.705681372012009532e-06,-1.330409548996892466e-06
4.360721066848992555e-06,-1.133444101408334484e-06
4.661801913816308143e-06,-1.391283329052210589e-06
-9.837417372909293683e-10,8.438000864316531975e-08
8.812753927331815739e-10,2.925819736926555814e-08
8.496394060448643897e-08,4.691301342643540751e-08
1.307880426662880936e-07,1.293387223524502125e-07
3.396948887013354877e-08,-5.266131991250376133e-06
3.304933271261145653e-07,-1.628718330438642238e-08
3.579025172268141617e-07,-5.689115734771608092e-08
-3.912756122214558091e-08,-5.324098157953803403e-08
-1.619017462610558931e-08,-2.096923054740411921e-08
-7.434387298174994698e-09,2.163631067250553555e-10
3.617395541822896748e-07,4.430983408641653243e-09
-1.711153406945973410e-08,-2.485304974798598006e-08
-3.694468564834872995e-08,-6.498365039994386007e-08
3.279643080547407649e-07,-8.212271213356280318e-08
2.782025879082206524e-07,-5.839464222345985088e-08
2.766016936845975206e-07,-1.070509647302723393e-07
-4.681712183737693424e-08,1.431671260329582617e-08
-1.923765366635638775e-08,6.719472641481351368e-09
3.853483384424215071e-07,5.185357073576341793e-09
3.945258007864594880e-07,1.071114743467437707e-08
3.596770205859705555e-07,3.537913652250600375e-08
3.139951082135839848e-07,6.426697010259948398e-09
-1.373236682891149230e-08,3.772307182724519137e-09
-5.241743693714449984e-08,1.245081599721285731e-08
2.940759796371333346e-07,-2.607378622276604243e-08
2.312785541012308524e-07,-3.540772867048001475e-08
-4.693645884098986226e-06,-2.120753476193646017e-06
-4.554582293884540854e-06,-1.782735084059226127e-06
-4.885713299774391126e-06,-1.957948228685503722e-06
4.357216452285774031e-06,-1.898232627387167509e-06
4.545387484690009607e-06,-1.737202455077241758e-06
4.216487574004185422e-06,-1.559657053064255530e-06
2.268125562765765764e-06,-4.687415374177573128e-06
2.152452920652018472e-06,-4.523240764838872859e-06
-2.595110974351093186e-06,-4.437526029613268530e-06
-2.738916626104367701e-06,-4.636986008732779946e-06
3.954945419230681522e-06,2.705784949365777552e-06
3.770373345996967642e-06,2.506523117276623125e-06
-3.909638778919950277e-06,2.625272798245467912e-06
-4.131716128915681399e-06,2.862425291002582452e-06
-2.805186346410474358e-06,4.015129540240039721e-06
-2.518886156379074671e-06,3.766734851067464667e-06
2.527695995983690212e-06,3.514447213482275390e-06
2.805312835664655456e-06,3.765653229549185525e-06
-4.770678835916158780e-06,-2.364827923007815113e-06
-4.448999241423344725e-06,-2.195556379290698367e-06
4.108056439828158254e-06,-1.975471916584441043e-06
4.438179610741466029e-06,-2.154557827613273979e-06
2.165213374178656938e-07,-1.282720427888334381e-07
-3.206871444716297137e-06,3.539153294628982647e-06
-2.894617257114055121e-06,3.489996697739069942e-06
-3.112186269913341323e-06,3.800146706566031951e-06
3.173098395454190454e-06,3.302362323760071616e-06
3.089208044692647598e-06,3.549533699979707548e-06
2.884270487680197366e-06,3.255221887444467057e-06
3.207797886029423568e-06,3.027535405765259352e-06
3.402911768482672385e-06,3.308308426998467632e-06
-3.465923302214639594e-06,3.546892952229819236e-06
-3.248165865179076566e-06,3.239036939073428107e-06
-7.016900468594652337e-08,-4.645993069928606690e-07
-2.536440848003948748e-08,-2.294314563738009316e-07
-7.354685695199676434e-08,2.704334336693888890e-07
-1.289657711947828575e-08,1.216170985306119656e-07
5.493495181466311748e-07,2.129889476601023531e-07
4.232395557783830417e-07,9.147424170388863067e-08
5.420417616300665536e-07,-1.741263350398299024e-07
4.147687427996578555e-07,-8.557064530767241137e-08
-3.051373505407864517e-07,1.557580689274910975e-08
-1.169744347349106651e-07,2.783923063787742021e-08
-1.122189617806406368e-07,4.488199688614984514e-08
-2.472161726664823657e-07,1.479585322934356433e-07
1.746965653384995413e-07,-2.439513025362690746e-07
2.139677020870413223e-07,-4.622957279319572794e-07
4.487094034056666348e-07,2.558198069767597239e-08
6.002102707050563279e-07,1.303612510958515411e-08
2.996867599484753614e-07,1.881475115533931187e-07
3.713730907264888382e-07,3.437092653872553431e-07
-7.434872227312868250e-08,-1.059146252976650681e-07
-2.323843926550785433e-07,-2.127294021530161853e-07
-2.702445903747056464e-09,1.442269661740332463e-08
2.428733488309427876e-07,3.039449872179558631e-08
-2.443599922838842270e-06,2.843289906470757163e-06
-2.687166868290665670e-06,3.195007343286175551e-06
-3.801982847256533152e-06,-1.551510825643479577e-06
-4.232072623448883419e-06,-1.673879378378624493e-06
2.833195826797954943e-07,-4.187810677870680874e-06
2.620150451675273262e-07,-4.605449141518763049e-06
3.670626839475510011e-06,-8.821101513879268697e-07
4.057798996237389126e-06,-1.022127689931211388e-06
2.088589828707940980e-06,2.925174850179980524e-06
2.325340746883248895e-06,3.239485769061624622e-06
3.911014960922399787e-06,-1.453303011903133144e-06
3.526240245375971235e-06,-1.334650767178220529e-06
-2.304992042200035822e-06,3.479221230612096300e-06
-2.034026867480920400e-06,3.137548455397132815e-06
-1.918807633290557398e-07,-4.601729905734424873e-06
-2.069416438555086797e-07,-4.189500750227346867e-06
-4.387681835913762843e-06,-1.209258949587893874e-06
-3.963438403213354580e-06,-1.049393192322838707e-06
2.685957371040775151e-06,2.978872303697117838e-06
2.460805084904650701e-06,2.654140407441812666e-06
-1.159936904816584083e-12,2.364753405272580721e-08
1.691852727038125368e-07,4.186831774729885425e-08
-1.813351080016124300e-07,4.758667387775151645e-07
-2.222748343975786077e-07,2.897070953377676377e-07
-4.181947472208842515e-07,3.074018046347312783e-07
-1.105339039140585133e-07,-7.553332441220082037e-07
6.988666481867848740e-08,-5.966003016306005331e-07
2.461453679920270870e-07,-7.529689805684129515e-07
7.308097718847429935e-07,-2.782890563398241683e-07
6.595331979481251983e-07,-1.119100871643968781e-07
8.110723231374911610e-07,-2.310439233591700667e-08
7.027854777295639955e-07,3.762269550212731201e-07
5.195891538176398524e-07,3.603290810373943865e-07
4.775898036230556816e-07,5.402780448445277577e-07
-5.662544652531920996e-07,-2.655679847962518606e-08
-3.785014282388347564e-07,-1.359818427080502615e-07
-4.666477936695299943e-07,-3.382968740594712367e-07
3.342459809798317729e-07,1.069416815120572775e-07
2.581865270128205972e-07,1.058577872022449209e-07
-3.867459079151172648e-08,5.816843296201941077e-08
3.427212702489363067e-09,6.043452511141282003e-08
-1.197564836122503653e-08,8.130198433383807850e-09
-2.613676135244229732e-08,1.811152326304246911e-08
3.791276315452082844e-07,2.031348307202465056e-08
3.736260693683756070e-07,1.076808172208003014e-08
-3.692889763794803694e-06,-3.563376819878972791e-06
-3.834459021413622905e-06,-3.378960619304060838e-06
-3.857600989115632081e-06,-3.551289610076746260e-06
3.217499732793483087e-06,-3.553708421142320076e-06
3.409603181906134178e-06,-3.536345442555406506e-06
3.383616929779192375e-06,-3.329722963905122508e-06
-3.555859902038745551e-06,-3.721411008905061242e-06
-3.558284859418974379e-06,-3.876327107992674145e-06
-3.404712695489057958e-06,-3.871035560941099457e-06
3.060749409020547069e-06,-3.744556571370315410e-06
2.894538548012189285e-06,-3.922251566549656173e-06
3.063120245230035101e-06,-3.924888265853120144e-06
3.540004257065809879e-06,-3.097359756191875731e-06
3.748446233522846200e-06,-3.052834169842197219e-06
3.697489808839358030e-06,-2.827419779731607015e-06
-3.965963249947515412e-06,-3.186539371716874575e-06
-4.098018744372438482e-06,-2.959116984539812782e-06
-4.143788270440784982e-06,-3.151121164856097367e-06
-4.475142672802885313e-08,2.443029220928812809e-08
-5.307596203394652560e-08,3.577675886064874277e-08
3.915120413704851523e-07,2.499079565844011798e-08
3.992561297842088609e-07,3.344922885302206957e-08
-3.259258796229650858e-06,-4.002929777806169699e-06
-3.245674276300287128e-06,-4.146011485861127403e-06
-3.098652622186470867e-06,-4.127501836164297463e-06
2.742547653099121027e-06,-4.074169619735997840e-06
2.584812442584696507e-06,-4.212240490527291782e-06
2.728912624478500226e-06,-4.227568595936460656e-06
3.845449862286317772e-06,-2.555788606365293669e-06
4.051805048204719816e-06,-2.509617505380014924e-06
3.978686434675357410e-06,-2.276991253039361941e-06
-4.223118762372627941e-06,-2.724222942522965874e-06
-4.337249310590832687e-06,-2.474569134925483912e-06
-4.406646479116749114e-06,-2.685260144205306167e-06
-2.938924805286907445e-06,-4.239951194923710442e-06
-2.924925542429576414e-06,-4.371921780017805731e-06
-2.775496400075809034e-06,-4.340636903807318250e-06
2.438111637159021722e-06,-4.330730475688136770e-06
2.298039936816185578e-06,-4.431302231421624601e-06
2.425905668340455739e-06,-4.455950932375398729e-06
3.423330069376584100e-06,2.846764528488281112e-06
3.599325941361968913e-06,2.681943639858008494e-06
3.607401301229460303e-06,2.862435737299830865e-06
-3.495304298846685603e-06,3.030328574602399369e-06
-3.710301839630129275e-06,3.047068035518039209e-06
-3.702939094924244539e-06,2.835793808293216979e-06
3.274942912868515394e-06,-7.439718250673545381e-07
3.401312970578343702e-06,-1.042030048069073932e-06
3.127736042197500783e-06,-1.205178630871494732e-06
-2.181010455555598003e-06,2.478037380605060938e-06
-2.106002212635245291e-06,2.811879006183108616e-06
-1.759420800083196534e-06,2.780890758492130019e-06
2.995437467442541056e-07,-3.746646753771360641e-06
4.007410757409552880e-08,-3.972377519800999829e-06
-2.156268941550710218e-07,-3.748651464199354614e-06
-3.347200151498584478e-06,-1.413073085942204465e-06
-3.660821168483267325e-06,-1.226989907802150773e-06
-3.515893485260365707e-06,-8.888722235975353776e-07
1.850027527019195122e-06,2.600032828037565657e-06
2.157206851378258064e-06,2.626959280941074881e-06
2.227079292303633870e-06,2.325354660886289606e-06
2.572908866990037670e-06,-4.497158978249883152e-06
2.427228079796761677e-06,-4.591321721607621524e-06
-3.086446101593125978e-06,-4.418105778567072986e-06
-2.926405514145056447e-06,-4.522852250643264495e-06
3.623515207518599642e-06,3.090508809472792164e-06
3.785920543014791015e-06,2.908837175864133129e-06
-3.725681390074048686e-06,3.307505354870782305e-06
-3.922522362243320954e-06,3.100258048043511297e-06
2.599863557635306607e-06,3.237939654051508508e-06
-2.594528436055662900e-06,3.475297585345954539e-06
-4.491563030433525279e-06,-2.893313639081800861e-06
-4.622663245401058442e-06,-2.655089846790134790e-06
4.145225662647862310e-06,-2.746128721912255920e-06
4.287098532338642260e-06,-2.473450161768133587e-06
2.905271898345498252e-06,-4.249867147137712421e-06
2.737453436982298300e-06,-4.377544666477148953e-06
-3.415977059389679935e-06,-4.169410090945572756e-06
-3.254848192713759154e-06,-4.293634598027613483e-06
1.953700041155325640e-07,1.275546275673127340e-07
2.218691877143564094e-07,7.385155413592327308e-08
2.285312229308397235e-09,4.234090310505573681e-08
7.157692342726918352e-09,7.910166413029358707e-08
-4.191525896434916202e-06,-3.349183915523345915e-06
-4.338550078738466002e-06,-3.132568420832782979e-06
3.802653697360603199e-06,-3.288530597541300926e-06
3.973097282388701946e-06,-3.028230146264045110e-06
3.258574720619738655e-06,-3.931799575853561913e-06
3.079355666607295533e-06,-4.097551416500335059e-06
-3.730612796197286841e-06,-3.884760022870201508e-06
-3.574115923061667028e-06,-4.029630711736596418e-06
-1.909265849465776403e-06,2.110035397292043929e-06
-1.634334683667677418e-06,1.747993785745262193e-06
-1.560803585205875733e-06,2.078774659403856824e-06
-1.485407041618008392e-06,2.414808863785587709e-06
-1.217876731401730784e-06,2.047373606757699612e-06
2.089068861209748707e-06,-3.612761192612992551e-07
1.720848008148123597e-06,-2.529670758130387080e-07
1.833654574091382448e-06,-5.136051787161856098e-07
1.951563665207450538e-06,-7.920817248481717729e-07
1.592912996001377014e-06,-6.544526824144976127e-07
1.613836380657477298e-06,2.271205007440333479e-06
1.384363658645115669e-06,1.944527210264457662e-06
1.683505917044724217e-06,1.971298752617834093e-06
1.989106089761719474e-06,1.997893984355777718e-06
1.750993753770122931e-06,1.677528214179945685e-06
-1.442138426837430535e-07,-1.101130132275554816e-06
-1.714864176182216162e-07,-1.491794613920209921e-06
6.223064848003557105e-08,-1.287596134897934883e-06
-8.900519474930628825e-07,-9.619652196545509555e-08
-1.265073179071076840e-06,-1.897822862914401649e-07
-1.002081652375199221e-06,-3.451556320896524940e-07
2.723592410972281968e-07,-1.099247396599522274e-06
2.922794504451916074e-07,-1.489925900428243399e-06
-7.675790762761612008e-07,-4.782605795060552601e-07
-1.124052631315188131e-06,-6.287929499524880841e-07
2.332272142515805849e-06,-9.314598268402480627e-07
-8.495672764425657899e-07,7.780661419200324791e-07
-1.098596549317696680e-06,1.074032342040092202e-06
-2.160411650503829607e-07,-2.826239317643708133e-06
-2.073126979021071727e-07,-2.364737057085549960e-06
1.379661648145639801e-06,-1.587194764455617629e-07
7.765836039762753817e-07,1.034137986408214950e-06
9.617771044139945563e-07,1.320416814559180127e-06
-2.585040304722897631e-06,-5.776132598599859987e-07
-2.123744297550013810e-06,-4.341491592309272010e-07
5.487024143738691777e-08,-2.135949568481235396e-06
-1.924913026619669784e-07,-1.916489844011557123e-06
6.139373604617981898e-07,7.723089953095722440e-07
-1.362138021172329714e-06,1.399984600377047588e-06
1.231176941965502004e-06,1.345422605556998715e-06
1.165678016292474120e-06,1.625722483467542794e-06
-1.816713838252865506e-06,-6.161143718085826837e-07
-1.680038022983866116e-06,-3.036542730183341190e-07
-6.208436735422870916e-07,5.199182075261743990e-07
-3.052811410496586099e-06,-7.303979859766466950e-07
-1.034057327801173394e-06,1.371104923186600571e-06
2.726971128414341183e-06,-1.069995242426614733e-06
1.073665046988855731e-06,-8.120854249506477994e-08
-2.187732831140064695e-07,-3.290859249081979658e-06
3.059169798849769285e-07,-1.914607612145404147e-06
-1.524817058404352605e-06,-7.862378329028315621e-07
1.516953564193142728e-06,1.369909179174030492e-06
8.800804855164759994e-07,5.784490369623061296e-07
3.133676900433371614e-07,-2.362854494545530890e-06
-3.295701034911085469e-07,7.282108229069409915e-07
-1.958653759531666973e-06,-9.469752394947500001e-07
-2.880906308275357952e-06,-1.263942388229175042e-06
-9.627504107979249615e-07,1.686922930761265205e-06
3.100931327594892055e-07,-3.288973545020930017e-06
1.291102970724303790e-06,1.080581126947530455e-06
2.874228371526831249e-06,-6.094273622564673733e-07
9.743395800418270561e-07,-3.949085912983569842e-07
-5.726463231280621024e-07,7.537005280108272934e-07
8.327535867352342073e-07,7.940681777869865903e-07
3.147269780201486997e-07,-2.824361071891853207e-06
-2.414389569863115437e-06,-1.107403539593309737e-06
1.077486149003452402e-06,8.149808959920422086e-07
-7.258484607069129753e-07,1.341584361591615367e-06
2.476219585037414191e-06,-4.809825640616941672e-07
2.600724222535059198e-06,-7.724308200910650404e-07
1.264447623002265790e-06,-5.211850498096860573e-07
-2.732657242869864522e-06,-9.196518789068910610e-07
-5.129045432288368124e-07,1.019376140690994642e-06
4.750375247235700888e-08,-3.057964731177324498e-06
1.164802134463541282e-06,-2.863500592715296152e-07
-3.885257353597646626e-06,-3.721642796948631475e-06
-4.037114088785810388e-06,-3.545538531547100157e-06
3.440290410515450950e-06,-3.738898303437779861e-06
3.620420812355617674e-06,-3.526509653669020718e-06
1.212593051307825574e-07,-4.294453589766253420e-08
4.045491105955915414e-07,-1.802341671084416989e-08
-6.173630116303214810e-08,-2.594707494821393565e-08
4.112413995596996288e-06,-1.289559213556511729e-06
-4.446009482767145630e-06,-1.497635305119702615e-06
8.658188340963816942e-08,-2.035286283868576514e-07
-8.021474975388355192e-11,-1.284975747226667327e-07
1.641162819443217211e-07,-1.546152455600845756e-07
3.673288313678430782e-08,-4.738732275645174325e-06
1.509488624714048970e-07,-1.027644869520081051e-07
5.090876330410168602e-08,-6.291288598388143848e-08
