Size 955,2
0.000000000000000000e+00,0.000000000000000000e+00
0.000000000000000000e+00,0.000000000000000000e+00
1.681703234076710979e-08,-7.859836151759903820e-06
-1.551711048850083331e-07,6.754252833996599663e-06
1.393035199037298024e-07,-1.062724027956137090e-07
1.643055380336564644e-07,-7.381444754461000640e-08
3.211106577251625308e-07,-7.281141869567283157e-06
6.230799499179629117e-06,-2.429947710721502958e-06
1.886478034132891427e-07,2.016512295586780840e-08
1.885345785782341270e-07,2.064699543707626467e-08
6.449788201264737115e-06,-1.799965939660088252e-06
3.925391968601845938e-06,4.628686490918532855e-06
6.447820771753866926e-08,1.073586290094959470e-07
4.877749137407697364e-09,8.795064155563010750e-08
3.359353188713764164e-06,5.047658120378370980e-06
-3.390539464438691055e-06,5.172561463023059522e-06
-7.220457616047521022e-08,2.351902985173545218e-08
-7.414963481561711203e-08,2.310345084189333628e-08
-3.956510935364915035e-06,4.746857231221449773e-06
-6.645838320293581678e-06,-1.898764020307595423e-06
-4.827284838534068155e-08,-7.770126291605963368e-08
-5.731698950727315225e-08,-9.879822307880869710e-08
-6.431750517066675840e-06,-2.520180952944274835e-06
-2.874653175861829824e-07,-7.278354897119367090e-06
8.885478498962858269e-08,0.000000000000000000e+00
1.285512766466341033e-07,0.000000000000000000e+00
1.362052918014005208e-07,0.000000000000000000e+00
1.267002017220440815e-07,0.000000000000000000e+00
7.856691103630940346e-08,0.000000000000000000e+00
0.000000000000000000e+00,0.000000000000000000e+00
0.000000000000000000e+00,0.000000000000000000e+00
0.000000000000000000e+00,0.000000000000000000e+00
0.000000000000000000e+00,0.000000000000000000e+00
0.000000000000000000e+00,0.000000000000000000e+00
3.846014684038844412e-07,-7.839143552767399625e-06
7.304870225030778239e-07,-7.797676631074195364e-06
1.053673027788573969e-06,-7.745859024765904387e-06
1.363390848534995737e-06,-7.683095624585436540e-06
1.662708749271949092e-06,-7.609675227584325879e-06
1.954686765998250622e-06,-7.525278979042044021e-06
2.241981685661123867e-06,-7.429206865472699204e-06
2.526766236755514020e-06,-7.320393178331962231e-06
2.810644555186088672e-06,-7.197482025589043262e-06
3.094632390755561388e-06,-7.059153633486096056e-06
3.379414572364534729e-06,-6.903792710860595532e-06
3.665798971735270221e-06,-6.729834574791148023e-06
3.955762052333838004e-06,-6.537509731794286853e-06
4.246157797823898157e-06,-6.323947055937716126e-06
4.540122629215676380e-06,-6.083685941501434627e-06
4.830118419885352438e-06,-5.820954440763502529e-06
5.119002890702224757e-06,-5.530735099297660713e-06
5.399308626662327114e-06,-5.217380595161119462e-06
5.667408640313184656e-06,-4.880051808032821435e-06
5.921535279028266910e-06,-4.522692722637148753e-06
6.158604886843421132e-06,-4.148276456554096649e-06
6.375661579863446190e-06,-3.760021056385468747e-06
6.569891664229826109e-06,-3.361845993540875027e-06
6.738818866904116407e-06,-2.958754360011739858e-06
6.881204803239962768e-06,-2.554447604462530333e-06
6.993667285887213935e-06,-2.153817890120505175e-06
7.070996786874059786e-06,-1.774138003212982397e-06
7.122373206722626876e-06,-1.425566491058915009e-06
7.156622603194341707e-06,-1.105863012869277672e-06
7.176837905759649017e-06,-8.063925773489684562e-07
7.185083199272247161e-06,-5.226848517552911135e-07
7.182997976865461792e-06,-2.501589246166814629e-07
7.171241933460564439e-06,1.554480666038173208e-08
7.149854363737601883e-06,2.783966654024803877e-07
7.118230798391164055e-06,5.418619597576336178e-07
7.075298020739115720e-06,8.087980931159939165e-07
7.019548736120666680e-06,1.081360673435905067e-06
6.949386112457106761e-06,1.360990922052079472e-06
6.862880216824109050e-06,1.648365394540808517e-06
6.758513270670543287e-06,1.943425686175859816e-06
6.634448249537986585e-06,2.245813876360363916e-06
6.489202098296187351e-06,2.555358820796137108e-06
6.323812957073128390e-06,2.873069920153640142e-06
6.134727667556540870e-06,3.194224774229475762e-06
5.917472826593361815e-06,3.521617450794545987e-06
5.676361698735977776e-06,3.845962200718749168e-06
5.408110419388155114e-06,4.169196603427175970e-06
5.117035707252098523e-06,4.482903863215984115e-06
4.803083288054006141e-06,4.786784849462573216e-06
4.469853506718054266e-06,5.075007801855263074e-06
4.119325000843127009e-06,5.345175480682328316e-06
3.755145908083366609e-06,5.589022464575798115e-06
3.395786458399436556e-06,5.798779692686949533e-06
3.041317348767110558e-06,5.982127555576484672e-06
2.695587368524315082e-06,6.144879642840344645e-06
2.355302118984572021e-06,6.285638194112448562e-06
2.020236604003162351e-06,6.405446428735819189e-06
1.690789302546491388e-06,6.505671216992200006e-06
1.367527921535163244e-06,6.587173727209258109e-06
1.050732629228139477e-06,6.651290623791696001e-06
7.404408597895831733e-07,6.698996575048566019e-06
4.364138648686567082e-07,6.731461204220017794e-06
1.381343123781168095e-07,6.749590952708774231e-06
-4.444965091059661300e-07,6.745958985793160866e-06
-7.309781831002973017e-07,6.725010298426861268e-06
-1.015907400045085275e-06,6.691580458885060137e-06
-1.300731318996129372e-06,6.645554777622532070e-06
-1.586991139222207607e-06,6.586454256418787105e-06
-1.876266822765581059e-06,6.513570134749549687e-06
-2.170105238073514339e-06,6.425640996124501136e-06
-2.469911403474869355e-06,6.321423417360577561e-06
-2.777443070602574196e-06,6.198855567709150729e-06
-3.095414410758927556e-06,6.055715681359751749e-06
-3.431413323945118969e-06,5.892851138714802146e-06
-3.782278211112201405e-06,5.701510812078309261e-06
-4.151021575707794877e-06,5.466580725601351631e-06
-4.510204224042124328e-06,5.199225630559144375e-06
-4.857427234813274209e-06,4.907282662822272064e-06
-5.187227414852646861e-06,4.595211275877781929e-06
-5.496363016195511403e-06,4.268089075795959532e-06
-5.782251774279944675e-06,3.928304759195094712e-06
-6.040520222702412976e-06,3.584760002892597742e-06
-6.273294811603888390e-06,3.236625357445912062e-06
-6.475910683568996937e-06,2.894319432518671040e-06
-6.652609594786417067e-06,2.555483507543405438e-06
-6.807367259761954588e-06,2.225752418305860122e-06
-6.938884480980601777e-06,1.904383357044634201e-06
-7.048732270266197379e-06,1.591876684666850907e-06
-7.138955239955559583e-06,1.288913928725186808e-06
-7.211251029773975525e-06,9.958216290309728839e-07
-7.267846244725564758e-06,7.121023814394944650e-07
-7.310595498371820693e-06,4.363979804515248834e-07
-7.341310519703892910e-06,1.665605723523894106e-07
-7.361330515147567522e-06,-1.003369308889247529e-07
-7.371512741720322761e-06,-3.678789851250423455e-07
-7.372042679268668918e-06,-6.401976228747022098e-07
-7.362433589562136586e-06,-9.218336007893017485e-07
-7.341211977102286688e-06,-1.217548883881490001e-06
-7.306418201272703422e-06,-1.531971314117251834e-06
-7.255139478487716125e-06,-1.874243602418571465e-06
-7.178178562273651037e-06,-2.246897236010291624e-06
-7.064967360568693142e-06,-2.638463128237573148e-06
-6.922676574318536647e-06,-3.028261271896860181e-06
-6.758520245780386940e-06,-3.410959788069873724e-06
-6.572574454213943848e-06,-3.786596060031793793e-06
-6.366756649055042262e-06,-4.151702030392629786e-06
-6.143062083993513204e-06,-4.503710734814818533e-06
-5.903563018377688603e-06,-4.840553393663296780e-06
-5.650310853764549951e-06,-5.160342510459610033e-06
-5.384443847000077064e-06,-5.460584770732715994e-06
-5.108445402721729064e-06,-5.741934145330634772e-06
-4.826777362894669167e-06,-6.001752916879483370e-06
-4.537758842211766262e-06,-6.243079857391496597e-06
-4.245580982541129009e-06,-6.463501842001314323e-06
-3.948560600720268532e-06,-6.666039653818767410e-06
-3.648359616301191916e-06,-6.851890123125209525e-06
-3.344050041442470768e-06,-7.020868258085944022e-06
-3.035338878231354953e-06,-7.173623679029163604e-06
-2.722033413634450040e-06,-7.310737652308761239e-06
-2.403845029058907266e-06,-7.432615951425113709e-06
-2.080303448102349559e-06,-7.539588352626570475e-06
-1.750801672350764984e-06,-7.631821278585068348e-06
-1.414676927738511333e-06,-7.709255884145546186e-06
-1.071279241975937168e-06,-7.771665928037480917e-06
-7.202868574526431644e-07,-7.818564295056789915e-06
-3.568670658184212193e-07,-7.850459129674606604e-06
1.556725062878444024e-07,-8.424614908667325180e-08
2.412072656565691243e-07,-1.574211378368299172e-07
3.645617041431075041e-07,-2.525864783439326952e-07
5.502892685522818708e-07,-3.638988154768899376e-07
7.747068242603965099e-07,-4.822225403103381962e-07
1.048805176677846960e-06,-6.126933677185637252e-07
1.353510731126588339e-06,-7.477188347740205933e-07
1.696159273865500514e-06,-8.911819216989590913e-07
2.061507707399162353e-06,-1.036788695628048817e-06
2.453394697293724575e-06,-1.187242655729160985e-06
2.860314251059145435e-06,-1.337505973057996207e-06
3.282714573101555608e-06,-1.489138222716113644e-06
3.712716090468323848e-06,-1.638322993766822659e-06
4.147488346839089015e-06,-1.785509042355662435e-06
4.582648731057232136e-06,-1.928051749564895168e-06
5.012204935553466426e-06,-2.065399657600360097e-06
5.435621474076407313e-06,-2.196266348735566746e-06
5.842505700081700877e-06,-2.317218794269227529e-06
6.062245951911326653e-06,-2.826054237666851511e-06
5.872807389980710346e-06,-3.224473450687241706e-06
5.663835322122184400e-06,-3.617849766080375180e-06
5.436970517768106718e-06,-4.001056619732019405e-06
5.194082480841179880e-06,-4.369914178535572846e-06
4.937071301329308303e-06,-4.721621169891675669e-06
4.673536460846190926e-06,-5.051638165473264734e-06
4.401218557409707057e-06,-5.360578464776364766e-06
4.127423620111177514e-06,-5.641929476499740885e-06
3.849418591247309202e-06,-5.899941786616878640e-06
3.573920909434987555e-06,-6.129974196255841814e-06
3.295943102141700500e-06,-6.337683807768378026e-06
3.019130852741530471e-06,-6.518221190753161063e-06
2.740734603224971660e-06,-6.678279755926679893e-06
2.460956829354622857e-06,-6.818489747439685692e-06
2.178883845126071707e-06,-6.939406773323442819e-06
1.892977990569432419e-06,-7.041802341951456850e-06
1.601153281669266835e-06,-7.126142813581463161e-06
1.300792281997765378e-06,-7.192627170400457329e-06
9.888985792909780533e-07,-7.241097859283132593e-06
6.618744370906687211e-07,-7.270915402012406377e-06
3.471178008639753673e-07,-6.896671934562525184e-06
3.696968781713138818e-07,-6.493825410934563679e-06
3.896710233642540515e-07,-6.062356078209386430e-06
4.054785450616751866e-07,-5.614548119582029318e-06
4.180766819328145940e-07,-5.147997341004297081e-06
4.260458963842708122e-07,-4.672482961062705077e-06
4.304662286648654272e-07,-4.189507047957648800e-06
4.297718230631563764e-07,-3.705640334896355386e-06
4.251755901912906816e-07,-3.226769110300499055e-06
4.149808268229420129e-07,-2.755886968017761754e-06
4.005318268773455105e-07,-2.303635650829314073e-06
3.800006144979975284e-07,-1.869054843085416089e-06
3.548615626738332293e-07,-1.467918408878932658e-06
3.231528159180310628e-07,-1.094947065892624537e-06
2.865114539689449891e-07,-7.713979922583106984e-07
2.428361481385018237e-07,-4.870892285471306172e-07
1.935635952134494029e-07,-2.704798301508326287e-07
1.862241025866704113e-07,1.553366962688485145e-08
2.877368724301195618e-07,8.916019993406451674e-08
3.987497893868482811e-07,1.867616096086850752e-07
5.325501364321076686e-07,3.181821054068217921e-07
6.811243229810426205e-07,4.724144526526521565e-07
8.510450019730061872e-07,6.581829904373827488e-07
1.033749348471755019e-06,8.648000422812207700e-07
1.234883608379870205e-06,1.099416506660038313e-06
1.446473745121729422e-06,1.352342669154999239e-06
1.673025379284653005e-06,1.628980247028174448e-06
1.907321712121631098e-06,1.920861772301951925e-06
2.152550798135092409e-06,2.231394599902531742e-06
2.402432431961244836e-06,2.553581069959544585e-06
2.658657128746969527e-06,2.888588460369243081e-06
2.916052174937569613e-06,3.231129125389983238e-06
3.174661005629034797e-06,3.579875142892965908e-06
3.430756606007521408e-06,3.931652693430037998e-06
3.681611470173368515e-06,4.282143102361771919e-06
4.263831963387975559e-06,4.347053356895878852e-06
4.588770903910891630e-06,4.051554212108246382e-06
4.893071260283901871e-06,3.747719567138027475e-06
5.177252342008640252e-06,3.436531626284019250e-06
5.435462712670942566e-06,3.125195096350958948e-06
5.670950764299078983e-06,2.812352365176833225e-06
5.878523514150270509e-06,2.506190688685421527e-06
6.063654881112628470e-06,2.202093459697869328e-06
6.219914744249761705e-06,1.905845962869163271e-06
6.354609746883759126e-06,1.614807452888880518e-06
6.468475412862305954e-06,1.330451544551380750e-06
6.562098722477106184e-06,1.052985548474597224e-06
6.636595482909569851e-06,7.818385421035824119e-07
6.692685180263240392e-06,5.157032264643836377e-07
6.731053133963781987e-06,2.524788365279854488e-07
6.751924289232413148e-06,-1.062738116535839780e-08
6.755059528383152456e-06,-2.770397103097606417e-07
6.739563413634385298e-06,-5.507040715640501702e-07
6.703950600054835271e-06,-8.358742225610970663e-07
6.645709894763928277e-06,-1.137071848741827680e-06
6.562111053309701077e-06,-1.458857193019224429e-06
6.057252986579379786e-06,-1.649057817736125199e-06
5.657351410464111333e-06,-1.501188053102302617e-06
5.241423638422810790e-06,-1.350076789003040189e-06
4.815804159712024435e-06,-1.200392137245062660e-06
4.382588360399864241e-06,-1.051583139643677014e-06
3.947042478146201064e-06,-9.066272736257870617e-07
3.514223998692564395e-06,-7.659555868740969075e-07
3.086156561947677045e-06,-6.316043865358502408e-07
2.671460990323452990e-06,-5.051127514254673243e-07
2.268856576549415238e-06,-3.874832872252105346e-07
1.890614377418924823e-06,-2.813988144569653325e-07
1.532038690630146838e-06,-1.867952565723772747e-07
1.209162209669265536e-06,-1.075342817824546943e-07
9.137596628154971058e-07,-4.244730134515866288e-08
6.657464351744204166e-07,3.374163054716906866e-09
4.533101119087427448e-07,3.224597691365702714e-08
2.996853001964395958e-07,3.790815008025686728e-08
2.958665659654679745e-08,1.015559608814573192e-07
-1.669520511765118969e-08,1.766581709496127141e-07
-6.331977982598889633e-08,2.980557454731033511e-07
-1.420922679859971082e-07,4.601448859415089128e-07
-2.418335107300264260e-07,6.472952947056166754e-07
-3.696667181153316423e-07,8.701083094308785739e-07
-5.165282379807378300e-07,1.114546470584780209e-06
-6.878481738772825569e-07,1.389106473793517028e-06
-8.756610759033864489e-07,1.681144266462996621e-06
-1.083707815354282935e-06,1.997006097436987358e-06
-1.305341953998296996e-06,2.325680116335261889e-06
-1.542425719467094900e-06,2.671108088917315341e-06
-1.789809384506445816e-06,3.024156955602501750e-06
-2.047296260259216071e-06,3.386118534327919242e-06
-2.311418035988209517e-06,3.750002986840716750e-06
-2.579772716140776006e-06,4.114156927471100732e-06
-2.850565569709488993e-06,4.473614421771940450e-06
-3.118825815437539364e-06,4.825237000992356217e-06
-3.075102251856205269e-06,5.400719632851268831e-06
-2.761550314878815241e-06,5.598791546313315911e-06
-2.460586511436383839e-06,5.759432561420048009e-06
-2.164461294403687197e-06,5.895693212021529552e-06
-1.873150001504365469e-06,6.009629739525051597e-06
-1.585513073408046255e-06,6.102641625947145819e-06
-1.300175850472388071e-06,6.176368212605031561e-06
-1.015759802411249485e-06,6.231805395166896381e-06
-7.308473023152132693e-07,6.269793724005851500e-06
-4.441296743091076036e-07,6.290767137920649943e-06
-1.544391148695249152e-07,6.294871600466877751e-06
1.392346932909095619e-07,6.281953031558529856e-06
4.377637344482630337e-07,6.251622228867810825e-06
7.418101460320011133e-07,6.203241579669538373e-06
1.051713473824397776e-06,6.136128930761858826e-06
1.367557294471700713e-06,6.049270748281451284e-06
1.689077932788773224e-06,5.941895223981353690e-06
2.015800402794563293e-06,5.812775758833412663e-06
2.346913543436637045e-06,5.661271927165330487e-06
2.680768955908804476e-06,5.486345109869583865e-06
3.021023137802060930e-06,5.279549427401809411e-06
3.098559755842637784e-06,4.704656359843861461e-06
2.840641291144308079e-06,4.358572666714604244e-06
2.582791303502514972e-06,4.008511265301911688e-06
2.328384359048048505e-06,3.656660606799800381e-06
2.079469175395303762e-06,3.307902049072507544e-06
1.837293672426207804e-06,2.962651110378882840e-06
1.605279932574044979e-06,2.627445592806634383e-06
1.382844521682744715e-06,2.300314261769446616e-06
1.174699514041964647e-06,1.989394821474270814e-06
9.785920154708448436e-07,1.690600528344706590e-06
8.003422485280694897e-07,1.413413250692119818e-06
6.362075754672227337e-07,1.151876792140514109e-06
4.929381898136292639e-07,9.165714175801166788e-07
3.654811332402119743e-07,6.999197834557463324e-07
2.613203428053314869e-07,5.133377727987140924e-07
1.743412013818304093e-07,3.478545375223999751e-07
1.128702631120200464e-07,2.163966871140858137e-07
-6.997354142765003845e-08,2.212970285022099524e-08
-1.951295012412970987e-07,4.087084925989718783e-08
-3.617592137254466438e-07,3.524108962554651351e-08
-5.919835670254464644e-07,4.563385142988848976e-09
-8.601857223531508209e-07,-4.456456043484632120e-08
-1.178667974977191750e-06,-1.143943939327244198e-07
-1.525986092173117474e-06,-1.995222724673826280e-07
-1.910400915477170920e-06,-3.009438385579521889e-07
-2.314820736189358127e-06,-4.146384844142802335e-07
-2.743497232533544135e-06,-5.403407434598947669e-07
-3.183580523216738441e-06,-6.753649967880922637e-07
-3.635427313546510988e-06,-8.182231378933983939e-07
-4.090318019151261313e-06,-9.675292132906255137e-07
-4.544824958789418819e-06,-1.120605826195321430e-06
-4.994268426690205016e-06,-1.277330933879434829e-06
-5.431505515855293423e-06,-1.433922059646183670e-06
-5.855370333657971532e-06,-1.591408985963733340e-06
-6.256837223351644028e-06,-1.744263114420409342e-06
-6.755536074055706968e-06,-1.564834867725957836e-06
-6.837199416089336510e-06,-1.248399161711641939e-06
-6.893837680573773617e-06,-9.510947011024253762e-07
-6.928005142976710948e-06,-6.681547167566457093e-07
-6.941997621841221809e-06,-3.948729127673601448e-07
-6.937103590424154858e-06,-1.268068824970438575e-07
-6.913988671190649630e-06,1.401490810556127646e-07
-6.872655484664417888e-06,4.095423387386930499e-07
-6.812654256332067502e-06,6.842268456532221970e-07
-6.733053883906643380e-06,9.662933099900461406e-07
-6.632967794765199103e-06,1.256951816252502969e-06
-6.511089117061926181e-06,1.556586199275401613e-06
-6.366789110998311614e-06,1.864710658596496091e-06
-6.199304445988126628e-06,2.179422107409825122e-06
-6.000704848301598578e-06,2.503324849508776758e-06
-5.778484617716554534e-06,2.829845479854198326e-06
-5.527159872470305212e-06,3.163305368335631988e-06
-5.252810123852734650e-06,3.494864898598965507e-06
-4.953195717944976099e-06,3.824619121816608363e-06
-4.635032592433803000e-06,4.145453620769710118e-06
-4.300064063639926087e-06,4.454291588149210195e-06
-3.713057648680504756e-06,4.395733667340322965e-06
-3.458543297964413761e-06,4.035547427433371635e-06
-3.194638511403689890e-06,3.670200996736417474e-06
-2.926056901675549081e-06,3.306274991609333081e-06
-2.656431456668504090e-06,2.946463936073618723e-06
-2.386486991153081586e-06,2.593588072724110222e-06
-2.121825573401881634e-06,2.253128913424762281e-06
-1.861163171441344597e-06,1.924869827617018091e-06
-1.611590845232514662e-06,1.616531973133861216e-06
-1.369937675722623058e-06,1.325124383696471426e-06
-1.144620193934852794e-06,1.060373085154974557e-06
-9.307613293130772024e-07,8.167581459321901031e-07
-7.379246500904436497e-07,6.057626801770315006e-07
-5.597015164202940519e-07,4.195717438889188993e-07
-4.066034094507067931e-07,2.712167202916073207e-07
-2.710057787736862735e-07,1.510756403635053143e-07
-1.639552281147538213e-07,7.215091454078073499e-08
-5.051309932158002116e-08,-7.746854600904558190e-08
-1.236471845338359781e-07,-2.696975752387436254e-07
-1.748815742991439596e-07,-4.882603856530769338e-07
-2.207611104307268707e-07,-7.721606210946443677e-07
-2.595749862051150853e-07,-1.095699597762169211e-06
-2.934030746918956343e-07,-1.468690221503545217e-06
-3.206683136339984373e-07,-1.869825644854755277e-06
-3.433279132749011459e-07,-2.304405748142148230e-06
-3.599049233528828240e-07,-2.756657137792645021e-06
-3.722276231336766207e-07,-3.227539302328215596e-06
-3.789518011468153309e-07,-3.706410515984743904e-06
-3.817741824110862516e-07,-4.190277193477508994e-06
-3.794819992982290834e-07,-4.673253393647661324e-06
-3.736399964064819409e-07,-5.148768405349333538e-06
-3.631653761933804778e-07,-5.615310635269817245e-06
-3.495062851535449789e-07,-6.063115913674528801e-06
-3.317241278940661958e-07,-6.494788971077930384e-06
-3.108335370299672355e-07,-6.897216869200833948e-06
-6.458838037731820919e-07,-7.260039719575352773e-06
-9.992647488695154587e-07,-7.222696968955030829e-06
-1.344056998760307198e-06,-7.166478490294102143e-06
-1.680896523242201088e-06,-7.091667593005205736e-06
-2.010279592191532071e-06,-6.998424905388969190e-06
-2.332738758720853742e-06,-6.886807655748781567e-06
-2.648738990207022398e-06,-6.756739684286849822e-06
-2.958624831867450578e-06,-6.608025181855892761e-06
-3.262548811496332326e-06,-6.440529459717690835e-06
-3.560175879298952319e-06,-6.254099177828676742e-06
-3.852724637405865879e-06,-6.045520363651762458e-06
-4.138065612695943882e-06,-5.817189591952256473e-06
-4.418863122820783403e-06,-5.566230806408773342e-06
-4.691191507541762143e-06,-5.295202761544049995e-06
-4.956767113910608009e-06,-5.001720271073885262e-06
-5.210986179762183652e-06,-4.689743119433515271e-06
-5.455506341984488323e-06,-4.358989305142846771e-06
-5.685328051594614395e-06,-4.012412351173636168e-06
-5.899121608844870911e-06,-3.651870842717127349e-06
-6.095587661484467009e-06,-3.280168513707780283e-06
-6.273521404314390977e-06,-2.900724608917207863e-06
-6.041572341356051394e-06,-2.413041555084092680e-06
-5.629983671563858869e-06,-2.295955177139813853e-06
-5.196152166516959269e-06,-2.166779226508576768e-06
-4.752769402823107035e-06,-2.029315107347932390e-06
-4.299461555516891337e-06,-1.884746660402343396e-06
-3.844215174621815104e-06,-1.734098011011262290e-06
-3.390920212665313523e-06,-1.580037991641317202e-06
-2.943920090107393741e-06,-1.422423785338358024e-06
-2.511084473364474766e-06,-1.265253909664913422e-06
-2.092998038502999495e-06,-1.107119122938607024e-06
-1.701636713975913057e-06,-9.533952147923931319e-07
-1.333714827497811358e-06,-8.013731030432756694e-07
-1.005425040327314420e-06,-6.578406266207227514e-07
-7.095047363980275265e-07,-5.187525387120184413e-07
-4.664664403845911514e-07,-3.923549931622545042e-07
-2.648714981638491499e-07,-2.732177547103437063e-07
-1.299808735228858728e-07,-1.708332875530432041e-07
-8.688440966916328138e-08,1.209058160407642862e-07
2.641465229113970513e-07,-5.742827829467116105e-08
3.475928315891870821e-08,-2.627209375442608319e-07
-1.557363750385014817e-07,-6.306932950110262312e-08
1.985174495011106648e-07,1.488641089442118694e-07
-2.419460224305710820e-08,3.538374013520820090e-08
1.237006565695535034e-07,4.226021497549943463e-08
-4.791944087139525771e-08,-2.111386693931583687e-08
1.657088769407308768e-07,-1.536615546419499586e-08
-4.617869975348668731e-06,-5.777558641438127542e-06
4.328297916033448679e-06,-5.856670664297962123e-06
5.143479669062149998e-06,3.950706167572847704e-06
-5.216976445671233147e-06,4.038327275624971288e-06
-5.775511766040741146e-06,3.366205655908770988e-06
5.668712360094612290e-06,3.315955647607330498e-06
3.391448182046625690e-06,4.493900709911428843e-06
-3.418311812815568661e-06,4.611126604819028490e-06
4.888006504978935800e-06,-5.285410270333567952e-06
-5.162757750476625637e-06,-5.225132752256748783e-06
3.200447600590106861e-06,5.530100968489643401e-06
-3.243994237670294802e-06,5.637982060422557414e-06
-6.151919496435603546e-06,-2.081195411932390209e-06
1.774153915146259643e-08,-6.900680294866747364e-06
5.951760653205816955e-06,-1.985696763503932627e-06
2.878650267900708341e-06,3.794142448067046521e-06
-2.716802534541441521e-07,3.619145324000096863e-07
5.127948518123804546e-06,-1.708022644681420615e-06
6.027718073572085977e-07,-1.785524719792248109e-07
-5.315460736606202901e-06,-1.800810760176167653e-06
2.010247874576586413e-08,-6.065003298500512886e-06
3.947037968787968545e-07,4.126684157780967702e-07
3.283244724589032873e-08,-7.661842430699547389e-07
-5.236148924915728967e-07,-1.920671006383132433e-07
-2.887330914806081433e-06,3.892464140898717566e-06
3.073102979544621052e-08,-1.464302678840556192e-06
2.221757944298626274e-08,-5.149621563316056133e-06
2.368518437598333199e-06,3.097483309207638592e-06
4.265166767187777557e-06,-1.418601189348608303e-06
-5.514331468343547554e-07,7.346770344513003710e-07
6.699856413708415555e-07,7.846073531108137894e-07
1.124876115160263809e-06,-3.587898635277040454e-07
-4.422628912106505574e-06,-1.502846891245153555e-06
-1.087718504227403757e-06,-3.847217511090605929e-07
-2.351432305226676846e-06,3.165682882925729912e-06
1.877923929933207891e-06,2.428045624981610596e-06
-9.142742867183105978e-07,1.222032269886448530e-06
2.860189704445038379e-08,-2.301498987101472999e-06
-1.831129398336791575e-06,2.460737468687552708e-06
-3.512506691482234133e-06,-1.198923693928247466e-06
2.434604657171304031e-08,-4.189990569235499405e-06
1.790388550710502897e-06,-5.853261080239543873e-07
1.015891635533157611e-06,1.254035823928480684e-06
3.397589521047888577e-06,-1.127270908074108097e-06
-1.802944445712157668e-06,-6.261805561888743891e-07
-1.346144380941487248e-06,1.804687621159401378e-06
2.647398456985510102e-08,-3.225999188874483725e-06
1.422479199660464169e-06,1.807273635466469316e-06
-2.625436749930433607e-06,-9.022047750001879112e-07
2.560505436797031015e-06,-8.455629624658629399e-07
-4.042726299839666366e-06,-6.247004641667737958e-06
3.757753248385120118e-06,-6.326501576697317450e-06
4.526487269299196676e-06,4.558491447509462848e-06
-4.570701281020412661e-06,4.672055521941233632e-06
-6.229277729390420156e-06,2.691349683183399028e-06
6.092741694600910550e-06,2.682657822361201374e-06
1.304803707391227033e-07,-4.486378219080608996e-08
2.649674486757200077e-08,-8.862036763735443107e-08
-3.152342327685809510e-08,-4.371251876978523085e-08
3.875997686290326580e-06,5.087241986811832609e-06
-3.905821117588179036e-06,5.209018290746516055e-06
5.905785890473307312e-06,-3.880522971231450853e-06
5.679419537991984245e-06,-4.262713130727768012e-06
-5.914294913658558729e-06,-4.258742296008514899e-06
-6.127839378209087885e-06,-3.899548337586939626e-06
1.850880637773520541e-06,6.167624296987146677e-06
2.183086918013404388e-06,6.048110147867797347e-06
-2.314541676020586729e-06,6.107370971275887111e-06
-2.018208986505296015e-06,6.212215035261394380e-06
6.123760039378097846e-06,-3.491470655710771931e-06
-6.333851432854608427e-06,-3.533158488300693396e-06
1.526660471706389480e-06,6.275675657937791686e-06
-1.729046484780118342e-06,6.306794416384196762e-06
6.806216776923880885e-06,-1.607006697754471381e-06
6.720388700093318622e-06,-1.974904320104211241e-06
-6.910743625063540099e-06,-2.071437409214601564e-06
-6.995077697704300316e-06,-1.710158884924910728e-06
1.597378417406955870e-07,8.936672620408975054e-09
1.470453708022261183e-07,1.103402774912088269e-09
1.765246720599906077e-07,3.921228105753134556e-09
-4.055687810775510907e-08,1.322328608332963942e-08
-6.088351116645322783e-08,3.610099555288733551e-09
-2.181638114903941485e-08,2.287909697846229844e-09
-4.260910175919792550e-06,4.709078625907922136e-06
-4.602877097626520458e-06,4.408807095709448586e-06
4.557468387791284393e-06,4.303945478801033557e-06
4.225595628490938240e-06,4.593685075523368870e-06
6.878685528269339443e-06,-1.275594207558508714e-06
-7.066661437198898809e-06,-1.384784315871327783e-06
6.112135339822879667e-06,2.933791981524939564e-06
6.294974499499922877e-06,2.618522341063564363e-06
-6.445327250565950465e-06,2.622861926352849012e-06
-6.249579529386084414e-06,2.959082193812065163e-06
-3.150588065395274455e-06,-6.814130782275209233e-06
-2.840025411280496949e-06,-6.960932348362805973e-06
2.915915544033641141e-06,-6.868053250186528485e-06
2.632996392436465987e-06,-7.003686346728985972e-06
-2.527152994629816512e-06,-7.098622468096962269e-06
2.351861802439396664e-06,-7.129371622242460278e-06
6.481493681176276831e-06,-2.689866715776923957e-06
6.310688641629713276e-06,-3.090507947882207283e-06
-6.675069473750142076e-06,-2.770842630354390604e-06
-6.511416702542456685e-06,-3.153549956528684843e-06
3.997777472480687482e-06,-6.324215059330354751e-06
3.711708740111342815e-06,-6.531582707184445148e-06
-3.995608627583196979e-06,-6.458237450704449734e-06
-4.288009127981739174e-06,-6.244509949830873759e-06
-6.834981155096349287e-06,1.419888195824959065e-06
-6.722955340597212477e-06,1.726897498938831375e-06
6.554860538975645073e-06,1.776036616289946651e-06
6.660425698490400362e-06,1.485508907421983157e-06
-6.933201274540646017e-06,1.124054956220338510e-06
6.753495354124257714e-06,1.204079993511195177e-06
-3.505431658239804976e-06,5.667845696490569221e-06
-3.169053659779216952e-06,5.853591350250345161e-06
3.120377017971538928e-06,5.760746271628226964e-06
3.473049624772424221e-06,5.558353839423570639e-06
-5.135930589594062459e-06,-5.485854706336765989e-06
-5.404634034951694348e-06,-5.192599515493510291e-06
5.140742383771009069e-06,-5.251170130010371573e-06
4.859610230183523317e-06,-5.556974244888085741e-06
6.622228475073781600e-06,-2.288418380829041703e-06
-6.813671479090455566e-06,-2.380031102548533916e-06
1.466646709946828775e-07,-9.077858725350001962e-09
-2.513075774635957800e-08,-1.452458607648144840e-08
5.671599482851358391e-06,3.577553884828470072e-06
5.905321588343764919e-06,3.255013507022463040e-06
-6.028054529739444146e-06,3.301312449333092533e-06
-5.777977029607721566e-06,3.644075043285435461e-06
-5.502160168031659502e-06,3.983387872164539432e-06
-5.201799332881001951e-06,4.315594911215431488e-06
5.129842585431209434e-06,4.214856502858965154e-06
5.412939391899404720e-06,3.898469288030752807e-06
1.206775154073432576e-06,6.356533261111549469e-06
-1.441855004550426312e-06,6.377509511285952198e-06
8.940055241032842980e-07,6.425042653373632091e-06
-1.157436257167643750e-06,6.437892451794139607e-06
4.575606599071120042e-06,-5.838188299877419698e-06
4.287509378242467373e-06,-6.093991708388789398e-06
-4.577966748162838822e-06,-6.012375012386345082e-06
-4.861044157852672184e-06,-5.759386390202413179e-06
-2.206595061481126523e-06,-7.212894820761921659e-06
2.066688461837256084e-06,-7.232968229157356576e-06
6.922897293440521142e-06,-9.661328005319696478e-07
-7.110492892863778777e-06,-1.079947491707926668e-06
-4.654794782548555281e-06,-5.538657918778513101e-06
-4.375698076147172500e-06,-5.796889554935558418e-06
4.084762014521332583e-06,-5.877437075003817330e-06
4.365232881149745573e-06,-5.612490470816554581e-06
-1.881154151155576344e-06,-7.316089144756081659e-06
1.778561186911569473e-06,-7.326345735878767932e-06
6.954008650150586017e-06,-6.750467272652991748e-07
-7.141479514836885656e-06,-7.919004516052192670e-07
3.815300943564593468e-06,5.340734501801665931e-06
4.172503386547827526e-06,5.080585756087558330e-06
-4.205660057407612241e-06,5.202941234641728312e-06
-3.843641037075758232e-06,5.460033847832899238e-06
5.159744332581339255e-06,3.690774586344866732e-06
4.868408356598655016e-06,4.001381051149815043e-06
-4.927316204956304585e-06,4.092039329112828813e-06
-5.234382905171489814e-06,3.764215501220414601e-06
-5.517383979492263690e-06,3.430634560604114730e-06
-5.775666739905001525e-06,3.093691953710662814e-06
5.668529080342641399e-06,3.059912599977599886e-06
5.426407655194835121e-06,3.376348709155367604e-06
-7.007125522742528823e-06,8.366642274845532539e-07
6.823986695036434199e-06,9.289200578757101253e-07
4.641341850398445902e-06,-5.322565967591912953e-06
4.913289481017060403e-06,-5.006665752019351448e-06
-5.187350334451068893e-06,-4.959491865938552466e-06
-4.924977126325383997e-06,-5.259900085430975043e-06
3.280153124078977091e-06,5.292944670046083899e-06
2.936331172568564671e-06,5.506055383681995499e-06
-2.996593046287500564e-06,5.615244926966867525e-06
-3.317641630720461063e-06,5.411888356053119469e-06
-7.067659363825340623e-06,5.582627725223058942e-07
6.882160339258644222e-06,6.603753813051445867e-07
1.557792869087896298e-07,8.717692862534384858e-09
-4.062448927744343235e-08,1.503175503527242378e-08
6.340618868277205248e-06,-2.111089436615717360e-06
-6.538790916283523583e-06,-2.206128679237870881e-06
-4.090459682906245758e-06,-6.033951956226154360e-06
-3.799578199664536964e-06,-6.249921181393279667e-06
3.523103283603345314e-06,-6.330822396861760252e-06
3.803735785418841066e-06,-6.116695933603617479e-06
-8.608820846235576038e-07,-7.517969366679938654e-06
-5.043677826909115504e-07,-7.550513145393050920e-06
5.292278468848998230e-07,-7.546169670216216325e-06
8.624814362343127115e-07,-7.513518515925445827e-06
1.686227228516129715e-07,-7.568854115704998400e-06
-1.333291962062040683e-07,-7.570107325008853982e-06
5.871520505136813161e-07,6.471424730602359984e-06
-8.731718328081631922e-07,6.478869656768181765e-06
-6.007813833274139662e-06,2.760417767199826128e-06
-6.212004746097222491e-06,2.430278455655918738e-06
6.076129993604837430e-06,2.437726723319798165e-06
5.885549341777184879e-06,2.747335488267556877e-06
4.498093110391161474e-06,4.816240733477081989e-06
4.823475530375843370e-06,4.520877302152040959e-06
-4.879366586526795995e-06,4.633586874506334714e-06
-4.540427534926326145e-06,4.936359221108449082e-06
2.861327308854155424e-07,6.504584878759874887e-06
-5.878169975741262814e-07,6.508243412057429826e-06
-1.548430175225183870e-06,-7.398705273214540695e-06
1.483470892642085003e-06,-7.401647092106643712e-06
6.965908440154345282e-06,-3.977588282179953836e-07
-7.153446534648344021e-06,-5.158889146097089537e-07
-1.208416001251450270e-06,-7.467480611253157126e-06
1.179083513215222686e-06,-7.465333830000862726e-06
6.965729589511138370e-06,-1.292104002801965919e-07
-7.153322913383893310e-06,-2.466638343434694756e-07
5.888601346532968550e-09,5.036905386373102351e-08
4.205177730681410388e-08,6.059327595652688166e-08
-7.109718487998898038e-06,2.867425873506337349e-07
-7.138575551554840114e-06,1.928122776122919325e-08
6.922920420105135625e-06,3.963079814505482742e-07
6.951149728095569248e-06,1.339318490416191683e-07
-9.177275303320832504e-09,6.520119452490683108e-06
-3.004716199143779294e-07,6.521220103355072083e-06
-2.821900922382470322e-08,1.036510429902466307e-07
-5.010966995073979052e-08,7.182171725243240024e-08
-1.013346050806801698e-08,6.060781704862619650e-08
-8.516809973347486687e-08,5.978269383044500949e-08
-4.928845274439985384e-08,2.813450313196573193e-08
1.990928045159637391e-07,7.254406114193019114e-08
1.554749468873940112e-07,8.840325567227623246e-08
1.601869487815283693e-07,2.909070195044194508e-08
1.245659437108792139e-07,1.282345674162266971e-07
9.305719196068183478e-08,7.527758321510292201e-08
-3.402531936812559815e-06,4.893466205629371680e-06
-3.136376688331850019e-06,4.542017385910501708e-06
3.117000131490148874e-06,4.425972157545757055e-06
3.374364035670687802e-06,4.771765808203609197e-06
-3.437368150768947720e-06,4.325892108648747739e-06
-3.691036281265925681e-06,4.680175721999081304e-06
1.790107382410443313e-08,-7.278705429041740488e-06
3.554822774193148144e-06,-1.381465711436747606e-06
3.126610464110738234e-06,-1.233974527305554630e-06
-9.249526882885317586e-07,1.011612447051212591e-06
-1.134935210968076456e-06,1.273617935975033303e-06
8.189710716806637133e-07,1.202884368291638947e-06
9.992405070272699932e-07,1.466247718285766177e-06
-4.710101185437769895e-06,-1.389029892964658265e-06
-4.256500584738823885e-06,-1.235602459490443087e-06
-5.584700945204092814e-07,5.679239846825614550e-07
-7.323073992384823502e-07,7.757469332290726886e-07
-8.894085230677014480e-07,-4.582649233746641061e-07
-1.207890090249382971e-06,-5.839969624758410135e-07
4.424324594088787896e-06,-1.674287741684402731e-06
3.988585885162876560e-06,-1.528614046503796549e-06
1.015924321626812122e-06,-1.905508340066451357e-07
1.321172113861457183e-06,-2.782078292915937529e-07
1.850635573420752911e-07,-1.273557224460224783e-06
1.987362992065987867e-07,-1.662037097096792496e-06
3.155007597817666948e-06,3.862940662944881570e-06
2.897518324678576070e-06,3.511805550005421437e-06
5.282811895380956569e-06,-1.955165048066850580e-06
4.856828363232321972e-06,-1.816816080029632819e-06
-1.604569310874442999e-07,-6.283393485804117845e-06
-1.678078111301173819e-07,-5.842782025662110943e-06
5.237726885214581464e-07,-6.045681295546883754e-08
7.487752129017456718e-07,-1.175159752437012458e-07
1.194709998329189430e-06,1.748858761976681197e-06
1.404245318191221606e-06,2.049034143211793884e-06
-1.359942782125379584e-06,1.558745722907979348e-06
-1.598312251682962542e-06,1.864829089888213447e-06
2.755275165364709329e-07,3.802148796750088719e-07
3.827277898641809307e-07,5.481981245058743039e-07
2.412936312884727417e-06,-6.114865758411360048e-07
2.820255340693657846e-06,-7.409420571281223757e-07
-1.747565430123456022e-07,-3.465289523098028704e-06
-1.694680610283176105e-07,-2.989199203921575526e-06
-2.354870111440791917e-06,-1.007680495451958123e-06
-2.783676335209935788e-06,-1.158871260072900703e-06
-1.399396619147699426e-07,-7.093541990419611648e-06
-1.514627235049069551e-07,-6.701453751782761535e-06
3.660552255116241580e-06,4.561896850292771547e-06
3.410494559553820273e-06,4.214033264910278546e-06
6.094266276456289337e-06,-2.212126563583128261e-06
5.697336072539170405e-06,-2.088132570531700954e-06
-6.402475745433332426e-06,-1.985660759161937831e-06
-6.004930860212181351e-06,-1.841349296634287859e-06
-5.589370273841339469e-06,-1.693437328679161867e-06
-5.155753142375762771e-06,-1.542091210907546578e-06
-3.825468327872699986e-07,-2.409833961014313635e-07
-6.127873365209064106e-07,-3.434471053790153232e-07
-2.868600542218905083e-06,4.184526037974972007e-06
-2.599349401217563579e-06,3.821128163355430613e-06
-2.746479081039708284e-07,2.459732242501518252e-07
-4.054709294636232442e-07,3.907573681611375572e-07
1.489261161713834752e-07,-6.184305228896039237e-07
1.684862224426762550e-07,-9.238439792342810816e-07
-1.733033038101965572e-07,-5.384668660370716368e-06
-1.768546869131383666e-07,-4.912634975808187711e-06
5.096109283638046742e-07,7.421976937056978349e-07
6.554460543458353887e-07,9.610600841066946438e-07
-1.847450698150639920e-06,2.188464578360283274e-06
-2.105504959532117416e-06,2.527224245621464143e-06
-3.226196190688172838e-06,-1.312008337110072735e-06
-3.678233668548978511e-06,-1.465757149281689593e-06
2.640666053446643832e-06,3.164361173655555022e-06
2.386228204673316598e-06,2.822930867196407838e-06
2.136761517298145937e-06,2.490857000530220630e-06
1.893897649918695779e-06,2.170263572268499485e-06
-2.053675986742086255e-06,-5.243318428277557435e-07
-1.661807242292221632e-06,-4.050711787530695692e-07
1.924058928998214790e-06,-8.049308008747941731e-07
1.565445264591872058e-06,-6.711162103749272291e-07
2.274420323769320600e-07,-3.947425827836707914e-06
2.259733759373129398e-07,-4.431955927125191454e-06
1.626020958980553906e-06,2.364095650995881249e-06
1.858712640198482895e-06,2.692098379987593587e-06
1.658656458928204664e-06,-3.785459376319885834e-07
2.024474370462018613e-06,-4.902680613807571547e-07
-3.800848270501062838e-06,-1.083778366469688011e-06
-3.347200978790390434e-06,-9.349040476766326857e-07
-1.561587579151178813e-06,-7.185260669634941401e-07
-1.946069440436609474e-06,-8.604411966836002610e-07
-2.331828266274028816e-06,3.456840243218803497e-06
-2.068231693801485907e-06,3.094812274755147501e-06
-1.617003339546206261e-07,-2.526376004787624443e-06
-1.513645242851693114e-07,-2.081641625806815203e-06
2.096322865649980139e-07,-2.081256490758179842e-06
2.178402202548383072e-07,-2.525990968949961737e-06
2.223546542709146444e-07,-4.912249198612378682e-06
2.166745659690370682e-07,-5.384284393797198489e-06
-1.811555059235089839e-06,2.739310886681446550e-06
-1.563721657401072911e-06,2.393106621720268741e-06
-1.783452518559545439e-07,-4.432341030105451235e-06
-1.776859908175534847e-07,-3.947810897433054656e-06
-5.895654308834217337e-06,-2.184883853068467594e-06
-6.294989723029655435e-06,-2.306325502006367380e-06
-2.369602157485155729e-06,2.877318305621070582e-06
-2.637697034235922607e-06,3.236052960000679598e-06
8.443268878939067193e-07,8.247169622854845473e-07
6.780098691457189117e-07,6.207519439460000688e-07
1.883314287032184110e-07,-6.700843602628329733e-06
1.748936314262898604e-07,-7.094350209955716075e-06
-2.906611775397194381e-06,3.599241454781777544e-06
-3.174197292815262811e-06,3.964047173059315592e-06
2.100213761584621791e-06,3.029976964753186861e-06
2.349011889103067510e-06,3.375526898626835373e-06
5.805422191687906017e-06,-1.747062138392398020e-06
6.203085747951168896e-06,-1.889185273239490833e-06
-2.599323147696700949e-07,4.949131692545499545e-07
-1.566586875167160940e-07,3.299371280574721510e-07
-1.038457037327837506e-07,-9.241989091229519578e-07
-8.216289559187653622e-08,-6.189079131229625299e-07
-6.817867487231918349e-07,-1.257982781787913193e-07
-4.380969344071653835e-07,-6.476348773103034454e-08
-5.036535541883520630e-06,-1.913181365196127737e-06
-5.474181980386869907e-06,-2.052659947922182906e-06
2.602720762936650529e-06,3.725309442683216655e-06
2.859596278782602071e-06,4.076797837334621391e-06
-1.327448311587228255e-06,2.060105125913647682e-06
-1.104471841920824973e-06,1.742819079158673549e-06
2.234800089328464798e-07,-2.988814109587323662e-06
2.266405330869833463e-07,-3.464904427502354623e-06
1.659899856775308620e-06,1.864100896054966235e-06
1.436208825561754626e-06,1.574229244945182777e-06
4.972437948789169628e-06,-1.456178643216409991e-06
5.395564147585520124e-06,-1.602680029365084754e-06
-2.901655501239498502e-06,-7.909987398340589509e-07
-2.468390847034541889e-06,-6.534493415624900261e-07
5.294193068874872498e-07,4.425469559835209985e-07
3.994216893959541786e-07,2.912021010644140085e-07
2.090569667051401845e-07,-5.842412454928830738e-06
1.995866267645736999e-07,-6.282972473663533651e-06
6.851933994648389806e-07,-3.191646369692301448e-07
4.727519230459396084e-07,-2.233657056461326455e-07
2.709312688459661820e-06,-1.087843726500735381e-06
2.306616016746481816e-06,-9.442423658278646375e-07
-1.383400914390143634e-07,-1.662423706844620786e-06
-1.225380157960041455e-07,-1.273939910539198015e-06
4.105909464557716528e-06,-1.162304659195335259e-06
4.541352333726791575e-06,-1.308989777286792606e-06
-1.299227644525172389e-06,-2.977997523185289436e-07
-9.703499037560170559e-07,-2.039804950707734141e-07
1.236487127845414198e-06,-5.446156677921803849e-07
9.411071183423891028e-07,-4.266746429091624425e-07
-4.133671428709047920e-06,-1.618169504034157177e-06
-4.588425773203914903e-06,-1.767948282075969816e-06
-5.367314706899311008e-07,9.162451781383541436e-07
-3.869915984203879835e-07,6.909000460631382403e-07
-8.972278729233391325e-07,1.444766435428098946e-06
-7.072631161458743422e-07,1.168198231076034475e-06
1.224807367498812672e-06,1.303212345451363811e-06
1.026946097392534229e-06,1.052649162369404750e-06
3.240915948222236886e-06,-8.768033302446343639e-07
3.671248501999615521e-06,-1.017849001330014837e-06
-1.100572253155050818e-07,-1.757553332889512425e-09
-9.123128575120047968e-08,-3.906999596514394290e-08
-8.676508001013642548e-08,-8.190160766748478425e-08
-4.702531559383457347e-08,-5.199403310450750357e-08
2.016792056607367770e-07,-7.436223731886065662e-08
2.051047791250673280e-07,-3.385739413514319673e-08
1.646838720015423475e-07,-4.466964338220409366e-08
2.216359188759707233e-07,-8.555163849577700353e-10
-2.986463066794454383e-08,-1.705345462364592054e-07
3.260831675823539110e-08,-1.628810564933835950e-07
-1.930314236510517072e-08,-9.208163116354986131e-08
1.005667080063476808e-07,-1.744436916414642856e-07
8.851515209915599719e-08,-9.859278799531697989e-08
7.459065134113533357e-08,2.827567992992317602e-08
-3.402433658506965851e-09,1.993276716681474049e-08
-1.666179274771787141e-08,-5.600460702783885750e-08
-4.535023427905959789e-08,-6.802607669299420978e-08
1.341604910987157204e-07,-7.380177466539716292e-08
8.630722395956498814e-08,-6.357701419107763488e-08
1.250794607082745830e-07,1.054876758604748244e-08
-1.625245842045033939e-08,1.285325494933290073e-08
1.755526522661437990e-08,-4.714491857649114995e-08
-7.270071083050617856e-09,-1.656158043088841788e-08
8.030003332152943024e-08,-2.512286575633326411e-08
1.489484678730654905e-07,-2.967392966806660045e-08
1.507169748777031340e-07,-6.006939633670868643e-08
-4.161340696678908635e-08,-6.268383445417417010e-08
-3.250308796158155496e-08,-3.713967769167252648e-08
-1.643792051301796416e-07,2.205577877887472903e-07
-1.676429622374606663e-07,1.359495629686687801e-07
-7.857681855540440473e-08,1.983608947644755554e-07
2.841161793423222134e-07,2.641754209855236643e-07
1.892126338914383125e-07,2.400084120170482320e-07
2.890286370306875474e-07,1.677975099130018291e-07
4.030980751375765288e-07,-1.083164364554384143e-07
3.468280876050095732e-07,-2.132670349731423995e-08
3.099599392501954219e-07,-1.412751804859041202e-07
-3.070575101938593901e-07,-1.169218102891492338e-07
-2.054166342217815894e-07,-1.530967434101407433e-07
-2.460826493736807786e-07,-2.316878657636173773e-08
3.395638534404865986e-08,-4.812400938421997837e-07
1.263811040851108552e-07,-3.660277162568154952e-07
-5.730141031052635784e-08,-3.665165634220774725e-07
-4.911454863676507177e-06,4.370255851467443123e-06
4.853731924458831796e-06,4.267091745192760346e-06
6.275549110948552331e-06,2.376021613623722179e-06
-6.424931260118700224e-06,2.364432370763022603e-06
-1.556111519472889727e-08,-1.883616181633128096e-08
1.276627737428816373e-07,-1.426610457195862232e-08
3.478924070633627357e-06,-6.533483093632361526e-06
-3.753392675268259289e-06,-6.459888204468383558e-06
-2.925344734602243002e-06,5.826780456169360103e-06
2.858803351043531600e-06,5.733943233016289165e-06
-5.430573512768280684e-06,-4.925955761268084943e-06
5.168147557093905617e-06,-4.970924001028362317e-06
5.902759787172372448e-06,3.001315375820020579e-06
-6.025760747129286017e-06,3.031154588762746288e-06
-4.230787845486571366e-06,4.972496615213981209e-06
-3.931303411793614540e-06,4.979839459347642060e-06
4.196742229408145966e-06,4.851991148018390734e-06
3.900773747878342404e-06,4.858846224148082465e-06
4.046192889540094724e-06,-6.112315538186067882e-06
-4.337022593506765674e-06,-6.030300340340066426e-06
-4.899367679767229118e-06,-5.519263799481876522e-06
4.614960420245512356e-06,-5.591982274665819420e-06
5.427543325780271139e-06,3.640324536322749377e-06
-5.518149854765214173e-06,3.710730566540052561e-06
-3.670635876675553001e-06,4.959520190100153477e-06
3.640608198418820326e-06,4.837520597463778409e-06
-3.154912906161921867e-06,4.255374824781863182e-06
-2.201448397990716329e-06,-7.600891583151243029e-07
2.162725044211960955e-06,-7.113476091510390863e-07
1.210975408091132778e-06,1.519317948255398535e-06
-1.121061732061200715e-06,1.500732704409812467e-06
2.541000413772025670e-08,-3.705508122062457625e-06
-3.062492900927791590e-06,-1.048495839594998127e-06
3.829507542178745096e-06,-1.272363427946165961e-06
1.643890578360102257e-06,2.108936582808409276e-06
-1.581996790216113952e-06,2.123536479863715640e-06
-7.214794255319813764e-07,9.626613126172142345e-07
8.331098991610489462e-07,1.005756538441375385e-06
2.753796689146972229e-08,-2.754444669093327767e-06
-7.798763443682947879e-07,-2.800570186442000721e-07
2.328211993928557980e-08,-4.673547725429546954e-06
-4.874564483471162823e-06,-1.653687357992593364e-06
4.699841994755765104e-06,-1.564449094254581899e-06
8.395574589086409610e-07,-2.608272289999727299e-07
-2.087427542446106712e-06,2.807871740543825455e-06
3.179542523954541170e-08,-1.090536106917476739e-06
-3.982204967664876059e-07,5.299330260768928565e-07
2.119088969456347336e-06,2.757041265865320501e-06
-2.618617705559293279e-06,3.527941252082816383e-06
5.548118560382258204e-06,-1.849057183644882195e-06
1.902545197568634784e-08,-6.497027352133613433e-06
3.135840402067531319e-06,4.145463116525017264e-06
-5.744871390031676938e-06,-1.944225084808002828e-06
2.621922688601841021e-06,3.443466129960204169e-06
2.115301614565458391e-08,-5.616692509039400353e-06
5.211780129198291298e-07,5.832304749347010567e-07
2.966578114914018344e-08,-1.866189551294401676e-06
1.439225177733468360e-06,-4.661135008051784819e-07
-3.967179710753720607e-06,-1.350794578516804101e-06
-1.426152642598200446e-06,-4.992559620674216538e-07
2.971837500009979899e-06,-9.841109784077551391e-07
3.557885782695665774e-06,5.319094013104916695e-06
-3.587411459962546125e-06,5.438320459477623118e-06
3.616719872451655876e-06,5.066902935577368879e-06
-3.646231601777755067e-06,5.189707336931084853e-06
3.194717054691437987e-06,-6.705630989711305533e-06
5.424385923070772114e-06,-4.622043539810412782e-06
6.421165665028068868e-06,2.070891843643980196e-06
2.516201766052531706e-06,5.896115093395543825e-06
-2.613536829076821786e-06,5.972534730623235386e-06
-6.580528712290468671e-06,2.039745381556806754e-06
-5.673436042115539372e-06,-4.596651221154042628e-06
-3.451819589467491400e-06,-6.640771024188444438e-06
