Size 899,2
0.000000000000000000e+00,0.000000000000000000e+00
0.000000000000000000e+00,0.000000000000000000e+00
2.151344122392720556e-08,-4.026236111364694172e-06
-1.643563649484589650e-07,3.475560857718813348e-06
1.698537185270205542e-07,-1.336152220938351374e-07
2.750467528136223562e-07,-6.065474441306738979e-08
3.331517410316927480e-07,-3.528662105381768185e-06
2.906213828575946820e-06,-1.256477507995483725e-06
3.016439201985565123e-07,3.391151299884424981e-08
3.006867120828409458e-07,1.775963123681743827e-08
3.119480198567510283e-06,-6.534231822726054697e-07
2.103299877019651718e-06,2.102046349051591344e-06
1.684451890605579534e-07,1.195815240565711456e-07
1.137599585478725809e-08,7.087067507098511846e-08
1.595265562032839267e-06,2.471516630323103202e-06
-1.585129851008010863e-06,2.655960917106474224e-06
-6.551208438091281897e-08,5.041505558898115980e-09
-5.670779748281315285e-08,3.814937654159578519e-08
-2.114757899327127004e-06,2.255968419341939557e-06
-3.364979895575422928e-06,-7.841425766721553783e-07
-2.406254885022136123e-08,-7.348296511828320361e-08
-5.263297389029481113e-08,-1.040717666815378553e-07
-3.144575586690390391e-06,-1.421715492364865749e-06
-2.877654286969463592e-07,-3.522569625608241429e-06
1.156587353805225322e-07,0.000000000000000000e+00
1.830607382135814783e-07,0.000000000000000000e+00
2.209149185021884804e-07,0.000000000000000000e+00
2.410415761700577386e-07,0.000000000000000000e+00
2.473357577941999594e-07,0.000000000000000000e+00
2.590298037691895449e-07,0.000000000000000000e+00
2.724760042795579555e-07,0.000000000000000000e+00
2.739061904257877846e-07,0.000000000000000000e+00
2.650985118519160492e-07,0.000000000000000000e+00
2.441361292200622844e-07,0.000000000000000000e+00
1.946063028405516093e-07,0.000000000000000000e+00
1.328900311901013521e-07,0.000000000000000000e+00
7.162915688194721766e-08,0.000000000000000000e+00
0.000000000000000000e+00,0.000000000000000000e+00
0.000000000000000000e+00,0.000000000000000000e+00
0.000000000000000000e+00,0.000000000000000000e+00
0.000000000000000000e+00,0.000000000000000000e+00
0.000000000000000000e+00,0.000000000000000000e+00
0.000000000000000000e+00,0.000000000000000000e+00
0.000000000000000000e+00,0.000000000000000000e+00
0.000000000000000000e+00,0.000000000000000000e+00
0.000000000000000000e+00,0.000000000000000000e+00
0.000000000000000000e+00,0.000000000000000000e+00
0.000000000000000000e+00,0.000000000000000000e+00
0.000000000000000000e+00,0.000000000000000000e+00
0.000000000000000000e+00,0.000000000000000000e+00
2.634522232993309190e-07,-4.003916430555802264e-06
4.836157662524431672e-07,-3.960844435476459193e-06
6.658095971959717909e-07,-3.915259397428530496e-06
8.292066938594669340e-07,-3.867105614911454073e-06
9.770799338843509757e-07,-3.817520794473581331e-06
1.112370878502429196e-06,-3.766890793863371625e-06
1.238669220254996347e-06,-3.715099472688504807e-06
1.358521244026244446e-06,-3.661663248525547214e-06
1.474675938419981596e-06,-3.605712952384864693e-06
1.589454713730375261e-06,-3.546109024842279333e-06
1.705127411992216937e-06,-3.482171882347489923e-06
1.823405515427913610e-06,-3.412226705691606545e-06
1.946203866256074939e-06,-3.333507184025437828e-06
2.073559365443572751e-06,-3.244255761692451489e-06
2.205994259933152230e-06,-3.142376839301756043e-06
2.342602294164720257e-06,-3.026261831162663644e-06
2.482709798845711718e-06,-2.894348873031767668e-06
2.624477651621440500e-06,-2.745807535210817977e-06
2.766216614257828573e-06,-2.579876706744726673e-06
2.905504736748385576e-06,-2.396876631786902410e-06
3.039884945233708485e-06,-2.197228110477129015e-06
3.166699932775572872e-06,-1.982715045140939858e-06
3.283754316640718689e-06,-1.754638119304687280e-06
3.387896024250635963e-06,-1.515705307944364267e-06
3.476201006993935045e-06,-1.267895665672579328e-06
3.541343868951612903e-06,-1.018296285466932236e-06
3.584674520814928349e-06,-7.795076841548176509e-07
3.606682951195509403e-06,-5.625802821609203414e-07
3.617049729277219196e-06,-3.728661901453343626e-07
3.619108369565764195e-06,-2.021719284275118708e-07
3.614852925190790488e-06,-4.675723560585898188e-08
3.605674524177570683e-06,9.563064442960291837e-08
3.592604622097975196e-06,2.280702947630084811e-07
3.576236558075546030e-06,3.527940851362189053e-07
3.556793885524266522e-06,4.724341548236899731e-07
3.534181676284393427e-06,5.890146338503802388e-07
3.507983988664866717e-06,7.045759035154110129e-07
3.477571445426444698e-06,8.207722183172488409e-07
3.442083894470104410e-06,9.389632197235916749e-07
3.400535658725630105e-06,1.060327619708647839e-06
3.351825792531425294e-06,1.185514304181470802e-06
3.294798168546287878e-06,1.315179207546360163e-06
3.228309598986080981e-06,1.449286824189333353e-06
3.151207657377951325e-06,1.588015333249435440e-06
3.062376300110417629e-06,1.731067621001193047e-06
2.960123063782691643e-06,1.879382178642327422e-06
2.847181595080028385e-06,2.034279662319831455e-06
2.716810124187130608e-06,2.194159669820500294e-06
2.566283217393006662e-06,2.359248404170453986e-06
2.395724558799035963e-06,2.524828647202762535e-06
2.202393294922771564e-06,2.686261465874906143e-06
1.994102579887358737e-06,2.831940736721877379e-06
1.781029737823379506e-06,2.960271290406838069e-06
1.569891836497005291e-06,3.070461962661121871e-06
1.364261109478859344e-06,3.164723492399981286e-06
1.164053710310219473e-06,3.244198360895722287e-06
9.700284671769655734e-07,3.309803643140811430e-06
7.835561360367543699e-07,3.362469796281924871e-06
6.050017597152334090e-07,3.403395682988710327e-06
4.351138625005799184e-07,3.433781308504174776e-06
2.736105458072628888e-07,3.454949612004947651e-06
1.204841419033220626e-07,3.468167364857125219e-06
-2.522980947639727680e-08,3.474666835067302305e-06
-2.983836357447074560e-07,3.471372901913963985e-06
-4.286605027657799845e-07,3.462418752601793963e-06
-5.569374926897215291e-07,3.449104035236987180e-06
-6.851271864868641132e-07,3.431530016076256816e-06
-8.153212755463901870e-07,3.409397681450402439e-06
-9.499360364952932665e-07,3.382016146793679078e-06
-1.091141819799001940e-06,3.348266076242938324e-06
-1.241621764732860175e-06,3.306545685839111961e-06
-1.403340233333071477e-06,3.254879125051415259e-06
-1.579396648358265487e-06,3.190643456205336964e-06
-1.776285785788137094e-06,3.109388289309683728e-06
-1.991549068800925155e-06,3.002749197908240941e-06
-2.216779848952566747e-06,2.870389646954197864e-06
-2.433722480898236414e-06,2.710228013549168499e-06
-2.632829808430998041e-06,2.536634582730941016e-06
-2.813338267297861073e-06,2.356043296075643336e-06
-2.973638798721835255e-06,2.174347721434468480e-06
-3.114179572773066417e-06,1.993528318504295542e-06
-3.241600145074037468e-06,1.817157780987958578e-06
-3.352335157219255347e-06,1.645184880280576844e-06
-3.447810621437570163e-06,1.477780125973414146e-06
-3.529060163746324786e-06,1.316300481059571985e-06
-3.597406985226357583e-06,1.161217635222789691e-06
-3.654263841915490484e-06,1.013301652527936748e-06
-3.701213166605357861e-06,8.721672862360877848e-07
-3.739822678105086362e-06,7.375188967268261289e-07
-3.771602351247547260e-06,6.080809396046226472e-07
-3.797922880444077009e-06,4.824695375995376159e-07
-3.819894875328280103e-06,3.586266485015842639e-07
-3.838356475638541868e-06,2.341672679230221498e-07
-3.853732492607334236e-06,1.064572517639112042e-07
-3.866038115871936780e-06,-2.770125211754366400e-08
-3.874795583330097540e-06,-1.712284128455080650e-07
-3.878983883082553234e-06,-3.278627604389024883e-07
-3.877110938333576168e-06,-5.004875291292291566e-07
-3.866984297668838065e-06,-6.936001064485363225e-07
-3.844704950112499706e-06,-9.178690846921870778e-07
-3.798111243261612396e-06,-1.166349112493201682e-06
-3.724071140772946338e-06,-1.423516268484501303e-06
-3.624576792486858529e-06,-1.668970737716922620e-06
-3.513986527877138282e-06,-1.889912103826477435e-06
-3.398148099509139869e-06,-2.092209749748958134e-06
-3.280287701541123953e-06,-2.276037936749358052e-06
-3.160479941488471234e-06,-2.443988028235133808e-06
-3.039962417423500854e-06,-2.596483561808057594e-06
-2.919445742924509429e-06,-2.735181752263923146e-06
-2.799428141753435966e-06,-2.861467594734541910e-06
-2.679687444125867112e-06,-2.977176568589258560e-06
-2.559968152612592160e-06,-3.083911135869040636e-06
-2.439329745085664989e-06,-3.183317899114366284e-06
-2.316774463395166071e-06,-3.276834282371034487e-06
-2.190937586570956357e-06,-3.365672818536860592e-06
-2.060106679241823843e-06,-3.451076563408408036e-06
-1.922382672788006441e-06,-3.533992540182962086e-06
-1.776605902896404257e-06,-3.611273556520621018e-06
-1.621846188219670289e-06,-3.684619127588564951e-06
-1.457677065609958756e-06,-3.753555197091316448e-06
-1.282948023877894658e-06,-3.817524029216401782e-06
-1.097093690929673959e-06,-3.875740595020824295e-06
-8.991817025875826416e-07,-3.927160345871981352e-06
-6.891990382315472641e-07,-3.970577718963872252e-06
-4.670575682088204291e-07,-4.004506498828702319e-06
-2.254527237639745656e-07,-4.027157246466228407e-06
2.020763505836606402e-07,-1.168612738147281704e-07
2.381286198189188339e-07,-9.179693849829220948e-08
2.623890535711011798e-07,-6.589694672571067160e-08
2.749188266461277493e-07,-4.702682659845028289e-08
2.801657247046365447e-07,-4.069734788411659744e-08
3.340481442240152742e-07,-1.557002527220557097e-07
4.389917414664002740e-07,-2.541470842651127822e-07
5.878019559847953457e-07,-3.583091720577454102e-07
7.745051315564998370e-07,-4.666327393917322767e-07
9.930251603925782358e-07,-5.772419174879646347e-07
1.237321376147055540e-06,-6.882419671694865438e-07
1.501403382596689948e-06,-7.977481750854225883e-07
1.779328235740232775e-06,-9.038938597803511242e-07
2.065255502512697285e-06,-1.004846315524381873e-06
2.353552616951371169e-06,-1.098690171998271724e-06
2.636171636382104483e-06,-1.182117844183890020e-06
2.815068047989007293e-06,-1.477346277370425373e-06
2.716102293847013342e-06,-1.696018790187215160e-06
2.611957178437165170e-06,-1.905766290445455620e-06
2.503839757892129165e-06,-2.103838250457552933e-06
2.392852862506842806e-06,-2.288961721887513895e-06
2.280851005992366528e-06,-2.459519692933474550e-06
2.168659581025471029e-06,-2.615374398657306532e-06
2.057746662852851509e-06,-2.755838327246539268e-06
1.948425902233315220e-06,-2.881746618690265989e-06
1.841458531423000516e-06,-2.993126692212289359e-06
1.736379903422156834e-06,-3.091275293818474810e-06
1.633030384066250863e-06,-3.176917991884701098e-06
1.530327842282295726e-06,-3.251016001063386655e-06
1.426337270049006675e-06,-3.314692125929127721e-06
1.320245139059319017e-06,-3.369006534607693667e-06
1.209642692594731580e-06,-3.415711073696211537e-06
1.092651065858364957e-06,-3.454982166597640038e-06
9.672189470518873787e-07,-3.486807246032971646e-06
8.304586550902098338e-07,-3.510861630512029792e-06
6.801149213174681376e-07,-3.526444917409038153e-06
5.122868931063366707e-07,-3.532306099537086480e-06
3.719469071134838286e-07,-3.234357748516082718e-06
3.994247547890233657e-07,-2.924466195292034086e-06
4.181626630209526889e-07,-2.597814524261477475e-06
4.281871707898423705e-07,-2.261142673736109263e-06
4.292763831943750544e-07,-1.921788254647531619e-06
4.212529144495171286e-07,-1.587352492519846854e-06
4.039324007314150298e-07,-1.265558241834536706e-06
3.771332779212080114e-07,-9.642843417016315630e-07
3.406784990966348774e-07,-6.914698413188447372e-07
2.941688180919941773e-07,-4.551179194953841322e-07
2.364457699832598608e-07,-2.664440419491351358e-07
2.857166103548560142e-07,1.175085681574354445e-08
2.850133264254150224e-07,3.944642366230088529e-09
2.862675929391941373e-07,2.457348453780749675e-09
2.893661684194042602e-07,4.511963978174398891e-09
2.934857868697891521e-07,1.123388748926031416e-08
4.039841926065884652e-07,6.987448763819321600e-08
5.191147949746585981e-07,1.542846721385825405e-07
6.493979166928901453e-07,2.687052981214794722e-07
7.931515289949909841e-07,4.102260979923394025e-07
9.478488294183974776e-07,5.756197603237500131e-07
1.110800070483735073e-06,7.614287601880176616e-07
1.279249105513246174e-06,9.641114041462183010e-07
1.450364882193719823e-06,1.180027507255825201e-06
1.621233562979664142e-06,1.405428639512897023e-06
1.788922161577024636e-06,1.636536835991583800e-06
1.949894312937175752e-06,1.869118103328759055e-06
2.273481187892292000e-06,1.974606821326628379e-06
2.430090395393200557e-06,1.844821837990408115e-06
2.570515872830887837e-06,1.717369477825663564e-06
2.696382015445799170e-06,1.592052070533027415e-06
2.802287114165271687e-06,1.469904005187177469e-06
2.896698540170918903e-06,1.349197625206408905e-06
2.979692535048382687e-06,1.231368846029411568e-06
3.051983668422107653e-06,1.116217026756805235e-06
3.114156401509192482e-06,1.004038496063128022e-06
3.166945587849945469e-06,8.941808747323495809e-07
3.210918082316919269e-06,7.863484320920782255e-07
3.246631672803988936e-06,6.794978512429237054e-07
3.274457791787146488e-06,5.726930539650507215e-07
3.294618158812148516e-06,4.645666253998098443e-07
3.307104830653648560e-06,3.535468843704806293e-07
3.311657798910548139e-06,2.380627325013278182e-07
3.307708733962427555e-06,1.159680667951114268e-07
3.294398257721659037e-06,-1.434293674961191198e-08
3.270437821745731127e-06,-1.554729358233653191e-07
3.234303473170502116e-06,-3.088346976538340345e-07
3.183996967453996993e-06,-4.769090499360336023e-07
2.843965108652766216e-06,-5.385023077540847550e-07
2.564974932502795921e-06,-4.327297887013350842e-07
2.279414421690604859e-06,-3.318056493446013230e-07
1.991363309888850433e-06,-2.375143947683229053e-07
1.706653469823465298e-06,-1.519551845388021234e-07
1.431220778743764957e-06,-7.710586268562357113e-08
1.170970695481070658e-06,-1.494224189302786509e-08
9.318535842260090374e-07,3.254076601589398914e-08
7.198654543173334028e-07,6.332768714916919804e-08
5.410428301604398208e-07,7.535174328695305019e-08
4.014243194996850653e-07,6.631833833939028019e-08
1.291358405914135455e-07,1.189725158109532780e-07
7.915613167118265684e-08,1.156025533045874224e-07
3.545852914935846985e-08,1.014023323294172644e-07
5.301050422858922127e-09,8.178403423970802507e-08
-6.414082462050725951e-10,6.497440029913347559e-08
1.517988754413846649e-08,1.733974073176689021e-07
-1.816101948928135811e-08,3.131370766439315902e-07
-8.609919319736364729e-08,4.865738146725880075e-07
-1.837162146066787566e-07,6.878016623443984067e-07
-3.073048291114500008e-07,9.116706015814777090e-07
-4.531473629981089669e-07,1.152811345959200828e-06
-6.174331569659626240e-07,1.405720724101348283e-06
-7.962788301700893757e-07,1.664792124521350839e-06
-9.856916604770849221e-07,1.924255084553274782e-06
-1.181551547580448745e-06,2.178375102267176501e-06
-1.380190366864721249e-06,2.422100764417425759e-06
-1.434827040178202868e-06,2.773375793921378467e-06
-1.285798568700615182e-06,2.874169974827148927e-06
-1.145849996552124231e-06,2.956748852195527995e-06
-1.013210512187263430e-06,3.023527615222209618e-06
-8.869269970018262302e-07,3.076466513420560404e-06
-7.647711498886479116e-07,3.117466433735709849e-06
-6.453798790815511250e-07,3.147878895424732558e-06
-5.268111016261526030e-07,3.168812867075560667e-06
-4.075786116410308202e-07,3.180983341789791880e-06
-2.862314681289058357e-07,3.184819776672684914e-06
-1.614312752924574775e-07,3.180472180527511120e-06
-3.229037454785075257e-08,3.167807981987656533e-06
1.025026349928253142e-07,3.146484273349236221e-06
2.434257481276980365e-07,3.116051520783133220e-06
3.913976449476166813e-07,3.075888992578437893e-06
5.461655393162543527e-07,3.025380756667648673e-06
7.081151347381335158e-07,2.963766570034223911e-06
8.763585867132781859e-07,2.890461868679631983e-06
1.050754357353551219e-06,2.804761537993303196e-06
1.229908552618713702e-06,2.706297430846118603e-06
1.413013463772254431e-06,2.594711246144248697e-06
1.422276610366414369e-06,2.252506078803681224e-06
1.251454223709441622e-06,2.027285336626740654e-06
1.083822221532551567e-06,1.796122383098469732e-06
9.224925983610439803e-07,1.563727124446112226e-06
7.701794620366741831e-07,1.334086693387424795e-06
6.295476728830739824e-07,1.111131215102515641e-06
5.031846067461449332e-07,8.986786787965756378e-07
3.936013912806782314e-07,7.004443253911581835e-07
3.032346699853545315e-07,5.200311669570124195e-07
2.345286296788800719e-07,3.609829376437267297e-07
1.904478001842361791e-07,2.276367238432628994e-07
-4.295151369551323197e-08,1.656120329831285809e-08
-3.628459367967525403e-08,1.531581866429499345e-08
-3.488543520680390213e-08,1.156114840426931514e-08
-3.598249375013818078e-08,8.340598555099845041e-09
-3.776296353566449298e-08,1.353712296465933555e-08
-1.807535274806423971e-07,8.058615485390705031e-08
-3.532774374464972364e-07,9.387019881408604871e-08
-5.735058161454533659e-07,8.050921889304989791e-08
-8.331926989390758930e-07,4.345965877050611804e-08
-1.124081690465442309e-06,-1.449046299750868559e-08
-1.437989231734058066e-06,-9.061296116842196292e-08
-1.766780252996834016e-06,-1.822031357549365310e-07
-2.102364952933508556e-06,-2.865747251530813448e-07
-2.436634229498037231e-06,-4.010439281588928505e-07
-2.761603075814954741e-06,-5.228492517551628368e-07
-3.070250886409274877e-06,-6.494599851096823943e-07
-3.432614465665884179e-06,-6.062859772060097181e-07
-3.485683035284151085e-06,-4.357661049039159669e-07
-3.523547082639819597e-06,-2.808346141309883670e-07
-3.548232373034776402e-06,-1.386097590898689460e-07
-3.561281964210153858e-06,-7.153829161917493042e-09
-3.563955301030431405e-06,1.166547241747502682e-07
-3.557019358253962624e-06,2.350106296827821316e-07
-3.540894319899992083e-06,3.504634339393583097e-07
-3.515636569540900677e-06,4.651298702300646718e-07
-3.481031600869977022e-06,5.807798213442287659e-07
-3.436597148728538205e-06,6.991784410863988966e-07
-3.381749826317232329e-06,8.211966504349289644e-07
-3.315709505119110554e-06,9.480426001065936099e-07
-3.237818159762487687e-06,1.079669181694688486e-06
-3.147281824202262629e-06,1.216608873631024115e-06
-3.043665289085666319e-06,1.357981271632837472e-06
-2.926497329434958412e-06,1.503571499932523713e-06
-2.796199442766974674e-06,1.651198719986817604e-06
-2.644773298156138226e-06,1.801892353411338637e-06
-2.479711869867985066e-06,1.954237143004283889e-06
-2.301119899575257932e-06,2.107348081254497356e-06
-1.954355990266703673e-06,2.006973429781969040e-06
-1.780085330882941480e-06,1.749290345325119564e-06
-1.592191370712589137e-06,1.488984466847987378e-06
-1.397129536421025272e-06,1.233562043762784922e-06
-1.199171690609121827e-06,9.884477096879077375e-07
-1.002496834372802798e-06,7.591369031339898083e-07
-8.112316934475399617e-07,5.510576488861706378e-07
-6.294300422215148774e-07,3.695381610831316367e-07
-4.610900176657663782e-07,2.198462393265342076e-07
-3.101899648997952933e-07,1.071278725194479349e-07
-1.798450108690451001e-07,3.537385525909481840e-08
-3.347981337207535141e-08,-4.505142458753398837e-08
-3.386259821530372593e-08,-4.412538609925255832e-08
-3.179464820814162594e-08,-5.103723520920946949e-08
-2.998210537603076150e-08,-6.542170456744268418e-08
-3.186312602082006253e-08,-8.077697065248597622e-08
-1.313700367198093291e-07,-2.648439568638614123e-07
-1.923541017870760366e-07,-4.586576065000974670e-07
-2.438785441876714750e-07,-6.943195896126579555e-07
-2.856737432399071683e-07,-9.669681554753227159e-07
-3.177744371882717280e-07,-1.268257369027015521e-06
-3.403863560258970356e-07,-1.590056751423561530e-06
-3.537020520708398831e-07,-1.924490507982035953e-06
-3.579092097142176478e-07,-2.263841879599163804e-06
-3.531915586863974784e-07,-2.600563423093019587e-06
-3.396740857469846634e-07,-2.927314736972827081e-06
-3.172073656734645045e-07,-3.235264106432413488e-06
-4.968142002235836657e-07,-3.516572208966461110e-06
-7.025331876591284801e-07,-3.501963477891755082e-06
-8.971706270517445322e-07,-3.478204747311773311e-06
-1.081025352551009080e-06,-3.446009225096349600e-06
-1.253875677533715821e-06,-3.405981731042883149e-06
-1.416551915301914174e-06,-3.358620232671933908e-06
-1.569381321318479798e-06,-3.304279986062543954e-06
-1.713674101045484576e-06,-3.243059405700401316e-06
-1.848780575512217694e-06,-3.178229261994025845e-06
-1.975935342452999243e-06,-3.106006078900184918e-06
-2.095959249952922877e-06,-3.026610838554323445e-06
-2.209851414442630989e-06,-2.939313565140285532e-06
-2.318737737131887602e-06,-2.843248682588099564e-06
-2.423622287832319168e-06,-2.737261877894269136e-06
-2.525089735053427350e-06,-2.620452860219043396e-06
-2.623803445768528113e-06,-2.491353296009258887e-06
-2.719680223165267907e-06,-2.349210155361570397e-06
-2.812986771716362847e-06,-2.192574911161920220e-06
-2.902915179089758267e-06,-2.021130940821916742e-06
-2.989313931432037775e-06,-1.833662888290626709e-06
-3.071663183040716579e-06,-1.631186891010658992e-06
-2.842004860565534582e-06,-1.354457400102010889e-06
-2.521589021311433274e-06,-1.272272675578694563e-06
-2.188471575047378580e-06,-1.174522373974951112e-06
-1.852544519668583935e-06,-1.065121659495285662e-06
-1.521628199530358118e-06,-9.466708278441651335e-07
-1.203764884968668687e-06,-8.217225133301237185e-07
-9.070814268977324532e-07,-6.928540338376916351e-07
-6.397532461413481105e-07,-5.626596080799396257e-07
-4.100038861277219341e-07,-4.337419268333856748e-07
-2.260601029223131329e-07,-3.086570751676579857e-07
-9.608592630740808292e-08,-1.894738278648614564e-07
-7.238315052674785493e-08,9.200497554343279173e-08
5.408650863428999016e-08,-2.493884272889384992e-07
2.910417998585170251e-07,1.388014124887809567e-07
3.533290434963747247e-07,-4.014319772579976598e-08
-1.204397981939227077e-07,-4.912724623045500627e-08
-1.671386093049963140e-06,2.218431301092483452e-06
2.743737271498782846e-06,-8.629817620758245381e-07
2.728712639850249738e-08,-3.242779814137180312e-06
-2.963227785486976345e-06,-1.005514872918332263e-06
1.687983805041010573e-06,2.063108952478929011e-06
2.111032417468948148e-07,3.447985540010327046e-08
-9.169122851361821721e-09,1.581941800385757513e-08
1.976956181042233122e-06,2.460988190464415421e-06
-1.977104924138864444e-06,2.639845479247346778e-06
3.249911208988502673e-08,-2.602183743009011422e-06
-2.314418332192455870e-06,-7.884047672675337415e-07
4.710189095196812406e-07,3.870174305522227349e-07
4.836007045587082941e-08,-6.816404155156247730e-07
-4.787581953805485541e-07,-1.724272728021583528e-07
-2.664865796295204226e-07,3.433787854461381642e-07
6.429992144741995716e-07,-1.439997782467305408e-07
1.352103282784960452e-06,1.600161865309947559e-06
2.172371248090737178e-06,-6.683470244530993410e-07
-1.641161199405620595e-06,-5.634748017504168232e-07
7.217406746350651353e-07,7.319244862811240142e-07
-1.007586955276260964e-06,-3.511009247631843392e-07
3.778728898554353214e-08,-1.921568874104914678e-06
1.022565079180117765e-06,1.146114847271639327e-06
4.307965199395888247e-08,-1.260588280680593191e-06
1.600486884447944936e-06,-4.737276001459645524e-07
1.074835282082558124e-06,-2.937906951057852223e-07
-5.544737858487528808e-07,7.247400146647630122e-07
-1.289070734443031481e-06,1.706793833229938403e-06
-9.059267697712619248e-07,1.193787717395642871e-06
2.661790505806479809e-07,-2.918566541188367039e-09
-1.211805289973020846e-08,-7.226385178514307867e-09
6.256606145270418555e-08,-9.222228689063572388e-08
3.183985141861626605e-06,-1.021334825729767040e-06
-3.429390656591698812e-06,-1.173741879426793075e-06
2.803370037832728748e-07,1.373765366116331846e-08
-2.433226166590100603e-08,1.433742408714576627e-08
-2.657146957395637992e-06,-2.743336932340356673e-06
2.319314453843679743e-06,-2.758645250987634670e-06
2.796667804594167887e-08,-3.699740231720804556e-06
2.578630916016195366e-06,-2.431538964614282932e-06
-2.878686430472243074e-06,-2.470419160690586530e-06
-2.108648717779244467e-08,-3.053613931884704159e-08
2.384377882571023251e-07,-3.314381367984473591e-08
-2.426617092638505658e-06,-2.964903925581039962e-06
2.062019415978485823e-06,-3.014993877396545736e-06
2.823534536251971624e-06,-2.034892784163794433e-06
-3.088714746211079855e-06,-2.135324041947117493e-06
1.222367429074423685e-09,3.879905721402933449e-08
1.132125793554751152e-07,6.331155905037223521e-08
-2.490125442539249398e-06,2.275097330218026161e-06
2.440682167330967524e-06,2.123453292043474445e-06
-2.189166520582609415e-06,-3.149493954486410751e-06
1.822590825618612294e-06,-3.211417873948334918e-06
3.026398551576315162e-06,-1.626684862940077783e-06
-3.269870542304578540e-06,-1.772584479870227571e-06
-2.789649312985615678e-06,1.978992922346283136e-06
2.692920200951763582e-06,1.867149309757502116e-06
-1.954693335172564927e-06,-3.299072276865660166e-06
1.615609852286433924e-06,-3.353607271080464078e-06
1.534049411874588606e-07,-5.864710389645379799e-08
-4.995886972256962041e-09,-4.783973044850367114e-08
-2.538561248397091761e-08,-4.564438473715677792e-08
2.799320321306309615e-07,-3.233940715230075461e-11
2.756253834205149804e-07,-1.905189928794044713e-10
-2.658674697986827399e-08,9.678745955438462152e-09
-2.482050486598917909e-08,8.588208038225199640e-09
-3.085204977211583609e-06,1.648712487235489420e-06
-3.197268305544308012e-06,1.497429542021052437e-06
3.023637394070558756e-06,1.465408379391090769e-06
2.933465512921115502e-06,1.590762656843272476e-06
-1.668445990406455060e-06,-3.457931982328186871e-06
-1.521407690136994769e-06,-3.522128267929273349e-06
1.392815152675289967e-06,-3.487500098918768378e-06
1.285058680749207441e-06,-3.539133883852180695e-06
-3.297532660721149110e-06,1.336342052136783426e-06
-3.382088704471242422e-06,1.193796518833034647e-06
3.104276906050773644e-06,1.331771435021563273e-06
3.172700932452674438e-06,1.212866754486616363e-06
-1.351634716469991314e-06,-3.580178330288301214e-06
-1.184945447863359382e-06,-3.633045605113238494e-06
1.162703558733410775e-06,-3.585770036761593348e-06
1.042727478245365464e-06,-3.628568351480799558e-06
-2.196885689952788047e-08,-3.973260626477925276e-08
-2.955177710762326186e-06,1.818656830364225169e-06
2.828530263261658097e-06,1.732227858027546947e-06
-1.819377587156196275e-06,-3.388493352790451424e-06
1.507215566947785480e-06,-3.430374141260908083e-06
-3.455526281557607013e-06,1.044916644020016412e-06
-3.516234696345349278e-06,9.136350467735616235e-07
3.232623200498851225e-06,1.087386860002480049e-06
3.282903036487968002e-06,9.751325216678548901e-07
-9.931017475760831513e-07,-3.677862328076172939e-06
-8.042247783925933707e-07,-3.716799711220335762e-06
9.024153513442233112e-07,-3.666443113263468927e-06
7.598199618952606751e-07,-3.701022878921484173e-06
-2.579650442115558107e-08,7.200566310312954670e-09
2.814682039342794962e-07,2.692746800489923407e-09
1.583812257875369667e-06,2.778353149225670470e-06
1.395491568868447351e-06,2.886559481931625603e-06
-1.424049299116669307e-06,3.028906243376779537e-06
-1.585794340436816513e-06,2.940183583980242095e-06
-3.567362283947936607e-06,7.776076614076442657e-07
-3.608801905593171347e-06,6.567477152898525280e-07
3.325939554870924265e-06,8.566505230488671067e-07
3.361597396800598610e-06,7.491014747991474262e-07
-5.885474526407665886e-07,-3.745063403890466529e-06
-3.760434524191933229e-07,-3.766387261455527446e-06
4.095140809704245206e-07,-3.752967338935690404e-06
5.891313867260692643e-07,-3.729217741584005178e-06
2.653959358796659557e-07,1.428032222127761492e-09
-3.117936320061412612e-08,4.183252668310743444e-09
1.195572700521263763e-06,2.984056133487585148e-06
1.015560787177620922e-06,3.064724123603801941e-06
-1.121806265681927341e-06,3.161905150325525777e-06
-1.261706745452954612e-06,3.103470522234788663e-06
-3.642381429562867294e-06,5.305397701093494099e-07
-3.668806675400148208e-06,4.157979014691255585e-07
3.414920268483494825e-06,5.271553772811811917e-07
3.391111416650271360e-06,6.341468819058722091e-07
8.277779492928110208e-07,3.134833830487179196e-06
6.603073575396179654e-07,3.190589335268453071e-06
-8.542721068318627481e-07,3.247460181856534657e-06
-9.796955962096951064e-07,3.210189443914139681e-06
-3.688573223204162991e-06,2.928498362209827093e-07
-3.702694270849742925e-06,1.767788720014011346e-07
3.433100060111140473e-06,4.100027337519596991e-07
3.446370400855396059e-06,2.973689539066126979e-07
1.795285801364239036e-06,2.651640705364067793e-06
-1.787889659607274698e-06,2.828755000342175212e-06
4.879911484383490789e-07,3.236738266362836695e-06
3.352982163115550550e-07,3.271228905125686397e-06
-6.050993444456609734e-07,3.299307593823247228e-06
-7.239077695364279593e-07,3.277335784097464848e-06
-3.710167774538437941e-06,4.755097660613946280e-08
-3.712071094672195147e-06,-7.974021907534646421e-08
3.453503039607736571e-06,1.703043263218830075e-07
3.455388817942779828e-06,4.414689276214952916e-08
-2.223205748244850816e-08,-2.888916860725972976e-08
-1.652898230967227382e-08,-3.362800795734030164e-08
2.619524933909336344e-07,-2.668346356968731827e-08
2.598687252476007445e-07,-2.449118845364021219e-08
8.020165337634696011e-09,4.910063440665106814e-08
4.557195264632941416e-08,6.326276413393292206e-08
1.793367075517717497e-07,3.297465888012934735e-06
4.117680254739948426e-08,3.314601537930599059e-06
-3.582859519526373529e-07,3.324571236764913693e-06
-4.779409017681799399e-07,3.315179515248643932e-06
-3.705568786170585022e-06,-2.268605736099854253e-07
-3.691874183611270873e-06,-3.766768162713812561e-07
3.449187510979263847e-06,-1.020418996850453067e-07
3.436075213674229114e-06,-2.506964470990425208e-07
3.376391742189275322e-06,-6.067116306683571651e-07
3.411121243098271410e-06,-4.260278633306687331e-07
-3.665790325260367835e-06,-5.541827137019028494e-07
-3.629366695773790778e-06,-7.382808500742822256e-07
-1.002836754676888569e-07,3.324786811828624414e-06
-2.268382420876644297e-07,3.327828635346662143e-06
3.326836580875058500e-06,-8.334077181819257133e-07
-3.577710639849326939e-06,-9.743842841719541433e-07
-5.661326182193977744e-09,-1.211840543990429777e-08
-1.624155621015510937e-08,-4.134971654937257142e-08
2.683319013241198391e-07,-3.241881801896098030e-08
2.545526841654971171e-07,-9.216486269407040144e-09
1.846534085629802666e-07,-3.612476400127257042e-06
2.700678416049083533e-07,-3.838952197606359683e-06
-2.261310762100588897e-07,-3.852645305054408831e-06
-1.316396586359945657e-07,-3.611568358965023008e-06
-3.614985424288076088e-06,-1.168203028764390978e-06
-3.396510558821610078e-06,-9.747863940511205073e-07
3.150435039398701892e-06,-8.335788058477526440e-07
3.365094362134622188e-06,-1.018192108350305521e-06
-5.972458109911456239e-10,5.920909852023371555e-08
6.825966005500535511e-10,2.033184460703902555e-08
6.230046277490258977e-08,3.316134879939780619e-08
9.535708409747068699e-08,9.166088384510459910e-08
2.542568728000609838e-08,-3.860440989874121754e-06
2.405029293292560005e-07,-1.205402135110276341e-08
2.604334137714475414e-07,-4.174522780051480817e-08
-2.900470031989390160e-08,-3.944147019962527057e-08
-1.201250233873121011e-08,-1.556373871137445541e-08
-5.263731656750780302e-09,-2.952249789265678694e-10
2.611160999885906109e-07,2.541552981670113035e-09
-1.269485673108555281e-08,-1.842294535655362680e-08
-2.738557714048793040e-08,-4.811240056042531006e-08
2.391760832004240166e-07,-6.012808199893050227e-08
2.033952092988686863e-07,-4.280203675504088103e-08
2.023530099688764580e-07,-7.848776464948679700e-08
-3.331966249472036740e-08,1.015531337528548401e-08
-1.363468575918098606e-08,4.776247748535574777e-09
2.776192771921860499e-07,3.673382206288177659e-09
2.843294207085301094e-07,7.540895004684402333e-09
2.594070394084482577e-07,2.470680408456239067e-08
2.271700768578788862e-07,4.446165775742188693e-09
-9.863543860995775604e-09,2.607777520552579376e-09
-3.719065252052595953e-08,8.347881892382330071e-09
2.146834662220027169e-07,-1.911813322880829428e-08
1.694471614465950743e-07,-2.596175457446424197e-08
-3.387371663993244149e-06,-1.543428063879385118e-06
-3.287175940696117955e-06,-1.299077010832485596e-06
-3.525625787618864945e-06,-1.425521375748541949e-06
3.147418426818632631e-06,-1.383919973611582698e-06
3.282885310338577510e-06,-1.267278501440433381e-06
3.046020533806072957e-06,-1.139150892451553674e-06
1.602656561033632076e-06,-3.451041047652886223e-06
1.519937897884666394e-06,-3.333542378759158495e-06
-1.835924176253883620e-06,-3.271903287477333693e-06
-1.938867744721791151e-06,-3.414771281386067253e-06
2.831127630018429266e-06,1.873694738383029701e-06
2.693196881419005934e-06,1.724795772050585551e-06
-2.791519220771758533e-06,1.810322513753565069e-06
-2.956374246904007076e-06,1.986421741174455050e-06
-1.983122658482867589e-06,2.826499573476860489e-06
-1.777540330095450343e-06,2.647855181899668458e-06
1.785415400667760805e-06,2.466521798822996797e-06
1.984798759530852790e-06,2.647218517825608497e-06
-3.443738127326018409e-06,-1.721935738676145344e-06
-3.209702593068391066e-06,-1.598078411139654696e-06
2.966498746788030960e-06,-1.440323180792367575e-06
3.206608993900764315e-06,-1.571232727600378767e-06
1.591834446234458682e-07,-9.419770873665459536e-08
-2.272801165745253853e-06,2.484743732453729648e-06
-2.046608900961862783e-06,2.449041405833131793e-06
-2.204344478489364387e-06,2.672942890301634156e-06
2.250179932893218386e-06,2.314511991635491988e-06
2.189464776309020151e-06,2.492816215504293491e-06
2.040774413099045094e-06,2.280251628883995218e-06
2.275698913567970588e-06,2.114550172485159860e-06
2.418477789056395045e-06,2.318943715905847329e-06
-2.462070500903966092e-06,2.490463165366299207e-06
-2.303051919258654844e-06,2.266652215792469863e-06
-5.283516506940308643e-08,-3.447572642490832196e-07
-1.948424279100575975e-08,-1.696666383128569034e-07
-5.225664509096185442e-08,1.857858810721860389e-07
-9.928660268290209900e-09,8.346561598889841340e-08
3.915409446901487413e-07,1.475535529383362053e-07
3.038183319311685818e-07,6.364110674731837048e-08
3.922330374492977918e-07,-1.301079258079128451e-07
2.997011607349162148e-07,-6.461476605496407192e-08
-2.207821497154315120e-07,8.190318232617926629e-09
-8.442903845517728145e-08,1.816474550147085035e-08
-7.896112505944022432e-08,3.032639329852366559e-08
-1.730993961487900864e-07,1.010673474496972718e-07
1.287807079285587992e-07,-1.802496316719257475e-07
1.581688482821845228e-07,-3.431038358248436851e-07
3.240688761058611869e-07,1.631505646246168088e-08
4.340547991729889467e-07,6.171115589439490098e-09
2.175668295935349058e-07,1.310635756024223871e-07
2.677075053632774046e-07,2.381173238588401575e-07
-5.381764282086680011e-08,-7.906814147354632804e-08
-1.684843073354148996e-07,-1.576831610772953546e-07
-2.165087503731201686e-09,9.884081463760468472e-09
1.767199637041464912e-07,2.120901239987246415e-08
-1.722940873681545141e-06,1.987690609850050679e-06
-1.897417131268222328e-06,2.237367598351649908e-06
-2.747396733145000240e-06,-1.133168544759763607e-06
-3.055751143379033632e-06,-1.221352113158066833e-06
2.059724198170726484e-07,-3.087207331539827942e-06
1.895214479471952289e-07,-3.388993702677244660e-06
2.654389552735624560e-06,-6.518399887608920806e-07
2.933244095341196840e-06,-7.538705036307084997e-07
1.471807330724958716e-06,2.044184616942206781e-06
1.640587987442819672e-06,2.268830819746712775e-06
2.826806980799271826e-06,-1.063214983216429702e-06
2.550954505968969526e-06,-9.776912924812101542e-07
-1.624453622234272347e-06,2.441187472207456473e-06
-1.431133083873059084e-06,2.196935132742983474e-06
-1.370962798917764355e-07,-3.386321404486897635e-06
-1.490636689044801815e-07,-3.088421126872870971e-06
-3.168514829671612565e-06,-8.880256537709259771e-07
-2.863075454360040525e-06,-7.717572000700105860e-07
1.898116439179591425e-06,2.081927092096159357e-06
1.736832472637260039e-06,1.851584701000421260e-06
-1.489786774676581570e-10,1.628945364609944074e-08
1.237571811250945199e-07,2.935876857844037517e-08
-1.274183997160610879e-07,3.277963769499109683e-07
-1.558467146851646076e-07,1.989047485938404584e-07
-2.924272940574983001e-07,2.109372331540332091e-07
-8.267740141118808631e-08,-5.612540333598526749e-07
5.121808863934258356e-08,-4.431291869517471672e-07
1.821237505320898350e-07,-5.595525128259880012e-07
5.293714517117793127e-07,-2.068705551486635736e-07
4.773693912328467170e-07,-8.531928424927783492e-08
5.872033861253930283e-07,-2.121332516274737901e-08
4.982372726641377260e-07,2.600690884711345476e-07
3.708505397688755879e-07,2.493290718327578893e-07
3.416768698338886875e-07,3.737038579802803684e-07
-4.100440353245324252e-07,-2.351931047177779037e-08
-2.741942488952921727e-07,-1.024393243609367455e-07
-3.383149955975034242e-07,-2.498132082427718470e-07
2.417051088488555512e-07,7.455616520644364674e-08
1.880758998023384600e-07,7.403691889698855182e-08
-2.779610874679013586e-08,3.969036047951060138e-08
1.645526175809764970e-09,4.154631565180189629e-08
-8.427144374044066312e-09,5.683062292849841197e-09
-1.855316994607902279e-08,1.248127088761671222e-08
2.733979195077294105e-07,1.386453376402328045e-08
2.693312345147062606e-07,7.487694758453436877e-09
-2.640960406256370135e-06,-2.620059422046138406e-06
-2.747711002232690817e-06,-2.480450659068882481e-06
-2.764955011205683487e-06,-2.610615726055683649e-06
2.301273965281134255e-06,-2.613355940103963646e-06
2.444917969798395412e-06,-2.600125684615892364e-06
2.425632690585101468e-06,-2.445352443470851094e-06
-2.537996408758968820e-06,-2.739641760601670232e-06
-2.539740327958345224e-06,-2.856204184493817882e-06
-2.425088210804929147e-06,-2.852553308358890869e-06
2.184170551395119896e-06,-2.756480799844668994e-06
2.060471660185949686e-06,-2.889526344524397978e-06
2.185876393747609836e-06,-2.891270613059297152e-06
2.542775975822457365e-06,-2.271292490493283862e-06
2.698360858107421955e-06,-2.237784260585852521e-06
2.660667831015764218e-06,-2.069685418902002105e-06
-2.847000962846613995e-06,-2.335057380793017098e-06
-2.946643753108298756e-06,-2.163970093107863069e-06
-2.980613090476567992e-06,-2.308086419028505567e-06
-3.202781554042562653e-08,1.651282614744367478e-08
-3.790759723534225287e-08,2.529652027158021068e-08
2.824581043605454574e-07,1.667379009562462339e-08
2.878665400061133992e-07,2.345854314564262854e-08
-2.317249747802065407e-06,-2.951568129721043726e-06
-2.307223769561681361e-06,-3.057828619366168451e-06
-2.199237663544645981e-06,-3.044469036716159310e-06
1.947966040660065962e-06,-3.002897209507111019e-06
1.832046092464243203e-06,-3.105468150610388499e-06
1.937907200129398233e-06,-3.116540636030668691e-06
2.771190494539094404e-06,-1.867707635804660743e-06
2.923911609572951450e-06,-1.833252500227275190e-06
2.870438613756535382e-06,-1.661661730464467969e-06
-3.040759022155237818e-06,-1.988367099610151788e-06
-3.126292241477824998e-06,-1.803249187619244790e-06
-3.177091427562284999e-06,-1.959087363365730634e-06
-2.082953192673669270e-06,-3.127628838944390202e-06
-2.072833800293749842e-06,-3.223865128343146478e-06
-1.965061077340145334e-06,-3.201446217890341959e-06
1.725146261798456245e-06,-3.192943698417111922e-06
1.624055850191075789e-06,-3.266659321643255166e-06
1.716317873426335101e-06,-3.284308536720172071e-06
2.434502218928827896e-06,1.979924267467436327e-06
2.565193649938557568e-06,1.856617226995285267e-06
2.570833727141181406e-06,1.991083998155646178e-06
-2.484529512799717267e-06,2.111978008531891497e-06
-2.643053507351913135e-06,2.123902843275545267e-06
-2.637925685074822313e-06,1.967342904602696115e-06
2.369643018623902576e-06,-5.511044809862309043e-07
2.460871392892146352e-06,-7.665489101205166502e-07
2.264003655408569804e-06,-8.837838922496590700e-07
-1.535383947369516481e-06,1.729099115067657773e-06
-1.482329734202327849e-06,1.965501402567178629e-06
-1.236184764094194212e-06,1.943604097689354640e-06
2.186710343308942719e-07,-2.766585078115195831e-06
2.980813069812066379e-08,-2.930957346284225336e-06
-1.563483716476473081e-07,-2.768024752083356948e-06
-2.420074237554022607e-06,-1.032834564162544038e-06
-2.645669117911820406e-06,-8.991456578541477295e-07
-2.541128468543038374e-06,-6.549634459663553647e-07
1.302715159280830885e-06,1.813442244696366332e-06
1.520599453017893067e-06,1.832427891027270944e-06
1.569971769077593492e-06,1.619140093942815802e-06
1.823312501805558726e-06,-3.314293041563278426e-06
1.717295973306173779e-06,-3.382344541642970322e-06
-2.190282497695753658e-06,-3.257430017900154488e-06
-2.073924416375588183e-06,-3.333100953064390039e-06
2.582093759450412455e-06,2.159688156859298480e-06
2.703740277143272594e-06,2.025178699177536437e-06
-2.653784235950887651e-06,2.315728650024964679e-06
-2.800148495398362491e-06,2.162868695281712698e-06
1.836737924857611179e-06,2.267793713493409479e-06
-1.831348994738206155e-06,2.438441940041419818e-06
-3.239934568400499758e-06,-2.114070058077962424e-06
-3.336335709841711861e-06,-1.936398193398554318e-06
2.992860547717657875e-06,-2.008666931318597822e-06
3.096999051677053132e-06,-1.806257377808379277e-06
2.068302716086698339e-06,-3.132936497830428394e-06
1.944146058993553285e-06,-3.226978865142429510e-06
-2.433300644879069710e-06,-3.075017350498150490e-06
-2.313917999710304628e-06,-3.166604231073665703e-06
1.428269806901114308e-07,8.958250157641327122e-08
1.618380641249122832e-07,5.170190881040921375e-08
1.131936382658007096e-09,2.917182215069031546e-08
4.501499160572350458e-09,5.480133130577555062e-08
-3.016279284944151684e-06,-2.457327369286960608e-06
-3.126309571771011872e-06,-2.293805253533597997e-06
2.738670126052560067e-06,-2.414035510574444140e-06
2.865511224733253534e-06,-2.219159320152565558e-06
2.331725919378926702e-06,-2.896256692650793770e-06
2.197853818680614832e-06,-3.019923847961875670e-06
-2.669008721546769470e-06,-2.862283034554103304e-06
-2.551429126238054616e-06,-2.970980789155127409e-06
-1.342089127860912514e-06,1.469487073914462787e-06
-1.147242791268873570e-06,1.214951472275882181e-06
-1.095565398148260403e-06,1.447592403502434311e-06
-1.042340492900113206e-06,1.684614592379902459e-06
-8.536476808850861398e-07,1.425589081390091545e-06
1.513547695825503170e-06,-2.710870510148789514e-07
1.247015575026186600e-06,-1.914690733296338090e-07
1.328925902841989541e-06,-3.809632134451951171e-07
1.414463647393317336e-06,-5.831565296704144520e-07
1.154762590902596797e-06,-4.826485454787241357e-07
1.136009180184449322e-06,1.581165564136755817e-06
9.746301483776867440e-07,1.351374698072647269e-06
1.185126672351625899e-06,1.370058003989919394e-06
1.400899155622137239e-06,1.388606548666351042e-06
1.232466986541045203e-06,1.163972394907174207e-06
-1.073900533973433453e-07,-8.183599014312634257e-07
-1.271965807436250036e-07,-1.108227278439175033e-06
4.571900385246054737e-08,-9.568616935741313793e-07
-6.446255680883101059e-07,-7.516259784814378136e-08
-9.161321242570322146e-07,-1.441205373671288139e-07
-7.259824026054604456e-07,-2.562197326900182725e-07
2.014738045302572612e-07,-8.170079130050971082e-07
2.160005959866297900e-07,-1.106885462659778245e-06
-5.563618655295120881e-07,-3.522655096385974403e-07
-8.144934979792792642e-07,-4.622501030182848503e-07
1.689815176833489417e-06,-6.847609014487688928e-07
-5.943914671112255293e-07,5.372056420586376008e-07
-7.693270780889894493e-07,7.433421279378201330e-07
-1.582898997150170399e-07,-2.093046389511814307e-06
-1.525575688478845892e-07,-1.753454038721175450e-06
9.997811612719148336e-07,-1.219698173953842041e-07
5.497086797169605986e-07,7.157210862421032199e-07
6.788299727847125532e-07,9.148786276436454007e-07
-1.870129375845268406e-06,-4.280859337427566082e-07
-1.537029985661088560e-06,-3.232568993065089023e-07
4.043351139615336833e-08,-1.584783303262819657e-06
-1.422235598863216493e-07,-1.422582315312174897e-06
4.365088964797382338e-07,5.341509937861815751e-07
-9.549554823788344717e-07,9.710643281694045691e-07
8.671994696517569286e-07,9.321601581303922994e-07
8.213411425509807789e-07,1.128004327125975149e-06
-1.315365172322361696e-06,-4.544028695428460754e-07
-1.216323824308281800e-06,-2.277120221139951183e-07
-4.341156162067514294e-07,3.579772270386769863e-07
-2.207537924439489364e-06,-5.395365538743523164e-07
-7.242256095512654803e-07,9.509981006031066975e-07
1.974917768694041441e-06,-7.855740025968361150e-07
7.778298690624613995e-07,-6.456072490820735704e-08
-1.595163588295410936e-07,-2.433721889121142421e-06
2.257369832694962604e-07,-1.421230663622517969e-06
-1.104484995972222367e-06,-5.771031603152922130e-07
1.067559932421735881e-06,9.490743137552762398e-07
6.216973687412305877e-07,3.996613113713116735e-07
2.307779833720587405e-07,-1.752102138579572605e-06
-2.308327423364595161e-07,5.028654451097311029e-07
-1.418148258700934544e-06,-6.941907639592385674e-07
-2.083974771687179554e-06,-9.246227476084604425e-07
-6.741973644624900565e-07,1.172337425304662403e-06
2.271552386596205694e-07,-2.432367735268668003e-06
9.089848569582621542e-07,7.476503293482620203e-07
2.080795824487330391e-06,-4.528479554345603292e-07
7.061896340996900555e-07,-2.925670564708903843e-07
-4.006080198912958706e-07,5.204273334858187866e-07
5.888265602568543515e-07,5.490349327534496080e-07
2.312183907281845217e-07,-2.091697593066859990e-06
-1.747340695703421590e-06,-8.108961896498917277e-07
7.594757370662700211e-07,5.633340757369039613e-07
-5.079843629066087654e-07,9.304775482932977614e-07
1.793441689915605118e-06,-3.588643003748457020e-07
1.883594212689611477e-06,-5.701550851154558612e-07
9.166702214281554841e-07,-3.851441561479822222e-07
-1.976865439461161336e-06,-6.756787395638647552e-07
-3.589192657013553186e-07,7.055187118109674126e-07
3.514352052881326293e-08,-2.263222498169082462e-06
8.441859556115120301e-07,-2.141507193503166104e-07
-2.785592099585837092e-06,-2.739215234209782065e-06
-2.900119177712284812e-06,-2.605946499367903378e-06
2.467728760741846104e-06,-2.751826314167426241e-06
2.602543274404384674e-06,-2.592524800696721364e-06
8.906983480347739760e-08,-3.147215513662075511e-08
2.921200824202087877e-07,-1.523901774440571122e-08
-4.451380696787849111e-08,-2.069947959703541739e-08
2.971956888988510298e-06,-9.454414126180985376e-07
-3.209889043983023797e-06,-1.094615133466943235e-06
6.351280815076848908e-08,-1.502617106292188543e-07
-5.701727812689745557e-10,-9.469828509786608767e-08
1.208194004497870019e-07,-1.137394789640194176e-07
2.740925571958748263e-08,-3.484647935254884905e-06
1.109870490343575147e-07,-7.542962354108299571e-08
3.734401943365598361e-08,-4.616991767636085668e-08
