Size 955,2
0.000000000000000000e+00,0.000000000000000000e+00
0.000000000000000000e+00,0.000000000000000000e+00
2.443944458526651447e-08,-1.138766516566986160e-05
-2.304338125748924483e-07,1.027140038071053330e-05
2.010240669455330473e-07,-1.532199480813980016e-07
2.421473836002420802e-07,-1.052127232620386865e-07
4.872471710457268424e-07,-1.050327127424386128e-05
9.174206586865428110e-06,-3.543144614235355155e-06
2.803492626294998139e-07,3.128385816115826051e-08
2.831503221101505941e-07,3.150006269629017698e-08
9.495459427230513525e-06,-2.599711138752317117e-06
5.947119748770695212e-06,7.093522446995373231e-06
9.401674568541560877e-08,1.661021182022520574e-07
8.854905203481664513e-09,1.372627102681502856e-07
5.118706065337442773e-06,7.701533158097204738e-06
-5.165032990698796380e-06,7.886996367201777746e-06
-1.104500784409825227e-07,3.587708119343589534e-08
-1.106633931764253816e-07,3.543818047507619025e-08
-5.993381533283417972e-06,7.268959416655221854e-06
-9.786760258231856302e-06,-2.746473275336150131e-06
-7.049791705094768550e-08,-1.108352869362538042e-07
-8.049762437789156984e-08,-1.420228543113908317e-07
-9.472756123862135903e-06,-3.677266102294426529e-06
-4.383502428416444765e-07,-1.049914007787376827e-05
1.298343145293393411e-07,0.000000000000000000e+00
1.895658773938018650e-07,0.000000000000000000e+00
2.024641562377585376e-07,0.000000000000000000e+00
1.887185328616241026e-07,0.000000000000000000e+00
1.162402771519595500e-07,0.000000000000000000e+00
0.000000000000000000e+00,0.000000000000000000e+00
0.000000000000000000e+00,0.000000000000000000e+00
0.000000000000000000e+00,0.000000000000000000e+00
0.000000000000000000e+00,0.000000000000000000e+00
0.000000000000000000e+00,0.000000000000000000e+00
5.860969361239956609e-07,-1.135715769203180580e-05
1.116510219232256577e-06,-1.129510440218783056e-05
1.613877109993245013e-06,-1.121599825337604215e-05
2.090307084904028939e-06,-1.111931425621732455e-05
2.549568364907926702e-06,-1.100578876207894034e-05
2.995489178650335671e-06,-1.087535071347137503e-05
3.431449718072975298e-06,-1.072747954960320734e-05
3.860264931143748339e-06,-1.056110204308550997e-05
4.284091389232925787e-06,-1.037482594189007254e-05
4.704386323968277088e-06,-1.016716271958976343e-05
5.122193446027528574e-06,-9.936308794509979460e-06
5.538646305163382013e-06,-9.680418229355038570e-06
5.956178916388034264e-06,-9.399603790472693676e-06
6.371481309855478467e-06,-9.090750618325905744e-06
6.788457256101579843e-06,-8.747131455909828515e-06
7.198461293963436315e-06,-8.373671508050198941e-06
7.605393958508702109e-06,-7.963689259162785950e-06
8.000386447919337536e-06,-7.522401545637197647e-06
8.378573293381561367e-06,-7.047995891780846353e-06
8.738252433674710423e-06,-6.545150578906237698e-06
9.075857674325619147e-06,-6.017051436172580394e-06
9.387822208060150582e-06,-5.466950999385587336e-06
9.670872235565897837e-06,-4.898819992823174676e-06
9.921819537400665705e-06,-4.317884276974652770e-06
1.013959689457722102e-05,-3.726031956329785364e-06
1.031608890352830153e-05,-3.130630401929034837e-06
1.044310200708738097e-05,-2.556247483350773878e-06
1.053233012752891920e-05,-2.017323187323354068e-06
1.059436393262557764e-05,-1.512264157944329089e-06
1.063281353684160775e-05,-1.031697033034872073e-06
1.065022428639041899e-05,-5.714004120177447648e-07
1.064882135927940534e-05,-1.268902187291842640e-07
1.062974122140867262e-05,3.061957830706513669e-07
1.059349300359312764e-05,7.319130606433555933e-07
1.053986922373472605e-05,1.153894797919003380e-06
1.046811090154534801e-05,1.575218759360865832e-06
1.037697673014782334e-05,1.998311047415597924e-06
1.026501331912458723e-05,2.424906731626062618e-06
1.013039475860804796e-05,2.855985853363820646e-06
9.971587633502677512e-06,3.291783440766005819e-06
9.786689998701178289e-06,3.732243392218446293e-06
9.574030758229610434e-06,4.177540946397934711e-06
9.334576118199259775e-06,4.629204957297146525e-06
9.064579208389119698e-06,5.082524914248016750e-06
8.758224441853164084e-06,5.541401158709546974e-06
8.420422190673182943e-06,5.995601313352335033e-06
8.045731547024171867e-06,6.448715363635819900e-06
7.639542155678265872e-06,6.890525384750591574e-06
7.198950500901929609e-06,7.322924295835180785e-06
6.728737786838261188e-06,7.737759444411551821e-06
6.225874360712473429e-06,8.133799440057812999e-06
5.697852990482679234e-06,8.493895623340363258e-06
5.170827855208729712e-06,8.807475541389517479e-06
4.646647793123398039e-06,9.083923569656627371e-06
4.130371966106588546e-06,9.330505339908656985e-06
3.618597073277006707e-06,9.545154148467656005e-06
3.111730996638600154e-06,9.728949040911667650e-06
2.610833224225858247e-06,9.883500665573125875e-06
2.117106723611361654e-06,1.000983427263664784e-05
1.631330928149370358e-06,1.010966769511245567e-05
1.153912726293790919e-06,1.018428431762761903e-05
6.848373767183351259e-07,1.023527596933017475e-05
2.236651890837719377e-07,1.026390374502162182e-05
-6.786219602321891883e-07,1.025851017348869446e-05
-1.122272771472835864e-06,1.022569639342332772e-05
-1.562985620359913447e-06,1.017327190490547251e-05
-2.002581330229442521e-06,1.010115146487904070e-05
-2.443009226139700252e-06,1.000876885553044675e-05
-2.886264784347827252e-06,9.895235503512606840e-06
-3.334282316691143951e-06,9.758945129902912960e-06
-3.788788978156460200e-06,9.598304580157118005e-06
-4.251928033537996625e-06,9.410670721163957145e-06
-4.726989016571395491e-06,9.193213776557760525e-06
-5.223753199076589590e-06,8.947183125416761549e-06
-5.738181694843244433e-06,8.660948953423871772e-06
-6.273005617989276311e-06,8.314083964410758892e-06
-6.788745729549501696e-06,7.922205434569249503e-06
-7.279763906036331249e-06,7.501827066918740678e-06
-7.743913213367451421e-06,7.057244006764129309e-06
-8.176944077100970691e-06,6.595490507919690772e-06
-8.577844168660500601e-06,6.117777241699697525e-06
-8.941138362829694042e-06,5.635044768048867049e-06
-9.270549671335694283e-06,5.145348222604248220e-06
-9.560644334056611114e-06,4.660605275591143951e-06
-9.816895445947539626e-06,4.177561115575887651e-06
-1.004367877505666127e-05,3.702282661416120818e-06
-1.023964019817109017e-05,3.233636424348101571e-06
-1.040658206878690905e-05,2.771935867788294039e-06
-1.054671536566616251e-05,2.317717492152544055e-06
-1.066184124802886588e-05,1.871144142861149600e-06
-1.075422696805162145e-05,1.431501197901009673e-06
-1.082570935935560998e-05,9.971759554800259365e-07
-1.087798238747626929e-05,5.657526172691552117e-07
-1.091220041910759292e-05,1.340484467026683180e-07
-1.092894650595285289e-05,-3.017484104441100828e-07
-1.092804520736280412e-05,-7.459354962101638443e-07
-1.090861653774597620e-05,-1.203146155230311645e-06
-1.086868103705450101e-05,-1.678135511252827303e-06
-1.080584750580611173e-05,-2.175360986759285517e-06
-1.071677197056054375e-05,-2.704954055110815021e-06
-1.059030842256973587e-05,-3.268941815586974682e-06
-1.041269642973424789e-05,-3.850933476039413015e-06
-1.019504450064571002e-05,-4.421291261558751089e-06
-9.951162153066508967e-06,-4.971990800920284017e-06
-9.680391647538275437e-06,-5.506694983131729136e-06
-9.385093248791355998e-06,-6.022455417726533930e-06
-9.067327120598441171e-06,-6.517308473801667534e-06
-8.729349918186967732e-06,-6.989707258380305126e-06
-8.373196860431779049e-06,-7.438076856741718688e-06
-7.999635616042649012e-06,-7.859890521755017790e-06
-7.611836805461666106e-06,-8.256688569203225660e-06
-7.214212158700053836e-06,-8.625797547951913582e-06
-6.804604475275897549e-06,-8.970967121524944235e-06
-6.386694906258565415e-06,-9.289964054200315922e-06
-5.958733603650398737e-06,-9.585898670577246635e-06
-5.521828267978763889e-06,-9.859402683146186545e-06
-5.075098882982918086e-06,-1.011043147006959966e-05
-4.618174512499652847e-06,-1.033947419776082464e-05
-4.150740273028766722e-06,-1.054680093672451596e-05
-3.672416352334707405e-06,-1.073254466713298976e-05
-3.182726934728342152e-06,-1.089657546390474938e-05
-2.681178512310213356e-06,-1.103863244889035576e-05
-2.167347740809543212e-06,-1.115811007127237250e-05
-1.640980572811083259e-06,-1.125427027885546849e-05
-1.102382249303411762e-06,-1.132608179897700518e-05
-5.459673376192106638e-07,-1.137393983493764338e-05
2.276105635776222752e-07,-1.215786185704562523e-07
3.551929042110372451e-07,-2.237887238014810976e-07
5.347125524000230036e-07,-3.595841406916096316e-07
8.047316143064728375e-07,-5.191714998183581234e-07
1.131110519110343828e-06,-6.893067460306510763e-07
1.530231907336305108e-06,-8.774913647192194633e-07
1.974347017552528988e-06,-1.072719055681468605e-06
2.474657046080447414e-06,-1.280722165544400478e-06
3.008774731015214642e-06,-1.492291977226919176e-06
3.582866671262494182e-06,-1.711482062190775734e-06
4.179821031507752991e-06,-1.930839356851037127e-06
4.800875866185439625e-06,-2.152773887528039695e-06
5.434083728980098901e-06,-2.371553768151977074e-06
6.075865998519755760e-06,-2.587978302252864638e-06
6.719309781401615583e-06,-2.797986730206845101e-06
7.356136669614606788e-06,-3.000880759919735177e-06
7.984835284999106559e-06,-3.194465323029153357e-06
8.591111989327592508e-06,-3.374587400776205623e-06
8.934897941963165232e-06,-4.124303930956220697e-06
8.666734861833320862e-06,-4.700834833365379940e-06
8.371734181501567213e-06,-5.263797154044907944e-06
8.052165744351886284e-06,-5.807922166748790736e-06
7.710292674945535258e-06,-6.328916149844275547e-06
7.348469911833300682e-06,-6.824138196733419234e-06
6.976854249518859789e-06,-7.288293594805525379e-06
6.591511867488119117e-06,-7.722679101527592344e-06
6.201724732321450474e-06,-8.119504465977867705e-06
5.803640281980558917e-06,-8.484307373305651609e-06
5.405196441117201032e-06,-8.811912713742130589e-06
5.000306266933273475e-06,-9.108964546915464190e-06
4.593051195200118526e-06,-9.370314410416269536e-06
4.180152754881454405e-06,-9.603463862307313746e-06
3.761600466991899626e-06,-9.809064934951989528e-06
3.336088767306042041e-06,-9.987690762978134430e-06
2.901568415209542163e-06,-1.014002667996287001e-05
2.455352712313026761e-06,-1.026641911761711038e-05
1.994140453198403694e-06,-1.036676424354002288e-05
1.514209684139640816e-06,-1.044053724079844355e-05
1.011106149768536193e-06,-1.048655588682798568e-05
5.221092406895094928e-07,-9.922071945634619559e-06
5.515876937050599289e-07,-9.317147267274706926e-06
5.771177756437767484e-07,-8.675600699854466182e-06
5.964670121719601892e-07,-8.013808820751447455e-06
6.111407138507524252e-07,-7.330042400300807427e-06
6.191818628750842376e-07,-6.636777433067330133e-06
6.222142333732999272e-07,-5.937702666491502786e-06
6.181272998787437294e-07,-5.240522784085487341e-06
6.086784090839778315e-07,-4.554872272445931935e-06
5.916264615200128340e-07,-3.883319545658471355e-06
5.688601728314050984e-07,-3.241813592124580120e-06
5.380072418037515576e-07,-2.627409582010048205e-06
5.010857998257258367e-07,-2.062747823616793413e-06
4.555884182728031574e-07,-1.539010808968239584e-06
4.037115716002950434e-07,-1.085869005887392544e-06
3.428049942773958088e-07,-6.879448824525326253e-07
2.747057212305377434e-07,-3.843183503562710968e-07
2.781404926390870593e-07,2.393176015053627539e-08
4.397065754905319483e-07,1.389865494418252273e-07
6.150104057101134457e-07,2.937465115828086322e-07
8.264705309773198281e-07,5.033609691406722640e-07
1.060438817449237829e-06,7.495699124586263132e-07
1.326865577526009067e-06,1.044931262722227141e-06
1.611964473662990650e-06,1.372424120954799275e-06
1.923928619984142240e-06,1.741841380024923060e-06
2.250417809454705706e-06,2.138347478557492089e-06
2.597629280609360409e-06,2.568809251478786718e-06
2.954834254070864069e-06,3.020788500202951368e-06
3.326058334935697879e-06,3.497982224191418971e-06
3.702363413828766748e-06,3.990597660344602591e-06
4.085423521502437046e-06,4.498916003461241582e-06
4.468263827076473763e-06,5.016031215920213382e-06
4.850050973937623417e-06,5.538555321186712987e-06
5.226080627610933479e-06,6.062841810962056256e-06
5.592056934922078428e-06,6.581355474099979797e-06
6.433002005215413647e-06,6.697300924139544218e-06
6.894998668243874218e-06,6.281881728466401482e-06
7.323405915851653103e-06,5.856922041839139028e-06
7.721042138385757046e-06,5.421336572034044985e-06
8.081463257540546418e-06,4.984370310199124062e-06
8.409713140924609252e-06,4.542877390996559343e-06
8.700374452589637239e-06,4.106325420664564541e-06
8.959994366198862874e-06,3.668705290813266026e-06
9.182057014952068276e-06,3.236224740521681655e-06
9.374615812394176278e-06,2.805670425375199447e-06
9.538444920400458032e-06,2.378370123775782763e-06
9.674136302421246447e-06,1.954300181314694119e-06
9.782709874591292930e-06,1.532643649741494753e-06
9.864751074142669312e-06,1.111857221480588742e-06
9.920690274625532798e-06,6.896314474688282595e-07
9.950455094339896332e-06,2.630109922883721246e-07
9.953426841424848565e-06,-1.715202096138641333e-07
9.928260499897788275e-06,-6.179260232328781575e-07
9.873027856866641334e-06,-1.080366479421450049e-06
9.784662682489965829e-06,-1.563183143175693339e-06
9.660027738988078628e-06,-2.070666590181386246e-06
8.912173825142734589e-06,-2.378975486471895841e-06
8.316198733211532560e-06,-2.161534013384726182e-06
7.697451511292649425e-06,-1.940218719560124999e-06
7.065711653942654271e-06,-1.721446205125123651e-06
6.424426078688617249e-06,-1.504510279422011372e-06
5.780799984876005429e-06,-1.293609948395163605e-06
5.142768854938106788e-06,-1.089517912454085549e-06
4.512755646349043279e-06,-8.949940117454440380e-07
3.903797952355985063e-06,-7.124187329334982051e-07
3.313476267622634973e-06,-5.430183103304278292e-07
2.760016444350038250e-06,-3.908167389764593970e-07
2.236046063657018232e-06,-2.554739186031776365e-07
1.765090531624416918e-06,-1.426921895295695404e-07
1.334709007370277557e-06,-5.052725025393546821e-08
9.738538623586733838e-07,1.358544930385749211e-08
6.649562745575460737e-07,5.325943821998973077e-08
4.415130702381542254e-07,5.932379577130427087e-08
4.384883268705534045e-08,1.569629859722514153e-07
-2.270230697172640317e-08,2.807103875664041601e-07
-9.558109592925883064e-08,4.756445379792157042e-07
-2.200337417604513937e-07,7.345966910601847490e-07
-3.780428340021680594e-07,1.032109986417195329e-06
-5.797827459232170219e-07,1.384011951872196867e-06
-8.110306374549993234e-07,1.768077000611680036e-06
-1.079125153820990121e-06,2.196486231145466245e-06
-1.371963235521372172e-06,2.649847722632776939e-06
-1.694156711768233054e-06,3.136760469997892313e-06
-2.035965230479417625e-06,3.640899996115958106e-06
-2.399078644830235084e-06,4.167025035879263769e-06
-2.776296407499579809e-06,4.702125583514604276e-06
-3.166206178776828772e-06,5.246874722495438996e-06
-3.564332569613008540e-06,5.791843525140978036e-06
-3.966018364031014887e-06,6.333318091456834170e-06
-4.369484035152430409e-06,6.865291099000662536e-06
-4.766429757043352057e-06,7.381297763223500223e-06
-4.697117495835502216e-06,8.219216711718818592e-06
-4.228876004257247357e-06,8.510192006497374647e-06
-3.775155788795202159e-06,8.749456511915746954e-06
-3.326116175071319462e-06,8.953657626424926523e-06
-2.881864978396056622e-06,9.125359927483706551e-06
-2.441047870707167281e-06,9.266294803250871260e-06
-2.001981330233006791e-06,9.378512777652899928e-06
-1.562959222116770266e-06,9.463245625803844534e-06
-1.122220544655815062e-06,9.521518087746334586e-06
-6.781520590434557272e-07,9.553837842460180042e-06
-2.293465747162527133e-07,9.560332911064245149e-06
2.253745775215308040e-07,9.540747321644209221e-06
6.869845596256763932e-07,9.494530278455915736e-06
1.156139424895402449e-06,9.420823685639498780e-06
1.633012902674273035e-06,9.318751352390819483e-06
2.117384491427462811e-06,9.187031819245916321e-06
2.608521127709831159e-06,9.024766326008760444e-06
3.105359011728610139e-06,8.830517656531372650e-06
3.606355061423657331e-06,8.603682037973914515e-06
4.108916562717283910e-06,8.343206641644126907e-06
4.616803904045675586e-06,8.039284997908743475e-06
4.736340497009649950e-06,7.202276800825157655e-06
4.354772403574376594e-06,6.694519246803290219e-06
3.970547153956350792e-06,6.176524617475117622e-06
3.589593102508502333e-06,5.653346363135763590e-06
3.214066324873433786e-06,5.130864801267230404e-06
2.846909688604251070e-06,4.610955362821742291e-06
2.492528825534132748e-06,4.102373642127413862e-06
2.151177570551368470e-06,3.603438128748081200e-06
1.829404915909996240e-06,3.125677931309507619e-06
1.524941377755343815e-06,2.664120260023045913e-06
1.246298206592711821e-06,2.232814044014920643e-06
9.888619877974565688e-07,1.823741482751194266e-06
7.629284287108011757e-07,1.453225512238174993e-06
5.617205676539703377e-07,1.110453009724220479e-06
3.971119301193680653e-07,8.137515754924386314e-07
2.604270436946693791e-07,5.497173540499427156e-07
1.654497371029529783e-07,3.397896659096753777e-07
-1.057511701384513069e-07,3.370981566525176167e-08
-2.864385064610480233e-07,6.348017009632287078e-08
-5.289952027430636744e-07,5.754430626187809008e-08
-8.641670847638050237e-07,1.527046639859421667e-08
-1.254894284604527902e-06,-5.368699020924675074e-08
-1.719478480981632287e-06,-1.528450404410595345e-07
-2.226681962302836514e-06,-2.742998428215760309e-07
-2.789006268305037925e-06,-4.197405909856075321e-07
-3.381340451139306020e-06,-5.832256808728709078e-07
-4.010402849100729399e-06,-7.646066230576917791e-07
-4.657097593374991553e-06,-9.598528023988339422e-07
-5.322474922758441508e-06,-1.167017015280023165e-06
-5.993342542080592030e-06,-1.383944489076804205e-06
-6.665192946156282425e-06,-1.606922576765485028e-06
-7.330646045853963173e-06,-1.835636560732968215e-06
-7.979707800477759978e-06,-2.064690452142461617e-06
-8.610308259563658032e-06,-2.295501358931766666e-06
-9.208667826008420771e-06,-2.520372312172043805e-06
-9.947446307735075723e-06,-2.228070403198002632e-06
-1.006921758020817520e-05,-1.728521120003222969e-06
-1.015520968778797683e-05,-1.251486310788889959e-06
-1.020829981128771550e-05,-7.923664680405373489e-07
-1.023123552683725299e-05,-3.465436679122247776e-07
-1.022565341444440090e-05,9.042436906316293396e-08
-1.019255768193484713e-05,5.227407734433737641e-07
-1.013221599889980221e-05,9.541061565572201915e-07
-1.004436683463497030e-05,1.387568261655854244e-06
-9.928214593038321438e-06,1.825422849891311073e-06
-9.782925412827996126e-06,2.269069780015795124e-06
-9.607195205886609262e-06,2.719048813785242814e-06
-9.400369702665233655e-06,3.174970348394758963e-06
-9.161633099659398613e-06,3.634868669363100028e-06
-8.882003301803873921e-06,4.101904177065275610e-06
-8.569578608368036223e-06,4.568697101350682175e-06
-8.217795191726519997e-06,5.040819764724137990e-06
-7.833388587163807315e-06,5.507833357865530243e-06
-7.412812009417064026e-06,5.971009125430687506e-06
-6.963795243792796511e-06,6.421234186904497943e-06
-6.486880227667534859e-06,6.856482561953721905e-06
-5.638789232235420125e-06,6.749967413140783669e-06
-5.267360981236026131e-06,6.217030163208897152e-06
-4.879715238913636478e-06,5.672567894310866507e-06
-4.483098205471413284e-06,5.127476267101751551e-06
-4.082075613141267946e-06,4.584690932584377401e-06
-3.678621698734928097e-06,4.049816560563001305e-06
-3.280350508025807829e-06,3.530048775374531379e-06
-2.886191149686348651e-06,3.026517957378358579e-06
-2.506288002613065013e-06,2.550093687632927179e-06
-2.136639888580059879e-06,2.097696437466824781e-06
-1.789759871066199664e-06,1.683636518057270838e-06
-1.458897557692042276e-06,1.300869946775308253e-06
-1.158756816112262649e-06,9.668993722445300019e-07
-8.800103178957185896e-07,6.709435284306903506e-07
-6.393419987737755570e-07,4.335081495508807723e-07
-4.252362118175389238e-07,2.406981174652112238e-07
-2.558525142353142417e-07,1.137476169553456084e-07
-7.245470410986634823e-08,-1.112921210888033879e-07
-1.720242995209714574e-07,-3.831612071515518583e-07
-2.430108716555471072e-07,-6.896888128138855922e-07
-3.071899117291264189e-07,-1.086999772586036208e-06
-3.622900890198585308e-07,-1.540126846170588473e-06
-4.109310830174154727e-07,-2.063892740720750685e-06
-4.510064272438003509e-07,-2.628552974878046639e-06
-4.850165539363171296e-07,-3.242955931212803085e-06
-5.109394730306614168e-07,-3.884461993450049271e-06
-5.311479407976777469e-07,-4.556014753463528326e-06
-5.437533649474315595e-07,-5.241665248834630134e-06
-5.509968770726846361e-07,-5.938845078500909071e-06
-5.511213424541824796e-07,-6.637920270729348364e-06
-5.462356390803593483e-07,-7.331186174573228100e-06
-5.347119049594237636e-07,-8.014939919795137547e-06
-5.185495755656258793e-07,-8.676727829185121082e-06
-4.962709661180462634e-07,-9.318576448834398743e-06
-4.692974995301788134e-07,-9.922880291915290332e-06
-9.883903306952694231e-07,-1.047043394213495124e-05
-1.530576529578230317e-06,-1.041326140469856508e-05
-2.059286892851671526e-06,-1.032800593842987789e-05
-2.574582908164723480e-06,-1.021532193581993118e-05
-3.076478723687203022e-06,-1.007573908034187376e-05
-3.565183918775562085e-06,-9.909741513568838837e-06
-4.040981747361474595e-06,-9.717561584333456033e-06
-4.504152818463270860e-06,-9.499367857687516132e-06
-4.954874806369178537e-06,-9.255211236043829316e-06
-5.392962626428445810e-06,-8.985146725061550222e-06
-5.819425121880643739e-06,-8.686833011784442284e-06
-6.232430340677254702e-06,-8.361779317331091170e-06
-6.634621375439247681e-06,-8.007465211368993069e-06
-7.022200767725624543e-06,-7.625976458403670771e-06
-7.397515570336571348e-06,-7.214539836414389908e-06
-7.755289922620500515e-06,-6.777159818966833714e-06
-8.098568759577218776e-06,-6.313029142147226604e-06
-8.421048334284624804e-06,-5.825090290432268511e-06
-8.721219666137911797e-06,-5.314584571249331717e-06
-8.997665261309739974e-06,-4.783763632519939365e-06
-9.248761359659124175e-06,-4.235362865567389684e-06
-8.886807094607842582e-06,-3.516997871930657506e-06
-8.273481192772934534e-06,-3.342600957602980690e-06
-7.629247072493888203e-06,-3.151506294842669442e-06
-6.971817750607280391e-06,-2.948415197967097725e-06
-6.301356785213812051e-06,-2.735372146250094595e-06
-5.629106548862696767e-06,-2.513777202742275369e-06
-4.961253410410160902e-06,-2.287729670063441477e-06
-4.303622839052046066e-06,-2.056883661159892370e-06
-3.668155060040405079e-06,-1.827244859340339578e-06
-3.055143520030858346e-06,-1.596624792063659639e-06
-2.482407823002626910e-06,-1.372982551446136851e-06
-1.944597809679277624e-06,-1.152253798162576828e-06
-1.465523173139841201e-06,-9.443856220187274241e-07
-1.034084412622734146e-06,-7.434014200919866289e-07
-6.801817835161564167e-07,-5.612845850059493640e-07
-3.867519994763659736e-07,-3.900922837108008706e-07
-1.903030645066328528e-07,-2.435831179073971662e-07
-1.336992852058185637e-07,1.915357149084311331e-07
3.893071338278093353e-07,-7.870690909701941060e-08
5.107164395506418879e-08,-3.736297327155740941e-07
-2.285358985129652470e-07,-8.718325071717759596e-08
2.994581293618789964e-07,2.330793943947560178e-07
-3.619495761957599077e-08,5.505473288146079951e-08
1.839880657081561685e-07,6.523776303194317959e-08
-7.103465039413668727e-08,-2.882603525860450643e-08
2.455133235219725823e-07,-2.003658062689723809e-08
-6.917635845722442830e-06,-8.307309329506288030e-06
6.487531350549883352e-06,-8.424434306347923767e-06
7.674732147068894498e-06,6.141841808968033555e-06
-7.784013882154776310e-06,6.271864088307112335e-06
-8.567662805941793708e-06,5.327086180173715921e-06
8.408890905061493335e-06,5.252599372132715831e-06
5.166041462227709579e-06,6.893273179059067778e-06
-5.205948898439767356e-06,7.067298053769961108e-06
7.279466333743483262e-06,-7.617714882568849876e-06
-7.687534306782565501e-06,-7.528578686640273248e-06
4.882704936722951063e-06,8.409923289060710063e-06
-4.947383331884819981e-06,8.570129065553037329e-06
-9.051866715006456256e-06,-3.021609251389537958e-06
2.581195820313798876e-08,-9.927444309255802814e-06
8.754533490940846012e-06,-2.879727493827649687e-06
4.410470162550515861e-06,5.857815407759387631e-06
-4.255105132250253251e-07,5.781620363548564701e-07
7.528303348723258837e-06,-2.470953012921465492e-06
8.816442804899826856e-07,-2.503003019411328992e-07
-7.806725998962210595e-06,-2.608762612405110680e-06
2.931391621941879948e-08,-8.678977093684727095e-06
6.082627151578531895e-07,6.536690458109704462e-07
4.819677023675129804e-08,-1.078569791092958622e-06
-7.639814841388265552e-07,-2.703356995855651389e-07
-4.423336649258930272e-06,6.003717303690770178e-06
4.508003172381050231e-08,-2.057518202672892667e-06
3.245140558114762157e-08,-7.331928806833442031e-06
3.649183074242333953e-06,4.814105383307074789e-06
6.250185296995582113e-06,-2.046270510089388832e-06
-8.656884602661200605e-07,1.170521410617425617e-06
1.041845999043972889e-06,1.244870827059894214e-06
1.641613559635281950e-06,-5.081376471702296246e-07
-6.483844161156264949e-06,-2.171345021564269225e-06
-1.586122446273577504e-06,-5.465535054540132491e-07
-3.623746931426184433e-06,4.915225673105987779e-06
2.908028341046916035e-06,3.798426580089137289e-06
-1.431578494219339289e-06,1.936109444772202601e-06
4.192172010744618216e-08,-3.238531673575694422e-06
-2.838441870169211194e-06,3.846775368558022518e-06
-5.140747232677643288e-06,-1.727020322803702943e-06
3.560871291376296280e-08,-5.937979080754585305e-06
2.612861157557686519e-06,-8.343251919558059599e-07
1.582604362270288257e-06,1.983864417827523833e-06
4.970390772154000617e-06,-1.620690616481167071e-06
-2.631115805626857897e-06,-8.948797534911753817e-07
-2.098127129985327086e-06,2.840533164122542137e-06
3.876523570256572969e-08,-4.553426187541133473e-06
2.211603078966706923e-06,2.844599097557014214e-06
-3.836441482279654429e-06,-1.295013651261216024e-06
3.740395331975366816e-06,-1.211005981250211331e-06
-6.094314585778408142e-06,-8.977531214036450327e-06
5.670960259874334029e-06,-9.095284704862043612e-06
6.806864704478250761e-06,6.997966458766617166e-06
-6.872614997385808411e-06,7.166556730452015401e-06
-9.208530728027493510e-06,4.371220487608358606e-06
9.005578760267654622e-06,4.358474303786729630e-06
1.903962984531639788e-07,-6.429545362788430478e-08
3.889285088453391627e-08,-1.278884274870178725e-07
-4.475331288447899402e-08,-6.241426711626314146e-08
5.873560754300606609e-06,7.759048313983071501e-06
-5.917894745406167136e-06,7.939868614435539114e-06
8.716397175509897437e-06,-5.637694341856019911e-06
8.395567320437252558e-06,-6.178208135192959144e-06
-8.744447168826716523e-06,-6.172638719466058221e-06
-9.046254404680259239e-06,-5.666239878540952597e-06
2.854931445829747555e-06,9.367975369723514198e-06
3.358829985122167733e-06,9.186431162032095778e-06
-3.554036289176201499e-06,9.274441772205535933e-06
-3.103410337499205140e-06,9.434199971732059475e-06
9.027291243393554854e-06,-5.084186732898970576e-06
-9.339405198304046190e-06,-5.146345192539302276e-06
2.360768898701192464e-06,9.532873596935337155e-06
-2.661310184468570929e-06,9.579090930728210564e-06
1.003760549349611203e-05,-2.301807394797779741e-06
9.904273658294704925e-06,-2.863252111626471710e-06
-1.018714344555813478e-05,-3.006670790458861540e-06
-1.031826118729150118e-05,-2.455022746346064977e-06
2.382347300361876186e-07,1.373982185343597384e-08
2.187466266131734899e-07,2.198856278437705184e-09
2.620943502241786415e-07,7.909706942324838667e-09
-6.136176129550853715e-08,2.001448345767639739e-08
-9.073451398722536221e-08,7.212902114494329388e-09
-3.290991448105694434e-08,3.848899766935314261e-09
-6.430946893573234076e-06,7.217819622057001910e-06
-6.918005309937315829e-06,6.793039050172982763e-06
6.850478136577385287e-06,6.637389827083770519e-06
6.378434204406019927e-06,7.046509805808700570e-06
1.015190892981130070e-05,-1.783268172182919616e-06
-1.043125250948227427e-05,-1.945434713364617264e-06
9.033228894697082031e-06,4.715082731633618026e-06
9.294212066691538270e-06,4.267498205285266679e-06
-9.517687515953594007e-06,4.273779219383138159e-06
-9.237530086985192644e-06,4.752485776485496301e-06
-4.789401072551174414e-06,-9.804772340497535884e-06
-4.327502038593442771e-06,-1.002263656228379060e-05
4.440533524666005215e-06,-9.884670419037996992e-06
4.019596033849346119e-06,-1.008598884393256798e-05
-3.858530794298486884e-06,-1.022859934411299583e-05
3.597661567976534024e-06,-1.027416304674227427e-05
9.545491316408870184e-06,-3.926629723469776494e-06
9.296376227520263623e-06,-4.508693434105039952e-06
-9.833117704381298430e-06,-4.047035351278548880e-06
-9.594605080507100214e-06,-4.602516337714217178e-06
6.016328048775940196e-06,-9.091841981362428944e-06
5.604744712429068225e-06,-9.391689155463873309e-06
-6.026513820809338681e-06,-9.283032200983076408e-06
-6.447450562861745612e-06,-8.973780803907353007e-06
-1.008712485184249454e-05,2.515460519260321948e-06
-9.921256965582237581e-06,2.972548444158664404e-06
9.671432339464905840e-06,3.045687190267015518e-06
9.827707428830038285e-06,2.613067039960837744e-06
-1.023469843428014817e-05,2.068077358530903283e-06
9.967634994014238376e-06,2.187062627875294464e-06
-5.332786712105742826e-06,8.613180209863813161e-06
-4.836347139923674788e-06,8.890414221646489703e-06
4.764053090986263703e-06,8.752530710348212987e-06
5.284676764995192964e-06,8.450579998764875519e-06
-7.650086550972638139e-06,-7.895353459147253801e-06
-8.027836955200480778e-06,-7.483170444733900396e-06
7.635894152381506167e-06,-7.569771658145564550e-06
7.239689023839016629e-06,-8.000592791831190786e-06
9.755743758029074571e-06,-3.332820157567372574e-06
-1.004021927154386815e-05,-3.468970350896258233e-06
2.169695763266005657e-07,-1.196925684428292911e-08
-3.706413972234030216e-08,-2.025267984928801996e-08
8.413433253731562048e-06,5.619569222678123464e-06
8.741146971473245217e-06,5.167495577413759944e-06
-8.923593062466856634e-06,5.236111480411348708e-06
-8.571578623398752066e-06,5.718233522167652381e-06
-8.184582664047738949e-06,6.194968084288926997e-06
-7.763464892514802479e-06,6.662355922618524561e-06
7.656471522334555268e-06,6.512836237587072375e-06
8.051931877123145307e-06,6.068962876798455873e-06
1.871139066929110240e-06,9.656814485418434643e-06
-2.220233296279708081e-06,9.687968760594419350e-06
1.390624536115021923e-06,9.762188337958165195e-06
-1.781822686636896308e-06,9.781273456069593193e-06
6.838495288243303118e-06,-8.398280958786470389e-06
6.429858170485985721e-06,-8.762019051934641457e-06
-6.861280465943949219e-06,-8.641152200870915666e-06
-7.262441286043602047e-06,-8.281618762846293191e-06
-3.374586527242241463e-06,-1.040076731697199237e-05
3.166165965268982468e-06,-1.043050976771837360e-05
1.022346649013517103e-05,-1.290292320961415264e-06
-1.050224441825323743e-05,-1.459322632775371722e-06
-6.970196526151904437e-06,-7.969118463010686402e-06
-6.572825007659072698e-06,-8.334063446734926578e-06
6.140669370610567592e-06,-8.453319722153181877e-06
6.540112078734028850e-06,-8.078387476191438248e-06
-2.880209730814057432e-06,-1.055722557648714213e-05
2.727103271162698739e-06,-1.057241816885723761e-05
1.027484948053647106e-05,-8.200993326351072133e-07
-1.055344012233543955e-05,-9.936481819271797073e-07
5.785211702630501250e-06,8.129017876907986768e-06
6.302526353870913766e-06,7.747950486796632304e-06
-6.351829930467799196e-06,7.929630603000410399e-06
-5.827338359891259089e-06,8.306173929797405249e-06
7.696962556878521685e-06,5.777461625171947032e-06
7.288911943965402856e-06,6.212294953890722501e-06
-7.376509012374308615e-06,6.346830938647353556e-06
-7.807941756336119282e-06,5.886409032905805839e-06
-8.204757612592918580e-06,5.417584156433987638e-06
-8.566985040157493322e-06,4.942610698571124210e-06
8.407709797132576594e-06,4.892595728457993393e-06
8.069497783146998009e-06,5.337100916108587553e-06
-1.034739793500357199e-05,1.626116474443670590e-06
1.007523919692052152e-05,1.763248875489459324e-06
6.931256943927720681e-06,-7.669627917665685480e-06
7.315013684612391623e-06,-7.225249615768578177e-06
-7.722054377119668954e-06,-7.155568372612154715e-06
-7.352522474389299213e-06,-7.576946682281057361e-06
5.001138817020155947e-06,8.060054993608195729e-06
4.490760812272863187e-06,8.373957306199327735e-06
-4.580253736999216712e-06,8.536105483127840124e-06
-5.056822800446546591e-06,8.236679963548334090e-06
-1.044104326121220439e-05,1.190647111901820084e-06
1.016538220591423299e-05,1.342398136880343647e-06
2.328470887753170453e-07,1.319352501342940762e-08
-6.179055625156643412e-08,2.269959146203130668e-08
9.334684987082094888e-06,-3.067251954446654278e-06
-9.629122146821029383e-06,-3.208469314301822121e-06
-6.163414590521417309e-06,-8.671308080165815143e-06
-5.742206131580250768e-06,-8.980862303289277853e-06
5.331424250552036766e-06,-9.100699361152183521e-06
5.737470169885228431e-06,-8.793850404864188617e-06
-1.318192652713873609e-06,-1.086559740414317324e-05
-7.711761932554051646e-07,-1.091552176265489442e-05
8.070436411057993699e-07,-1.090907761446781268e-05
1.319567311137974616e-06,-1.085899179394476520e-05
2.555658275633663858e-07,-1.094302365673321409e-05
-2.042253703304537143e-07,-1.094488298099014394e-05
9.177407157383602189e-07,9.833744977196980441e-06
-1.342486230900071697e-06,9.844802731392817476e-06
-8.893678783017084529e-06,4.469738626871878004e-06
-9.182496489346403479e-06,3.997268935995895077e-06
8.980525645951946864e-06,4.008496631521124304e-06
8.711927955175653720e-06,4.450470888937668284e-06
6.767706500193385125e-06,7.365751475094897449e-06
7.226917060589159537e-06,6.944763970568093502e-06
-7.310029828411595004e-06,7.112082539098258715e-06
-6.830662915043262136e-06,7.544092755342425337e-06
4.527084046993413339e-07,9.884997767065392915e-06
-9.007176776387747288e-07,9.890431794508626476e-06
-2.372279568422821198e-06,-1.068310679677171216e-05
2.274966802183068266e-06,-1.068745744175545073e-05
1.029541435056507632e-05,-3.683590846565043308e-07
-1.057410277146700834e-05,-5.438159666807093324e-07
-1.851453488955556316e-06,-1.078826171651932706e-05
1.806963307148140988e-06,-1.078507014169742012e-05
1.029627555133614919e-05,7.027508340844681346e-08
-1.057504448939380711e-05,-1.041945425663541878e-07
9.155936259024470759e-09,7.893256504119496408e-08
6.187698462134172023e-08,9.408585053132895604e-08
-1.050682466086235918e-05,7.591128890210608626e-07
-1.055219798296723798e-05,3.282714173082319203e-07
1.022923625913428242e-05,9.219105752568408732e-07
1.027367816516247774e-05,4.985992608280768200e-07
-4.301397836868814031e-09,9.909016724633191447e-06
-4.555364259275642507e-07,9.910651540210919472e-06
-4.155869775153574075e-08,1.632791696525242917e-07
-7.596718075888439801e-08,1.127881583321566857e-07
-1.416660044832637333e-08,9.481804802049620995e-08
-1.310459311206995832e-07,9.374653062265912219e-08
-7.500214270763861230e-08,4.335708595105504488e-08
3.002071941483844477e-07,1.126528098892914789e-07
2.324109821865776049e-07,1.373934722623641240e-07
2.396972006821108313e-07,4.468464553482823183e-08
1.845622616357350752e-07,1.998110078438561904e-07
1.371924654550332142e-07,1.166293782550556623e-07
-5.182738092013900717e-06,7.480804965510748720e-06
-4.791759220556629711e-06,6.965793383844667718e-06
4.762990204107688812e-06,6.793526657976933790e-06
5.140894064831505824e-06,7.300116452791595235e-06
-5.234788155264217280e-06,6.646770090433873320e-06
-5.605618641547143816e-06,7.169426811807008393e-06
2.604802710771224797e-08,-1.049959300078984916e-05
5.201637138560574164e-06,-1.993824594745098393e-06
4.571403566171943868e-06,-1.778283488667874904e-06
-1.448818199092746565e-06,1.607010459290500285e-06
-1.773778592391792674e-06,2.016985411210280204e-06
1.275302014118697895e-06,1.903687340647596401e-06
1.556661191522214655e-06,2.315296559998412133e-06
-6.909391743495393660e-06,-2.002135474962141760e-06
-6.238519773679418797e-06,-1.777911217823940590e-06
-8.772722982564994084e-07,9.066777816599292064e-07
-1.149123891838514220e-06,1.235766233550613451e-06
-1.296579605702293046e-06,-6.545732940810625904e-07
-1.761167638997023737e-06,-8.360095038888709520e-07
6.485239478594287238e-06,-2.423180572658294294e-06
5.841318392902969410e-06,-2.209344341338895321e-06
1.483179758826716749e-06,-2.645401340276651762e-07
1.928057133209521273e-06,-3.898004509388571430e-07
2.620092917856452640e-07,-1.789555161128712018e-06
2.818166438311298146e-07,-2.335616351704947244e-06
4.819817471886269585e-06,5.960416922558069256e-06
4.439299056414703060e-06,5.436695684115447188e-06
7.758012430966154232e-06,-2.836871501688514288e-06
7.125774730239397822e-06,-2.632877279421943618e-06
-2.393471935377292492e-07,-9.003208857632492935e-06
-2.481989800578967846e-07,-8.350096445239098365e-06
7.670992677607526042e-07,-8.005537471173967467e-08
1.094299065534233998e-06,-1.606615270927735511e-07
1.860092804385683677e-06,2.754239103797525883e-06
2.183556109623282491e-06,3.217583951130190475e-06
-2.120055209522240577e-06,2.460418963732544641e-06
-2.484877704756506019e-06,2.933620537447786955e-06
4.199894024475989359e-07,6.016074108990063331e-07
5.891308868943036522e-07,8.694395069614611063e-07
3.524293089388443060e-06,-8.693645507007268902e-07
4.121813017826270654e-06,-1.056633571640591632e-06
-2.496467966258942307e-07,-4.895687234097516837e-06
-2.406594103468928305e-07,-4.215437442910235573e-06
-3.439200763516073405e-06,-1.450402009311320500e-06
-4.068459840103979328e-06,-1.670598732541738553e-06
-2.129484816373609326e-07,-1.021865642980871774e-05
-2.280270093383246929e-07,-9.627806098997501844e-06
5.560316688858061653e-06,6.993833476345236814e-06
5.194865040532652688e-06,6.480734701622991929e-06
8.967949942826669685e-06,-3.217471938726445697e-06
8.374591291462371676e-06,-3.033192295053393283e-06
-9.424968897454890268e-06,-2.878266953651956087e-06
-8.832966734557410988e-06,-2.665866812134678726e-06
-8.213995366522421087e-06,-2.448414464627081029e-06
-7.569870582482698190e-06,-2.226289006771721031e-06
-5.583166920240682331e-07,-3.423740971023896076e-07
-8.934973529685758522e-07,-4.893448066788925957e-07
-4.395579022247816670e-06,6.437657157854858386e-06
-3.994822972058633488e-06,5.897629613891938223e-06
-4.305736696727843917e-07,3.928381209180305330e-07
-6.369305044179407750e-07,6.246037334602366324e-07
2.109987112409902499e-07,-8.718071300377718338e-07
2.384276052375568941e-07,-1.299237226605320795e-06
-2.543277715848976799e-07,-7.675956978893693739e-06
-2.576447193305601018e-07,-6.986006966989424875e-06
7.893088523869328392e-07,1.177550616461090184e-06
1.018900350590753491e-06,1.523548321255193826e-06
-2.864015618589948421e-06,3.430932743169554320e-06
-3.254508547716531124e-06,3.948403837574193908e-06
-4.718961392169348751e-06,-1.894098960183012095e-06
-5.384627219524153973e-06,-2.118956540521832712e-06
4.057328231494632212e-06,4.915162274828953153e-06
3.676598634066176568e-06,4.399399277338473934e-06
3.301005263847323015e-06,3.894593505188028183e-06
2.933086057879666644e-06,3.404116165029721357e-06
-2.998401377679997389e-06,-7.449344082777328287e-07
-2.424946650390224575e-06,-5.730064475901030219e-07
2.807968574503630311e-06,-1.154102097692004082e-06
2.283938170136269424e-06,-9.603525049292495890e-07
3.282046419308554215e-07,-5.588114888325395884e-06
3.276739815816813580e-07,-6.287785556959022433e-06
2.523884741115872107e-06,3.700807272880334803e-06
2.878847896726299377e-06,4.200716477684095806e-06
2.420653363382835900e-06,-5.337169831788070192e-07
2.955433411711639258e-06,-6.944623933737381849e-07
-5.565936595431051910e-06,-1.556489995671499416e-06
-4.897581203973527175e-06,-1.339829919590090239e-06
-2.277832322233301846e-06,-1.030632052564558408e-06
-2.840259824467677483e-06,-1.236418358495988853e-06
-3.594334252824490639e-06,5.353021384459976898e-06
-3.197422801033797140e-06,4.808520193641471265e-06
-2.283266220216144898e-07,-3.557220388824905334e-06
-2.125596050066527179e-07,-2.927512659085821588e-06
2.979813050605972081e-07,-2.926941360584345570e-06
3.105918925092840237e-07,-3.556649238342703241e-06
3.241270365805647195e-07,-6.985434716513153105e-06
3.176524286008432003e-07,-7.675386968378400510e-06
-2.808721386850283190e-06,4.270643765512818810e-06
-2.431260043658779793e-06,3.743686025167573042e-06
-2.580348172378740546e-07,-6.288356807777071758e-06
-2.554089852356487542e-07,-5.588686089637367939e-06
-8.669153033970356000e-06,-3.176948692001007171e-06
-9.266142710264947061e-06,-3.357454941059105497e-06
-3.651846192682663005e-06,4.479990062662850758e-06
-4.052875857696587791e-06,5.021473282672691093e-06
1.315594159629899905e-06,1.308694133778293535e-06
1.054899229058283396e-06,9.853093919193814072e-07
2.817060431510864764e-07,-9.626901231851325727e-06
2.637872351733822283e-07,-1.021985456987723732e-05
-4.452779407338999850e-06,5.566411624551992315e-06
-4.848310735452998621e-06,6.110459531079749036e-06
3.244998151450248433e-06,4.712400801988732902e-06
3.619916162768650880e-06,5.232407658829457557e-06
8.536621626324002835e-06,-2.525820979010331260e-06
9.128741326712178243e-06,-2.734946017333272544e-06
-4.067190989696652544e-07,7.901412990054922216e-07
-2.434440935519660944e-07,5.268152038661993619e-07
-1.435528985174583722e-07,-1.299763164041890044e-06
-1.129756646789867497e-07,-8.725163388130356762e-07
-9.946271569789117552e-07,-1.729573299803619489e-07
-6.398049681045760844e-07,-8.650314328684044793e-08
-7.392562827769418579e-06,-2.776015419912871870e-06
-8.042189917605644235e-06,-2.981710935872671509e-06
3.999874530141120093e-06,5.755449881715578498e-06
4.382232820185693543e-06,6.277766057650693531e-06
-2.069393211045857177e-06,3.233806700108713731e-06
-1.725964875925772740e-06,2.745042302378172161e-06
3.197681576416546110e-07,-4.214866204899055901e-06
3.255989916949548485e-07,-4.895115994213438051e-06
2.576445190740828397e-06,2.932763251493688811e-06
2.233429977986459948e-06,2.483642743054400236e-06
7.297706560721149134e-06,-2.098730951837724540e-06
7.926183041132179723e-06,-2.313636247416036380e-06
-4.242334222856659338e-06,-1.130854644567937129e-06
-3.606256693521494067e-06,-9.315626415718569399e-07
8.210862297034158456e-07,7.016574570730082424e-07
6.159298356185453009e-07,4.601023503168802123e-07
3.083757605703764068e-07,-8.349548223043507395e-06
2.963800181857238025e-07,-9.002584360739111649e-06
1.001180850436662248e-06,-4.533870179282144286e-07
6.922950863606469227e-07,-3.162885747009767242e-07
3.958395893097671694e-06,-1.565208810143621261e-06
3.367933229841905139e-06,-1.356300077389198090e-06
-1.932376619022573389e-07,-2.336189860221517147e-06
-1.702716889254759910e-07,-1.790122805153493648e-06
6.015089551953031620e-06,-1.669133109999582701e-06
6.658928888543489023e-06,-1.883322545366060296e-06
-1.895119455484352313e-06,-4.188156299373764893e-07
-1.415214299048133609e-06,-2.844363932810799058e-07
1.803968723145202146e-06,-7.776529732212532280e-07
1.373615668542102088e-06,-6.077793498863527207e-07
-6.056556195804446863e-06,-2.342318685108829672e-06
-6.728782781608765929e-06,-2.562276889385916188e-06
-8.425028077264409708e-07,1.456779489364963202e-06
-6.071318378444139785e-07,1.101174310052133525e-06
-1.405048261190720205e-06,2.283164826294322033e-06
-1.109297212474697763e-06,1.851949073830372692e-06
1.907364031997018989e-06,2.061163879684000073e-06
1.600404520649076526e-06,1.668173352204261225e-06
4.740063133992200562e-06,-1.253653744431212703e-06
5.373741391021630481e-06,-1.458673208306614401e-06
-1.624091605540874826e-07,6.967276964158779216e-10
-1.345277335970765516e-07,-5.354738047389113602e-08
-1.275929430925335599e-07,-1.156226335842273910e-07
-6.915413250238917812e-08,-7.333555528348865563e-08
2.978689524007811199e-07,-1.044128415554321695e-07
3.033056466393006209e-07,-4.563542642614037141e-08
2.433152870514568156e-07,-6.243175374860732519e-08
3.278035599625432572e-07,2.247761243566025090e-09
-4.052087352666390273e-08,-2.438203816964112469e-07
4.790182542563666479e-08,-2.332371656430757274e-07
-2.625999801698792165e-08,-1.325911488745805036e-07
1.443778815049280818e-07,-2.496391500183984996e-07
1.278304164738225552e-07,-1.422822058051013544e-07
1.104002392336985898e-07,4.369333684908192736e-08
-4.985254338154966017e-09,3.128741821832607908e-08
-2.301915898209025620e-08,-8.069856577897801612e-08
-6.403058063211628130e-08,-9.765248258546407240e-08
1.946615301123078491e-07,-1.063904445169802969e-07
1.251199257296885669e-07,-9.196949757772644246e-08
1.862949898390742271e-07,1.621115431280746234e-08
-2.451349299583822358e-08,1.968807947916845009e-08
2.573803458918803441e-08,-6.827259190104893043e-08
-1.017079980668536761e-08,-2.374096939968891141e-08
1.169749487938769283e-07,-3.638610551660569506e-08
2.194682556491230792e-07,-4.144867876880739593e-08
2.209768346985965782e-07,-8.568318403916089355e-08
-5.992530274479265516e-08,-8.940926792704801306e-08
-4.733153255884171269e-08,-5.248688906152511140e-08
-2.559846574890316651e-07,3.518026225430697700e-07
-2.614318974316984727e-07,2.161005025206526278e-07
-1.202341047681586122e-07,3.158471434247079563e-07
4.338223561200691167e-07,4.166641090422265541e-07
2.845075105967803104e-07,3.777713037577724985e-07
4.417228943304273180e-07,2.634355470047650121e-07
5.913535743034339948e-07,-1.504892824556684503e-07
5.098178515351649799e-07,-2.540393715945475648e-08
4.556503184563875154e-07,-1.992865708698609401e-07
-4.487660733318259610e-07,-1.632791032247937750e-07
-3.005434402101189117e-07,-2.168019117349145903e-07
-3.603193625746227590e-07,-2.826883582896467923e-08
4.986411108941390436e-08,-6.798782843372742717e-07
1.797773143042096694e-07,-5.184709156029664853e-07
-7.831259168237714708e-08,-5.192074957774645637e-07
-7.354741228957669129e-06,6.739065885066953092e-06
7.268905375267516400e-06,6.585940225657845207e-06
9.266063913319810800e-06,3.920200450316987584e-06
-9.488097956328857627e-06,3.902822178361795634e-06
-2.217851476508081905e-08,-2.671683309439956541e-08
1.872424858660165860e-07,-2.007360755472146563e-08
5.267314506176481275e-06,-9.394380562358266778e-06
-5.675127127724529885e-06,-9.285352529121256290e-06
-4.473903823662068537e-06,8.851103993094572319e-06
4.375087415782290437e-06,8.713233675089009756e-06
-8.064113007041598497e-06,-7.108865785561139534e-06
7.674346285666397690e-06,-7.175273145215551285e-06
8.737061966248914241e-06,4.810359870591057944e-06
-8.919906348573165681e-06,4.854520892867101529e-06
-6.388317518094522645e-06,7.595907402109081691e-06
-5.955698802483245103e-06,7.606843526574394515e-06
6.337691752254079441e-06,7.416989019458956722e-06
5.910314056338843816e-06,7.427200086285332692e-06
6.085670137616048346e-06,-8.787972544656707933e-06
-6.517673122892449152e-06,-8.666511968352047385e-06
-7.316500649331325707e-06,-7.942112298426308383e-06
6.894087120281915920e-06,-8.049726686417803885e-06
8.071754510503662626e-06,5.707191263905387941e-06
-8.206464604306999512e-06,5.811628507909830003e-06
-5.575564091233289711e-06,7.577316729233630617e-06
5.530941109547215259e-06,7.396179657876793257e-06
-4.819268688616649819e-06,6.542660699283845721e-06
-3.214530885432025350e-06,-1.088729427938782889e-06
3.157422466589760677e-06,-1.016461954278458884e-06
1.885462866895304472e-06,2.398172808983523633e-06
-1.751816720881303039e-06,2.370342013512828294e-06
3.718695734677427970e-08,-5.239948938883184180e-06
-4.478386183425107770e-06,-1.507736856822301548e-06
5.606749636388432467e-06,-1.832365974025502517e-06
2.551411080429053318e-06,3.309908122661837969e-06
-2.459389055689473293e-06,3.331373953304691990e-06
-1.131737867784988141e-06,1.530021929590116626e-06
1.297628463278940962e-06,1.594239785249731281e-06
4.034351692733131170e-08,-3.880966543885255372e-06
-1.137203228908982557e-06,-3.961903016361964769e-07
3.403051433791819534e-08,-6.637869693530448108e-06
-7.152627968850018473e-06,-2.392503439401908925e-06
6.893268312740194950e-06,-2.259990333842666433e-06
1.226062706710613875e-06,-3.677034688905783527e-07
-3.226618786241987903e-06,4.374805779634879065e-06
4.665895384337315878e-08,-1.532746625960629803e-06
-6.251006795474653265e-07,8.461368282023147854e-07
3.273717170373220841e-06,4.299501584687888911e-06
-4.023791155403729481e-06,5.459728555382266749e-06
8.152751240644959098e-06,-2.678519350856478586e-06
2.771628574482865451e-08,-9.321356188942435240e-06
4.790950376424841171e-06,6.379521924080685802e-06
-8.444964564743982313e-06,-2.819887329665683173e-06
4.028743225365648514e-06,5.334414528188698070e-06
3.087226325788193487e-08,-8.016447847927537975e-06
8.077817540695080607e-07,9.254600880190035332e-07
4.349985372371123195e-08,-2.623164676449730780e-06
2.099938355092994805e-06,-6.623977327811719341e-07
-5.810954505671357005e-06,-1.948782309663761668e-06
-2.080158483483287211e-06,-7.115055306008393613e-07
4.344107221935034043e-06,-1.412218025884334013e-06
5.409443298685959868e-06,8.098096248786700870e-06
-5.453315407103911923e-06,8.275142766350993616e-06
5.495697392580662711e-06,7.729794144976580731e-06
-5.539552453344580283e-06,7.912140533151897984e-06
4.851773010103556555e-06,-9.645648059627744142e-06
8.035474620515974592e-06,-6.684504350605967389e-06
9.476184518527180561e-06,3.478346194194497690e-06
3.861441169177518351e-06,8.956836942227187700e-06
-4.005981453469690581e-06,9.070328402073085932e-06
-9.713042327946569402e-06,3.431923669661746936e-06
-8.405388426135143441e-06,-6.647149947137051076e-06
-5.233868871687894338e-06,-9.549550931336595646e-06
