Size 899,2
0.000000000000000000e+00,0.000000000000000000e+00
0.000000000000000000e+00,0.000000000000000000e+00
1.732731484647317246e-09,-1.868820233460458783e-06
-8.128399366797018507e-08,1.386485440801578087e-06
6.861897036909555728e-08,-5.018301743803936527e-08
9.953540647963510759e-08,-3.056599961561588328e-08
1.355642922688418080e-07,-1.653898028214411568e-06
1.265147171463890806e-06,-5.837563265062634342e-07
1.163334850838846499e-07,1.305428793167698884e-08
1.106776344989994071e-07,8.551615873895951091e-09
1.363713688815943302e-06,-3.259226699642535092e-07
8.411231641698530220e-07,8.096322536059527042e-07
5.958004591565894710e-08,4.537261078399606724e-08
2.947001487781850747e-09,2.124129517785169933e-08
6.235114161027039666e-07,9.724308041986075585e-07
-6.443682812804216427e-07,1.053276764757084963e-06
-2.337567386947778709e-08,-5.713880727471397651e-09
-1.994267306905253159e-08,1.831658984345898688e-08
-8.711338217359371478e-07,8.756253823072018995e-07
-1.493313014278059050e-06,-3.803987772321561159e-07
-2.040601068220475776e-09,-3.240989041984098099e-08
-2.980638643099824250e-08,-3.797255055149423241e-08
-1.391599542792895657e-06,-6.554410150909356845e-07
-1.364842317538651040e-07,-1.650587697984668677e-06
4.374880997629344289e-08,0.000000000000000000e+00
6.811694102624089357e-08,0.000000000000000000e+00
8.180847073580547554e-08,0.000000000000000000e+00
8.999515899744086258e-08,0.000000000000000000e+00
9.511631510313524187e-08,0.000000000000000000e+00
1.004285251702476299e-07,0.000000000000000000e+00
1.034362607809794692e-07,0.000000000000000000e+00
1.027641005521924366e-07,0.000000000000000000e+00
9.939962364726823272e-08,0.000000000000000000e+00
9.194916006801964053e-08,0.000000000000000000e+00
7.550707657761682054e-08,0.000000000000000000e+00
5.253285479593407444e-08,0.000000000000000000e+00
2.809103032289083175e-08,0.000000000000000000e+00
0.000000000000000000e+00,0.000000000000000000e+00
0.000000000000000000e+00,0.000000000000000000e+00
0.000000000000000000e+00,0.000000000000000000e+00
0.000000000000000000e+00,0.000000000000000000e+00
0.000000000000000000e+00,0.000000000000000000e+00
0.000000000000000000e+00,0.000000000000000000e+00
0.000000000000000000e+00,0.000000000000000000e+00
0.000000000000000000e+00,0.000000000000000000e+00
0.000000000000000000e+00,0.000000000000000000e+00
0.000000000000000000e+00,0.000000000000000000e+00
0.000000000000000000e+00,0.000000000000000000e+00
0.000000000000000000e+00,0.000000000000000000e+00
0.000000000000000000e+00,0.000000000000000000e+00
1.060161951110756991e-07,-1.858112272461085445e-06
1.983312575814493501e-07,-1.838447070574275541e-06
2.747336833764787142e-07,-1.817093254892364694e-06
3.407865490850976925e-07,-1.795639923418209907e-06
3.990893372087611027e-07,-1.774542136410253922e-06
4.518154016378763440e-07,-1.753851398735423374e-06
5.008668516288050428e-07,-1.733320506339372692e-06
5.479005865456171043e-07,-1.712503072745215817e-06
5.943675312187785898e-07,-1.690754199768880348e-06
6.414401181401155116e-07,-1.667247694449355958e-06
6.907918513860867211e-07,-1.641836034564500187e-06
7.432778569202895188e-07,-1.612743996726320976e-06
7.996356885470994351e-07,-1.578463476817791117e-06
8.595992200580078047e-07,-1.538071181337942115e-06
9.231574535452368432e-07,-1.490467948281261472e-06
9.896220830379567928e-07,-1.434869154840224852e-06
1.058249901656270912e-06,-1.370595670803633117e-06
1.127836364977613888e-06,-1.297384142202094575e-06
1.197105009842168441e-06,-1.215184837027370787e-06
1.264506515323255244e-06,-1.124480652858993586e-06
1.328451367596941966e-06,-1.026057952270876636e-06
1.387327211609999211e-06,-9.212866703797317560e-07
1.439548620878163016e-06,-8.117903983868518118e-07
1.483575733664463711e-06,-6.995535442336621702e-07
1.518355807185662669e-06,-5.872364236964487575e-07
1.541586798264445334e-06,-4.779190239757945386e-07
1.554487284923485863e-06,-3.778954977946139821e-07
1.558017901436333121e-06,-2.917249045550408074e-07
1.556565097657675102e-06,-2.203713921674444386e-07
1.552807173021919368e-06,-1.603979163716996212e-07
1.547992590441335564e-06,-1.090093659926415182e-07
1.542814729527825230e-06,-6.377318262420971704e-08
1.537600305429579375e-06,-2.252776670601113313e-08
1.532381888459531342e-06,1.670095604314379621e-08
1.526929738208965600e-06,5.565955721725709316e-08
1.520791447498966260e-06,9.583192244955416292e-08
1.513351022695124983e-06,1.384550734188450917e-07
1.503853934806024998e-06,1.844510191205683683e-07
1.491488450052416582e-06,2.344930886954707040e-07
1.475390277030702275e-06,2.889272984326416913e-07
1.454739379324622875e-06,3.478675087203356819e-07
1.428744028227124071e-06,4.111254210062133728e-07
1.396745262039317763e-06,4.783154265626505179e-07
1.358177372092397582e-06,5.488182316018890149e-07
1.312646389918515085e-06,6.218931637071595425e-07
1.259834967444270148e-06,6.966284286933427632e-07
1.200709748280161860e-06,7.734685197474738903e-07
1.133405184629654841e-06,8.506740279817282091e-07
1.058070740027272378e-06,9.268154017085586544e-07
9.757794463416835836e-07,9.998844093698993244e-07
8.876741079804209191e-07,1.068129722461776760e-06
7.960388936936967244e-07,1.129023987523701193e-06
7.043386502946607319e-07,1.182475096175592666e-06
6.145340147420703583e-07,1.227890302075348560e-06
5.278506102872923413e-07,1.266111363208768708e-06
4.445663662386187264e-07,1.297858035660740989e-06
3.649895761602998588e-07,1.323691842020057927e-06
2.893513143950747837e-07,1.344147595712368830e-06
2.178374216155036766e-07,1.359801328920377146e-06
1.504745144173886532e-07,1.371238460916068952e-06
8.719786073708189602e-08,1.379060553870917380e-06
2.775914179939732562e-08,1.383848436607518008e-06
-2.820926804802791697e-08,1.386157266545636762e-06
-1.321233998360552309e-07,1.385057335626751663e-06
-1.814313837653078913e-07,1.381994377594395098e-06
-2.299954128775607043e-07,1.377484333596180717e-06
-2.787590172696805438e-07,1.371562846375049495e-06
-3.287892232458530684e-07,1.364086663605341836e-06
-3.812276628507411737e-07,1.354716738429373359e-06
-4.373118866516495004e-07,1.342903220012279988e-06
-4.982830585480784003e-07,1.327861124581400696e-06
-5.654876900634576452e-07,1.308559632449871005e-06
-6.403442056283378107e-07,1.283561056816639770e-06
-7.245474914512012331e-07,1.250562737828847334e-06
-8.175582166001956453e-07,1.206346401059598370e-06
-9.170076001104733255e-07,1.150875728807760590e-06
-1.016080568128343623e-06,1.082888332648145868e-06
-1.111116932534714801e-06,1.006081480296809810e-06
-1.199715733606931643e-06,9.230233383061123615e-07
-1.280164353832718101e-06,8.363220136954898164e-07
-1.351478783536402363e-06,7.482821464753532258e-07
-1.415273435037061622e-06,6.614729099032056551e-07
-1.470340505099444422e-06,5.759976176323047028e-07
-1.516872277581755732e-06,4.932573356721971200e-07
-1.555245431064723802e-06,4.144121268916221372e-07
-1.586102081896538185e-06,3.404180451801846891e-07
-1.610239239521372486e-06,2.719119416998219075e-07
-1.628641583453857329e-06,2.092481311237149000e-07
-1.642346442277309319e-06,1.523849714127976406e-07
-1.652452321347191611e-06,1.009710516489761940e-07
-1.659997300569060386e-06,5.424099373549544051e-08
-1.665945576036623115e-06,1.111937599299933978e-08
-1.671090434543988914e-06,-2.985046349924750367e-08
-1.676019569745235330e-06,-7.041067017641569611e-08
-1.681051307905625139e-06,-1.126018030937013834e-07
-1.686186471640313706e-06,-1.587035988136019205e-07
-1.691084817074823797e-06,-2.111867225707967041e-07
-1.694984195237041983e-06,-2.727986139671296250e-07
-1.696488257859705880e-06,-3.467183355579354862e-07
-1.692453830544995941e-06,-4.369628235146164418e-07
-1.677536504935828995e-06,-5.422086126464241822e-07
-1.650049121400258930e-06,-6.554953241124676500e-07
-1.610166036303290621e-06,-7.673470442903315770e-07
-1.562841459912804668e-06,-8.729366963680788678e-07
-1.510652953775404568e-06,-9.718132660688656913e-07
-1.455137483194055639e-06,-1.063671667441480885e-06
-1.397099467189116420e-06,-1.148580269301910073e-06
-1.337453931728281861e-06,-1.226201173214012537e-06
-1.277031383644824195e-06,-1.296648819386681934e-06
-1.216554903338507105e-06,-1.360173111992293478e-06
-1.156463265282133869e-06,-1.417319770917907266e-06
-1.097089069052629224e-06,-1.468678298068189818e-06
-1.038431463717294792e-06,-1.514994764898852688e-06
-9.804082986017086964e-07,-1.556985486058823425e-06
-9.225951603883883052e-07,-1.595418521112000159e-06
-8.645497799442643770e-07,-1.630954773569665953e-06
-8.054408412841097510e-07,-1.664309729710728751e-06
-7.444749157171028415e-07,-1.695441544097968925e-06
-6.810432861357228661e-07,-1.724711913166341913e-06
-6.144338496985606344e-07,-1.752226860452531540e-06
-5.439071696347601963e-07,-1.777977276086193552e-06
-4.687320571433502013e-07,-1.801789961172192435e-06
-3.882193628787956041e-07,-1.823378302147803273e-06
-3.016730795173219575e-07,-1.842280651922524265e-06
-2.082388390660427761e-07,-1.857814235257400919e-06
-1.055906512781528485e-07,-1.868373534220278014e-06
7.537787065790899910e-08,-3.894255869746587262e-08
8.508938769167850477e-08,-3.049975467343939071e-08
9.189259917444770828e-08,-2.276740313308226384e-08
9.488100740002409422e-08,-1.816860532913168686e-08
9.641967928630908667e-08,-1.931102068523351084e-08
1.237157707873013025e-07,-7.691851454064273309e-08
1.718495556249015949e-07,-1.240179148856323428e-07
2.395159269231634828e-07,-1.731763951386116398e-07
3.240407392292324364e-07,-2.239129403036751507e-07
4.225802089745280582e-07,-2.753594656807146038e-07
5.322896574701023696e-07,-3.266384477918173012e-07
6.503572737047218458e-07,-3.768887122847747748e-07
7.740246058275917617e-07,-4.252609501473942573e-07
9.005826383049050955e-07,-4.708735197300221621e-07
1.027168272904664206e-06,-5.127103133988446409e-07
1.150057578536171080e-06,-5.498702654968722217e-07
1.220079723275164163e-06,-6.847656154736177166e-07
1.171340886315086717e-06,-7.869809818304958814e-07
1.119963934025437572e-06,-8.872331093775642873e-07
1.066628301209886447e-06,-9.834864101991453087e-07
1.012049985066245558e-06,-1.074439205703865168e-06
9.572518376782813446e-07,-1.158836469802789103e-06
9.028569044467125951e-07,-1.236174593694840790e-06
8.497916251726878957e-07,-1.305817453021103139e-06
7.983836076760720404e-07,-1.367929570771777004e-06
7.492454249554734796e-07,-1.422399175233253183e-06
7.022772453470940621e-07,-1.469793597180696539e-06
6.576015885745659555e-07,-1.510491004049744509e-06
6.148053737702909499e-07,-1.544920102354351249e-06
5.729613654528817213e-07,-1.573760051460283532e-06
5.310186275399900639e-07,-1.597363179371368568e-06
4.879205547014285548e-07,-1.617038598267826076e-06
4.426250118923815509e-07,-1.633046557952954926e-06
3.938115266646695403e-07,-1.645490362185044236e-06
3.400006615518024617e-07,-1.654350100047791749e-06
2.796201295284033491e-07,-1.659326162024067141e-06
2.113678351458769150e-07,-1.659824178500820311e-06
1.588658618564599872e-07,-1.524547072884580485e-06
1.747125017087995267e-07,-1.382815097434468126e-06
1.860916035060588141e-07,-1.231249785552121517e-06
1.930829577872974165e-07,-1.072992141278351450e-06
1.954931174257212903e-07,-9.117493906549879257e-07
1.931429655389493063e-07,-7.514445610997099513e-07
1.858670692601954633e-07,-5.961429558768027296e-07
1.734964048366434962e-07,-4.500339545255111091e-07
1.558203685055712418e-07,-3.174483291693557150e-07
1.325637362962696425e-07,-2.030599265282498371e-07
1.035775015803273052e-07,-1.120451696433756800e-07
1.060191921140118519e-07,6.767900046565491691e-09
1.042887261473319450e-07,2.884395079178986112e-09
1.043238635331898837e-07,1.460441855327634936e-09
1.052663110641760478e-07,1.673816613108041724e-09
1.070506090374801305e-07,3.853462804402837671e-09
1.485338137020896041e-07,2.454121340099584908e-08
1.921318421235205900e-07,5.453301717967290486e-08
2.417942930953354163e-07,9.573751926574284501e-08
2.972205281012841964e-07,1.472794317516141099e-07
3.576966245209887530e-07,2.083373499139645015e-07
4.223637284509018979e-07,2.779689921343622323e-07
4.902880702873676983e-07,3.551220253712461299e-07
5.604732108846265851e-07,4.386538469395531407e-07
6.318492703767611372e-07,5.273399012440629293e-07
7.032271506701092739e-07,6.198371114757664678e-07
7.732833576065777119e-07,7.144767186316700910e-07
9.200197330115869738e-07,7.451027810435762433e-07
9.944003179956776432e-07,6.796378902981592358e-07
1.063226755810960997e-06,6.146626850121756471e-07
1.126231351607529747e-06,5.510480135881906830e-07
1.181470767801781251e-06,4.884848660030344029e-07
1.230988704768091221e-06,4.276834664345626851e-07
1.274701241514702113e-06,3.694366967309583947e-07
1.312755479379484864e-06,3.142629201146343296e-07
1.345351881654510730e-06,2.624891856527398663e-07
1.372835182092486200e-06,2.142553917878157331e-07
1.395542786513840476e-06,1.694951689962555595e-07
1.413866585036313938e-06,1.279217890137359904e-07
1.428135609365485646e-06,8.902174231061892474e-08
1.438631255556052207e-06,5.204801495310715630e-08
1.445513178649600491e-06,1.603105297655485273e-08
1.448786615890120079e-06,-2.021925083811477977e-08
1.448275592328206996e-06,-5.808491651370370451e-08
1.443553199652713415e-06,-9.912875506120372725e-08
1.433960911574940904e-06,-1.450353654519140492e-07
1.418518802763135467e-06,-1.975265518932444228e-07
1.395904471892909382e-06,-2.579447473414101886e-07
1.246553134359589086e-06,-2.693533577386304263e-07
1.124576454421290819e-06,-2.197979411165799420e-07
9.994551472914673747e-07,-1.726818103760672328e-07
8.726723578710286680e-07,-1.282318861959048933e-07
7.466355228904991604e-07,-8.743623155214632169e-08
6.240407354962330222e-07,-5.127974212061758805e-08
5.076434581865143342e-07,-2.071744742374014959e-08
4.002301666089236721e-07,3.291175579188853415e-09
3.046335193360867408e-07,1.976784878804918254e-08
2.237696368251091946e-07,2.773493949156150914e-08
1.603078512816455462e-07,2.626952240860794216e-08
4.221004757447533122e-08,4.277771396063149924e-08
2.440292947834659456e-08,3.931939354313886615e-08
9.685788000321841182e-09,3.261364921757537523e-08
1.030881129767643445e-09,2.450794083229491565e-08
-1.418496886947197681e-10,1.804942552330192932e-08
4.337936399675708912e-09,5.692486677459443036e-08
-8.870632157344834305e-09,1.085578883606462496e-07
-3.499271438857561271e-08,1.738413080883586988e-07
-7.278776435069183055e-08,2.508833950930302779e-07
-1.210068548323952313e-07,3.378123837976947015e-07
-1.784039314523048224e-07,4.327182673819341834e-07
-2.436814796676140451e-07,5.335913928823801310e-07
-3.154662994549703274e-07,6.383232735323638358e-07
-3.922936356592278277e-07,7.447407005979466916e-07
-4.726881751805371616e-07,8.507638428865506241e-07
-5.558451002760434358e-07,9.546469003550264679e-07
-5.796649835236469522e-07,1.107534177528443292e-06
-5.180490891268547652e-07,1.151420601638562872e-06
-4.609238755684615474e-07,1.186636358328340848e-06
-4.079311633977290957e-07,1.214498883024889693e-06
-3.582753443108110646e-07,1.236122653231953854e-06
-3.110655603060228192e-07,1.252460116375299577e-06
-2.654122470865267885e-07,1.264263162248441647e-06
-2.204562929078881875e-07,1.272095478637285961e-06
-1.754030144991254901e-07,1.276353258478830720e-06
-1.295356675327305584e-07,1.277263297513526416e-06
-8.223292988135820282e-08,1.274921602526210614e-06
-3.294262250492345810e-08,1.269283922676897043e-06
1.883297746783764125e-08,1.260208965087485835e-06
7.350784224309441404e-08,1.247471502427768455e-06
1.313686925579716094e-07,1.230777984973776081e-06
1.925800272849625431e-07,1.209791859412349459e-06
2.571769483797962036e-07,1.184130988478069829e-06
3.250881926709558814e-07,1.153417043429030375e-06
3.961258779321166790e-07,1.117249274057935243e-06
4.699928699043350635e-07,1.075276218942664049e-06
5.461657234174664576e-07,1.027138849331607977e-06
5.498718337556909442e-07,8.782961364735222108e-07
4.798252709954922236e-07,7.827591035737443624e-07
4.125209674451207417e-07,6.872815876314077771e-07
3.487141555496146272e-07,5.931698200194179053e-07
2.893263628075988477e-07,5.018408683919062872e-07
2.352190087096228547e-07,4.146834897354531998e-07
1.871774362219631334e-07,3.330014124704752035e-07
1.459225936963858695e-07,2.580057126352275166e-07
1.121255568947124699e-07,1.908336501894401902e-07
8.638579451012130167e-08,1.326204758309962395e-07
6.892992792414028448e-08,8.434432184358993418e-08
-1.082409389812175076e-08,-4.131881246327312693e-09
-5.533887154623888883e-09,-1.663290872068149952e-09
-3.614314376273072995e-09,8.313184014422616587e-10
-3.665100798185590014e-09,3.720768339235022762e-09
-6.230829815206156345e-09,9.331011529134273610e-09
-7.441825000099030594e-08,3.695183564771483448e-08
-1.527549175368614566e-07,4.062025675721408107e-08
-2.523966444459070608e-07,3.231536298942801148e-08
-3.697778833572882016e-07,1.321476622925580278e-08
-5.009533257118839041e-07,-1.539122210820687076e-08
-6.420742651966837944e-07,-5.219455967917307990e-08
-7.893450288928831326e-07,-9.590657754455134140e-08
-9.390032082864900688e-07,-1.452459326460241348e-07
-1.087341544555075179e-06,-1.989083123172333109e-07
-1.230900491431661461e-06,-2.555830705338730434e-07
-1.367084393408073194e-06,-3.146508324584742933e-07
-1.527898322262670070e-06,-3.109495677891596124e-07
-1.552159681204167661e-06,-2.489174888696363670e-07
-1.568710357908921721e-06,-1.952414748894699265e-07
-1.578906587524130755e-06,-1.485131892281320704e-07
-1.583750053843715924e-06,-1.067916752429619313e-07
-1.583892897076453568e-06,-6.814471384289730582e-08
-1.579736090724475261e-06,-3.076007739800208123e-08
-1.571397245583762575e-06,6.976791565020364875e-09
-1.558792034287478658e-06,4.646500443465579146e-08
-1.541663937354185493e-06,8.884291733576899563e-08
-1.519623921411171055e-06,1.349832872079624644e-07
-1.492243529707464063e-06,1.854674821957731407e-07
-1.459038447834284624e-06,2.405940680082156361e-07
-1.419619672177338130e-06,3.003747369163108819e-07
-1.373622301580218386e-06,3.645550316208003510e-07
-1.320900737102072926e-06,4.326298350702990367e-07
-1.261424338515871958e-06,5.038486210120947064e-07
-1.195499540636343511e-06,5.771336783993050243e-07
-1.121313909457055079e-06,6.514829160602489217e-07
-1.041594145289242428e-06,7.270156083122446777e-07
-9.574415178509367894e-07,8.023703011771550195e-07
-7.990334298304545272e-07,7.729015233116810839e-07
-7.225646021006448758e-07,6.669916223129841002e-07
-6.420613480947662972e-07,5.613135798272970276e-07
-5.595841514731542009e-07,4.588785938800243727e-07
-4.770232923761420762e-07,3.619008137072759677e-07
-3.960520936611737205e-07,2.723898105228668390e-07
-3.182464461652270704e-07,1.922813786934933176e-07
-2.451219750014333698e-07,1.234336871190913714e-07
-1.781437274530882195e-07,6.760421487405109776e-08
-1.186862195857717841e-07,2.636641134258819429e-08
-6.748581050180657610e-08,9.221301338092095888e-10
-4.251292036173667108e-10,-1.550577910557138972e-08
-3.063500657052613680e-09,-9.213375242761626202e-09
-7.361799834400997307e-09,-7.906059381546788891e-09
-1.296399825256150514e-08,-1.161919792135469974e-08
-1.962462587373817714e-08,-1.972612866180810207e-08
-7.369368453359100232e-08,-1.084328570202318713e-07
-1.049390845150430004e-07,-2.022264638727143898e-07
-1.303675620017521331e-07,-3.168620614766270855e-07
-1.505818552291192307e-07,-4.493509764032439349e-07
-1.655934348127529732e-07,-5.954197160919386463e-07
-1.755165128485679290e-07,-7.507162963417477233e-07
-1.805101256542881350e-07,-9.110246426384695782e-07
-1.807370178716459458e-07,-1.072279963633778998e-06
-1.763476364485902520e-07,-1.230549570984562027e-06
-1.674956202175238357e-07,-1.381963612739776548e-06
-1.544323840432977627e-07,-1.522808156764256861e-06
-2.249454808577719761e-07,-1.651863122195721645e-06
-3.098394513641499402e-07,-1.647658103063030977e-06
-3.895777209779979121e-07,-1.639280001806623019e-06
-4.641141432950045144e-07,-1.627108554715005245e-06
-5.338312385108566884e-07,-1.611395998847253207e-06
-5.992392787115927885e-07,-1.592249471680925519e-06
-6.609091071899975336e-07,-1.569732864549524881e-06
-7.194394261756024480e-07,-1.543782300710498333e-06
-7.752807720637388446e-07,-1.514638830649561304e-06
-8.287934179673009908e-07,-1.481398992144244060e-06
-8.806842885149541691e-07,-1.443757849494441439e-06
-9.314745294726241947e-07,-1.401339909541017587e-06
-9.814586193044981487e-07,-1.353756060623056811e-06
-1.030984369966437174e-06,-1.300453248052882918e-06
-1.080026401377304035e-06,-1.241195385747804267e-06
-1.128676232202231508e-06,-1.175504309775371285e-06
-1.176603294341853152e-06,-1.103398701743577978e-06
-1.223654349036523136e-06,-1.024677676569817091e-06
-1.269274679699992066e-06,-9.397528270148332067e-07
-1.313120969703838973e-06,-8.488999700517836058e-07
-1.354714463204272982e-06,-7.532669842180080027e-07
-1.261619489548011460e-06,-6.256804969136323695e-07
-1.120770643616414727e-06,-5.888942568057589454e-07
-9.732263080570569744e-07,-5.450786269342660647e-07
-8.234386783822914222e-07,-4.954558002416238001e-07
-6.752499085233659866e-07,-4.413339019472457971e-07
-5.323822313921058447e-07,-3.839141557864233846e-07
-3.986061991651108849e-07,-3.243738381245095929e-07
-2.777422313676917521e-07,-2.639031446461175233e-07
-1.736378362924695680e-07,-2.037055851481929284e-07
-9.013514700392175923e-08,-1.449572756800593646e-07
-3.092104222548141751e-08,-8.834158060075395844e-08
-3.356303546540770109e-08,3.225158812341026278e-08
1.588543032931974718e-08,-1.158859439415132666e-07
1.107000124979187715e-07,5.625647966822108407e-08
1.462033709487513549e-07,-2.686086143667158365e-08
-5.786854179041137835e-08,-2.775946101990778756e-08
-6.775200537310685003e-07,8.627041819425923872e-07
1.196777737199900990e-06,-4.101591258275170075e-07
2.135018396364680838e-09,-1.520940557928588001e-06
-1.311950736798720850e-06,-4.702702567161703445e-07
6.617431624873498596e-07,7.960584441801859469e-07
7.857618771034028399e-08,1.676493866890803461e-08
-6.317942114247627341e-09,5.327750043542923445e-09
7.875277543160374858e-07,9.677229021213941460e-07
-8.128599518749638274e-07,1.044785637881420185e-06
4.841644288405958155e-09,-1.229809889873572865e-06
-1.029688809866994786e-06,-3.718492074263174724e-07
1.780534759293075227e-07,1.448757196692004110e-07
1.279199163635886640e-08,-3.201256052189008294e-07
-2.161719597644927052e-07,-8.667489520112055171e-08
-1.080999854410548536e-07,1.228928899261332332e-07
2.746749197772125642e-07,-7.751232318379484025e-08
5.224827557079955516e-07,6.077089941372274211e-07
9.498591996291878419e-07,-3.217890218153323890e-07
-7.329365492371625803e-07,-2.688081383480543662e-07
2.733273217750015262e-07,2.719082976545595536e-07
-4.516592533462516097e-07,-1.704795587755112983e-07
7.493260358010424435e-09,-9.115605464553980658e-07
3.904150599037891257e-07,4.293348221655697045e-07
1.013048997526780699e-08,-5.973103544191474314e-07
6.992450980514664866e-07,-2.323847490190925615e-07
4.667695570833877181e-07,-1.485637137646104713e-07
-2.207554805859105712e-07,2.666101589609870099e-07
-5.173668679488924679e-07,6.532000518963693596e-07
-3.610033645658077818e-07,4.486647807068215954e-07
1.044489846340117241e-07,-6.136999900222630464e-09
-7.134888333820505881e-09,-5.669760273548829651e-09
2.356784429505510239e-08,-3.928385144930474746e-08
1.386846961844494808e-06,-4.823019338698323693e-07
-1.516132086936040342e-06,-5.469067008745454892e-07
1.058703260593165782e-07,4.206843198895883980e-09
-6.302155801596189733e-09,5.824841177961105051e-09
-1.146809383977942970e-06,-1.300709314476430838e-06
9.791112086456822823e-07,-1.303364973889448102e-06
1.392056524287558621e-09,-1.724533977800678935e-06
1.105420187192760027e-06,-1.141651573646288677e-06
-1.257689757218385687e-06,-1.161962282219712117e-06
-5.856232931346189891e-09,-7.088730789265507651e-09
8.469393247428693570e-08,-1.315251097106796181e-08
-1.033801497239150631e-06,-1.411204202198339468e-06
8.552175411992462678e-07,-1.428965324286261344e-06
1.223642766396068734e-06,-9.474243327412257081e-07
-1.361845461754742654e-06,-9.932728711340218262e-07
3.148855018218218701e-10,1.146963707282673101e-08
4.076664319129703668e-08,2.230751410038786095e-08
-1.044936771355681018e-06,8.835509012701466332e-07
9.978790867070238596e-07,8.175495046311104972e-07
-9.228204392101954661e-07,-1.499107126959661210e-06
7.438201427234948711e-07,-1.522470660996038443e-06
1.318990918483187697e-06,-7.530937264018425340e-07
-1.448795632888833640e-06,-8.169207434065060742e-07
-1.189727881802327226e-06,7.411430491996501924e-07
1.122332706421229790e-06,6.917933465043841820e-07
-8.195591477477768761e-07,-1.566178638910920350e-06
6.526592188385241750e-07,-1.586990646695901265e-06
5.628205695399869509e-08,-2.118956673578821637e-08
-2.387279509317485563e-09,-2.034806471081638945e-08
-1.129157422727466875e-08,-1.423146171683709274e-08
1.032460290501423614e-07,9.566411910437470889e-10
1.014698933111045511e-07,1.384228017381139517e-09
-6.881093272805935763e-09,-7.179262241855248377e-10
-4.723055343775205939e-09,8.011019699821182596e-10
-1.337670687176227313e-06,5.787140835059301455e-07
-1.393881773579441856e-06,5.041138315727058219e-07
1.293197999575692302e-06,4.881415003840152151e-07
1.246471754902063911e-06,5.518789056862050952e-07
-6.999705880479222680e-07,-1.632814855400212536e-06
-6.400000173129085512e-07,-1.658950577459858943e-06
5.607484945184808627e-07,-1.643872127871454021e-06
5.178491347115955323e-07,-1.664889408539641565e-06
-1.443835149344523209e-06,4.254866746570014089e-07
-1.485297110598266667e-06,3.571777988404777384e-07
1.334641272783191545e-06,4.210245745758374189e-07
1.369130712715092075e-06,3.625728455440981190e-07
-5.712446082760307379e-07,-1.682327838093893334e-06
-5.038159168883525671e-07,-1.703503807042936543e-06
4.697199100778892235e-07,-1.683654092510361265e-06
4.226315264642353558e-07,-1.700723307115555229e-06
-9.126903552615868817e-09,-9.736006338999063481e-09
-1.272126415497226619e-06,6.626616276222934591e-07
1.191832804702220336e-06,6.238582724309196550e-07
-7.623160449757606297e-07,-1.604154795809776049e-06
6.072554024657276156e-07,-1.620022385818354893e-06
-1.520629742233814970e-06,2.876600427039944039e-07
-1.548953833876353460e-06,2.284957616383222986e-07
1.398610412515985698e-06,3.027884639626169025e-07
1.422434014315083619e-06,2.514822344612887731e-07
-4.259727984640334284e-07,-1.721376310273503955e-06
-3.486970431211777107e-07,-1.736918849974754847e-06
3.671112127518995128e-07,-1.715891100866888102e-06
3.097332842282445248e-07,-1.729782201073932700e-06
-4.632497670732727382e-09,2.741702525630049133e-09
1.044859362924473029e-07,1.967039097026670321e-09
6.212682212653006809e-07,1.103971735242024629e-06
5.417820689139733346e-07,1.149658291430440737e-06
-5.781471962394285980e-07,1.213901282511932448e-06
-6.475670194683111299e-07,1.175921760940421495e-06
-1.572055806186201707e-06,1.698562121288583651e-07
-1.589958766699610623e-06,1.204841135920381205e-07
1.442026425099668201e-06,2.000573053520386428e-07
1.457426918115255176e-06,1.561189402030191239e-07
-2.593950262849496286e-07,-1.748030916953942644e-06
-1.700626625748195837e-07,-1.756354130168462651e-06
1.637235469592569629e-07,-1.750774475791144106e-06
2.394197869286780035e-07,-1.741105461758858250e-06
9.756070020402349546e-08,3.830920911649348471e-09
-1.024094667953250769e-08,-1.500393693307645175e-09
4.585108130118918450e-07,1.190311263668550557e-06
3.844619007353419650e-07,1.223579276185081169e-06
-4.525829989084638161e-07,1.268634217197009854e-06
-5.100412998140989103e-07,1.244954605316837455e-06
-1.603920913319740917e-06,7.195229447547669311e-08
-1.614405102386000573e-06,3.053455502559344019e-08
1.478940720510042634e-06,7.390159720279215767e-08
1.469606479294693113e-06,1.121661800494106656e-07
3.080747075488226170e-07,1.252239464625381640e-06
2.406886703601860034e-07,1.274849759469830789e-06
-3.458876443420323928e-07,1.302037781465932206e-06
-3.954293383144781029e-07,1.287696639778536735e-06
-1.622114898773752677e-06,-1.132627332474942036e-08
-1.627565153045748887e-06,-4.911435095943226522e-08
1.485932891916248903e-06,3.443486998042286686e-08
1.490997452997687358e-06,-1.856241558312616395e-09
7.106563993680929365e-07,1.049706887717934940e-06
-7.329597009655705930e-07,1.126785665259190115e-06
1.720506194125821559e-07,1.293473583958237972e-06
1.118283794268201922e-07,1.307340646528204048e-06
-2.495158860365553272e-07,1.321277641319362181e-06
-2.952007177463905074e-07,1.313241278364450963e-06
-1.630782925626415717e-06,-9.024877352449313750e-08
-1.632086667161068852e-06,-1.309340077731529852e-07
1.494060875605481250e-06,-4.190214630299565006e-08
1.495381360609684625e-06,-8.180078675232768600e-08
-3.580862861769728416e-09,-9.077315172694415973e-09
-2.370327460331219123e-09,-1.303492485654243016e-08
9.620927105027457035e-08,-1.312192444047526990e-08
9.268726439248174844e-08,-1.172955568790705666e-08
4.326812296819412150e-09,1.557691342559037740e-08
1.668071780714133642e-08,2.040809841620430419e-08
5.088532233989774382e-08,1.317926775545593771e-06
-2.639283142430170548e-09,1.324912176765712837e-06
-1.554482788468892223e-07,1.330036271840656843e-06
-2.009871993538831976e-07,1.326888764484099296e-06
-1.630581243079462003e-06,-1.793523851600225998e-07
-1.626309659493573923e-06,-2.311066794523339437e-07
1.494079487714820462e-06,-1.293258056803832749e-07
1.490194894861867720e-06,-1.799429848244647671e-07
1.468459350415785531e-06,-3.128758606787493617e-07
1.481635366847354075e-06,-2.432298069047076581e-07
-1.617005652920918469e-06,-2.962054633490697782e-07
-1.602688751830674923e-06,-3.683538804090703588e-07
-5.703212560912166911e-08,1.329244900800289590e-06
-1.054044953757336553e-07,1.330819755176437187e-06
1.447842043482617006e-06,-4.039012769107120174e-07
-1.580303216803420652e-06,-4.639142538666691815e-07
-1.462690822706968588e-09,-5.982061127391713607e-09
-6.659854836625664720e-09,-1.954644609738973568e-08
1.033299853380227628e-07,-1.858797172826769967e-08
9.676079993732978367e-08,-5.813407370986216174e-09
6.902680640530006163e-08,-1.687071584733599731e-06
1.054433775157548057e-07,-1.787107053028870559e-06
-1.061634992072989320e-07,-1.792862656152569773e-06
-6.740035689069319668e-08,-1.686697504934838217e-06
-1.597845790819438790e-06,-5.450193627901906915e-07
-1.502019984841264912e-06,-4.622349581595288248e-07
1.372818396340104942e-06,-4.025881632245421483e-07
1.465589852436125223e-06,-4.807858660477426861e-07
5.551149954173140449e-10,1.761343294336593720e-08
1.004675787762630041e-09,6.418949122285746797e-09
2.327719599687532543e-08,1.067614925835074682e-08
3.209623696004536103e-08,3.164399756641826167e-08
1.345424303517112013e-09,-1.795888819312631205e-06
8.713811082979002772e-08,-5.678911076644379759e-09
9.126861844833965976e-08,-1.651800955578240439e-08
-5.538734238418343637e-09,-8.755215896363739485e-09
-2.599395317520156546e-09,-4.533769132791125557e-09
-3.029281627985804175e-09,-1.244732499990204809e-09
1.013343566427959729e-07,-1.504453111183435214e-09
-4.340671917863507390e-09,-4.668475537130807803e-09
-9.451936151528129687e-09,-9.730902415510840768e-09
8.464291323974106975e-08,-2.150933862266154889e-08
7.313744311742009515e-08,-1.577550568277112292e-08
7.365040120888254657e-08,-2.744386866238162265e-08
-6.173001375639490134e-09,5.748590842363136224e-09
-2.935530145988676687e-09,2.189203248878784856e-09
1.041667056335076252e-07,1.533469103016366425e-09
1.057690610255682407e-07,4.163402310488283544e-09
9.625254366381002450e-08,1.405322701767931112e-08
8.483551922410960009e-08,4.098227775897932613e-09
-4.578832977451100055e-09,1.762663775208610510e-10
-1.545841829311059583e-08,1.171373307962946683e-09
7.751642555817459246e-08,-7.603213278115656903e-09
6.163346318381797369e-08,-9.456039210829937965e-09
-1.501412227323484557e-06,-7.097514265494817581e-07
-1.454002324841997055e-06,-6.005785366326773683e-07
-1.561974187450885271e-06,-6.568831390171074660e-07
1.373276990950699204e-06,-6.413887120853724915e-07
1.432692526210695479e-06,-5.889620261390901073e-07
1.326862270186356658e-06,-5.326013555422230952e-07
6.473036208846356335e-07,-1.628184305387640881e-06
6.117715551235882025e-07,-1.579771511318722609e-06
-7.695506427405360292e-07,-1.555148712899669519e-06
-8.124942562442193699e-07,-1.615181531663010205e-06
1.192508421115085485e-06,6.948363639328342967e-07
1.123395006389122281e-06,6.196551929072819316e-07
-1.191691492626765217e-06,6.574092640079143438e-07
-1.271924402061598198e-06,7.452922344422745239e-07
-8.160857323015294621e-07,1.127625877978780630e-06
-7.270605062055561385e-07,1.047230171758742653e-06
7.051228495476470496e-07,9.693490951863818516e-07
7.920479726597116677e-07,1.049010030815720890e-06
-1.528587863217163983e-06,-7.922263005597520014e-07
-1.420962956361294826e-06,-7.359232823183904556e-07
1.291287056660557458e-06,-6.674223099238414598e-07
1.401736666981925995e-06,-7.264925229956412042e-07
6.017844211555498740e-08,-3.505576137939479835e-08
-9.435841998495006930e-07,9.791589433861023054e-07
-8.417903242658795988e-07,9.613003966305429387e-07
-9.129047726689153927e-07,1.062646559978535038e-06
9.082102851796865842e-07,9.051518604824008271e-07
8.815341711187303246e-07,9.836671023057491311e-07
8.140696226661321092e-07,8.887809808914036066e-07
9.202731123807466903e-07,8.139954281570518677e-07
9.866570182906315670e-07,9.078097625519434612e-07
-1.030699649865487289e-06,9.832867320469668283e-07
-9.578637556918993839e-07,8.795250015483299147e-07
-3.631357163908867715e-08,-1.561709025714357872e-07
-1.810627284737091421e-08,-7.617053579963975477e-08
-2.502169006101863996e-08,6.550404133832688136e-08
-8.625427817909641666e-09,2.918503932676089480e-08
1.471621342143394779e-07,5.678558473750698422e-08
1.146238365608653230e-07,2.798304489000231388e-08
1.590691159797147823e-07,-6.830459434111517437e-08
1.184220354930297887e-07,-3.649074238193006375e-08
-1.003266823160384418e-07,-6.834455551612293942e-10
-4.020006671601964535e-08,5.140575344337555602e-09
-3.385636410637119073e-08,7.694030303694918856e-09
-7.008720117304234478e-08,3.124774427609765585e-08
5.178100678828609792e-08,-8.061994043655659615e-08
6.616573613798892668e-08,-1.571839918713004481e-07
1.322236795600009110e-07,1.049540214709727127e-09
1.809910683771037973e-07,-5.287681475068309960e-09
8.162054422264955884e-08,5.273578270466660072e-08
1.010699099530500843e-07,9.116929090673695833e-08
-2.428241627674747058e-08,-3.989309056811568574e-08
-7.405785957989825585e-08,-7.743704116961618742e-08
-1.944531290115810107e-09,3.464282045083215470e-09
6.621358734164407937e-08,9.653620644927280778e-09
-6.992172247118159152e-07,7.655982047846505289e-07
-7.751790309347158512e-07,8.689212763206316674e-07
-1.218117501862459421e-06,-5.267524260310391924e-07
-1.351514579004521194e-06,-5.664504282214820269e-07
8.431635951060030553e-08,-1.453286923972597979e-06
7.469905780601370360e-08,-1.587723111492394799e-06
1.160959108038126099e-06,-3.170953646631248015e-07
1.280449301420695073e-06,-3.643013671884332080e-07
5.710051261802566354e-07,7.894124939208368503e-07
6.417502059870668049e-07,8.841021010842413775e-07
1.231325420578609541e-06,-4.985740868274324948e-07
1.112788371724288153e-06,-4.598427462706805242e-07
-6.582869428891965253e-07,9.588658917428206638e-07
-5.764849434163336560e-07,8.565039489193283751e-07
-7.192044592875921006e-08,-1.586269083309234085e-06
-7.869590467939541380e-08,-1.452641954681602129e-06
-1.403624161014069083e-06,-4.201331048893103477e-07
-1.271643182036468341e-06,-3.665331764141157517e-07
7.515969392549176828e-07,8.026161947328632102e-07
6.823455211399821179e-07,7.080355483386703773e-07
-2.440458139828885545e-10,5.108840880403738276e-09
4.639953027464248656e-08,1.093412755367829745e-08
-5.365363352523103281e-08,1.174980449569263254e-07
-6.538454702680439471e-08,6.999571609644022234e-08
-1.165256322073979188e-07,7.068693217691559718e-08
-5.149071467917309534e-08,-2.597196124679533782e-07
1.427055351618130299e-08,-2.063525702567703586e-07
7.836538298231070978e-08,-2.600181732197370340e-07
2.203995340151645287e-07,-1.051406424286000874e-07
2.008913386720320003e-07,-4.908366371959269097e-08
2.494365144426971602e-07,-1.963671931053166416e-08
1.873831003889047188e-07,9.684697208911125214e-08
1.404527841763423908e-07,9.530527145471739127e-08
1.287284623006830855e-07,1.399943464125718953e-07
-1.847237400638518748e-07,-1.664431402165384559e-08
-1.252399135074186908e-07,-5.335407631078916027e-08
-1.496748021891252435e-07,-1.211419442485730903e-07
9.101575301651167965e-08,3.286557385730075756e-08
6.951871698569788288e-08,3.030563382876976448e-08
-1.517303528400330893e-08,1.381477690153443821e-08
-2.891821151651202225e-09,1.347609721867887370e-08
-2.927280325874264920e-09,2.242134184607825732e-09
-7.485275239083139689e-09,4.054350269385318703e-09
1.058609446471555315e-07,2.453027776690264866e-09
1.032751126060293620e-07,1.614176744766679005e-09
-1.138461369142436777e-06,-1.239304474146931910e-06
-1.191760700323999337e-06,-1.168249247939568455e-06
-1.200694136175350969e-06,-1.233363566190223793e-06
9.692073939711224278e-07,-1.232853324739338180e-06
1.040240280600606088e-06,-1.225040544421996504e-06
1.029773684547353444e-06,-1.149684647320613489e-06
-1.087635454080447421e-06,-1.300011429665142258e-06
-1.088759017837446808e-06,-1.357502511201552789e-06
-1.032842727935172623e-06,-1.356806092129587937e-06
9.125742608060945410e-07,-1.303708452488748243e-06
8.533517585728195560e-07,-1.369296005543947379e-06
9.144821211273785465e-07,-1.368690019374225322e-06
1.086915304276465790e-06,-1.063819785964855409e-06
1.163445751988531069e-06,-1.046356027979673113e-06
1.144327587907103265e-06,-9.652539125214845100e-07
-1.241540094432201164e-06,-1.094500788654642291e-06
-1.291458754706055885e-06,-1.008694342488919053e-06
-1.308528880580629219e-06,-1.079786449173403201e-06
-1.461013882101093122e-08,4.690615703450115281e-09
-1.133013229942099378e-08,1.061766541923271230e-08
1.113597384626971490e-07,2.076236973998391528e-09
1.094561101647429050e-07,7.584174542509916450e-09
-9.817448605237638312e-07,-1.405785633157033799e-06
-9.772045745493377231e-07,-1.456113938118220678e-06
-9.273461419231645661e-07,-1.450783999941892193e-06
8.004516451643433797e-07,-1.424661059933223820e-06
7.470797218276295769e-07,-1.474112381891595897e-06
7.968029359058702849e-07,-1.477820777449023541e-06
1.197870495643065946e-06,-8.677186675066978874e-07
1.271209593968039616e-06,-8.505363613047867267e-07
1.245541095686766978e-06,-7.700689254816198411e-07
-1.338265989193788791e-06,-9.220083935431901351e-07
-1.380324512253837904e-06,-8.327984621132175195e-07
-1.404688801261246354e-06,-9.066443712172809425e-07
-8.753457600932026201e-07,-1.489980219346128426e-06
-8.708167214210994407e-07,-1.532995575356217501e-06
-8.242024557762233158e-07,-1.523782028246269272e-06
6.992650663789346246e-07,-1.515507659042871171e-06
6.554344282423573636e-07,-1.549623562544536179e-06
6.962651925881396064e-07,-1.556051051862242074e-06
9.957195168910235137e-07,7.478105759122787226e-07
1.059445152176168100e-06,6.862558111670671938e-07
1.061342183992324010e-06,7.533264668782098229e-07
-1.043073868880272728e-06,8.050253742162267101e-07
-1.118201015067104832e-06,8.114395717614919875e-07
-1.116650421895723447e-06,7.345443627308082801e-07
1.037309100686518490e-06,-2.705967817955271210e-07
1.075157455581484763e-06,-3.665301458119063160e-07
9.884922170445498844e-07,-4.177902426997391739e-07
-6.197177947441083176e-07,6.601676006387705650e-07
-5.978041187031969344e-07,7.584927014315539843e-07
-4.953007939865405040e-07,7.515514897780342038e-07
9.184846801216861422e-08,-1.306867496576115995e-06
3.476197519646450770e-09,-1.380710370494257594e-06
-8.347845556558470173e-08,-1.306495167815698496e-06
-1.075160628938090897e-06,-4.817929697987630791e-07
-1.174544639749539429e-06,-4.222396737397248109e-07
-1.130903146625339463e-06,-3.127395491967323340e-07
5.017058775462405725e-07,6.944928198673089860e-07
5.917413644845571633e-07,7.013883243076105674e-07
6.120587914868753300e-07,6.140362527800633140e-07
7.441636847445632267e-07,-1.568919614468511418e-06
6.967907209948954115e-07,-1.598923524034816705e-06
-9.229031707769055512e-07,-1.547670550355843753e-06
-8.709367133397896787e-07,-1.580710734693070455e-06
1.066090473616944396e-06,8.345147198959056283e-07
1.127085477536624721e-06,7.697298738144266922e-07
-1.122357654053030152e-06,9.033561489505781328e-07
-1.194047136733601910e-06,8.307754203808299713e-07
7.257504422989159276e-07,8.831091711218574239e-07
-7.478018093815790885e-07,9.561656631268646861e-07
-1.435169360616287687e-06,-9.822296850637179445e-07
-1.480451273588321355e-06,-8.949860995398445703e-07
1.304901262253128507e-06,-9.341866908758849935e-07
1.352985626290440990e-06,-8.370149103923712563e-07
8.582148364117995989e-07,-1.485071424588301943e-06
7.997356339681210988e-07,-1.529127411586519825e-06
-1.036515098566363576e-06,-1.463853910086927780e-06
-9.798835799435950966e-07,-1.506644602431583948e-06
5.067205978978259353e-08,3.285307821498534117e-08
5.951268030556791874e-08,2.053299119356857459e-08
-1.218625214438119003e-09,9.145647437862346013e-09
5.992497614482490540e-10,1.583995254919646235e-08
-1.326128173454087078e-06,-1.154868731382173980e-06
-1.380355914429612048e-06,-1.072119278126318999e-06
1.183668307015195675e-06,-1.132643235042560433e-06
1.244671218750976776e-06,-1.036773042744292942e-06
9.852724740877361048e-07,-1.370730046797695397e-06
9.203195318449088179e-07,-1.430916544078512557e-06
-1.152230070528496868e-06,-1.360059409816403750e-06
-1.093987052041941542e-06,-1.413735255664220789e-06
-5.388398926669793703e-07,5.556158515251447895e-07
-4.583640843613710174e-07,4.544373663575281723e-07
-4.379234166730074840e-07,5.491735686466491049e-07
-4.158611440558530219e-07,6.459657442334812172e-07
-3.394765089621982517e-07,5.418750164852689393e-07
6.617273974490369585e-07,-1.402661107316549851e-07
5.436249890668556609e-07,-1.025604388612786258e-07
5.793644130991565239e-07,-1.893338698173012647e-07
6.149214544349419259e-07,-2.808463175609509152e-07
4.996263849407502011e-07,-2.344291006870115422e-07
4.346503536880355467e-07,6.007839799359775922e-07
3.707424489201492905e-07,5.097244340183231009e-07
4.550434408419657464e-07,5.165508594794557957e-07
5.421066263863414333e-07,5.224015053346965186e-07
4.736259466445938180e-07,4.346308175195851180e-07
-6.367322180367605519e-08,-3.832531530233066375e-07
-7.316224571979775154e-08,-5.225539974562371157e-07
1.144779618365756690e-08,-4.519328958006569047e-07
-2.895664365792647696e-07,-4.179458997750226861e-08
-4.109044316870921493e-07,-7.477623759131651303e-08
-3.262723753657195597e-07,-1.261403513115115262e-07
8.788215647362691879e-08,-3.835613162500411456e-07
9.474338823392947775e-08,-5.229064312435161878e-07
-2.471565484149095294e-07,-1.692022704195504358e-07
-3.625916123133361656e-07,-2.204333687676091137e-07
7.366564352581589319e-07,-3.274511297846986841e-07
-2.352579879817576210e-07,1.920974165460682476e-07
-3.050500139555618918e-07,2.706975051159316102e-07
-8.645171005812147420e-08,-9.918506245052964637e-07
-8.447151700713565554e-08,-8.310623988606134746e-07
4.336575489400208389e-07,-6.925769560282844096e-08
2.068729135024579634e-07,2.659676464492396758e-07
2.560161953845357530e-07,3.410517981264117900e-07
-8.353330241954953240e-07,-2.079464639866280931e-07
-6.875923148030978326e-07,-1.591150576212336842e-07
8.812561886757768353e-09,-7.519204198636357562e-07
-8.006828254244567307e-08,-6.732510852778557003e-07
1.642160541431445482e-07,1.985918023418637206e-07
-3.799162136247253424e-07,3.587900399094210874e-07
3.295466274528910763e-07,3.473791720589867311e-07
3.109073408097496359e-07,4.227102507762468389e-07
-5.884835811226185072e-07,-2.184476985794406954e-07
-5.448548223478220959e-07,-1.143057199370457665e-07
-1.719692486502124500e-07,1.248425266910127369e-07
-9.843283795288363086e-07,-2.595535798939767614e-07
-2.881239302662371499e-07,3.538019316090014641e-07
8.620962866608976136e-07,-3.733795626645547584e-07
3.346391384335695708e-07,-4.129822484073720503e-08
-8.609090498468097166e-08,-1.151620201901135085e-06
9.901370505037012877e-08,-6.736147890235735251e-07
-4.921240491372586309e-07,-2.736221103162412483e-07
4.076576261579924001e-07,3.520523190891359511e-07
2.342452075252650365e-07,1.472967772975621289e-07
1.007772025988460282e-07,-8.314259996881032747e-07
-9.349178499823573819e-08,1.829732700590026542e-07
-6.319210080017775122e-07,-3.275515733180460817e-07
-9.271867227062370134e-07,-4.328191059601621546e-07
-2.676258403612476595e-07,4.414635248012367962e-07
9.711859563980483877e-08,-1.151969328398788891e-06
3.451763255534506736e-07,2.758930072331720964e-07
9.112703366637816386e-07,-2.251755173351123057e-07
2.995262367587734780e-07,-1.456858308013016554e-07
-1.603039228508679276e-07,1.890237537506166061e-07
2.225790684045324595e-07,2.040577775169386209e-07
1.001181834442211872e-07,-9.922097127404692968e-07
-7.781905938979153704e-07,-3.810146721876474461e-07
2.870923597334694329e-07,2.072920916576225235e-07
-2.017647274683338830e-07,3.468456589746283340e-07
7.851895233910053593e-07,-1.814442027972696143e-07
8.236524031439624363e-07,-2.768212218031671709e-07
3.935529512351448541e-07,-1.890787870495269066e-07
-8.812497549741645334e-07,-3.203376725314450884e-07
-1.432807712440464851e-07,2.600405134699288491e-07
6.172738766329098201e-09,-1.072165763162786267e-06
3.642597848378948560e-07,-1.109839063523965297e-07
-1.210612251008427526e-06,-1.298186649907052087e-06
-1.268139434867304865e-06,-1.230518009981703259e-06
1.051646167105905895e-06,-1.299666863311196510e-06
1.117515127158498310e-06,-1.220914672457400649e-06
3.335314921057453355e-08,-1.114460633284136337e-08
1.178454941923159316e-07,-1.360554095855436072e-08
-2.318934501368525740e-08,-1.308447480959540831e-08
1.295008941522898449e-06,-4.481878763898681590e-07
-1.419468477909831783e-06,-5.112045959573461944e-07
2.210456877096707878e-08,-6.884500903219920139e-08
-4.152340767462306321e-09,-4.141190188258246218e-08
4.679037026421460632e-08,-4.665154698642651305e-08
1.437540366251869877e-09,-1.629325241431453160e-06
4.176738455507400732e-08,-2.939869390918774068e-08
1.535381708047677331e-08,-1.845904623180772653e-08
