Size 955,2
0.000000000000000000e+00,0.000000000000000000e+00
0.000000000000000000e+00,0.000000000000000000e+00
2.015183776800971159e-08,-9.403261377867666042e-06
-1.880985401931507970e-07,8.293004918107642109e-06
1.663062598035043148e-07,-1.268119542909414471e-07
1.983613461866409270e-07,-8.755119346043752766e-08
3.937953838344847627e-07,-8.690823513817271526e-06
7.518540127176693265e-06,-2.916971366271094038e-06
2.287671926657527373e-07,2.502956971068308388e-08
2.299289672456850627e-07,2.539521246303389730e-08
7.782269390702043076e-06,-2.149854471635583947e-06
4.809897891063516853e-06,5.707052244424846257e-06
7.740131835079289309e-08,1.330589060728674158e-07
6.617754952979516715e-09,1.095246720719527599e-07
4.129070088455648572e-06,6.208728473845761342e-06
-4.166880398536094049e-06,6.360126758624938547e-06
-8.893698376077258308e-08,2.892567742765496743e-08
-9.012440443508149418e-08,2.849989517012158457e-08
-4.847641840731656175e-06,5.850276960599347792e-06
-8.019991697096939671e-06,-2.269636827197402422e-06
-5.799631613143076737e-08,-9.219739873034839114e-08
-6.745851747686467690e-08,-1.177089996415398112e-07
-7.762190498073949396e-06,-3.026405716451838215e-06
-3.534774737764111034e-07,-8.687448443391016352e-06
1.067833295410315877e-07,0.000000000000000000e+00
1.552451650359974985e-07,0.000000000000000000e+00
1.651935456031301879e-07,0.000000000000000000e+00
1.538332221673410828e-07,0.000000000000000000e+00
9.504900905920721841e-08,0.000000000000000000e+00
0.000000000000000000e+00,0.000000000000000000e+00
0.000000000000000000e+00,0.000000000000000000e+00
0.000000000000000000e+00,0.000000000000000000e+00
0.000000000000000000e+00,0.000000000000000000e+00
0.000000000000000000e+00,0.000000000000000000e+00
4.727557373889755822e-07,-9.378274771127252007e-06
8.993721746307506917e-07,-9.327801313178302843e-06
1.298762318917505515e-06,-9.264044969273166130e-06
1.681416708647713760e-06,-9.186441307602006499e-06
2.050709839288431152e-06,-9.095474930233620899e-06
2.410037831128445261e-06,-8.990935393738330381e-06
2.762373960806726882e-06,-8.872201195185727793e-06
3.110171927843570500e-06,-8.738203336536903552e-06
3.455277558664930912e-06,-8.587570018261862811e-06
3.798899751376056166e-06,-8.418907637308389923e-06
4.141880345658349856e-06,-8.230518525413188158e-06
4.485169697375393501e-06,-8.020714950863520811e-06
4.830944448798902068e-06,-7.789675908851001715e-06
5.175986853930547571e-06,-7.534423639989002561e-06
5.523769049205099090e-06,-7.248943378608727616e-06
5.866268449127676093e-06,-6.937768181234274462e-06
6.206799005788973189e-06,-6.595152566667434079e-06
6.537280197440949388e-06,-6.225827282243805131e-06
6.853543201024142149e-06,-5.828527364658307998e-06
7.153849060152688379e-06,-5.407518053399401077e-06
7.434903008260297953e-06,-4.965865527364945161e-06
7.693481882467848734e-06,-4.506802922183775658e-06
7.926570692776513684e-06,-4.034272132395853844e-06
8.131381689589633766e-06,-3.553373711212488984e-06
8.306751373238311373e-06,-3.067015769204992510e-06
8.447226774233760891e-06,-2.581173373041722968e-06
8.546292851803975117e-06,-2.116310907983333926e-06
8.614229391010910669e-06,-1.684460051129860484e-06
8.660634466512172040e-06,-1.283663517586121383e-06
8.688827276217772153e-06,-9.049632787885753963e-07
8.701082456830707551e-06,-5.439979098192100715e-07
8.699295738622111264e-06,-1.962288646545175117e-07
8.684335403820892459e-06,1.427046115193134893e-07
8.656446300420431221e-06,4.768100925012171440e-07
8.615197641022196847e-06,8.096263320954109159e-07
8.559653687369327330e-06,1.144107141663568944e-06
8.488423514458829568e-06,1.482526470505160584e-06
8.399973045940057061e-06,1.826454098548674634e-06
8.292417858976967578e-06,2.176699356408629919e-06
8.164233334030121883e-06,2.533332216239221089e-06
8.013554043856602801e-06,2.896126803251295224e-06
7.838814665455314475e-06,3.265063515701411660e-06
7.641021867821274678e-06,3.641379015093289019e-06
7.416537743680355778e-06,4.020356102895349272e-06
7.160301684457698112e-06,4.405272841627232174e-06
6.876888189255308860e-06,4.786429332312919089e-06
6.562069687044481167e-06,5.166486082032762087e-06
6.220632301692899592e-06,5.536238301082628440e-06
5.851275215761870325e-06,5.896345880630617907e-06
5.458115400094732433e-06,6.239961670020874759e-06
5.040940365205716437e-06,6.565198488616722008e-06
4.605080274542392871e-06,6.859904498314590758e-06
4.172367085867155902e-06,7.115084154230732387e-06
3.743649432972115354e-06,7.339163340331223308e-06
3.323305643193471056e-06,7.538590914675212302e-06
2.907993673133503157e-06,7.711676454191507935e-06
2.497765410843374325e-06,7.859478852201284499e-06
2.093308526762865131e-06,7.983471631885711005e-06
1.695468654353676399e-06,8.084587747386385282e-06
1.304744390358567323e-06,8.164330624376433339e-06
9.213348051968709100e-07,8.223809994556888141e-06
5.450991535930526347e-07,8.264380196256492344e-06
1.755540717253371605e-07,8.287102831743207491e-06
-5.469263961320256926e-07,8.282700162791276869e-06
-9.021695691205252274e-07,8.256560497259755386e-06
-1.255254126476194411e-06,8.214820498615821887e-06
-1.607790705380879524e-06,8.157378360153525872e-06
-1.961499060140024035e-06,8.083716925079590269e-06
-2.318140940268728984e-06,7.993048764758101931e-06
-2.679432720700981834e-06,7.883961585381440233e-06
-3.046920354556462460e-06,7.755058956292797543e-06
-3.422530255479726011e-06,7.604024726954534634e-06
-3.809228315842953424e-06,7.428371126932676845e-06
-4.215562035838265687e-06,7.229121411054021022e-06
-4.637986003275514878e-06,6.996265026199304539e-06
-5.079389613767980563e-06,6.712363418830879564e-06
-5.507066153706901200e-06,6.390529319916027382e-06
-5.917199550804274011e-06,6.042395863532925897e-06
-6.305777475272316402e-06,5.672350618337415905e-06
-6.669117255053251096e-06,5.286327223805816186e-06
-7.005323472593296704e-06,4.886198990475054036e-06
-7.309540685748164034e-06,4.481759606549523026e-06
-7.584593840367485962e-06,4.071691628548718143e-06
-7.825481684094707521e-06,3.667069505145818235e-06
-8.036984683840153247e-06,3.265142476011140398e-06
-8.223253577538121889e-06,2.871734413278356382e-06
-8.382965137680269198e-06,2.485931586243947404e-06
-8.517791588074172536e-06,2.108152588161150088e-06
-8.629850326369224804e-06,1.739015497208935911e-06
-8.720884282070608836e-06,1.378775236901052254e-06
-8.793137843320772952e-06,1.026839370273365001e-06
-8.848457844957171832e-06,6.817383496961659587e-07
-8.888604494457987652e-06,3.412070956835232620e-07
-8.914836130864647160e-06,2.206673968134478068e-09
-8.927890046367133086e-06,-3.389468580924976773e-07
-8.927793818091735905e-06,-6.864579434337405021e-07
-8.913888662083924936e-06,-1.044907845950592382e-06
-8.884479723350219800e-06,-1.419055537602481684e-06
-8.837418554266416050e-06,-1.813454301829386300e-06
-8.769603725681489388e-06,-2.237679433129535496e-06
-8.670985407608747093e-06,-2.694041748997058778e-06
-8.529598859190489057e-06,-3.168918916578331506e-06
-8.354337572253802541e-06,-3.637711905215927554e-06
-8.155301109650219947e-06,-4.093910870582676223e-06
-7.932244504943521563e-06,-4.539139354745166766e-06
-7.687278939264962084e-06,-4.970156654597205625e-06
-7.422428064466229404e-06,-5.384659764184404612e-06
-7.139844813094464135e-06,-5.780808229289482703e-06
-6.841573506783062574e-06,-6.156851307955875782e-06
-6.528590270064997196e-06,-6.510281058923551211e-06
-6.203679164498587111e-06,-6.842139228957761853e-06
-5.871280108068684483e-06,-7.149772467164060859e-06
-5.529503827574803938e-06,-7.436530560597569647e-06
-5.182318343905901384e-06,-7.700079085894800970e-06
-4.828011308033486731e-06,-7.943478000568029692e-06
-4.468002168681169989e-06,-8.167676895859870894e-06
-4.101383925574524078e-06,-8.372552191810684222e-06
-3.727829482815498887e-06,-8.558683310159433328e-06
-3.347092677790351739e-06,-8.726515369073096787e-06
-2.958844994686706023e-06,-8.876334794968513401e-06
-2.562613733664178847e-06,-9.008270244757985917e-06
-2.157841548409926950e-06,-9.122301197000156589e-06
-1.743970415395762051e-06,-9.218129622807640810e-06
-1.320523579468238312e-06,-9.295305363625593805e-06
-8.874535949097871665e-07,-9.353103235356795110e-06
-4.395984364745284870e-07,-9.391981970709253359e-06
1.871454070153001083e-07,-1.005791048299865385e-07
2.910759835749524880e-07,-1.864569573081904393e-07
4.390027018240838115e-07,-2.993979566074252642e-07
6.616077971653780567e-07,-4.318306163077011102e-07
9.306334440428411417e-07,-5.728218822220310668e-07
1.259429375779072005e-06,-7.285424938474560152e-07
1.625126612161267754e-06,-8.899064344171237976e-07
2.036752056386312104e-06,-1.061605781972412706e-06
2.475937038963798321e-06,-1.236071385526725292e-06
2.947538696317379774e-06,-1.416597400888949442e-06
3.437598479669613438e-06,-1.597089333937243311e-06
3.946910152821305849e-06,-1.779478832189220750e-06
4.465814448186084224e-06,-1.959111464319798230e-06
4.991153587226611010e-06,-2.136589350958449670e-06
5.517437960280241225e-06,-2.308648311615458617e-06
6.037675090813331915e-06,-2.474672648489050659e-06
6.550902539855649213e-06,-2.632978409191154963e-06
7.045020976965487285e-06,-2.779817569363644098e-06
7.319031224041260152e-06,-3.394038490449185488e-06
7.095150684672738656e-06,-3.870381569219127198e-06
6.848541098064098748e-06,-4.337951763488431649e-06
6.581118453507336629e-06,-4.791560313208891378e-06
6.294924463958146709e-06,-5.226977559042671518e-06
5.992058215654887255e-06,-5.641472388517510348e-06
5.681238014624196325e-06,-6.030174936425287636e-06
5.359471900760783206e-06,-6.393997515130629937e-06
5.034930375825645820e-06,-6.725868557236553036e-06
4.704390598958599256e-06,-7.030601754617819353e-06
4.375103971428041271e-06,-7.303322322380196984e-06
4.041602002450124997e-06,-7.550119156692952958e-06
3.707721017076754308e-06,-7.766012000648486060e-06
3.370480057844332749e-06,-7.958047829434727424e-06
3.029988432811252336e-06,-8.126866419545661496e-06
2.685161009247800387e-06,-8.273031046898715081e-06
2.334236310647431570e-06,-8.397275518393184618e-06
1.974865540450570993e-06,-8.500013725546459557e-06
1.604132113289854192e-06,-8.581312169160575315e-06
1.218722192504986545e-06,-8.640852618190893698e-06
8.146633146067214628e-07,-8.677758143763388918e-06
4.236765574008522513e-07,-8.220284467296954899e-06
4.492741116441377811e-07,-7.729028749110863087e-06
4.716789792145744637e-07,-7.205650624269938316e-06
4.890360011831032605e-07,-6.664224698461809235e-06
5.025421976767245069e-07,-6.102642074562223807e-06
5.105428835044758233e-07,-5.531861810673043578e-06
5.143559824924838990e-07,-4.954342647182365723e-06
5.121773459063792802e-07,-4.377151420566279383e-06
5.054580751485089429e-07,-3.807814255982559415e-06
4.922632936313631880e-07,-3.249138731129075055e-06
4.741754797840239528e-07,-2.714088508794806815e-06
4.491285154008884769e-07,-2.200835048356013707e-06
4.188346677757906880e-07,-1.728156283310321480e-06
3.810933931691343274e-07,-1.289224957581912146e-06
3.377865065130987713e-07,-9.089790636200596360e-07
2.865725192458552141e-07,-5.749635789823796178e-07
2.290632760939539134e-07,-3.202841837901593832e-07
2.264375240819555194e-07,1.920783430840213088e-08
3.542236189200181235e-07,1.109592283030455462e-07
4.933638110219256853e-07,2.335675052086290805e-07
6.611403117552116304e-07,3.991978599974952117e-07
8.470744178076771058e-07,5.936699688727871275e-07
1.059216508163907774e-06,8.273853631273299765e-07
1.286718471073331331e-06,1.086885581380560916e-06
1.536340807308862432e-06,1.380477394679517260e-06
1.798199280678754954e-06,1.696219780514558249e-06
2.077539594637893594e-06,2.040155445139350915e-06
2.365608458881165235e-06,2.402079725898572660e-06
2.665960356303619118e-06,2.785526697205258124e-06
2.971152248512014504e-06,3.182275841500487985e-06
3.282867438730480563e-06,3.593106775317185112e-06
3.595144787057782938e-06,4.012023806451510957e-06
3.907644132209035949e-06,4.436797738953048939e-06
4.216210882009650937e-06,4.864047951997182581e-06
4.517431378612843844e-06,5.288048536193090382e-06
5.212843876684511686e-06,5.375286689231320793e-06
5.597745572067104841e-06,5.027322521075764537e-06
5.956342694499435312e-06,4.670495669263965819e-06
6.290160401374187992e-06,4.304883808347068986e-06
6.593087975444211744e-06,3.938584269548797175e-06
6.869159329320709944e-06,3.569457079926239984e-06
7.113083325731424063e-06,3.206249648677536573e-06
7.330803432538477407e-06,2.843736149331182397e-06
7.515852014989265983e-06,2.487886690356569248e-06
7.675862428385242587e-06,2.135810014329916007e-06
7.811587100711523868e-06,1.788915932622561508e-06
7.923615192391754311e-06,1.447310708651134537e-06
8.013020558273553116e-06,1.110315783616657305e-06
8.080464038077959390e-06,7.765206047797692023e-07
8.126519412407757999e-06,4.437331078446035622e-07
8.151281545953386050e-06,1.090894097432526239e-07
8.154345257323836112e-06,-2.308749277825464307e-07
8.134618418270421738e-06,-5.801136760388632663e-07
8.090421929124926246e-06,-9.428395871914126392e-07
8.019001768331289264e-06,-1.323495543984855311e-06
7.917449631852906206e-06,-1.726523809917784317e-06
7.306280879769643385e-06,-1.968396804536951044e-06
6.820597138677356118e-06,-1.790089416813424542e-06
6.315935855444869434e-06,-1.608263889062131668e-06
5.800138709179259572e-06,-1.428353296746054279e-06
5.275892380974386529e-06,-1.249738767472117312e-06
4.749311404245445445e-06,-1.075932197404884239e-06
4.226712388313138930e-06,-9.075141072981805058e-07
3.710293674524736063e-06,-7.468373499931689489e-07
3.210608422573292725e-06,-5.958091202463316040e-07
2.725877701024031515e-06,-4.555298612675798541e-07
2.270977789716084774e-06,-3.292691574429386171e-07
1.840041922819465613e-06,-2.168421718439828233e-07
1.452380855649604355e-06,-1.229158667459291398e-07
1.097925004938837310e-06,-4.598227906723537167e-08
8.005434374078932892e-07,7.841600882851388023e-09
5.459053100187045288e-07,4.143936642889528726e-08
3.617349508971626932e-07,4.727749526751530823e-08
3.582635876762355646e-08,1.257965348694624873e-07
-1.932331223418687905e-08,2.221810166786896766e-07
-7.743410591857810209e-08,3.757508438316733816e-07
-1.761916634808432818e-07,5.802175532110311726e-07
-3.014250909172674334e-07,8.156517258769416661e-07
-4.615924822182879573e-07,1.094941157736503192e-06
-6.453730404656702636e-07,1.400466083496281552e-06
-8.590318562097377384e-07,1.742335125078024725e-06
-1.092793275311538720e-06,2.104952037467507702e-06
-1.350779213162959325e-06,2.495648645939490450e-06
-1.624989644194217693e-06,2.901088825863995277e-06
-1.917211382210735905e-06,3.325571767003646209e-06
-2.221397466160116272e-06,3.758268245782813010e-06
-2.536819359925618578e-06,4.200199383805047240e-06
-2.859568155999359865e-06,4.643308241170290691e-06
-3.186255199872201366e-06,5.085039957172743490e-06
-3.515092412343298668e-06,5.519972990107769003e-06
-3.839652555078923782e-06,5.943513608032159466e-06
-3.784733936050096725e-06,6.633812130838835018e-06
-3.403505317508782431e-06,6.872529274483302546e-06
-3.035710582399549316e-06,7.067568067326187510e-06
-2.672685315404779296e-06,7.233552671513612429e-06
-2.314462813193568337e-06,7.372761725480088026e-06
-1.959809555113370170e-06,7.486739920182439678e-06
-1.607215754337423427e-06,7.577306489333231651e-06
-1.255159553576905449e-06,7.645560525860388927e-06
-9.020730994471933165e-07,7.692423163119135703e-06
-5.465144697877723517e-07,7.718360601238115565e-06
-1.872111292430143211e-07,7.723510953956686512e-06
1.769208934359180506e-07,7.707675563513017675e-06
5.467978477608924738e-07,7.670394530458159835e-06
9.230792093543423307e-07,7.610933780693478136e-06
1.306031979305071550e-06,7.528526269564326703e-06
1.695606700052314523e-06,7.422041245754635897e-06
2.091334339042849640e-06,7.290651359538557715e-06
2.492482304247571672e-06,7.133037866896075382e-06
2.897919219166427757e-06,6.948576377769426115e-06
3.305583547053242254e-06,6.736222056357632925e-06
3.719177237744734466e-06,6.486933764939899703e-06
3.815088845201486471e-06,5.797365325798105856e-06
3.503073666790847926e-06,5.380549317037897577e-06
3.189934500869431829e-06,4.957017126864047097e-06
2.880163195938753459e-06,4.530210643603719360e-06
2.575855438751541953e-06,4.105448269963124086e-06
2.279000688811486859e-06,3.683784236017925529e-06
1.993451331423396417e-06,3.272726627981451303e-06
1.718990237645826228e-06,2.870430965585756809e-06
1.461133133394783096e-06,2.486518692502281512e-06
1.217619866506961564e-06,2.116515419928600216e-06
9.954479842924991405e-07,1.771901105324682568e-06
7.904938841127265728e-07,1.445817600476427116e-06
6.110589218201102405e-07,1.151357588940286186e-06
4.513358876053104164e-07,8.795280737327988939e-07
3.207291635070492435e-07,6.447688142466527202e-07
2.120037581872998355e-07,4.361695216141187691e-07
1.358737834677694419e-07,2.703811164746828106e-07
-8.562625431845026545e-08,2.719600231355100171e-08
-2.350771918666920915e-07,5.076242733426309194e-08
-4.349249604623598948e-07,4.499874710954937195e-08
-7.110638585451685448e-07,9.247733291022366129e-09
-1.032870721976845490e-06,-4.855562354524344986e-08
-1.415272576339728895e-06,-1.312165521345873074e-07
-1.832540541814406747e-06,-2.322374601866970380e-07
-2.294790765439003934e-06,-3.529174188402080493e-07
-2.781423121311936479e-06,-4.883953844190755231e-07
-3.297768451460973132e-06,-6.384570678513799359e-07
-3.828244254994962017e-06,-7.998284143654123428e-07
-4.373510658129203067e-06,-9.708204624654877922e-07
-4.922891265476349189e-06,-1.149710900285904032e-06
-5.472485972809561960e-06,-1.333369409052999601e-06
-6.016433656612823906e-06,-1.521589650774733295e-06
-6.546344038868856100e-06,-1.709883237178198366e-06
-7.060655701638784112e-06,-1.899449405628093503e-06
-7.548263139226160781e-06,-2.083810895591499717e-06
-8.151996830715841713e-06,-1.855000420609176000e-06
-8.251207392686482519e-06,-1.458452522890330548e-06
-8.320687963795748781e-06,-1.082516033109488158e-06
-8.363134090602981810e-06,-7.224973590884272945e-07
-8.381039235599629038e-06,-3.737288676977068272e-07
-8.375844168749316311e-06,-3.176820793685649671e-08
-8.348362643615527505e-06,3.075329500022724924e-07
-8.298713239691455135e-06,6.477890140544949524e-07
-8.226528539131923906e-06,9.919387216383006757e-07
-8.130936723607125118e-06,1.342162491616948338e-06
-8.011074281706330219e-06,1.699753434729403655e-06
-7.865635559464941942e-06,2.065163603839906374e-06
-7.693980647818399147e-06,2.437949284962188810e-06
-7.495323259278264546e-06,2.816179991681776584e-06
-7.261272948270802320e-06,3.202703320051642783e-06
-6.999588264356965586e-06,3.590593080288942283e-06
-6.704312849449184791e-06,3.984717934063933397e-06
-6.381813225341028641e-06,4.375538618085135262e-06
-6.029277868138598092e-06,4.763664768184792850e-06
-5.653866273871640243e-06,5.141107639433525089e-06
-5.256796155561714912e-06,5.505250161333876236e-06
-4.555565234238614202e-06,5.425710952831107367e-06
-4.249901051070774962e-06,4.989946144445698532e-06
-3.931859595223586699e-06,4.546236532884550310e-06
-3.607262486440206240e-06,4.103050566426457563e-06
-3.280150788267989949e-06,3.663188262149473274e-06
-2.951795937632001173e-06,3.230688049578224920e-06
-2.628680242979996826e-06,2.811781364799386570e-06
-2.309612921373008377e-06,2.406840894543418525e-06
-2.003020859834493992e-06,2.024965231833471809e-06
-1.705369900915785008e-06,1.663124664343147139e-06
-1.426868808627196327e-06,1.333050842795436967e-06
-1.161820934097628128e-06,1.028557063263958528e-06
-9.220387266045342973e-07,7.637599862857899819e-07
-6.998366200186380268e-07,5.295469019432763862e-07
-5.084265444251074305e-07,3.422192220886626311e-07
-3.384815946521830326e-07,1.902854749217081777e-07
-2.041602916396766016e-07,9.034947223062199356e-08
-6.011255161872911576e-08,-9.226636041825020121e-08
-1.448121727866831222e-07,-3.193379152465883969e-07
-2.046881425206355493e-07,-5.763853243928462775e-07
-2.585737117955395185e-07,-9.099027527745474596e-07
-3.045128446334669949e-07,-1.290136523037909566e-06
-3.448215794177688228e-07,-1.729091329148088342e-06
-3.776912395398367393e-07,-2.201768858734452251e-06
-4.053166948704591297e-07,-2.715021461887804535e-06
-4.259825402292561467e-07,-3.250071772539693085e-06
-4.417552635767202511e-07,-3.808747324446777047e-06
-4.510524868288450032e-07,-4.378084475759679465e-06
-4.558091128855524701e-07,-4.955275659294834932e-06
-4.545742135112567087e-07,-5.532795170482645985e-06
-4.491505916674169588e-07,-6.103576199503925365e-06
-4.382169841099680449e-07,-6.665148469371201491e-06
-4.234627262671983400e-07,-7.206571150804632509e-06
-4.037133711339739894e-07,-7.730196018628158650e-06
-3.801615220846458549e-07,-8.220944644531223580e-06
-7.957304124590694686e-07,-8.664587221540983992e-06
-1.231713657827599563e-06,-8.618568939005827624e-06
-1.656970084018794901e-06,-8.549646777998819576e-06
-2.071884324884466625e-06,-8.458266396782821548e-06
-2.476741722049901551e-06,-8.344749885299838151e-06
-2.871933527606387232e-06,-8.209341246412711108e-06
-3.257845209296830365e-06,-8.052099292852298029e-06
-3.634793340250957966e-06,-7.872987629186773055e-06
-4.002941449854333675e-06,-7.671952762808203203e-06
-4.362020098064110836e-06,-7.448932504919882984e-06
-4.713156117494105647e-06,-7.201094671559389254e-06
-5.054350200495191584e-06,-6.930447620263411271e-06
-5.388257378767881861e-06,-6.634270881083980657e-06
-5.711008080361194881e-06,-6.314916275406934266e-06
-6.024594586097617519e-06,-5.969828851309770692e-06
-6.324119090717993136e-06,-5.602987944722698536e-06
-6.611846174047034840e-06,-5.213881751846054351e-06
-6.882205700491407721e-06,-4.805458966309900980e-06
-7.133789534926787598e-06,-4.379308114278098855e-06
-7.365246638161542100e-06,-3.937991392049359509e-06
-7.575188912205695521e-06,-3.484628858505351638e-06
-7.286362572133205663e-06,-2.896022453881556229e-06
-6.786513861462563359e-06,-2.753862715741209699e-06
-6.260631210311947160e-06,-2.597597327982689150e-06
-5.723603075435528212e-06,-2.431421405466765722e-06
-5.175290736964264516e-06,-2.256895318302435340e-06
-4.625105167306670594e-06,-2.075207664581245346e-06
-4.077941001155194572e-06,-1.889653107475027225e-06
-3.538790055305439585e-06,-1.699999986859205424e-06
-3.017302865701934949e-06,-1.511124955328764849e-06
-2.513936695541213818e-06,-1.321277857693446384e-06
-2.043224081372831910e-06,-1.136964678446475368e-06
-1.600976137833778307e-06,-9.548834103926500833e-07
-1.206717977674321992e-06,-7.832040647489352000e-07
-8.515083477385541974e-07,-6.170364263867352100e-07
-5.599669049748376690e-07,-4.662616911511897039e-07
-3.181942186116603520e-07,-3.243503622254799643e-07
-1.563718326343697798e-07,-2.026613390037348888e-07
-1.073659181480242390e-07,1.518063974464873326e-07
3.189042913411501211e-07,-6.673767946686078937e-08
4.189594115761226228e-08,-3.112435364541491971e-07
-1.875861672296992350e-07,-7.361917025543533217e-08
2.426789978707421020e-07,1.857082971051829927e-07
-2.944475783091224127e-08,4.398979964303542908e-08
1.500763986234658944e-07,5.231289246201749462e-08
-5.803234525068767311e-08,-2.448794065010103424e-08
2.006233230557201993e-07,-1.740946651593270502e-08
-5.624017564838159048e-06,-6.884324590789066182e-06
5.272962563539827645e-06,-6.980067281366376998e-06
6.250902651525080096e-06,4.909328030882765014e-06
-6.340055347797653035e-06,5.015499651763818938e-06
-6.997077871737583775e-06,4.224090903351546269e-06
6.867540498778639323e-06,4.163237294940615033e-06
4.167832758485372502e-06,5.543626187282724327e-06
-4.200403054255930912e-06,5.685701636377884317e-06
5.934270202109693511e-06,-6.305793559687424703e-06
-6.267347517135754401e-06,-6.232890369784413679e-06
3.936435200656524982e-06,6.790023260287841585e-06
-3.989226982092260210e-06,6.920796402197861130e-06
-7.420646431294229728e-06,-2.492626475364326312e-06
2.127234756097337563e-08,-8.224889579064931230e-06
7.177973795552949515e-06,-2.376835216262401600e-06
3.548821485931454309e-06,4.696999386956918725e-06
-3.389809935220267603e-07,4.565228173737859143e-07
6.178103778639334671e-06,-2.041804687819701564e-06
7.247785169236497498e-07,-2.099421482489844835e-07
-6.405389311853299708e-06,-2.154289702974630818e-06
2.413248272540934131e-08,-7.208616857991157674e-06
4.881358255946265239e-07,5.181061936391987818e-07
3.955433869603301892e-08,-9.028529232098196729e-07
-6.287752785531244986e-07,-2.263096133992738533e-07
-3.559333437789247106e-06,4.816137419083347870e-06
3.700871827138701389e-08,-1.723834475985900113e-06
2.669487847277743092e-08,-6.104381002473032181e-06
2.928809227936200881e-06,3.848505482451237173e-06
5.133612392278080411e-06,-1.693206522959024562e-06
-6.889198493577919966e-07,9.253589530419193788e-07
8.326745512809177316e-07,9.859726272065810465e-07
1.350948751881753866e-06,-4.241295202481077352e-07
-5.324410602567599666e-06,-1.795314829422481288e-06
-1.305770233467263790e-06,-4.555231451268627900e-07
-2.908069965918106581e-06,3.931107869758181732e-06
2.328594619291719095e-06,3.027587305474335948e-06
-1.140594882268906702e-06,1.534441040481862944e-06
3.442931975730532033e-08,-2.711450796072201961e-06
-2.271828614049635108e-06,3.067129062658415652e-06
-4.224861943265569924e-06,-1.429965973929647872e-06
2.927346320019020081e-08,-4.954735559139344649e-06
2.150220323788311012e-06,-6.942632095395985455e-07
1.263828458705025730e-06,1.573335840487405869e-06
4.085690082906075305e-06,-1.343142035050908393e-06
-2.165269423309540975e-06,-7.437364574857006300e-07
-1.675136840580504795e-06,2.257870055754972664e-06
3.185140705372796076e-08,-3.806748513028343440e-06
1.767720904131669842e-06,2.261103534693912418e-06
-3.155251331497167945e-06,-1.074058661985592592e-06
3.076707276814661299e-06,-1.005444286552942332e-06
-4.940296193850947094e-06,-7.441610042251068867e-06
4.594781333549041229e-06,-7.537844220794089113e-06
5.524152418212255829e-06,5.625761787423369906e-06
-5.577788553151035786e-06,5.763399823660876756e-06
-7.532700943759114771e-06,3.426293175605622245e-06
7.367107937682823373e-06,3.415827548433801526e-06
1.566935896663649007e-07,-5.336513862366334397e-08
3.192004136426947080e-08,-1.058001441835840820e-07
-3.731150010215503511e-08,-5.189453384377578381e-08
4.749931546959855109e-06,6.256157279579955050e-06
-4.786103348307349800e-06,6.403765332535482817e-06
7.135428353587128667e-06,-4.649285462078617885e-06
6.867734217851269216e-06,-5.100742212839750532e-06
-7.152486551385086318e-06,-5.096071998914909581e-06
-7.404645979194357043e-06,-4.672475903040994796e-06
2.290152875554208102e-06,7.567777920812537682e-06
2.697474520712361814e-06,7.421125620496069247e-06
-2.856820580702756575e-06,7.492964475879029693e-06
-2.492984587569328738e-06,7.621833474669970563e-06
7.394054967901782488e-06,-4.188283954163455564e-06
-7.648781232946178193e-06,-4.238927686276642692e-06
1.891582916206049332e-06,7.700699786276503410e-06
-2.136911861988120224e-06,7.738424171576173841e-06
8.219949370213591223e-06,-1.910982009116108588e-06
8.113338398657860475e-06,-2.363556487084650287e-06
-8.344168576734223427e-06,-2.480602022130643338e-06
-8.448970505034285317e-06,-2.036036831163374396e-06
1.940802310936154237e-07,1.103805045413725435e-08
1.784146708805105155e-07,1.582663692803233298e-09
2.139614070456670534e-07,5.666187633521974412e-09
-4.965901469419205843e-08,1.619443499721263856e-08
-7.394332517572958798e-08,5.186325708154556264e-09
-2.666980208406547528e-08,2.970842867463082365e-09
-5.210301259898196619e-06,5.806652834850592639e-06
-5.615745711855076143e-06,5.451908597766876532e-06
5.560660174023880956e-06,5.324827402686163089e-06
5.167462525300261723e-06,5.666795917635169691e-06
8.310720796618970547e-06,-1.497701571761804233e-06
-8.538670062340186339e-06,-1.630068869943135093e-06
7.390113797009164633e-06,3.713106701118755003e-06
7.607140962795467824e-06,3.339949296862053469e-06
-7.789484894996354022e-06,3.345138257272988692e-06
-7.556807925880852497e-06,3.743696277764625734e-06
-3.867568771133788369e-06,-8.122536491567433376e-06
-3.490796449442584278e-06,-8.300427970178303613e-06
3.582935924615385012e-06,-8.187823289368463433e-06
3.239633748337329914e-06,-8.352193717670508129e-06
-3.109630794258494498e-06,-8.467987380208434934e-06
2.896899211346622349e-06,-8.505217899452154794e-06
7.821992674836755185e-06,-3.230950543043952031e-06
7.616926987981128886e-06,-3.710964111178589342e-06
-8.056715603764516944e-06,-3.329176957523604411e-06
-7.860311646325120939e-06,-3.787472761655007114e-06
4.880893368218383531e-06,-7.535051863233430897e-06
4.539911995451785282e-06,-7.782879304673281023e-06
-4.884129668342042923e-06,-7.694085179992402726e-06
-5.232764775649093123e-06,-7.438565973649777126e-06
-8.257794052403476492e-06,1.899201097427736202e-06
-8.122212331012494452e-06,2.271869798955849294e-06
7.918360730420585661e-06,2.331508754109505932e-06
8.046111484712360293e-06,1.978815600802413641e-06
-8.377606312362344683e-06,1.537064765933915288e-06
8.159681476206466955e-06,1.634134905107363161e-06
-4.304899511152078507e-06,6.956429573243657102e-06
-3.898494572712772540e-06,7.182201384481857108e-06
3.839485315068110373e-06,7.069651991148728254e-06
4.265636515320814447e-06,6.823702810798096697e-06
-6.235873845874561278e-06,-6.540010432903899988e-06
-6.552285336743186807e-06,-6.194724318152362247e-06
6.232371305540277660e-06,-6.265558319944113816e-06
5.900894724349152524e-06,-6.626057381702788588e-06
7.993141440253809341e-06,-2.745344167780135575e-06
-8.225286168033549763e-06,-2.856442033739315969e-06
1.774230677255192862e-07,-1.034284542903824560e-08
-3.035161247086184490e-08,-1.703062715489008816e-08
6.871151782887723736e-06,4.470935613962515043e-06
7.145995219605672159e-06,4.091724430449344239e-06
-7.294852664500922209e-06,4.147787043266251281e-06
-7.000177752644800540e-06,4.551519396917548455e-06
-6.675720034767269472e-06,4.950954235356958123e-06
-6.322528038836137867e-06,5.342302875338479474e-06
6.235242768618780606e-06,5.220222657987004227e-06
6.567498628512997787e-06,4.848060253125852083e-06
1.497434372072394437e-06,7.800406327170272757e-06
-1.782395514357658079e-06,7.825835463376690053e-06
1.111276346436627077e-06,7.885043921143670631e-06
-1.430605325816498950e-06,7.900621671986430590e-06
5.565620421444959942e-06,-6.958228861750968521e-06
5.224786994598793402e-06,-7.261253695785959011e-06
-5.576916520741371220e-06,-7.162465056582363856e-06
-5.911655423574080237e-06,-6.862863076485920216e-06
-2.717591338519028075e-06,-8.607589067242010669e-06
2.547709879724454282e-06,-8.631892681755115812e-06
8.366896347421546145e-06,-1.107952593708197154e-06
-8.594384216489361171e-06,-1.245924119422296470e-06
-5.667783066720129152e-06,-6.601984429285878503e-06
-5.336941128938392014e-06,-6.906903155987332524e-06
4.984221501763278784e-06,-7.004385756878065494e-06
5.316742550142541074e-06,-6.691320433400541236e-06
-2.318240976466195160e-06,-8.734086363517631709e-06
2.193548357515818733e-06,-8.746502455231556085e-06
8.406876544058405006e-06,-7.385072434517932042e-07
-8.634212312071500636e-06,-8.801650854809394156e-07
4.677136918816039967e-06,6.560608504115161602e-06
5.104388454387822968e-06,6.247557850362538046e-06
-5.144609396656444222e-06,6.395867858435311529e-06
-4.711508634094746031e-06,6.705220159930215552e-06
6.269777329101333003e-06,4.603700185068351959e-06
5.927378698385619171e-06,4.968655903980816916e-06
-5.998838080780175920e-06,5.078510679070535868e-06
-6.360314926281003230e-06,4.692675190896737667e-06
-6.693109968748017416e-06,4.299925027096870450e-06
-6.996868521997925442e-06,3.902593921631828124e-06
6.866920669190056162e-06,3.861711485582813581e-06
6.582759610539890879e-06,4.234177817773078021e-06
-8.468494733899861287e-06,1.182049592806928454e-06
8.246409694583194206e-06,1.293938923273196569e-06
5.643179724927659641e-06,-6.349405592386153527e-06
5.964043842230912611e-06,-5.977296212862199660e-06
-6.296283376485379539e-06,-5.920275357853317254e-06
-5.987028238482280831e-06,-6.273607992913141051e-06
4.033084380606068234e-06,6.503555462113800028e-06
3.616394154269083289e-06,6.760762501221794681e-06
-3.689444613073243931e-06,6.893121447213965281e-06
-4.078533408508693321e-06,6.647734710373313489e-06
-8.543514850030463435e-06,8.349309268306360802e-07
8.318569936187656405e-06,9.587603431566939655e-07
1.894964509358630753e-07,1.067586946981247586e-08
-4.988464377374672529e-08,1.838643354266718455e-08
7.650522822855886822e-06,-2.529410546981371749e-06
-7.890810858132663264e-06,-2.644652716318671437e-06
-4.997377474097938212e-06,-7.187795284762861027e-06
-4.649477937786266832e-06,-7.444707947398622369e-06
4.314243723313870199e-06,-7.542643594273604303e-06
4.649744596449511194e-06,-7.287951039460118771e-06
-1.060955462378892973e-06,-8.982556663931033422e-06
-6.210964647725092489e-07,-9.022704446466263959e-06
6.507722594176637262e-07,-9.017441926828077294e-06
1.062456510718431315e-06,-8.977163105899960323e-06
2.066603319645161079e-07,-9.045053321010449411e-06
-1.643462730391323323e-07,-9.046571705611863653e-06
7.317845945970983473e-07,7.942439869483889663e-06
-1.078496886299860949e-06,7.951465407946143847e-06
-7.270379775390735341e-06,3.508245659064144390e-06
-7.511594911152948811e-06,3.115836805250346819e-06
7.346803118281586141e-06,3.124938572638410940e-06
7.122090011194688238e-06,3.492457241761508267e-06
5.491048989352626768e-06,5.931651706438170396e-06
5.874981222000889744e-06,5.581327741929261187e-06
-5.942781777259067093e-06,5.717928750613924637e-06
-5.542405534840589179e-06,6.077242666375850116e-06
3.590095897146362197e-07,7.983515548556710664e-06
-7.247110479869571473e-07,7.987950860559367482e-06
-1.908864292344002645e-06,-8.835630970048862848e-06
1.829750360362874386e-06,-8.839189150369041066e-06
8.422567306652914418e-06,-3.848964401388129396e-07
-8.649983669790671512e-06,-5.281070001482286006e-07
-1.489744908049988881e-06,-8.920322375420542031e-06
1.453780928849148640e-06,-8.917718496971906297e-06
8.422843478513041522e-06,-4.193549932740776931e-08
-8.650326134432211414e-06,-1.843335178775956261e-07
7.318060400868757172e-09,6.286559026719102120e-08
5.072530568968336942e-08,7.524627764176200002e-08
-8.595952469943720704e-06,4.934045986861072364e-07
-8.632035396767082113e-06,1.544644385365424325e-07
8.369433630160479803e-06,6.262591210861993520e-07
8.404755949941891913e-06,2.934738450599714330e-07
-7.044078866789082631e-09,8.002762040294419550e-06
-3.683124739746431903e-07,8.004096388225815780e-06
-3.405512307767334383e-08,1.297383489546892849e-07
-6.142233116767668545e-08,8.974453560247073369e-08
-1.189795926911144671e-08,7.557479341419449583e-08
-1.052396513883216055e-07,7.464187274014240518e-08
-6.053819234036462977e-08,3.479438325565026661e-08
2.433303509122944484e-07,9.009163908865255712e-08
1.891344630400397670e-07,1.098364758820673756e-07
1.949726847210171824e-07,3.591305241236738466e-08
1.508143333560937958e-07,1.595492607631586182e-07
1.123663745213320586e-07,9.336899392629346790e-08
-4.181372146124416298e-06,6.025426936929495237e-06
-3.860606561440742070e-06,5.602419407350876326e-06
3.837120803434283366e-06,5.461777273310276628e-06
4.147220939713735068e-06,5.877919238519075121e-06
-4.223739419305587310e-06,5.341276247075324866e-06
-4.528666081539012418e-06,5.769223096737824667e-06
2.146536596079199780e-08,-8.687843771374078258e-06
4.275304073785467435e-06,-1.649372728529332701e-06
3.758707459581702589e-06,-1.472109702919417520e-06
-1.154143854094758993e-06,1.272099082894724205e-06
-1.414429196230287495e-06,1.598841213243370719e-06
1.018615863204096956e-06,1.509485675157884540e-06
1.243112061632520825e-06,1.837706594362203348e-06
-5.672290824862685749e-06,-1.657263590740620891e-06
-5.123633998172074146e-06,-1.472862546260755274e-06
-6.979460615939054406e-07,7.161287739830454648e-07
-9.146646185935221095e-07,9.770053813605483206e-07
-1.067545875473941634e-06,-5.441498373684300596e-07
-1.449949022927001152e-06,-6.942524516672808661e-07
5.325974875059000862e-06,-2.001928362139333552e-06
4.799156374379046473e-06,-1.826433556769633577e-06
1.220348579709277993e-06,-2.229211534479296181e-07
1.586684315420952028e-06,-3.270296022910150267e-07
2.187273168704810744e-07,-1.499306326509536121e-06
2.350839507457289382e-07,-1.956728027197409038e-06
3.883361933070137542e-06,4.780586545861746990e-06
3.572047409026414072e-06,4.353945001423624912e-06
6.365712152517731023e-06,-2.340911629654557040e-06
5.849492419714763873e-06,-2.173842862286830021e-06
-1.949714216367120967e-07,-7.473312736052311611e-06
-2.029789482771252556e-07,-6.939732107341324127e-06
6.302280691818133814e-07,-6.903118390451140527e-08
8.999419016137539434e-07,-1.363921545754181453e-07
1.485814982112892083e-06,2.188712670791635629e-06
1.745193796627008494e-06,2.560274694948645743e-06
-1.692491976118789599e-06,1.953227774081024577e-06
-1.986184645575661197e-06,2.332425358048444121e-06
3.387295929543451581e-07,4.770741141264660069e-07
4.730291467176348675e-07,6.887412322916313601e-07
2.899154912850420703e-06,-7.243081922195183934e-07
3.389686836437910976e-06,-8.790570976376077460e-07
-2.075210296586641705e-07,-4.091088534846765931e-06
-2.006142770114864000e-07,-3.525678444783481041e-06
-2.829264781719897322e-06,-1.201371161846766496e-06
-3.345769130445177061e-06,-1.382752033995502874e-06
-1.718810212164484162e-07,-8.460779586461983432e-06
-1.849595992628521487e-07,-7.981732930666508182e-06
4.491699212391735606e-06,5.625869146610131692e-06
4.191156661431716614e-06,5.205715164368230141e-06
7.351502906985095081e-06,-2.651965174476354667e-06
6.868635255499011952e-06,-2.501596208722207941e-06
-7.724816527306361286e-06,-2.376175977480027763e-06
-7.242196581309163715e-06,-2.202075717266723009e-06
-6.737643776085067584e-06,-2.023739832616315851e-06
-6.211929544677685861e-06,-1.841427752905566885e-06
-4.594461478237462123e-07,-2.853418287240454572e-07
-7.355979713045559316e-07,-4.072773510427050230e-07
-3.536653641308380371e-06,5.170270923693466668e-06
-3.209869101325046356e-06,4.729597567107891419e-06
-3.428654302277667804e-07,3.102266178962587992e-07
-5.067344956399043134e-07,4.930651551352633347e-07
1.760828770865684411e-07,-7.292827908527397115e-07
1.990855780602092108e-07,-1.088078528419762258e-06
-2.087515092085714683e-07,-6.387107320847307905e-06
-2.122003268405407563e-07,-5.819735241063853354e-06
6.319787727023837717e-07,9.326646014245831024e-07
8.144573123035749593e-07,1.207148693044590332e-06
-2.292197860214293106e-06,2.732044411918338839e-06
-2.608194039955171047e-06,3.148990330202277518e-06
-3.879280980097617477e-06,-1.566672990070629875e-06
-4.424780862831436322e-06,-1.751531888970931349e-06
3.260455769402484982e-06,3.930336671559099365e-06
2.950765279428286248e-06,3.512635811166615653e-06
2.646118167146272745e-06,3.104991734258690429e-06
2.348542587981626958e-06,2.710074092976095504e-06
-2.466993353986606378e-06,-6.208454672457992452e-07
-1.995680740370286619e-06,-4.785428604174239715e-07
2.310769407055371872e-06,-9.576932464512455965e-07
1.879785917391148630e-06,-7.976570919088392403e-07
2.715256749856808331e-07,-4.665227306925588881e-06
2.704673918442786854e-07,-5.243881407285898069e-06
2.018836371941925157e-06,2.948906997893123100e-06
2.305021824333762668e-06,3.352118811637370062e-06
1.992030111651761158e-06,-4.464332714892036289e-07
2.431768959591002739e-06,-5.796030835101008056e-07
-4.573074428929840882e-06,-1.290589708603287905e-06
-4.025492341600582674e-06,-1.112059120371678326e-06
-1.874944660852486829e-06,-8.550724385411855984e-07
-2.337277741693516789e-06,-1.024931208442558457e-06
-2.884174647028577509e-06,4.286419509992227619e-06
-2.562252813625348170e-06,3.844559505066151964e-06
-1.908493355981380478e-07,-2.977370432307017644e-06
-1.781373726649575259e-07,-2.451710210664240851e-06
2.482849829712913740e-07,-2.451243629103272487e-06
2.584190777212140322e-07,-2.976903971310652232e-06
2.668800724696030215e-07,-5.819267881806122293e-06
2.608523818013450136e-07,-6.386641791297551297e-06
-2.247815336759362115e-06,3.409269035287140915e-06
-1.943269709386437407e-06,2.983985123179113234e-06
-2.132094374451799870e-07,-5.244347949946905012e-06
-2.116898015919751053e-07,-4.665693809149238687e-06
-7.109060026649459006e-06,-2.618912229247045447e-06
-7.594869182335401466e-06,-2.766194641282033407e-06
-2.930583934704746981e-06,3.578487214101472551e-06
-3.256837782546137555e-06,4.017174367629020356e-06
1.050506323622890775e-06,1.036456979275243625e-06
8.428989675819082157e-07,7.802458307951109686e-07
2.291828233849624072e-07,-7.980993842387970537e-06
2.137845838851346607e-07,-8.461758396234614032e-06
-3.583060128625459126e-06,4.459878422191087387e-06
-3.906621939402498268e-06,4.903102599480485702e-06
2.601056942704303075e-06,3.766037409053569001e-06
2.905032520547898547e-06,4.187912248333589235e-06
7.000321969519438814e-06,-2.087769138341923282e-06
7.483060090629993720e-06,-2.259205606577372929e-06
-3.241515342103578864e-07,6.240754787422204237e-07
-1.946273034571904276e-07,4.160712880387591752e-07
-1.212176018171274721e-07,-1.088508274112215120e-06
-9.564348235154100665e-08,-7.298616017003188300e-07
-8.186544302190651312e-07,-1.464303637767253893e-07
-5.263442010092774254e-07,-7.427458723710932982e-08
-6.067297501178219604e-06,-2.290671272088949384e-06
-6.597685476593896933e-06,-2.459119763715203387e-06
3.213975548968606615e-06,4.613495903475221085e-06
3.525749779683250043e-06,5.039721454013064113e-06
-1.652049211940180019e-06,2.573599575444046498e-06
-1.376375050027376513e-06,2.181291748556446761e-06
2.656060748806081222e-07,-3.525211912588856193e-06
2.699348596402457676e-07,-4.090622001123200873e-06
2.060888448834615082e-06,2.331640686411123362e-06
1.784993087096935376e-06,1.972097658751605698e-06
5.989742987945478281e-06,-1.737295284161760970e-06
6.502709936841321463e-06,-1.913723381316501056e-06
-3.488202454306390580e-06,-9.396857012881757379e-07
-2.966207165362282049e-06,-7.751239128804433394e-07
6.570235883082554416e-07,5.559078025988413621e-07
4.941440053642684505e-07,3.650959616694137049e-07
2.525089399367790975e-07,-6.939284376591639665e-06
2.419337364036438064e-07,-7.472802699330503358e-06
8.234379121780174368e-07,-3.778869298761475688e-07
5.688020590200348859e-07,-2.640194617142590054e-07
3.255786602003776624e-06,-1.296690954995207404e-06
2.770942307259745049e-06,-1.124517618434604296e-06
-1.623577790227673947e-07,-1.957196405158286382e-06
-1.434214982301904455e-07,-1.499769931691505949e-06
4.941175770393423299e-06,-1.384042111094515939e-06
5.467792095980506067e-06,-1.560260368616100142e-06
-1.559930317313188372e-06,-3.507441998923889290e-07
-1.164978080797409486e-06,-2.391799512794846447e-07
1.484760331020539012e-06,-6.465694910657111802e-07
1.130329613041948205e-06,-5.059079538812409497e-07
-4.974933532039877134e-06,-1.934984777430074041e-06
-5.524831984112448710e-06,-2.115467055096785731e-06
-6.705064334622325674e-07,1.152728944283044695e-06
-4.833029551978164109e-07,8.703950403405383393e-07
-1.119399297471785410e-06,1.811565739161054490e-06
-8.831530369959848212e-07,1.467339231084383988e-06
1.523425914509085944e-06,1.634816148665494226e-06
1.277834162853831986e-06,1.321941001096506244e-06
3.896792855816860498e-06,-1.041675389925351622e-06
4.416089156641603743e-06,-1.210709595946124665e-06
-1.329611974650036661e-07,-6.838053599428923281e-10
-1.101734820829098263e-07,-4.540385182118397955e-08
-1.046272704850665209e-07,-9.665455681692495436e-08
-5.670667319532693366e-08,-6.133094925455361896e-08
2.437622207462538274e-07,-8.750937694938947438e-08
2.480676595678322552e-07,-3.901028337103315164e-08
1.990851168107620795e-07,-5.244056683124988473e-08
2.680842628300776284e-07,5.021676061296190570e-10
-3.452673701687097157e-08,-2.025970999257910097e-07
3.929922694121063567e-08,-1.936618548949683189e-07
-2.234676677693707953e-08,-1.098045455355723152e-07
1.197340968158605825e-07,-2.073417053745800914e-07
1.057155806255098932e-07,-1.177069086898588968e-07
9.025734637425098263e-08,3.502090497418644516e-08
-4.094917720444548716e-09,2.490042710652650147e-08
-1.944314053386255173e-08,-6.680821420910932041e-08
-5.352288598073095233e-08,-8.098762954406772587e-08
1.606296962249054707e-07,-8.805931802589119989e-08
1.032877813417982466e-07,-7.599872593447937090e-08
1.518612552673292736e-07,1.302606183120501653e-08
-1.986666112333885597e-08,1.584349074414439019e-08
2.113522689817525101e-08,-5.638827585075563727e-08
-8.539139926381833255e-09,-1.970256317092351707e-08
9.634530917877786026e-08,-3.005053325528532330e-08
1.798008756751939237e-07,-3.482538250818912148e-08
1.814556641970510507e-07,-7.127542869265837235e-08
-4.962486153847813578e-08,-7.437621184493118208e-08
-3.899053260958236605e-08,-4.385408280746489151e-08
-2.044565913816646693e-07,2.779774042036759126e-07
-2.086756222495558783e-07,1.710155997615525284e-07
-9.680188165751211851e-08,2.497611296364027998e-07
3.496126330626878372e-07,3.308892234160831846e-07
2.309041433285235055e-07,3.002796784236139183e-07
3.558323760069713131e-07,2.096391520223094822e-07
4.854598577581170580e-07,-1.267670569693196803e-07
4.181361108270122993e-07,-2.311049326208770515e-08
3.736994814959855300e-07,-1.666551643136773092e-07
-3.690550078730945005e-07,-1.372031263758495836e-07
-2.470346127186285330e-07,-1.809677551395107412e-07
-2.960612124522116417e-07,-2.540005817139143027e-08
4.091601550429597629e-08,-5.681443040149882474e-07
1.497419465482128602e-07,-4.327216173760902144e-07
-6.649380235440697221e-08,-4.333188477351767588e-07
-5.980392671011057743e-06,5.406610263004688856e-06
5.910370331452505581e-06,5.281587976773110659e-06
7.583899364554777944e-06,3.051599868912423129e-06
-7.765066717949198525e-06,3.037477925769510800e-06
-1.845622756776189266e-08,-2.228395557313596822e-08
1.537288983460027816e-07,-1.680688718045527391e-08
4.261344902670364541e-06,-7.785125762573822758e-06
-4.594151515933869472e-06,-7.696028872551243329e-06
-3.602839350341691249e-06,7.149922031454611812e-06
3.522177643344973045e-06,7.037382828888431388e-06
-6.582747065790792965e-06,-5.880978917019981261e-06
6.264609523948387264e-06,-5.935326771931591793e-06
7.142767016647074968e-06,3.792772358959474266e-06
-7.291949474441377979e-06,3.828877363617555662e-06
-5.174707097142273157e-06,6.120238858665149142e-06
-4.816976413882719812e-06,6.129153762977030796e-06
5.133407665390114590e-06,5.974177740419702759e-06
4.779947651355255702e-06,5.982501062510131247e-06
4.938464204374765051e-06,-7.282915503183169381e-06
-5.291057220215873414e-06,-7.183642951897863163e-06
-5.956863376234464447e-06,-6.579260040105678100e-06
5.612078372522143211e-06,-6.667245477464628905e-06
6.584385743473071782e-06,4.544578748694073262e-06
-6.694287582472638100e-06,4.629873435256976044e-06
-4.504041988105617222e-06,6.104806200103853038e-06
4.467628864463993530e-06,5.956933959982100536e-06
-3.883068576329138870e-06,5.256062415962387918e-06
-2.644671995585640288e-06,-9.038692793051260284e-07
2.597905175672111718e-06,-8.448351379570566260e-07
1.506063677535878278e-06,1.903816957925882063e-06
-1.397017045484765452e-06,1.881186785159090479e-06
3.056242127525324053e-08,-4.376825993567132519e-06
-3.681946225073135924e-06,-1.249413788865569091e-06
4.607050974779432667e-06,-1.517364547018397456e-06
2.040930806381462093e-06,2.634361642565724107e-06
-1.965855914449165535e-06,2.651965385628890925e-06
-9.009674977997408478e-07,1.210881587773213325e-06
1.036336775244899700e-06,1.263217964345099200e-06
3.314039515021275783e-08,-3.247297999699903180e-06
-9.362068596489508299e-07,-3.308653310238014154e-07
2.798454258777657861e-08,-5.532938604582259617e-06
-5.871217279325304172e-06,-1.976919400420125950e-06
5.659466029094600976e-06,-1.868748392986386800e-06
1.008653508385096001e-06,-3.075855849373773080e-07
-2.585823722108720231e-06,3.493405397091328228e-06
3.829821914074448697e-08,-1.284003213075477853e-06
-4.974805788247162338e-07,6.682721924217676138e-07
2.624238818001697665e-06,3.431867669569735165e-06
-3.233381102820171084e-06,4.373098215084981638e-06
6.687645382008644623e-06,-2.211946889446557565e-06
2.282769182980774655e-08,-7.732671244274237898e-06
3.859951031106890713e-06,5.122863865425837562e-06
-6.926162178859783846e-06,-2.327327325005742519e-06
3.237406686405122755e-06,4.270756071617336501e-06
2.540518684685582596e-08,-6.666585491925682323e-06
6.465671523149371639e-07,7.329559338140056874e-07
3.571818802804964460e-08,-2.197366175528211583e-06
1.728287198919205422e-06,-5.519878541041697586e-07
-4.773831200527486834e-06,-1.612414216406295782e-06
-1.712280204014540673e-06,-5.921151502574664839e-07
3.572205516002803226e-06,-1.171407815625369713e-06
4.367942213010457319e-06,6.534907516834617614e-06
-4.403744454038191421e-06,6.679430244886669822e-06
4.438772554829913494e-06,6.231917864238042518e-06
-4.474559491792287534e-06,6.380771885375112289e-06
3.919679050460237845e-06,-7.991888484903008938e-06
6.566737252274018740e-06,-5.524370163546770220e-06
7.757736441597378260e-06,2.686653134984799971e-06
3.104744017321130102e-06,7.235180930475412335e-06
-3.222731365085296888e-06,7.327819490440317938e-06
-7.951003448017860954e-06,2.648823395436857459e-06
-6.868665235309295115e-06,-5.493744432674627697e-06
-4.231466166867187607e-06,-7.913362260381054091e-06
