Size 899,2
0.000000000000000000e+00,0.000000000000000000e+00
0.000000000000000000e+00,0.000000000000000000e+00
1.004440347877476391e-08,-1.616303100940841962e-06
-5.736535449542726617e-08,1.082582236037177713e-06
7.044389663713399933e-08,-5.511189178593970242e-08
1.028526346308754831e-07,-2.702818617135313928e-08
1.198987899678186372e-07,-1.448162491150337497e-06
1.078401853431245193e-06,-4.940896528514148679e-07
1.112923828508502179e-07,9.941058256845487695e-09
1.074541308164282165e-07,5.275600664669607753e-09
1.160958243753790945e-06,-2.820521951382498946e-07
6.825602965413699980e-07,6.187771544048893047e-07
6.701479817513134435e-08,3.594131607044390419e-08
1.510594691374899142e-09,1.873234427275376662e-08
5.044988598378938734e-07,7.534531528506650899e-07
-4.974262986466072627e-07,8.197906407105323202e-07
-2.010265581244830809e-08,8.508951528896535540e-10
-2.044299477838416733e-08,1.195689615017724656e-08
-6.829963418653302648e-07,6.743416663710176862e-07
-1.245021102329469388e-06,-3.283115342599486004e-07
-9.592730181758550204e-09,-3.148753725047623039e-08
-2.363294813297626874e-08,-4.368453708420892368e-08
-1.159955198241070464e-06,-5.525493011108606384e-07
-9.896897451077035925e-08,-1.445973204797179975e-06
4.703452590595787429e-08,0.000000000000000000e+00
7.317306336095729994e-08,0.000000000000000000e+00
8.633077713770274741e-08,0.000000000000000000e+00
9.230738757830890743e-08,0.000000000000000000e+00
9.261721026800364207e-08,0.000000000000000000e+00
9.537202502532101762e-08,0.000000000000000000e+00
9.955443383094500068e-08,0.000000000000000000e+00
1.000423116484804636e-07,0.000000000000000000e+00
9.712504106521198896e-08,0.000000000000000000e+00
9.042894926257901813e-08,0.000000000000000000e+00
7.451659072091715277e-08,0.000000000000000000e+00
5.312200112034343796e-08,0.000000000000000000e+00
2.930595603178190740e-08,0.000000000000000000e+00
0.000000000000000000e+00,0.000000000000000000e+00
0.000000000000000000e+00,0.000000000000000000e+00
0.000000000000000000e+00,0.000000000000000000e+00
0.000000000000000000e+00,0.000000000000000000e+00
0.000000000000000000e+00,0.000000000000000000e+00
0.000000000000000000e+00,0.000000000000000000e+00
0.000000000000000000e+00,0.000000000000000000e+00
0.000000000000000000e+00,0.000000000000000000e+00
0.000000000000000000e+00,0.000000000000000000e+00
0.000000000000000000e+00,0.000000000000000000e+00
0.000000000000000000e+00,0.000000000000000000e+00
0.000000000000000000e+00,0.000000000000000000e+00
0.000000000000000000e+00,0.000000000000000000e+00
9.343734795349404970e-08,-1.607836277440997828e-06
1.672842699826868361e-07,-1.591021639718630725e-06
2.246307829885745597e-07,-1.574327528170110072e-06
2.744912992129184258e-07,-1.557763917173731555e-06
3.186579318915215875e-07,-1.541669645687453101e-06
3.587297886327679251e-07,-1.526027402234981722e-06
3.964829395191033290e-07,-1.510561210864989930e-06
4.332596129098514767e-07,-1.494817774896309896e-06
4.704003627551023635e-07,-1.478150434936732966e-06
5.092665770741664473e-07,-1.459722120906166817e-06
5.511009243705827063e-07,-1.439682805699489703e-06
5.966646776886999595e-07,-1.415935607070193579e-06
6.467093078230652760e-07,-1.386906372332281328e-06
7.007391942496894322e-07,-1.351786578588334194e-06
7.587089041285343286e-07,-1.309492390046162074e-06
8.196703821991838107e-07,-1.259342458782475929e-06
8.828302269340648388e-07,-1.200754016137031149e-06
9.467572512661216809e-07,-1.133661825277479686e-06
1.010091824783708618e-06,-1.058163965112560015e-06
1.071153784815701061e-06,-9.750186763433250784e-07
1.128257602490317094e-06,-8.852388632283740150e-07
1.179721144330435757e-06,-7.904542732648863961e-07
1.223777319668063812e-06,-6.928923320211943474e-07
1.259193667375667743e-06,-5.946214120401174394e-07
1.285720743222209349e-06,-4.995018033363798866e-07
1.301431885319696581e-06,-4.088463844529464981e-07
1.308519942893202141e-06,-3.278309909109266899e-07
1.306969031715221851e-06,-2.611951125896625023e-07
1.302584254582205854e-06,-2.107654104236119766e-07
1.297304923035861490e-06,-1.706631043782080503e-07
1.292114155962540162e-06,-1.377797589408103761e-07
1.287538530289959457e-06,-1.099019594691991415e-07
1.283768398352588925e-06,-8.464117577043912898e-08
1.280688239265946832e-06,-6.008314163175914456e-08
1.277904338820445153e-06,-3.446050454992054440e-08
1.274834765801890817e-06,-6.304640853389756907e-09
1.270718329132952474e-06,2.545638913108966246e-08
1.264708425615146777e-06,6.174935144522867625e-08
1.255900037110885445e-06,1.029434612435248596e-07
1.243388528589555392e-06,1.493936704374819971e-07
1.226335930598304384e-06,2.008235055326224466e-07
1.203972191137467578e-06,2.570491746195125492e-07
1.175708408583821515e-06,3.172620838380845825e-07
1.141069302124377890e-06,3.808399185377845877e-07
1.099813312300877799e-06,4.467233239180279167e-07
1.051644852136295526e-06,5.143267605687727508e-07
9.982110926260367907e-07,5.830937322190310741e-07
9.372116260593092815e-07,6.511213871519734588e-07
8.696759455429095764e-07,7.165720143320232209e-07
7.973724541352304054e-07,7.774862450222203674e-07
7.223050988006916885e-07,8.327595616244671485e-07
6.458613318973674022e-07,8.811871804242813500e-07
5.701617700783091289e-07,9.238458271092495227e-07
4.969079910298551971e-07,9.596132112480210433e-07
4.270814514773089481e-07,9.895814892179709051e-07
3.603867995630784347e-07,1.014385516655495458e-06
2.968019409826881396e-07,1.034508743278144507e-06
2.366039405054854001e-07,1.050382028964240666e-06
1.797190383458782824e-07,1.062489958843692660e-06
1.262740326371918570e-07,1.071289289677595886e-06
7.604710851571873696e-08,1.077258882672943927e-06
2.895689163554790916e-08,1.080849580394364517e-06
-1.540238863726074047e-08,1.082492930437605796e-06
-9.749726150906280100e-08,1.081301365926692269e-06
-1.363133156900053098e-07,1.078768569891283604e-06
-1.744802453127463223e-07,1.075135096615860003e-06
-2.127433924902625975e-07,1.070447775226081281e-06
-2.519311219944601402e-07,1.064603100138249501e-06
-2.930296752651875495e-07,1.057349392816689520e-06
-3.369582727357306469e-07,1.048259533998949198e-06
-3.848824535184084568e-07,1.036705470242354657e-06
-4.377203601099200085e-07,1.021882663762330302e-06
-4.968760003939812108e-07,1.002697569151714739e-06
-5.649399442171018868e-07,9.773318467986246471e-07
-6.413320992906152872e-07,9.424918163535813447e-07
-7.237515693452935430e-07,8.988956014939069362e-07
-8.071939441627910805e-07,8.441485549849646865e-07
-8.896588724738347022e-07,7.804348947874036535e-07
-9.678852669798932412e-07,7.094968281434672395e-07
-1.039572636567987277e-06,6.337098595520323816e-07
-1.102872303758283023e-06,5.557026255606120642e-07
-1.160040766024942344e-06,4.780832312863432708e-07
-1.209135345665353262e-06,4.018648298110031508e-07
-1.250354105527824754e-06,3.280317182788380498e-07
-1.283907671430733283e-06,2.580231983646117219e-07
-1.310331134056970846e-06,1.926951563849484458e-07
-1.330308717351113748e-06,1.331198856181278221e-07
-1.344762028359559058e-06,7.957932226384653204e-08
-1.354695249033886557e-06,3.247759403499581241e-08
-1.361200037299441620e-06,-8.573459582018629724e-09
-1.365363705255166807e-06,-4.395021085449208540e-08
-1.368204925750557649e-06,-7.472247309591832287e-08
-1.370636044126607649e-06,-1.020839043885461215e-07
-1.373357353062816642e-06,-1.277201311853911403e-07
-1.376848530719609293e-06,-1.535994310096188793e-07
-1.381267170535450539e-06,-1.818812349282714680e-07
-1.386427572811196295e-06,-2.151889829569398096e-07
-1.391768029351772914e-06,-2.559611960840470240e-07
-1.396235596317353414e-06,-3.075761255284193114e-07
-1.397690384505930060e-06,-3.767941121376592800e-07
-1.389445161032414270e-06,-4.612232181136506690e-07
-1.370573888967042897e-06,-5.545335026594473643e-07
-1.340075235490702432e-06,-6.487734636661345765e-07
-1.302379888435965645e-06,-7.405991011167296855e-07
-1.258777031783422814e-06,-8.289484689437948902e-07
-1.210522503920211184e-06,-9.127829581136257458e-07
-1.158625826912652476e-06,-9.912622780946259698e-07
-1.104261020753019712e-06,-1.063544387445484523e-06
-1.048489197474214240e-06,-1.129356651412995183e-06
-9.923028402281436031e-07,-1.188548382355159743e-06
-9.363790260624843351e-07,-1.241403136838862076e-06
-8.814007728382297197e-07,-1.288260100159824438e-06
-8.275857683054157968e-07,-1.329730253573617383e-06
-7.752026619461596491e-07,-1.366431961260547924e-06
-7.239974213810939267e-07,-1.399131752661863139e-06
-6.738685421290163959e-07,-1.428452675837604754e-06
-6.240724180205819335e-07,-1.455317090159248987e-06
-5.740467362502884424e-07,-1.480099943884402695e-06
-5.230292547849440949e-07,-1.503014200012096794e-06
-4.703372162813621908e-07,-1.524320011134366763e-06
-4.152033758273805382e-07,-1.544153963165321928e-06
-3.569950978159507913e-07,-1.562516103473390981e-06
-2.948882719315762490e-07,-1.579268003534669578e-06
-2.283319419893670738e-07,-1.594134719374875355e-06
-1.566734643755906928e-07,-1.606654051880957128e-06
-7.514826502148466058e-08,-1.616156115946726849e-06
8.085791942372016435e-08,-4.707888766687550589e-08
9.357904340696393199e-08,-3.649761857721701849e-08
1.018419382118432244e-07,-2.611440698711407005e-08
1.055648979731476856e-07,-1.898033057169008902e-08
1.063541401821688934e-07,-1.721588252173873072e-08
1.252293218958553331e-07,-6.697098348808585061e-08
1.655400094616259599e-07,-1.073995361383203147e-07
2.225578174451508578e-07,-1.495725661203804277e-07
2.938573655400928599e-07,-1.929412360483981022e-07
3.769252677564003799e-07,-2.367636719882440460e-07
4.692727328657586521e-07,-2.802949472139299524e-07
5.684591220940541025e-07,-3.228032608866566975e-07
6.720905865926582989e-07,-3.635743914230432065e-07
7.778670851649181921e-07,-4.019265817381394886e-07
8.836338555753652215e-07,-4.371056875911730925e-07
9.854776368156725135e-07,-4.673865467330474811e-07
1.036044003627573878e-06,-5.801981309088070206e-07
9.910002606090948378e-07,-6.694940990254127763e-07
9.434644327309076839e-07,-7.584776526833128661e-07
8.940616975053730114e-07,-8.450957732706731730e-07
8.435152626757701287e-07,-9.277146476339140671e-07
7.928621567271843558e-07,-1.004875436061607826e-06
7.427755289475775202e-07,-1.075837177776176107e-06
6.942544541794858811e-07,-1.139772959614362031e-06
6.477161254373557261e-07,-1.196735068586776844e-06
6.038620762918547531e-07,-1.246429509322286974e-06
5.626666369660701086e-07,-1.289387978565204655e-06
5.243640503123433387e-07,-1.325850670936065082e-06
4.885154386722407681e-07,-1.356270364740514006e-06
4.540796149907514391e-07,-1.381523619429054002e-06
4.209578370684016899e-07,-1.401164877032579207e-06
3.873666408912980369e-07,-1.417433474381303379e-06
3.525889891148083757e-07,-1.430505788114927267e-06
3.155168500166228800e-07,-1.440533090081122656e-06
2.747566066677556480e-07,-1.447518149981290200e-06
2.290350130950822607e-07,-1.451291432134255385e-06
1.764583849564731453e-07,-1.451423939159484132e-06
1.396488027614268793e-07,-1.340495676011266072e-06
1.546785277005304030e-07,-1.223271706408355499e-06
1.659327615701722222e-07,-1.095813491010629709e-06
1.733348932055365075e-07,-9.611313177410678458e-07
1.766885969108166905e-07,-8.225086267245314591e-07
1.758114516216595888e-07,-6.834297599518597846e-07
1.705178524612038657e-07,-5.475221266601770072e-07
1.606232230848798051e-07,-4.185694161292345905e-07
1.459443313830669804e-07,-3.004749750234651793e-07
1.262106138106245232e-07,-1.972627444922181070e-07
1.008434480695018548e-07,-1.142808261523137626e-07
1.051017521463084087e-07,3.477771804380769856e-09
1.042011864808179953e-07,1.105436704211163515e-09
1.041918949093372599e-07,6.028914623091346129e-10
1.048260748189103207e-07,1.178993650407753518e-09
1.057379924228426467e-07,3.201535043544259979e-09
1.366565600648529149e-07,1.961349957920488663e-08
1.690571045618599923e-07,4.193492616633859727e-08
2.062342052006468535e-07,7.195060992037981117e-08
2.481558554358632152e-07,1.096291122129328377e-07
2.943788971959471910e-07,1.546279809757996968e-07
3.443607410020247619e-07,2.064534632658112882e-07
3.974884190457050806e-07,2.645166736201777151e-07
4.530753690164869809e-07,3.281274655811102125e-07
5.103706505626089836e-07,3.965063906789340995e-07
5.685392375475024755e-07,4.688229393310697682e-07
6.261053548428408431e-07,5.436255009751552961e-07
7.497239081921373614e-07,5.605136590206705349e-07
8.144343560176924999e-07,5.016049675256746922e-07
8.754156867960935053e-07,4.427482118351631433e-07
9.324479032818360038e-07,3.847178243073040441e-07
9.820108129218750026e-07,3.282634171667366456e-07
1.026789490349696971e-06,2.734441255626829017e-07
1.066438458543253928e-06,2.214638737978118821e-07
1.101010824187288098e-06,1.727376842803247994e-07
1.130593541467464773e-06,1.280050211858310187e-07
1.155495390774481607e-06,8.728734451959961282e-08
1.176004436645971724e-06,5.093272836032631643e-08
1.192527840166905935e-06,1.852891168328115780e-08
1.205408422559984267e-06,-1.009206915285169690e-08
1.214983762116854739e-06,-3.578173859548677199e-08
1.221473410792141586e-06,-5.930093299804871195e-08
1.224969651749523621e-06,-8.188716249511540368e-08
1.225372539608398109e-06,-1.049131047231973007e-07
1.222363474964799747e-06,-1.298890006743339202e-07
1.215327405710503122e-06,-1.587548034867113994e-07
1.203403024740474456e-06,-1.931128628098160326e-07
1.185360121331637099e-06,-2.351244290378725398e-07
1.059629352852567194e-06,-2.350882197387036744e-07
9.585347024495226129e-07,-1.933429359498375895e-07
8.547382519024135472e-07,-1.530835750528861065e-07
7.489041537933488126e-07,-1.149531750982719386e-07
6.433297885889406346e-07,-7.987207081900398310e-08
5.403830131958499487e-07,-4.866226837286510972e-08
4.424207013615219359e-07,-2.214716613042455466e-08
3.518442326990244268e-07,-1.167770256358800896e-09
2.711004881600326436e-07,1.341780791672777384e-08
2.026958147351259099e-07,2.071604234274832374e-08
1.492813436991323642e-07,1.974371396718609860e-08
5.033601196778642917e-08,3.953873281389500813e-08
3.059414166255141910e-08,3.929410298432889530e-08
1.409084923363231352e-08,3.425641015206479836e-08
2.687364892792627695e-09,2.665659290019682532e-08
-4.385241597716769275e-10,1.978549534001782232e-08
1.674770783912122333e-09,4.431259007983834394e-08
-8.118780552973941083e-09,8.170222894331203828e-08
-2.759708632480091122e-08,1.297274547073328753e-07
-5.569180489367562090e-08,1.869863847168664769e-07
-9.170428288327742324e-08,2.523321284026317914e-07
-1.348887368353880504e-07,3.244814870963190268e-07
-1.844168803048317963e-07,4.020369757977292281e-07
-2.393869719912263293e-07,4.834975400137388529e-07
-2.988003460917877591e-07,5.672234808298986260e-07
-3.615202298672203968e-07,6.515300689419952337e-07
-4.268233590849575784e-07,7.355512613533232905e-07
-4.471200353244834634e-07,8.614395122732588570e-07
-3.982331872859730468e-07,8.962979825618230681e-07
-3.534361250859527669e-07,9.241320905394380297e-07
-3.118714556226389211e-07,9.460833713023847911e-07
-2.730840356065957961e-07,9.630440592248141709e-07
-2.361182221938870940e-07,9.758480299787540783e-07
-2.003976402240276777e-07,9.850854585914484614e-07
-1.651316890596046061e-07,9.912303252079499009e-07
-1.297329772161301018e-07,9.945907608480600988e-07
-9.363234256746724553e-08,9.953519671600358284e-07
-5.631870717082886249e-08,9.935865326010174802e-07
-1.744627821993946546e-08,9.892508496869806754e-07
2.348272902724625624e-08,9.822173669819220879e-07
6.667044874088466888e-08,9.723053234523356354e-07
1.124955310898120909e-07,9.592600798992031857e-07
1.609218174030307845e-07,9.428081696746955032e-07
2.121826059934974224e-07,9.225996125659837475e-07
2.660473338232577286e-07,8.983181993952411289e-07
3.226229289937275063e-07,8.695574732719269087e-07
3.815230814084567015e-07,8.359948195229814031e-07
4.426814157998653768e-07,7.972247242849200441e-07
4.452552662492776516e-07,6.744302576686107680e-07
3.898385696020231608e-07,5.969289239883581145e-07
3.371641456929299509e-07,5.207349257572920331e-07
2.877613898545396576e-07,4.465998648318161841e-07
2.422684310332399396e-07,3.755894585686923980e-07
2.012133584465949631e-07,3.086911669487271814e-07
1.650387739325836423e-07,2.467723595391828589e-07
1.341124985434920037e-07,1.905971443825029155e-07
1.087254572121638921e-07,1.408220189337413289e-07
8.912966869688404040e-08,9.802238359976347835e-08
7.572983803107802113e-08,6.307434904908989532e-08
-1.327764322513587172e-08,4.892018200123895187e-09
-1.148441093435879376e-08,4.686331837577975271e-09
-1.134415919730441856e-08,3.586035101769075713e-09
-1.203742656832631055e-08,2.611808362966486847e-09
-1.319915696976168977e-08,4.317388951271418575e-09
-6.717058531648866255e-08,2.536619289612933794e-08
-1.324355451860621418e-07,2.779340422533030118e-08
-2.156746839923978222e-07,1.995623131514820101e-08
-3.134616539381480332e-07,3.090346208955085242e-09
-4.225089685686723557e-07,-2.165536598380385180e-08
-5.395941075678000645e-07,-5.317015196037918798e-08
-6.615405050434902833e-07,-9.036112851452302894e-08
-7.852163006647922846e-07,-1.321528191787047455e-07
-9.074826292969210251e-07,-1.774727578292765781e-07
-1.025278217284265763e-06,-2.251657040073453946e-07
-1.136894289281328870e-06,-2.743237824676246475e-07
-1.270520003497840209e-06,-2.809311511483156358e-07
-1.289534831965924115e-06,-2.380692705788752194e-07
-1.302064797156598907e-06,-2.031662236351113348e-07
-1.309349280606219936e-06,-1.739179027698371416e-07
-1.312255822352430038e-06,-1.485343813492889954e-07
-1.311388463913370690e-06,-1.248911949664513501e-07
-1.307032317413486080e-06,-1.012680601088735220e-07
-1.299234013933077115e-06,-7.614924996408361541e-08
-1.287828279086959965e-06,-4.810301363356198155e-08
-1.272516002736015851e-06,-1.629890439453772791e-08
-1.252866603618507039e-06,2.025573814599324756e-08
-1.228461798724576640e-06,6.170440650514846482e-08
-1.198815449824959579e-06,1.085171067401500209e-07
-1.163607544593605573e-06,1.602222328859970830e-07
-1.122509047503088385e-06,2.167542712204417674e-07
-1.075487276324603906e-06,2.771643052232564716e-07
-1.022577280509022036e-06,3.408877308335974710e-07
-9.643031848246396542e-07,4.064547306491693287e-07
-8.981568356500360039e-07,4.735537272295246690e-07
-8.284025635849755245e-07,5.412993679281239011e-07
-7.558816799964404192e-07,6.085287757729672880e-07
-6.241092566208194538e-07,5.935493645250842342e-07
-5.618601650960219772e-07,5.098620297488778056e-07
-4.965395865145151869e-07,4.271829756133304522e-07
-4.306635827979853887e-07,3.481286697061656742e-07
-3.655417380345875128e-07,2.741124977409433570e-07
-3.023730922092090051e-07,2.065327042198012105e-07
-2.423032748792934781e-07,1.467129075034078586e-07
-1.864050850391882154e-07,9.587493806298706732e-08
-1.356841288913639521e-07,5.515286016317535781e-08
-9.109465955280067733e-08,2.556840464516353303e-08
-5.319795072079606189e-08,7.580739593243115507e-09
-1.405691759797104998e-08,-1.916478990892649055e-08
-1.437590783471194574e-08,-1.878366974373567297e-08
-1.359307589065304675e-08,-2.172261646831384463e-08
-1.285928741940370850e-08,-2.773753690778895391e-08
-1.386456729389145956e-08,-3.409209512757733542e-08
-5.861467668780383095e-08,-1.135706482177444026e-07
-8.510343958344293345e-08,-1.985476074650895283e-07
-1.066241874875784547e-07,-3.014980736936793173e-07
-1.232147200358998490e-07,-4.195287770097419997e-07
-1.350059017530562792e-07,-5.484873809457461490e-07
-1.421920778204449487e-07,-6.843970065909050129e-07
-1.449621020715222948e-07,-8.234751510063372876e-07
-1.435027678752427308e-07,-9.620967430355220305e-07
-1.379987660270738087e-07,-1.096796749275137464e-06
-1.286116178978911885e-07,-1.224290914186576311e-06
-1.153732480446556132e-07,-1.340818868463562267e-06
-1.662411241186516202e-07,-1.445771439360284869e-06
-2.323924777217026607e-07,-1.442493728368680267e-06
-2.939882135957807175e-07,-1.435777710384720791e-06
-3.516321873697690817e-07,-1.425859268554694589e-06
-4.057112359261715841e-07,-1.412873220768516069e-06
-4.568817125089188505e-07,-1.396878424021348194e-06
-5.056341569396815136e-07,-1.377845984164374483e-06
-5.524804593037093331e-07,-1.355697923613946824e-06
-5.981103638972452127e-07,-1.329988441743573454e-06
-6.427715564599456244e-07,-1.300192851280054149e-06
-6.871055252164831812e-07,-1.265915303329113968e-06
-7.315200860799372746e-07,-1.226786790343632364e-06
-7.761250722674132443e-07,-1.182518300928063511e-06
-8.211376761526308305e-07,-1.132630727461890390e-06
-8.663367075349693135e-07,-1.077107387218218172e-06
-9.116532852843668993e-07,-1.015671772300355935e-06
-9.565832749862042438e-07,-9.486372361342342697e-07
-1.000843359206441692e-06,-8.761800491933755246e-07
-1.043771298519730237e-06,-7.990690453699759953e-07
-1.084983906590978963e-06,-7.180510253691463420e-07
-1.124102157852988492e-06,-6.345594888571857303e-07
-1.055487031205607468e-06,-5.283929694317609684e-07
-9.402189603066321445e-07,-4.985739069124674912e-07
-8.185198678970943354e-07,-4.620245061364017300e-07
-6.949562795984936007e-07,-4.206850968356304434e-07
-5.724592032201098224e-07,-3.755527897625667723e-07
-4.541099082901292373e-07,-3.275647869369180189e-07
-3.430770656556615955e-07,-2.776874531804495358e-07
-2.425764483934059065e-07,-2.269043203391682983e-07
-1.558718438179592236e-07,-1.762116341077305329e-07
-8.624481626552354389e-08,-1.265961346437526240e-07
-3.689528586572702597e-08,-7.880985821745136033e-08
-2.295208428576203266e-08,2.249657012746353767e-08
2.168443617398439638e-08,-1.067073471320983404e-07
1.047069153874677260e-07,3.875872553837093665e-08
1.316287849076877897e-07,-2.199356475268071469e-08
-4.515985023554246592e-08,-2.477472645871552051e-08
-5.265976942885532779e-07,6.648461412798086041e-07
1.024112123846772380e-06,-3.528695269403614564e-07
1.210727043846023638e-08,-1.344919021667394727e-06
-1.098971943263412589e-06,-4.033056287740007067e-07
5.360190246039260324e-07,6.087529851967992348e-07
8.037940019124139460e-08,1.013687202505159228e-08
-4.045782997171003207e-09,3.804161113528753739e-09
6.385415774037482620e-07,7.504941079486270992e-07
-6.349853373469000368e-07,8.148368643101178357e-07
1.397185282101770517e-08,-1.098438988507921735e-06
-8.639683487865839805e-07,-3.200764670133496497e-07
1.559189917008743171e-07,1.041976293319538087e-07
1.964405530096854893e-08,-2.963519705320958034e-07
-1.809381864214520311e-07,-7.658755593048998956e-08
-7.944250861430155997e-08,8.937963939977379373e-08
2.427558561870990833e-07,-6.678380914705884903e-08
4.231634294674793198e-07,4.577693952732254371e-07
8.166156103694080351e-07,-2.776181347848491099e-07
-6.160833501773466474e-07,-2.326855321626605738e-07
2.283724790731082001e-07,1.988344367327370864e-07
-3.799445036088474700e-07,-1.487719129654738310e-07
1.586328958454412778e-08,-8.230576514567437913e-07
3.188637176699074208e-07,3.186302236750110939e-07
1.775620176984373295e-08,-5.458145395224786576e-07
6.047958845024221595e-07,-2.010071103147384874e-07
4.071144295151529146e-07,-1.286500571174771424e-07
-1.653114105531913370e-07,1.971676106270143894e-07
-3.972669885869616345e-07,4.966377132041465285e-07
-2.738891869313421977e-07,3.365478737097114824e-07
9.838783040140495585e-08,-4.158876049392903607e-09
-4.207847735110888569e-09,-5.131027107889788599e-09
2.547846282763792426e-08,-3.796246678012303778e-08
1.180846722698216944e-06,-4.085849895456593281e-07
-1.264866870657924634e-06,-4.625121224032209804e-07
1.025291159188714507e-07,4.285059367616959215e-09
-8.123748773970789845e-09,4.707897139967904074e-09
-9.267906019810192251e-07,-1.134158664554413409e-06
8.098235871939610920e-07,-1.140130306925525721e-06
1.235398842835001631e-08,-1.506684056710154632e-06
9.265135493701975090e-07,-9.914612632286865486e-07
-1.030051507443893813e-06,-1.004770796037702964e-06
-9.051272735949448449e-09,-1.306346915314766616e-08
9.324401913655638905e-08,-1.342794917555422868e-08
-8.226511296490877437e-07,-1.236371324349670750e-06
6.962280009635001156e-07,-1.254670581496839392e-06
1.035079313784227437e-06,-8.139348615253517386e-07
-1.126187694541480371e-06,-8.491928891579304515e-07
-1.275957431161977917e-10,1.082971257303380556e-08
4.525877734055175393e-08,1.976645903844505913e-08
-8.320960259737841485e-07,6.770603915703480912e-07
8.181925454271914488e-07,6.223274051999411194e-07
-7.234766741422211952e-07,-1.315563630513134195e-06
5.964834948965763017e-07,-1.337986663658301457e-06
1.120946750374058754e-06,-6.397206115648293160e-07
-1.204300720635683955e-06,-6.912295351751077932e-07
-9.602816935800148307e-07,5.504462335107258767e-07
9.295261365784200576e-07,5.098917086765701841e-07
-6.352544726573357862e-07,-1.373660285023155665e-06
5.182274668954684834e-07,-1.393351657026901920e-06
6.239194786142865609e-08,-2.381443012633834439e-08
-2.701817594487829846e-09,-1.979641426323761081e-08
-1.114457008726994529e-08,-1.932797661867270425e-08
1.019761391348250539e-07,-7.347857012464495420e-11
1.003701988424576939e-07,-1.437113870549097418e-10
-8.473235437882807180e-09,3.070530376522949378e-09
-8.035492214032229261e-09,2.749388102438879552e-09
-1.091832637858961276e-06,4.042905632595117904e-07
-1.141925686058927688e-06,3.373384434605757451e-07
1.083692286873285746e-06,3.253049171072591240e-07
1.041427482293790890e-06,3.829848588041597913e-07
-5.378195425365525049e-07,-1.428908758222963208e-06
-4.902984729351314204e-07,-1.450011009234223568e-06
4.436277487365755027e-07,-1.439588398236541363e-06
4.102175799962940583e-07,-1.456168774826574715e-06
-1.186307666199784199e-06,2.670812049255550786e-07
-1.222914685872162070e-06,2.064437122761035775e-07
1.121052490761294978e-06,2.648703800726325102e-07
1.151884287334381081e-06,2.126978881718118790e-07
-4.365024222532332271e-07,-1.468661218485453370e-06
-3.842956175253386773e-07,-1.485417736995216665e-06
3.734427127220821195e-07,-1.470713289190021027e-06
3.379945769400378007e-07,-1.483850198516590008e-06
-9.475023285509828505e-09,-1.694756123707443329e-08
-1.033542457310845099e-06,4.797151493098001191e-07
9.921048376883079394e-07,4.482329196456865833e-07
-5.880947648044849905e-07,-1.405424830442091898e-06
4.807668005112876907e-07,-1.420542473530512416e-06
-1.253740274810745993e-06,1.455362829844629354e-07
-1.278069262365462720e-06,9.463274872355864852e-08
1.177868612636495966e-06,1.601748350495818944e-07
1.198459798833836499e-06,1.160939748658219963e-07
-3.243494246589109442e-07,-1.499535103796302837e-06
-2.650007310255799801e-07,-1.511857038113149720e-06
2.965269758958240113e-07,-1.495471254718527070e-06
2.537676692518544373e-07,-1.506225136326531406e-06
-8.516298174732577766e-09,2.361691213438113508e-09
1.026991850471817549e-07,8.485726461639992444e-10
5.011986932797081578e-07,8.607560233224700082e-07
4.371368276635495038e-07,8.970302374709714339e-07
-4.439971969116017906e-07,9.481240158113707973e-07
-4.984682340444623895e-07,9.188689715509668690e-07
-1.297446770986102308e-06,4.553902783401593056e-08
-1.312053644328725741e-06,5.686096401963216124e-09
1.214935412691202528e-06,7.329674708759435704e-08
1.227467178904332661e-06,3.822532255971731012e-08
-1.962996084196662969e-07,-1.520891104038881396e-06
-1.270696971341762376e-07,-1.527854276936501397e-06
1.437361831397320470e-07,-1.523055863965569023e-06
2.011867279028877846e-07,-1.515228723947928782e-06
9.699681069769001789e-08,3.609750740729663936e-10
-9.962468623305058333e-09,1.285477167582655855e-09
3.703822858994285416e-07,9.291226865110077246e-07
3.112646623001985017e-07,9.552815110347638636e-07
-3.460829777718871343e-07,9.901382606717205648e-07
-3.907734046878392038e-07,9.719686952476771108e-07
-1.323039949226179232e-06,-3.162967485485112883e-08
-1.331007977991562893e-06,-6.161427749985646677e-08
1.244020688881482571e-06,-2.223704557151776989e-08
1.236993214915209491e-06,4.956513950835212430e-09
2.504818048232023466e-07,9.776898983229725667e-07
1.969922347774515165e-07,9.953065446555093153e-07
-2.633342895515348200e-07,1.015691001766301115e-06
-3.017167322991321024e-07,1.004709186157401128e-06
-1.336704434388445328e-06,-8.993447542568258077e-08
-1.340727928232001494e-06,-1.138463473110860589e-07
1.249146158718630983e-06,-4.846698709251074712e-08
1.252863144774149183e-06,-7.113722047304894966e-08
5.747553771072533284e-07,8.174854537729496124e-07
-5.685775578814265665e-07,8.811232261825865220e-07
1.426191016079624082e-07,1.009729282970563986e-06
9.499177886086722857e-08,1.020424210220671300e-06
-1.885716541792699357e-07,1.030481013350332584e-06
-2.240300379921837195e-07,1.024275451301180008e-06
-1.343321430718450315e-06,-1.386533723659644928e-07
-1.344774918694650757e-06,-1.627170803935586516e-07
1.255333268146967047e-06,-9.516287578940000469e-08
1.256779365092416146e-06,-1.188200764349367267e-07
-9.619043621034601427e-09,-1.244982187097731946e-08
-7.208789387100675967e-09,-1.464803072775233280e-08
9.933872643265920070e-08,-1.227081703804011307e-08
1.000410671723419892e-07,-1.051555334912688644e-08
3.437851302762278742e-09,1.521772645690206518e-08
1.812044123334586186e-08,2.068001182874240309e-08
4.687155042961522988e-08,1.028516206977735745e-06
4.685615638442024148e-09,1.033808497968944035e-06
-1.152533633267294992e-07,1.037376797118705120e-06
-1.507944933381433166e-07,1.034858188894689120e-06
-1.344610832764503478e-06,-1.918436186396796767e-07
-1.342686922478609475e-06,-2.242317463727901561e-07
1.256721291907441025e-06,-1.476199083904675292e-07
1.255002982487885332e-06,-1.796062801476492879e-07
1.241904151703300608e-06,-2.709130200338473093e-07
1.250165612352244469e-06,-2.218492532226689292e-07
-1.337450568590893093e-06,-2.672289043965299372e-07
-1.328590872247574390e-06,-3.174833228946472515e-07
-3.809961374926552201e-08,1.037016764526893263e-06
-7.606366755145064429e-08,1.038105272548929149e-06
1.228835539198448227e-06,-3.433853322262780365e-07
-1.314781725266982861e-06,-3.932709856781683531e-07
-2.500518507105732824e-09,-5.718512677124085206e-09
-6.227482663521766897e-09,-1.903860709019165107e-08
9.984541804032118956e-08,-1.627359428643210587e-08
9.558569446186225881e-08,-5.014877505677343779e-09
6.796538993188704863e-08,-1.476843134710326245e-06
9.628551773154556450e-08,-1.552319719927136859e-06
-7.587096214660909410e-08,-1.557219451483366165e-06
-4.430398041465677811e-08,-1.476514240252119945e-06
-1.328799599966678272e-06,-4.607534043791382532e-07
-1.254231167074876521e-06,-3.928576278485666129e-07
1.169967106106410973e-06,-3.428901680419783664e-07
1.243209397161733857e-06,-4.076792361579129774e-07
3.520203276142917146e-11,1.802033882243915085e-08
3.574858680293586471e-10,5.725086364867414493e-09
2.521477387132211157e-08,1.065862613258061735e-08
3.737915516179791071e-08,3.000624248998227735e-08
1.144492182962037238e-08,-1.560219480907273134e-06
9.324592305251786774e-08,-5.127029454341848346e-09
1.009385261978309928e-07,-1.696098084747927643e-08
-1.244001977712769894e-08,-1.686045285069805410e-08
-5.176311708340254917e-09,-6.718388932791081497e-09
-1.711749898259196516e-09,-1.132369071899291971e-09
9.645954786136133280e-08,-5.502420882003881947e-10
-5.467566948375047352e-09,-7.900956945449119698e-09
-1.174340046382019033e-08,-2.050490237909026970e-08
9.388626890060336451e-08,-2.413687107994569421e-08
8.098314211042653743e-08,-1.728686560848297348e-08
8.085517073666503035e-08,-3.174798533353410494e-08
-1.123291208799005931e-08,3.345751385989338844e-09
-4.466193336936245279e-09,1.596425375668839644e-09
1.013353687187118616e-07,1.199241653813660788e-09
1.040080816536661416e-07,2.353209502552175855e-09
9.532889763872444048e-08,7.242988352251675292e-09
8.509276082926391254e-08,1.205296665562181202e-09
-3.532742997597012681e-09,7.021836353137858054e-10
-1.227409760681043203e-08,1.633990099260811439e-09
8.476845159245243364e-08,-7.736156243861585251e-09
6.826852462362265509e-08,-1.050470692492648025e-08
-1.249832151572435807e-06,-5.987138060672096106e-07
-1.213238388736985797e-06,-5.076365719790018586e-07
-1.300028165898046607e-06,-5.542774836854389522e-07
1.167749042181026694e-06,-5.423174966873075449e-07
1.216972777842200822e-06,-4.983120751946707530e-07
1.130710939617512651e-06,-4.510499411419140738e-07
5.137073468490989863e-07,-1.427883172826833399e-06
4.849133735122032839e-07,-1.386763311265345569e-06
-5.936185766611354341e-07,-1.364520726034628009e-06
-6.296969217035695295e-07,-1.414783658454376215e-06
9.921531695042150574e-07,5.120926517015487483e-07
9.305445841863801489e-07,4.456056428714111891e-07
-9.618691378368054638e-07,4.767675779308197512e-07
-1.033087639288318640e-06,5.529614677052793605e-07
-6.379276086032276960e-07,8.814688284024722062e-07
-5.644290463703337757e-07,8.169612810027405942e-07
5.707744949759961667e-07,7.517348533048868067e-07
6.421394378981476540e-07,8.170527290690900692e-07
-1.272380726564107904e-06,-6.699304054282513920e-07
-1.181762737335065367e-06,-6.203872456350795989e-07
1.098495354373467869e-06,-5.646252988537614966e-07
1.191311734478180521e-06,-6.167007995619854989e-07
6.535780715729416060e-08,-3.843971070308514301e-08
-7.443226135796056799e-07,7.593463643257065343e-07
-6.589589418349044834e-07,7.456601150867179245e-07
-7.187852671634597064e-07,8.284276585598351390e-07
7.399498065518623365e-07,6.980297210878997371e-07
7.171576928476547121e-07,7.636422474615959242e-07
6.605081870357938299e-07,6.848458411624520742e-07
7.504461355089236613e-07,6.205744204145313569e-07
8.075859135182044255e-07,6.999833708229517948e-07
-8.194023731641509326e-07,7.617599752074387147e-07
-7.565019131035042850e-07,6.754773037443920041e-07
-2.447070184105679748e-08,-1.486521144488274227e-07
-9.862154024014029608e-09,-7.186966881623170029e-08
-1.741811855471238651e-08,4.727171190210628029e-08
-5.072069330990314645e-09,2.103592080304048942e-08
1.333087481344452303e-07,4.047745851973501533e-08
1.084017948319304431e-07,1.809597938547427046e-08
1.470915026069259185e-07,-5.807780567010989301e-08
1.114087643327278753e-07,-3.032332921059519632e-08
-8.274637432686703520e-08,-3.895026166422884779e-09
-3.117293845368476704e-08,2.333770716005941247e-09
-2.453921349216518591e-08,6.508134224891648900e-09
-5.181740504664137966e-08,2.433632203023706492e-08
5.364567276535717070e-08,-7.601053976920321914e-08
6.686163811155170187e-08,-1.480625688246189351e-07
1.201116611110404061e-07,1.150999477721622629e-09
1.621640428998129092e-07,-5.062535719447381452e-09
8.318876931403147026e-08,3.765350385667409259e-08
9.807292069378910477e-08,6.533052018759841897e-08
-2.022133288350298924e-08,-3.513753405562278461e-08
-6.392053725137794658e-08,-6.760749893947138433e-08
-1.285773807812041117e-09,2.457257085493135709e-09
6.846897596171688497e-08,6.178217447552216857e-09
-5.436806778915389991e-07,5.876191124747348339e-07
-6.050994526166711763e-07,6.703208313286892623e-07
-1.021710461864802467e-06,-4.486084873525182339e-07
-1.130861557213048096e-06,-4.808529936252832941e-07
7.940434226645169421e-08,-1.286220139054066497e-06
7.089556827283439083e-08,-1.398430369495592384e-06
9.914559045266167714e-07,-2.750342893366116765e-07
1.093063452139417967e-06,-3.149042235170758819e-07
4.625269363667840093e-07,6.025643165353519308e-07
5.200835351505414659e-07,6.804864467562584904e-07
1.052648567868531050e-06,-4.248891540710959651e-07
9.550324768912982848e-07,-3.935758213544274264e-07
-5.108453614209387988e-07,7.425868723755275207e-07
-4.445796753932028720e-07,6.577497824266325228e-07
-4.744894841089846886e-08,-1.397471241817033298e-06
-5.435426068641921661e-08,-1.286654572028743281e-06
-1.173514386448109817e-06,-3.623711993345920332e-07
-1.062481639542619667e-06,-3.174437838085018690e-07
6.089222597067721970e-07,6.141986467483708069e-07
5.521500829727115243e-07,5.383118008444305697e-07
-3.908638756642452920e-10,4.248959113902291276e-09
4.942030818617947043e-08,8.888598364990623236e-09
-3.919106385797173612e-08,8.549943488874851543e-08
-4.714616128251762137e-08,5.031909866042230497e-08
-8.662601866257378497e-08,5.308612508267971300e-08
-3.709403624846323769e-08,-2.436698881947020388e-07
2.066951115862097360e-08,-1.919946498139321341e-07
7.736110968426762420e-08,-2.430528561774532765e-07
1.997451281895051533e-07,-9.000392342288413879e-08
1.792831788636138441e-07,-4.180706374977190797e-08
2.208724189351604273e-07,-1.811885178106722947e-08
1.635220468773869369e-07,6.999259028431014757e-08
1.274600941347214122e-07,6.769270337194769565e-08
1.192738998052361502e-07,1.011279312021541589e-07
-1.544269825760501118e-07,-1.854887582999770787e-08
-1.035097832262559324e-07,-4.755157015933379588e-08
-1.283158833159553014e-07,-1.050217632491457280e-07
9.027459935152221404e-08,2.156168696603746382e-08
7.334942537885937170e-08,2.196641005963399605e-08
-9.994957313310577607e-09,9.453516303299963748e-09
-1.269960703520371336e-09,1.063833827816078343e-08
-2.620501813213222583e-09,1.678657924951597766e-09
-6.143657435111611179e-09,3.268131156206084175e-09
1.003856731979994320e-07,3.311708218453057549e-09
9.866696891886914554e-08,2.119789120528242901e-09
-9.196215545780225866e-07,-1.076449221686800480e-06
-9.693961619870817276e-07,-1.010161716100328000e-06
-9.769889663111153307e-07,-1.071331275326339631e-06
8.019955211293410442e-07,-1.074597421498493199e-06
8.663422571418117868e-07,-1.068129803427359459e-06
8.580222057146275704e-07,-9.982007643269520146e-07
-8.724016954528399181e-07,-1.133110353927889412e-06
-8.730311886009067700e-07,-1.186912221946689750e-06
-8.220664171284740147e-07,-1.185946079887679642e-06
7.497688652197857089e-07,-1.139629628479761548e-06
6.956350115792593714e-07,-1.199612440096391651e-06
7.503865358676153336e-07,-1.199896367455945336e-06
9.109479712181824386e-07,-9.195461319031015449e-07
9.800394315512034415e-07,-9.040663024304751677e-07
9.640501447501480479e-07,-8.297565347040882629e-07
-1.015971868975859999e-06,-9.417232923600759510e-07
-1.062575691778079822e-06,-8.628207077385452486e-07
-1.077235630543661433e-06,-9.285750945194447138e-07
-1.120736204331863833e-08,3.556973321937171666e-09
-1.308663805480748232e-08,8.147039910620642956e-09
1.040062174933864262e-07,3.064145396288354351e-09
1.055926760973928150e-07,7.110149273204030909e-09
-7.757804827124584475e-07,-1.231158257095752679e-06
-7.715775723621966994e-07,-1.277165847284489055e-06
-7.274678141759596068e-07,-1.272233646599739503e-06
6.477416572269829964e-07,-1.249906091573881400e-06
6.002466798776485446e-07,-1.294386241916431424e-06
6.435347605136754559e-07,-1.298494985929212990e-06
1.013311628214988756e-06,-7.417570201681102940e-07
1.078267904929970972e-06,-7.264734632685149847e-07
1.056942281740980137e-06,-6.547589320946140682e-07
-1.105988647213825296e-06,-7.842394245309209015e-07
-1.144726240072065060e-06,-7.047256993985355134e-07
-1.165092365694909657e-06,-7.708046980587153599e-07
-6.822724509812829322e-07,-1.307465086296544285e-06
-6.785019372065540461e-07,-1.345227076944202043e-06
-6.388942603384646978e-07,-1.337316109640795864e-06
5.584757133298696975e-07,-1.331110895095095413e-06
5.211728615124858527e-07,-1.360880122149833842e-06
5.551742744676859134e-07,-1.367075633710192681e-06
8.164203730334722315e-07,5.614584657468412746e-07
8.729772684433511945e-07,5.060831729772828527e-07
8.746323378735274476e-07,5.652357781038666560e-07
-8.305345015843886057e-07,6.092226214809042563e-07
-8.966472438759030892e-07,6.132689774780966627e-07
-8.951765671852526042e-07,5.462415059348300890e-07
8.882432751752509976e-07,-2.355033902782730605e-07
9.219670797802487753e-07,-3.157616188854343070e-07
8.506234657808392801e-07,-3.578652586929786363e-07
-4.789042662484154903e-07,5.035638405366169157e-07
-4.617748270161007978e-07,5.805199474400574712e-07
-3.799803898255250073e-07,5.734987299634731260e-07
8.633387602257883867e-08,-1.162847881070287909e-06
1.300926039336823943e-08,-1.226815340217499433e-06
-5.934715846647840761e-08,-1.163362949974472773e-06
-9.029591911548558974e-07,-4.106261090475736440e-07
-9.845113106056131056e-07,-3.626732790858569411e-07
-9.460585310913470579e-07,-2.722036495981583792e-07
4.071131534610685145e-07,5.262940899591146691e-07
4.788783144161155059e-07,5.322856899036022968e-07
4.947049734954666713e-07,4.635163222613765364e-07
5.967003370036421303e-07,-1.378694345173479287e-06
5.555889554359719691e-07,-1.404018358661007275e-06
-7.238330466999286049e-07,-1.358142516586841822e-06
-6.789554259237988687e-07,-1.386235303122284677e-06
8.779496677542280535e-07,6.365271747971906322e-07
9.328999418917892088e-07,5.791921824641545875e-07
-8.997708098846445314e-07,6.928214062956676474e-07
-9.635368168065328097e-07,6.289589317645905177e-07
5.879869597873369699e-07,6.802822638762483884e-07
-5.825099793351097617e-07,7.417691615373666798e-07
-1.191815382331340725e-06,-8.389442701242227797e-07
-1.231436224838923541e-06,-7.603573723164426251e-07
1.107172284116108743e-06,-8.019113420006470899e-07
1.149563647631716669e-06,-7.144874292285368264e-07
6.987168586762247666e-07,-1.305231901980032587e-06
6.460067863616329746e-07,-1.344234932712992165e-06
-8.252847844953184295e-07,-1.284192967067007006e-06
-7.742141343061359810e-07,-1.322372825460238349e-06
5.684749265826592831e-08,2.744629891170914264e-08
6.360532196984879967e-08,1.545703668427893366e-08
-7.554058054833797484e-10,7.622418167240499156e-09
1.550014711219783122e-10,1.503715256145412122e-08
-1.093148574535716556e-06,-9.979258304300503838e-07
-1.142643399449073219e-06,-9.212837844043227237e-07
9.976061984084524392e-07,-9.830436307391250054e-07
1.053097777996727184e-06,-8.952253156827817729e-07
8.150643301057927521e-07,-1.201732070192189810e-06
7.553963306481913567e-07,-1.256533380653668793e-06
-9.318385154864147825e-07,-1.189138966159516501e-06
-8.779417348505116872e-07,-1.238644649844393125e-06
-4.139818175462691025e-07,4.213171492843569521e-07
-3.501833759050858758e-07,3.427004630346775324e-07
-3.342665895090021648e-07,4.147487702421976527e-07
-3.173225449536572451e-07,4.897513065174335024e-07
-2.576365409057463777e-07,4.081235517729678517e-07
5.717858419142261266e-07,-1.235049476571839450e-07
4.716534554379777126e-07,-9.083598402883673552e-08
5.030063055311831417e-07,-1.639127370536925638e-07
5.355727586894978122e-07,-2.412789568308209206e-07
4.377892411521849316e-07,-2.015145190659231619e-07
3.541101689356152423e-07,4.520101751014751114e-07
3.041571693667306894e-07,3.807615510115150863e-07
3.695970451836753907e-07,3.862095616884232860e-07
4.383787721903273811e-07,3.915908010063553098e-07
3.839686879906365489e-07,3.236083743722446182e-07
-4.713294705227262224e-08,-3.556450043118059244e-07
-5.472230630647251818e-08,-4.805716739380651152e-07
1.869995053022772842e-08,-4.156599110029136866e-07
-2.430187880620058946e-07,-4.074345123253223380e-08
-3.451377031082814738e-07,-6.940131606606648740e-08
-2.741836557199984476e-07,-1.106882691478448377e-07
8.547946032216644870e-08,-3.551615113364688437e-07
9.118065936246826290e-08,-4.800920543670067161e-07
-2.107337219703999674e-07,-1.460917705670955942e-07
-3.079422174352270601e-07,-1.897254597591595893e-07
6.385220195171347317e-07,-2.810717735615545091e-07
-1.768310753769796210e-07,1.430703008639819438e-07
-2.305225191746321817e-07,2.022127171795748673e-07
-6.378783449271834596e-08,-8.932762111012099375e-07
-6.295827180930057162e-08,-7.531727923225898811e-07
3.781585814245501520e-07,-6.183401506638545069e-08
1.784588245812538544e-07,1.946752789746828146e-07
2.158256016697682462e-07,2.512707228215784669e-07
-7.002751945282004330e-07,-1.834048684329502413e-07
-5.769520748654201738e-07,-1.417968478397545354e-07
1.680977266019873408e-08,-6.828749201038796239e-07
-5.996725816244043805e-08,-6.143700411760541617e-07
1.461714263281134083e-07,1.444379223499137783e-07
-2.886568200899445733e-07,2.691948313895390094e-07
2.716000030721408244e-07,2.559125550026267786e-07
2.578808354599330556e-07,3.135564808359219392e-07
-4.949764924943522336e-07,-1.897840625683372573e-07
-4.575188146990615547e-07,-1.034428912747916728e-07
-1.285606305162456074e-07,9.298291026790537476e-08
-8.243632070340814736e-07,-2.272178644012877349e-07
-2.172282809912625954e-07,2.635506114862437570e-07
7.442850676055776845e-07,-3.201574545624949978e-07
2.937359688318375140e-07,-3.731884311971052895e-08
-6.255048819304020925e-08,-1.031133560967467419e-06
9.453335983927503418e-08,-6.138866115444555086e-07
-4.166689325783689478e-07,-2.348828062790114723e-07
3.321885764258156732e-07,2.604354818842286391e-07
1.988886560309538111e-07,1.070995950758895193e-07
9.563119825460115807e-08,-7.526892487839969379e-07
-6.926252409917269206e-08,1.341184840436691201e-07
-5.336847617385869590e-07,-2.805434636703400860e-07
-7.799050580449932982e-07,-3.693724578886687431e-07
-2.020196788908813565e-07,3.302884638366147709e-07
9.143869232749300393e-08,-1.030649216498187665e-06
2.837007060389328100e-07,2.028545094379490594e-07
7.824517297839055343e-07,-1.966271223493428542e-07
2.673988381989484971e-07,-1.250990998286853029e-07
-1.190908122802838876e-07,1.387075821418251514e-07
1.896732666990530282e-07,1.480714634801473378e-07
9.456798286162748811e-08,-8.927937862005328914e-07
-6.558062358740461994e-07,-3.257023716352220186e-07
2.390950923177865397e-07,1.515483930745968130e-07
-1.514794956909292468e-07,2.577573462675484930e-07
6.761688335989349863e-07,-1.590344256049600627e-07
7.101088081753302758e-07,-2.391584465388156636e-07
3.475799600192483010e-07,-1.625317972488012315e-07
-7.401152854091992694e-07,-2.764499885954415303e-07
-1.069433712222988101e-07,1.919338571366117112e-07
1.491768757937643980e-08,-9.627352810921407583e-07
3.195413288790736239e-07,-9.600635159283316734e-08
-9.861399671719860173e-07,-1.131606585793242709e-06
-1.039582155367689516e-06,-1.068432351552741670e-06
8.762643326312096709e-07,-1.136617695491326516e-06
9.369255789099039804e-07,-1.064186036521139637e-06
3.639615905494852765e-08,-1.269916949484775454e-08
1.081453194117954954e-07,-1.068272878340637808e-08
-1.633154532789999398e-08,-1.211250587000913620e-08
1.105754456087843699e-06,-3.823395882755262740e-07
-1.187146621799932050e-06,-4.351276170244474792e-07
2.576341440031067934e-08,-6.309766830232821440e-08
-1.371922242195317498e-09,-3.939035973827512381e-08
4.996996199751615322e-08,-4.685186466775970568e-08
1.215241171501210300e-08,-1.432510039373084493e-06
4.559499436855882903e-08,-3.069984957161071997e-08
1.514716707856719966e-08,-1.877233471737258960e-08
