Size 955,2
0.000000000000000000e+00,0.000000000000000000e+00
0.000000000000000000e+00,0.000000000000000000e+00
5.383413974011665733e-09,-2.568092630895012044e-06
-4.227704335018452918e-08,1.478531513925725247e-06
4.672269934102471664e-08,-3.585108486693682013e-08
4.754276968377692222e-08,-2.671703396846624835e-08
7.190588774431381348e-08,-2.447947762552444769e-06
1.815688867650937191e-06,-7.601523554507400136e-07
5.109561458897186526e-08,3.487020147931847739e-09
4.661096328035832123e-08,4.367394548255378847e-09
1.881281362316071866e-06,-6.003481410217540614e-07
8.928002983485845209e-07,9.314325568032946315e-07
2.017040076572254201e-08,1.924339522036181765e-08
-1.087984961703329872e-09,1.398253848684970795e-08
7.203238737782663668e-07,1.066845563800139614e-06
-7.287991750485578442e-07,1.100909106755005057e-06
-1.483632273971428614e-08,4.981952839184755999e-09
-1.937899727440487637e-08,4.601356392119191821e-09
-9.012050384871773600e-07,9.637039530708130394e-07
-1.934455413386204893e-06,-6.272001377647724678e-07
-1.493524538693016900e-08,-2.800022688576868558e-08
-2.254603720134562844e-08,-3.396127622993529665e-08
-1.870242106873516028e-06,-7.845532289190657185e-07
-6.113792970300046898e-08,-2.447177125987796244e-06
2.738549068006225654e-08,0.000000000000000000e+00
3.702937552588185850e-08,0.000000000000000000e+00
3.681699514686272132e-08,0.000000000000000000e+00
3.367270501267324915e-08,0.000000000000000000e+00
2.205686186283355836e-08,0.000000000000000000e+00
0.000000000000000000e+00,0.000000000000000000e+00
0.000000000000000000e+00,0.000000000000000000e+00
0.000000000000000000e+00,0.000000000000000000e+00
0.000000000000000000e+00,0.000000000000000000e+00
0.000000000000000000e+00,0.000000000000000000e+00
8.235826682371886908e-08,-2.562122343870828483e-06
1.514522274093162059e-07,-2.551534974403776446e-06
2.133669044815777266e-07,-2.540650181850730349e-06
2.730164939814619226e-07,-2.528767677137634591e-06
3.324193258180006230e-07,-2.515504925842433417e-06
3.934831470201421598e-07,-2.500171377398069532e-06
4.577796370433616486e-07,-2.481797839276958596e-06
5.265181951731806468e-07,-2.459329881201656712e-06
6.004743041158513151e-07,-2.431466151137514172e-06
6.800014909365092258e-07,-2.397140004330608551e-06
7.652462618700658800e-07,-2.355018585386535309e-06
8.565279715931297450e-07,-2.303959092945326178e-06
9.551367562525641549e-07,-2.244368643776695252e-06
1.058172529776559032e-06,-2.173741712355438898e-06
1.167620688886837702e-06,-2.088517669888857348e-06
1.277604108768228103e-06,-1.991878839833480781e-06
1.389416288992508942e-06,-1.881303859499994034e-06
1.497691894776808729e-06,-1.759849169447032466e-06
1.600661660710618107e-06,-1.628135682410818364e-06
1.696459547058602487e-06,-1.489005938233551970e-06
1.782725705620133851e-06,-1.345113987126403007e-06
1.857420637568398918e-06,-1.199626141885320722e-06
1.918420807225727833e-06,-1.056384994617449482e-06
1.964317861159296271e-06,-9.200594845673957951e-07
1.993616666234087676e-06,-7.970710766616635607e-07
2.010034859425599067e-06,-6.885991224077227535e-07
2.012838956554092414e-06,-6.009737830063058681e-07
2.007437825513209566e-06,-5.379314466622636197e-07
2.000010609047502626e-06,-4.962612952567048861e-07
1.992874459136721076e-06,-4.684358938201167372e-07
1.987371568595000846e-06,-4.496115113616110600e-07
1.984262903244555780e-06,-4.350619834479272480e-07
1.983493001538411903e-06,-4.204316579550221725e-07
1.984396403954316218e-06,-4.018779274588313885e-07
1.985773160375822750e-06,-3.761872974844225606e-07
1.986078699529780409e-06,-3.408329062513188794e-07
1.983406745079942700e-06,-2.940648875336356472e-07
1.975945302455897921e-06,-2.348827923088978938e-07
1.961608404148216348e-06,-1.630652936937083524e-07
1.938901726422356772e-06,-7.911094570935568109e-08
1.906085625793217452e-06,1.616960257324301758e-08
1.861959108396072631e-06,1.220856323934461296e-07
1.807668215383952276e-06,2.388673644383869718e-07
1.739950356307695287e-06,3.617745642016715851e-07
1.656345403703681071e-06,4.919418889220557302e-07
1.560270960830194167e-06,6.215035317683832884e-07
1.451678727934161325e-06,7.499184631142257455e-07
1.333276034612867405e-06,8.714715809140908202e-07
1.209282468782138728e-06,9.825756799036792255e-07
1.081527086537757013e-06,1.080880338020856634e-06
9.595009610391205088e-07,1.162239541619125219e-06
8.410852844844138694e-07,1.231712726428965435e-06
7.332243631855168334e-07,1.285735919633111802e-06
6.333216822326978667e-07,1.329433534456289047e-06
5.434104721509207688e-07,1.366441097237896040e-06
4.603596875459352905e-07,1.396364262579656456e-06
3.829950150500208930e-07,1.420192510472070003e-06
3.107234200274527455e-07,1.438927044120835979e-06
2.431597184208823047e-07,1.453182909068197651e-06
1.798351808463091177e-07,1.463725016810579367e-06
1.202330600332858749e-07,1.471064961180010213e-06
6.377859709414800207e-08,1.475739056554811366e-06
9.837997319636042802e-09,1.478121764239531862e-06
-9.330833241663278651e-08,1.477132204249886095e-06
-1.440363005414903588e-07,1.473981155932184880e-06
-1.952900695728475973e-07,1.469043289854468464e-06
-2.479563021461716657e-07,1.462159746737796657e-06
-3.029640088459917203e-07,1.452982357751323047e-06
-3.612698803922426340e-07,1.441072081604991275e-06
-4.238396201471017901e-07,1.425684795456904575e-06
-4.915950414525218386e-07,1.406101673165789129e-06
-5.657156261994745399e-07,1.381132837526956138e-06
-6.480525020402598528e-07,1.349468538562754678e-06
-7.429035112479414124e-07,1.311353158661889300e-06
-8.484229855156559218e-07,1.262353600059985398e-06
-9.680455122855983488e-07,1.195325867387266574e-06
-1.092391965781079241e-06,1.114755924544016329e-06
-1.223922227978718932e-06,1.015466056677600060e-06
-1.352198717080476868e-06,9.021621795482847870e-07
-1.475491424837377317e-06,7.769869276103763302e-07
-1.588863182709177491e-06,6.440960354381913398e-07
-1.689593012511546223e-06,5.093328551581952636e-07
-1.777412522006230161e-06,3.735410597084081954e-07
-1.848810207837625647e-06,2.448906679099628386e-07
-1.906180818044780662e-06,1.223670954946897408e-07
-1.952899986819939036e-06,1.095705364047320522e-08
-1.987750905194903918e-06,-8.949624391056103126e-08
-2.011957572485164595e-06,-1.782120900153059021e-07
-2.027315051389689914e-06,-2.542914164158419158e-07
-2.035365702391680231e-06,-3.171621417142850438e-07
-2.038275159736517409e-06,-3.669958432527601363e-07
-2.037924706896175732e-06,-4.047689820912062881e-07
-2.036302718045369416e-06,-4.322274950227406827e-07
-2.035025659207569667e-06,-4.519149972762917145e-07
-2.035362095371567372e-06,-4.670748471464271342e-07
-2.038038887127505501e-06,-4.815908128714970527e-07
-2.043159167286425444e-06,-4.998647691277827209e-07
-2.050008387174013916e-06,-5.266689428244829887e-07
-2.057274244472637120e-06,-5.668868051542067089e-07
-2.062690740378522124e-06,-6.281779233802105780e-07
-2.059983771829566143e-06,-7.138303666452806951e-07
-2.043373756820397022e-06,-8.197576065348319828e-07
-2.014124684827816400e-06,-9.387162874040496533e-07
-1.969557384851232698e-06,-1.069413268794296399e-06
-1.910848664227477804e-06,-1.206447675381931222e-06
-1.839251749450596435e-06,-1.345571949391817828e-06
-1.756664529086143277e-06,-1.483314126334596699e-06
-1.664882668663794687e-06,-1.616822596587831484e-06
-1.565981843763722611e-06,-1.743740991036497873e-06
-1.461656193436231849e-06,-1.861626144199313910e-06
-1.353358298611830913e-06,-1.969802509521795872e-06
-1.245625169186608256e-06,-2.065685970270885063e-06
-1.137490392615590084e-06,-2.151248961191363258e-06
-1.033910096964985199e-06,-2.223808523702861476e-06
-9.333010963250774590e-07,-2.286251128681097701e-06
-8.381566387848350163e-07,-2.340621283093795240e-06
-7.474767791318024387e-07,-2.386523440110507144e-06
-6.610854268289039840e-07,-2.424847900931720324e-06
-5.789731245429784061e-07,-2.456642725685166425e-06
-5.009880441452148917e-07,-2.482722877863330966e-06
-4.266682181633743809e-07,-2.504107685709330498e-06
-3.552364124116125416e-07,-2.521604523127167727e-06
-2.856707081319936376e-07,-2.535974603455337210e-06
-2.167272457232468321e-07,-2.547759401810537675e-06
-1.471437696765107821e-07,-2.557288039176508516e-06
-7.321665811724769346e-08,-2.565238071780096755e-06
4.776542035317709027e-08,-2.824744486099824813e-08
7.022880782486453439e-08,-5.786975888985151855e-08
1.093354317577306154e-07,-9.208998482241529216e-08
1.686257499209905769e-07,-1.309897889646845619e-07
2.401012819854691806e-07,-1.715962317298649320e-07
3.266650806901525387e-07,-2.154963722175752742e-07
4.222563014876670956e-07,-2.602185034128438645e-07
5.284126155430677771e-07,-3.068715559307917179e-07
6.406071719750669785e-07,-3.535337732297376674e-07
7.591867363405484607e-07,-4.008835460367335152e-07
8.810540803862060437e-07,-4.475058973684326578e-07
1.005472633475700994e-06,-4.936847254982214956e-07
1.130664632700644328e-06,-5.384768321890895549e-07
1.254921869318068568e-06,-5.818051525098594484e-07
1.377657155540638332e-06,-6.231492786019703738e-07
1.496307334461758000e-06,-6.621780041213006535e-07
1.611800757692347645e-06,-6.989678872951928643e-07
1.719596266212862371e-06,-7.311658845087706575e-07
1.753267966833569844e-06,-8.786796977328184853e-07
1.681916182201799441e-06,-1.009931376670056590e-06
1.601987033053107428e-06,-1.148928684133601867e-06
1.514177677892438004e-06,-1.290758299206896078e-06
1.419767189684649142e-06,-1.431411221572556063e-06
1.319973385573325027e-06,-1.567845629629096743e-06
1.218559777837191019e-06,-1.696655021474905742e-06
1.115778592292105907e-06,-1.817427509649550504e-06
1.015971951795801742e-06,-1.925566992282569712e-06
9.180860551474658625e-07,-2.023393406583728926e-06
8.270076119116930681e-07,-2.107066420026418816e-06
7.393983549543635905e-07,-2.180762699047760639e-06
6.582503390536659631e-07,-2.240081361258514024e-06
5.816073757402620472e-07,-2.290503596355740124e-06
5.099913728987244331e-07,-2.332626966171244759e-06
4.430764618561339932e-07,-2.366980788841423190e-06
3.800923536092822039e-07,-2.394465834934362523e-06
3.198541357036431998e-07,-2.415728357528012244e-06
2.607700251968187029e-07,-2.431421560691132713e-06
2.009319220179971709e-07,-2.441938787010191985e-06
1.380268680738741307e-07,-2.447454674789066648e-06
8.463064112567447026e-08,-2.358571917954408609e-06
9.686065487069261413e-08,-2.258842626424378878e-06
1.085008949449676502e-07,-2.142489145741804918e-06
1.189958443962479474e-07,-2.015657067827945734e-06
1.284806340559081648e-07,-1.874929752059565231e-06
1.363419466480516534e-07,-1.726041253055794598e-06
1.428442216022145243e-07,-1.567213620156891537e-06
1.472386078397773321e-07,-1.403316661112678417e-06
1.499213618522610154e-07,-1.234614367082362865e-06
1.500123747773368135e-07,-1.064738101556705612e-06
1.480393079462578227e-07,-8.963687388864225207e-07
1.429906735393683906e-07,-7.315227346984724671e-07
1.355252069459950858e-07,-5.756742867721403609e-07
1.244994123858731326e-07,-4.288514512791995308e-07
1.107112775219200268e-07,-2.996914718146875065e-07
9.288287893016088589e-08,-1.858057476890273138e-07
7.185040618781672008e-08,-9.972204984267479426e-08
4.834951750804421521e-08,2.936533841407592295e-09
5.978231783949904980e-08,1.442067567242347730e-08
7.435886490194915775e-08,2.628425664749993153e-08
9.166954461428837053e-08,4.041380980604701059e-08
1.121525812787488159e-07,5.668126294369268834e-08
1.373141386435010470e-07,7.806058201011867454e-08
1.664266606849014670e-07,1.033639242708573672e-07
2.013160909734613064e-07,1.357791966127152955e-07
2.405576486222646246e-07,1.733354550512654444e-07
2.861195272975960282e-07,2.192367403522630061e-07
3.360528991977895808e-07,2.709716804504625008e-07
3.922894929341957984e-07,3.315131634692133926e-07
4.525359591599743019e-07,3.980561843819721348e-07
5.185075396137843416e-07,4.730971457312643364e-07
5.877346967292266230e-07,5.537759895946595153e-07
6.615760531661663721e-07,6.418548754523705938e-07
7.377705736024190788e-07,7.348690171320390920e-07
8.159432730503167750e-07,8.333245447544872055e-07
1.010076900646829015e-06,8.216820060303992256e-07
1.129429257411434052e-06,7.060629375710254852e-07
1.247569276932290481e-06,5.839158550863694639e-07
1.361567647442983696e-06,4.593242076589865249e-07
1.466461895366558387e-06,3.364322755787246696e-07
1.562807199360816190e-06,2.165648264472524922e-07
1.645747106491245824e-06,1.059885907167117058e-07
1.719145653483299522e-06,2.175713024773878040e-09
1.776701338196323871e-06,-8.972220360960958188e-08
1.824600648618154786e-06,-1.714870058405939059e-07
1.863521151555100918e-06,-2.414263242852231693e-07
1.894042352560916964e-06,-2.989864007855534130e-07
1.917423895387003021e-06,-3.443691193532887996e-07
1.934586339444119883e-06,-3.785277660599234365e-07
1.946597422971171865e-06,-4.032500798832754057e-07
1.954128081571197266e-06,-4.210849413459548174e-07
1.957508558820619727e-06,-4.353189613536065028e-07
1.956517784239291844e-06,-4.498711440608105186e-07
1.950334714837136765e-06,-4.691358372705705572e-07
1.937280713174876185e-06,-4.979049070910314158e-07
1.915236024792137714e-06,-5.411430972759880552e-07
1.774871728734344404e-06,-5.541813146324683897e-07
1.669080426342976317e-06,-5.106691126786665284e-07
1.557381829118046274e-06,-4.648638931674111735e-07
1.440942918366068457e-06,-4.188110354249670955e-07
1.319831782966715883e-06,-3.721924299761706073e-07
1.196406218051474189e-06,-3.261532614717188583e-07
1.071406714324236828e-06,-2.806120985041097625e-07
9.462579353455970967e-07,-2.365199487214535362e-07
8.229555472746303147e-07,-1.941537791634172443e-07
7.019270399395667889e-07,-1.541807525673819986e-07
5.865112770222401759e-07,-1.172719276777226344e-07
4.760276310898266174e-07,-8.377726352617591143e-08
3.752697267365284036e-07,-5.479742016178121420e-08
2.823356459833210816e-07,-3.032737798199280638e-08
2.035852943980344807e-07,-1.194276631899365646e-08
1.358408679355338340e-07,7.257849541579013895e-10
8.694364513386436918e-08,5.784681543685465747e-09
8.193392460783671917e-09,1.844542324526616528e-08
-7.684552336538473697e-09,2.057984602442542608e-08
-1.492780567108414377e-08,3.167255671393501325e-08
-2.518005732431597786e-08,4.846717826349526432e-08
-3.751952582181436627e-08,7.007325713824893320e-08
-5.449267640350399636e-08,9.925284576890196876e-08
-7.477463876934566941e-08,1.342506755444317118e-07
-1.009327039617220711e-07,1.780368377655957179e-07
-1.312078364764096909e-07,2.280890822083296640e-07
-1.680344707333618589e-07,2.873745385956361715e-07
-2.094070392766220872e-07,3.528502966642274627e-07
-2.574463314223920879e-07,4.272326684744040805e-07
-3.100788500167540390e-07,5.072040137343609828e-07
-3.689313824828072903e-07,5.949842520766575043e-07
-4.320462355510267043e-07,6.872421793903469494e-07
-5.004042443054366368e-07,7.854151814925245030e-07
-5.721878715451064088e-07,8.860994059288833680e-07
-6.474199030288463707e-07,9.911458576456671007e-07
-6.420793858872891761e-07,1.172974014549973202e-06
-5.605617808112030663e-07,1.231690856037250677e-06
-4.887325953981883352e-07,1.274396635676516956e-06
-4.219789734022702975e-07,1.308746590416449765e-06
-3.600775361668549434e-07,1.336034457587085895e-06
-3.022108774593841459e-07,1.357161859991575445e-06
-2.474676308314716921e-07,1.373151365033246797e-06
-1.949606728529717294e-07,1.384645049211495962e-06
-1.437874388043124598e-07,1.392207178395152494e-06
-9.309609720758749599e-08,1.396161081111379572e-06
-4.207792509943530259e-08,1.396679634570854393e-06
1.002486694498044657e-08,1.393761596430034948e-06
6.393249668215085605e-08,1.387260154485674635e-06
1.203162277369139324e-07,1.376868420714615763e-06
1.797643305496033896e-07,1.362195298318433935e-06
2.428164990380736071e-07,1.342629141834780622e-06
3.099131404072036866e-07,1.317588570940268970e-06
3.814624893935090661e-07,1.286162912286491741e-06
4.577512664561198497e-07,1.247656760952469057e-06
5.385475456961012084e-07,1.201052812207781795e-06
6.273519884366533470e-07,1.139946071641418480e-06
6.418886440921349935e-07,9.582256983719444856e-07
5.694446224992237292e-07,8.546527965816028096e-07
5.011575278217777581e-07,7.564912370421298904e-07
4.365712438573835378e-07,6.616319722958818261e-07
3.775734511781187836e-07,5.734579207804457020e-07
3.228696481591513223e-07,4.901947317146124022e-07
2.744065931339176652e-07,4.150535188254807273e-07
2.303449483798081828e-07,3.456284613015085585e-07
1.926414112399168078e-07,2.849701567214256640e-07
1.590679720440924421e-07,2.303209308272039844e-07
1.314083114311035837e-07,1.843120607079237690e-07
1.072259569718705251e-07,1.440797562244984515e-07
8.795283146787021825e-08,1.115902755930335482e-07
7.112198161957264239e-08,8.411994405303756045e-08
5.763296183427431641e-08,6.271706875812891195e-08
4.521243791257000906e-08,4.506031273108716787e-08
3.400105212561927209e-08,3.130721892070181841e-08
-1.630709836144827145e-08,4.759533627674910940e-09
-5.816599341167148608e-08,6.956868005258957051e-09
-1.109052301990216803e-07,1.786264671049409004e-09
-1.837082904179098694e-07,-1.149723674041912812e-08
-2.681228789760876868e-07,-3.088091577324616658e-08
-3.674522159705358164e-07,-5.671842417022285944e-08
-4.749422869785466416e-07,-8.735591693609483980e-08
-5.924928862353787766e-07,-1.227487099164722974e-07
-7.150411637644377712e-07,-1.617576897263973983e-07
-8.431388076827678262e-07,-2.039419240632010487e-07
-9.733049179793634315e-07,-2.486332883719812813e-07
-1.104855899728623043e-06,-2.950323218134609197e-07
-1.235781234757273284e-06,-3.429062996113594891e-07
-1.364272977739135269e-06,-3.911307003400779386e-07
-1.489701997944579852e-06,-4.398724935991346978e-07
-1.609202088921600580e-06,-4.877694709017673852e-07
-1.722963444799448771e-06,-5.352704265116855739e-07
-1.829091319366504535e-06,-5.800993177929617756e-07
-1.967670723536690682e-06,-5.699815645178940309e-07
-1.989172169911115328e-06,-5.282162242742699716e-07
-2.001779669752507762e-06,-5.005072865727236317e-07
-2.007563140510245203e-06,-4.818370898307975033e-07
-2.008140764347208493e-06,-4.673667800500476843e-07
-2.004278854393831963e-06,-4.526537598373357937e-07
-1.996135155074400390e-06,-4.337384575260087632e-07
-1.983314713311388833e-06,-4.073033879890785249e-07
-1.965085388877769207e-06,-3.707852783507103097e-07
-1.940312820209177963e-06,-3.224009998618388706e-07
-1.908031367671048037e-06,-2.612251293924244117e-07
-1.866929983824948357e-06,-1.871077224893514818e-07
-1.816418223497976620e-06,-1.006788761008911776e-07
-1.755811465481265874e-06,-3.747735520081839207e-09
-1.678757168048238503e-06,1.054558581740321330e-07
-1.591843631739390023e-06,2.215680476094734525e-07
-1.491206893586033432e-06,3.470337737528718741e-07
-1.381942428886184311e-06,4.754122096991140082e-07
-1.263771280736877878e-06,6.050341163954953669e-07
-1.141888615395339203e-06,7.317827715675486016e-07
-1.019839817598527327e-06,8.510051274424624302e-07
-8.244602733481606075e-07,8.643830486396586954e-07
-7.453167730570267578e-07,7.633233237701000871e-07
-6.670234201387994426e-07,6.666506503747678541e-07
-5.904949459817776583e-07,5.744730783707221046e-07
-5.179652219593752453e-07,4.891234413074900230e-07
-4.482849297803269065e-07,4.092453409657846623e-07
-3.840381714660033542e-07,3.377491205001169992e-07
-3.236212040738431234e-07,2.723976329750165189e-07
-2.695451091616975516e-07,2.161894013852641248e-07
-2.198843564364739930e-07,1.662663030409422395e-07
-1.769106782378369635e-07,1.254779358015294732e-07
-1.385569867446307833e-07,9.059044466751385823e-08
-1.066764010577161705e-07,6.405764207578430444e-08
-7.923831420715731139e-08,4.251406707626198696e-08
-5.749552546610390545e-08,2.777957640269738162e-08
-3.966012920790780093e-08,1.664192471094642371e-08
-2.610929893391321734e-08,9.755860918933302437e-09
-1.760069213915054048e-08,-2.673318338940880338e-08
-5.108151205313275918e-08,-9.950212736953095844e-08
-7.268762826453931747e-08,-1.861177449118635227e-07
-9.111790848312811748e-08,-2.999018938575550188e-07
-1.055023319830007905e-07,-4.290587251495375117e-07
-1.171110622036195295e-07,-5.758864426777375453e-07
-1.251611432192998815e-07,-7.317346498198225743e-07
-1.307949522827798175e-07,-8.965804735361719820e-07
-1.333530988362201494e-07,-1.064949854306549869e-06
-1.338471466376791136e-07,-1.234826125625258995e-06
-1.317494554458998819e-07,-1.403528416709940393e-06
-1.279401404186917718e-07,-1.567425365942446360e-06
-1.220229845643040449e-07,-1.726253078025162316e-06
-1.147465323956720900e-07,-1.875141751513526211e-06
-1.058455830443221137e-07,-2.015866708481874060e-06
-9.594134953541930062e-08,-2.142698040408672989e-06
-8.490387055809245489e-08,-2.259107754443256646e-06
-7.313759327965185381e-08,-2.358721735129180712e-06
-1.321240133900699152e-07,-2.444448385735984724e-06
-2.022970778064697467e-07,-2.436850315339759094e-06
-2.712121576232899824e-07,-2.424187318090474093e-06
-3.403669458584408982e-07,-2.406186078783157388e-06
-4.109808949480398844e-07,-2.382453642959654691e-06
-4.840710186387994856e-07,-2.352406869018740131e-06
-5.603748544753509857e-07,-2.315506834216983282e-06
-6.403328519737206834e-07,-2.271011168108505139e-06
-7.240598191870626918e-07,-2.218506795228531394e-06
-8.109957586047147283e-07,-2.157527856979415226e-06
-9.026739106937030081e-07,-2.083551391452792694e-06
-9.965185207239954398e-07,-2.000305003884048050e-06
-1.095225743893104562e-06,-1.904379198968485679e-06
-1.194677617265972990e-06,-1.799042216254670077e-06
-1.295644429271680576e-06,-1.682490923063178903e-06
-1.394530565474726781e-06,-1.558618070133588640e-06
-1.490912715595408949e-06,-1.427929549636325303e-06
-1.581747627559613182e-06,-1.293395442285731488e-06
-1.665974522905325676e-06,-1.157800249918861031e-06
-1.742471261746575137e-06,-1.024775835489575330e-06
-1.810661471297313836e-06,-8.987672239419609673e-07
-1.773720211478390022e-06,-7.571070798142600513e-07
-1.664737389750257231e-06,-7.259865064450733389e-07
-1.546509807551579845e-06,-6.896886240074434759e-07
-1.424196881146853142e-06,-6.506649714191917987e-07
-1.296618710971519585e-06,-6.088084316307231619e-07
-1.166878113260499809e-06,-5.645792234147473310e-07
-1.035420416048046478e-06,-5.185004740081358735e-07
-9.043659666904181126e-07,-4.707339716060593123e-07
-7.754785933505794041e-07,-4.222674851517765162e-07
-6.497798162112136541e-07,-3.728606192510290007e-07
-5.304800504358521244e-07,-3.240142098117801466e-07
-4.173903542256185754e-07,-2.750520603643278489e-07
-3.152778411085285364e-07,-2.280231335237188392e-07
-2.226352220609695831e-07,-1.817792166420697862e-07
-1.458934256872441006e-07,-1.389606053967145703e-07
-8.205074619507424515e-08,-9.790596120965929661e-08
-3.949758704726583945e-08,-6.170854202151339920e-08
-1.666209636418043402e-08,1.496096773926407535e-08
7.640560653677607088e-08,-2.551033209114826064e-08
1.029074196470027890e-08,-9.635774478729039606e-08
-4.653708982680623093e-08,-2.689844767699051459e-08
4.710642970995706229e-08,2.254118076839566338e-08
-6.194069178278847209e-09,5.877251015829278983e-09
3.326954286164861893e-08,7.793892890833782453e-09
-1.324662658728310511e-08,-9.545614460382892081e-09
4.600220706886725316e-08,-8.360517720141612670e-09
-1.168221169788021558e-06,-1.982932609335929161e-06
1.089447764258822292e-06,-2.005025201223040832e-06
1.346600952052056753e-06,6.640027054800804690e-07
-1.366420290945962871e-06,6.880220566017700935e-07
-1.587285206189221173e-06,4.248848695113527419e-07
1.558444542644311476e-06,4.109900608192608633e-07
7.295582617750109742e-07,8.948420061900004042e-07
-7.368561843792979357e-07,9.268694313926517987e-07
1.300816761832119265e-06,-1.786953351980676194e-06
-1.375592916017726429e-06,-1.769963850681512907e-06
6.770615963908603575e-07,1.210367487633053996e-06
-6.889105963485362543e-07,1.239761552726859351e-06
-1.801998668579348620e-06,-6.705746527466793846e-07
5.635910573947828750e-09,-2.360534273283190448e-06
1.747601396603270616e-06,-6.446506680183605310e-07
5.809204259260127308e-07,6.986330085285635500e-07
-4.093486379782237941e-08,3.754327646773982827e-08
1.527416272224619298e-06,-5.636270923213527706e-07
1.844630976580427542e-07,-7.093072703636109023e-08
-1.578562843072208299e-06,-5.888829818327580899e-07
6.285322535284592509e-09,-2.144042605724234346e-06
7.436541946021090944e-08,5.116747072878790398e-08
9.785962759598798663e-09,-2.976059210354470611e-07
-1.630650050206937061e-07,-7.466420221743641908e-08
-5.833223131268292452e-07,7.255843967106579176e-07
9.207526902898899323e-09,-5.744793930920484086e-07
6.866840235739870200e-09,-1.876160698040013284e-06
4.475214826323451964e-07,5.225501980585058967e-07
1.287638972476051030e-06,-4.770972082374360280e-07
-8.005017668670678459e-08,8.091047020211297884e-08
1.121951048611439072e-07,9.421214218719622267e-08
3.497699484477279687e-07,-1.347681880639124739e-07
-1.330806038531872228e-06,-5.000996957664843923e-07
-3.401125911581464725e-07,-1.419741195916345468e-07
-4.429603659274284884e-07,5.413686976553544417e-07
3.327673132626531396e-07,3.724741923203385026e-07
-1.383179754667697844e-07,1.509165075578181654e-07
8.622162449956259400e-09,-8.959499573901493332e-07
-3.201606905881693995e-07,3.816806188818558802e-07
-1.070145879689126965e-06,-4.067787506150658399e-07
7.452047058635800768e-09,-1.568007801956902319e-06
5.566796404397131699e-07,-2.118274821261726874e-07
1.658225454274580414e-07,1.592929330799209112e-07
1.038387644388698919e-06,-3.871413454635178359e-07
-5.606874058401160067e-07,-2.231317602354260765e-07
-2.181702573757343458e-07,2.509193067146951633e-07
8.037107870787700517e-09,-1.234858690874523925e-06
2.387933807011046436e-07,2.512854423306584272e-07
-8.089296514066042790e-07,-3.129914606086474367e-07
7.906705940295056080e-07,-2.973984342893347419e-07
-9.653438709315632321e-07,-2.151214783114713451e-06
8.879427311513251914e-07,-2.173326884450240488e-06
1.105921116530629313e-06,8.992789306237518061e-07
-1.117830706472341906e-06,9.303037091750874476e-07
-1.760398231434860736e-06,1.715434765459638964e-07
1.723486096100814347e-06,1.689331002229136476e-07
4.060647916806034004e-08,-1.571627503518848649e-08
7.902585842129010056e-09,-2.971827786285872632e-08
-1.167858886542674176e-08,-1.565989625006840465e-08
8.796530842749186075e-07,1.079532496054994813e-06
-8.877106758612168973e-07,1.112742805213011535e-06
1.689868962918426360e-06,-1.244765915294627335e-06
1.605197864324081563e-06,-1.389470624030018372e-06
-1.669066530906335592e-06,-1.387897660822248620e-06
-1.750216838502352665e-06,-1.249511026155963369e-06
3.448044256891932030e-07,1.367097687882618264e-06
4.194723173502746704e-07,1.340628626621370029e-06
-4.552997562871977661e-07,1.356764769881434842e-06
-3.904069600144641963e-07,1.379237630555412831e-06
1.768463233354919110e-06,-1.102396539928497046e-06
-1.825520784680479736e-06,-1.113378431942816923e-06
2.754978312141990867e-07,1.389878749441497624e-06
-3.306509352474628624e-07,1.398349644868194057e-06
1.959133702065540104e-06,-5.648056521895168889e-07
1.944561262791240014e-06,-6.423826328208282667e-07
-1.996143894321680267e-06,-6.685873373482220820e-07
-2.010302463323543487e-06,-5.928630927931839088e-07
4.199250929745668594e-08,1.731948770868365420e-09
3.949348708580412793e-08,-5.397774803764232350e-10
4.817015481370743187e-08,-2.061490149104528730e-09
-9.349553326125008300e-09,3.036490021809577337e-09
-1.610700693529514868e-08,-1.794104283519604783e-09
-5.176081151013130537e-09,-5.357540578737466619e-11
-1.005855099439650378e-06,9.459671316843270386e-07
-1.130184779160349211e-06,8.324591640141680712e-07
1.117953764612148511e-06,8.037789563769450534e-07
9.963377646183271449e-07,9.144479800953940853e-07
1.968850425956403070e-06,-5.140832606218961709e-07
-2.019774828773876277e-06,-5.438087196313959967e-07
1.730495007511594967e-06,2.618558563619316655e-07
1.796118148712522869e-06,1.450585447310163423e-07
-1.836786852484536821e-06,1.464859868074213798e-07
-1.767653692987474373e-06,2.689768198019187737e-07
-6.923685546614238823e-07,-2.328168444941767113e-06
-6.088104703110816058e-07,-2.368376027481378165e-06
6.289885730851127106e-07,-2.343127496909341817e-06
5.530969303171630469e-07,-2.380232600923629906e-06
-5.300862951268169895e-07,-2.403657154072959783e-06
4.831621541337061873e-07,-2.412184485492756237e-06
1.885497228327393155e-06,-8.347222042376647400e-07
1.832157262793896013e-06,-9.632297185479817840e-07
-1.937997127803433379e-06,-8.565535489681743650e-07
-1.886634135595514261e-06,-9.801003847504174691e-07
9.699516080378327627e-07,-2.172774676282252781e-06
8.721547816347764067e-07,-2.241423034765316883e-06
-9.492508377439910968e-07,-2.221045325286558428e-06
-1.048846975661743071e-06,-2.150603668716195122e-06
-1.956765609977171220e-06,-2.234702893280764190e-07
-1.925502903119721833e-06,-1.415789188909111006e-07
1.880002838241769379e-06,-1.284392446756527855e-07
1.909503102980964230e-06,-2.058282913862981953e-07
-1.980955534931438957e-06,-2.919786472455004959e-07
1.932285894289311708e-06,-2.703939580349566649e-07
-7.643990774409240356e-07,1.249843926430727875e-06
-6.681134395625614313e-07,1.298357043156150161e-06
6.548629084494725172e-07,1.273069613548264657e-06
7.556089144382889985e-07,1.220014600411624966e-06
-1.364696647526205505e-06,-1.871606577121084881e-06
-1.469829654578531857e-06,-1.756743121632974048e-06
1.398014730855264905e-06,-1.773267837807614931e-06
1.289492039700284197e-06,-1.891546424473449984e-06
1.921955550640857813e-06,-7.218157157215582062e-07
-1.973849790410368023e-06,-7.466222300269613110e-07
4.120731299680569004e-08,-4.740761546950606274e-09
-7.230684782388426415e-09,-5.932445417271636556e-09
1.558848826531074506e-06,5.145308780540031125e-07
1.651583513649565858e-06,3.862904014355264732e-07
-1.684746730648378566e-06,3.991139027157091691e-07
-1.587574638921230026e-06,5.328373249621072231e-07
-1.478526424007595176e-06,6.660175539779629543e-07
-1.359300993430342664e-06,7.954533941108055372e-07
1.339899180076210377e-06,7.678869007668171341e-07
1.454450664063820734e-06,6.427289048792096446e-07
2.102292847899329150e-07,1.406111424651243095e-06
-2.742875669565180584e-07,1.411820637323272010e-06
1.490770060856936622e-07,1.419324126496854457e-06
-2.208566129637720065e-07,1.422820945380980403e-06
1.181273565312853688e-06,-1.998049311513861871e-06
1.073986189877219286e-06,-2.091950693070021475e-06
-1.152996171491187837e-06,-2.069209229659526898e-06
-1.258948465566284377e-06,-1.976037831236635513e-06
-4.546078628394651769e-07,-2.431086076446851596e-06
4.174722066896847722e-07,-2.436655921315860263e-06
1.972043498398554365e-06,-4.798935198878033408e-07
-2.022865604779636543e-06,-5.108847801067559111e-07
-1.181692167143538324e-06,-1.892967102430298678e-06
-1.080007678879344437e-06,-1.991128717236548530e-06
1.000900980387508022e-06,-2.013613104279779826e-06
1.102914084773338023e-06,-1.913644962754252798e-06
-3.825707816678713884e-07,-2.454384497159524831e-06
3.557480605348953203e-07,-2.457237086411086705e-06
1.972747404571767343e-06,-4.574678192105897110e-07
-2.023538603589096739e-06,-4.892788561222690773e-07
8.604348049657425953e-07,1.158309439142202674e-06
9.774689355632115082e-07,1.079538660023969603e-06
-9.864052478173553150e-07,1.112907182103733980e-06
-8.680950528525276985e-07,1.190823724886164573e-06
1.353916996135590597e-06,5.607440281042550691e-07
1.237652975548553162e-06,6.850101970384670922e-07
-1.253526993829332844e-06,7.098519148110585331e-07
-1.374044628424595799e-06,5.809252036923313435e-07
-1.486323529841338107e-06,4.502101668593042041e-07
-1.588689289526321850e-06,3.203138364199704557e-07
1.559758005157764864e-06,3.108879072570206379e-07
1.461772463266609636e-06,4.352203987255473162e-07
-1.996716904351016589e-06,-3.475141429541102034e-07
1.947107942210316344e-06,-3.225731685449156841e-07
1.206469210104540723e-06,-1.801973042481278514e-06
1.310703175624062939e-06,-1.678789956395542058e-06
-1.385294270448182354e-06,-1.665377105928199067e-06
-1.283659104229520491e-06,-1.784330190155900482e-06
6.986745846672281822e-07,1.142279184702926954e-06
6.046867130121322495e-07,1.204202499906013872e-06
-6.211020102199562007e-07,1.233954092725432767e-06
-7.088698761313578638e-07,1.174700944810322738e-06
-2.007583517745090289e-06,-3.903137365469446908e-07
1.957327539275270816e-06,-3.626587520576583455e-07
4.017758410899750718e-08,2.003944636191837063e-09
-8.875388816259058734e-09,3.530000395134123006e-09
1.849519690069870154e-06,-6.768456598693189716e-07
-1.903294070477292622e-06,-7.026177266419522789e-07
-9.810273214835026193e-07,-2.077917770316712314e-06
-8.856363017909721876e-07,-2.153509498549328551e-06
8.106218331803292057e-07,-2.176006950426133397e-06
9.031342087192863822e-07,-2.100964226712767126e-06
-1.749162324881077624e-07,-2.496527310485117274e-06
-1.041551668441855420e-07,-2.503000219500320399e-06
1.125041555535550289e-07,-2.501807753838860756e-06
1.768526238788295692e-07,-2.495308598896496407e-06
3.820806578398226108e-08,-2.507599804162716364e-06
-2.698493501983726237e-08,-2.507943841036959707e-06
9.126905267667586598e-08,1.427944360710451532e-06
-1.692002356703015463e-07,1.429970044831250646e-06
-1.679016408659771276e-06,1.964364776917515944e-07
-1.756267131223498231e-06,7.979273514595714086e-08
1.719536515084201654e-06,8.157186101781464755e-08
1.645981421679511051e-06,1.926323872623977061e-07
1.093673025687838915e-06,9.919746210503791261e-07
1.218313235055887754e-06,8.850472995279806732e-07
-1.233371723699622893e-06,9.158433776184742305e-07
-1.105074464750946299e-06,1.024758919757515827e-06
3.626922016453119622e-08,1.433965546301624103e-06
-1.184659774771569057e-07,1.434960838380661955e-06
-3.126560854287569420e-07,-2.472102987878820344e-06
2.962270283306229710e-07,-2.472931567633460706e-06
1.971649574538256767e-06,-4.418584435602318040e-07
-2.022462179420391169e-06,-4.739983365031962094e-07
-2.438597696953226995e-07,-2.486308953353937370e-06
2.372638223158565900e-07,-2.485729362456055429e-06
1.969910646773632304e-06,-4.284386258131619315e-07
-2.020740549369056498e-06,-4.603677720091227601e-07
9.875989777956033590e-10,7.523787097535157321e-09
1.231396633502223930e-08,1.035441409432374693e-08
-2.014059228703751212e-06,-4.218128651549882953e-07
-2.018141904436286093e-06,-4.442040565592557431e-07
1.963446661561424747e-06,-3.920959092588897507e-07
1.967357072495221335e-06,-4.130692686380641725e-07
-1.649109150299839699e-08,1.436773544276946010e-06
-6.787441089459962543e-08,1.437072948071325564e-06
-8.209476432258156839e-09,1.420885299683009782e-08
-1.132340373852301330e-08,1.037205563284589094e-08
-4.083750597680529595e-09,9.292470590821103532e-09
-1.635135265263796439e-08,8.836938642123772605e-09
-1.071791779954180549e-08,5.300628903331742666e-09
4.742122006733151147e-08,1.238093802088823639e-08
4.007089393861751540e-08,1.491793078714437193e-08
4.092157093065356447e-08,5.699786573862524878e-09
3.457146682359420423e-08,2.086990677478259601e-08
2.685428171915385570e-08,1.324989065517375524e-08
-7.322227040105785314e-07,1.012458065807331742e-06
-6.533028899947076934e-07,9.063533890092752470e-07
6.480150225638524124e-07,8.746404068990206458e-07
7.245689919294745334e-07,9.792398413216563989e-07
-7.412381440260722856e-07,8.445751359710839307e-07
-8.191627408441262190e-07,9.462990872872142811e-07
5.680643898689273116e-09,-2.447374071419607127e-06
1.084601227641985397e-06,-4.629273864742197308e-07
9.594208110189067033e-07,-4.175110852620718908e-07
-1.391544220822116666e-07,1.185154286922806799e-07
-1.766701388325062039e-07,1.585667231221630563e-07
1.344746580236106149e-07,1.516799097577072942e-07
1.631094802848505651e-07,1.926744557168021128e-07
-1.411165348351343565e-06,-4.693715199684336579e-07
-1.283471801327937235e-06,-4.221393219901988981e-07
-8.026678891627390561e-08,5.979328921651021170e-08
-1.070826603384353270e-07,8.571798274676241902e-08
-2.786518991158165919e-07,-1.638023673150694767e-07
-3.779737671279282285e-07,-2.059781503562996792e-07
1.332952267330520249e-06,-5.509484952235651748e-07
1.209487123552718226e-06,-5.075186042511486035e-07
3.150411658269483516e-07,-7.956688397511294427e-08
4.108445848393508848e-07,-1.108188968206958883e-07
6.964495567672038475e-08,-4.995603194574928713e-07
7.411578226980212581e-08,-6.516682151845606920e-07
6.577927867147741100e-07,7.167262735251295828e-07
5.848472270744013612e-07,6.244703488404081151e-07
1.570011092003156685e-06,-6.326053676343583005e-07
1.453408812721699726e-06,-5.927242809411664095e-07
-4.212153741201606864e-08,-2.203670428061586551e-06
-4.722105773844996543e-08,-2.081810396296673858e-06
1.587828196625117745e-07,-3.105897032106154290e-08
2.304894339530077035e-07,-5.279764747009187460e-08
1.966357892444482461e-07,2.407882492454213132e-07
2.352791310431315239e-07,2.962094313342084736e-07
-2.197741410300943412e-07,2.062358616711325995e-07
-2.684640720726554265e-07,2.616419185488583725e-07
5.883468766977716147e-08,4.812608283901372564e-08
7.312314431899543222e-08,6.633605082249604583e-08
7.459011481291324600e-07,-2.246696135517454945e-07
8.679188249947111047e-07,-2.674047853594125625e-07
-6.242116259202648426e-08,-1.319692956598811116e-06
-6.268103705045804959e-08,-1.149841845438598372e-06
-7.283741333278721211e-07,-3.435982246629151385e-07
-8.565010778688731251e-07,-3.912800513696460452e-07
-3.042643233088609799e-08,-2.405870331335976643e-06
-3.661629475478029556e-08,-2.311925230960675214e-06
8.109056045035280941e-07,9.139919112140987386e-07
7.339388380855867896e-07,8.139811098412361050e-07
1.783740776900721567e-06,-7.041085008681570835e-07
1.681453244154364899e-06,-6.705429837491663790e-07
-1.868736017401031661e-06,-6.467514674269190237e-07
-1.762877048694351082e-06,-6.045730233837094992e-07
-1.652432634819728476e-06,-5.609716247572872536e-07
-1.534576982215372558e-06,-5.157945171112875451e-07
-1.188920439320730838e-07,-8.889734459999533392e-08
-1.917223118494039953e-07,-1.246005534292014527e-07
-5.781328221755611000e-07,8.048293581551668952e-07
-5.061390449559786203e-07,7.063759875506902692e-07
-4.075926575075067541e-08,2.567587924833390255e-08
-5.828156703214700103e-08,3.998782021248942080e-08
5.581722356697310800e-08,-2.383656121673519263e-07
6.357414825035540227e-08,-3.607541081777199766e-07
-5.176660214814963766e-08,-1.947736182586284618e-06
-5.566963828701014463e-08,-1.802576989036361822e-06
9.006404232911123556e-08,8.916830957261223608e-08
1.102646099784566068e-07,1.173277283839503432e-07
-3.226033174916850024e-07,3.247623311463852295e-07
-3.819995772555077601e-07,3.954548576923793429e-07
-9.870483884664129914e-07,-4.388724025006661302e-07
-1.118643342086222518e-06,-4.859580624214777740e-07
5.156727863746784127e-07,5.381595218954806963e-07
4.506725605840374959e-07,4.582282519833237805e-07
3.903958974743903255e-07,3.852522435435239650e-07
3.351150379772457294e-07,3.194846831266787469e-07
-6.365879003352269642e-07,-1.934279946527932656e-07
-5.170981301452251596e-07,-1.531682754975219313e-07
5.981944607400761554e-07,-2.811738556489741751e-07
4.877059062752646805e-07,-2.372617685434395069e-07
7.629811804604754717e-08,-1.486392237103698617e-06
7.342246747075980963e-08,-1.648211482374472938e-06
2.792252857775798343e-07,3.590282181692172252e-07
3.285097554067660062e-07,4.291712334428555033e-07
5.156611022462444689e-07,-1.457893693117582827e-07
6.280358085875715533e-07,-1.839765633912822741e-07
-1.153215783106087067e-06,-3.747109226669729674e-07
-1.021630641015691675e-06,-3.275152398064475207e-07
-4.872204645280019915e-07,-2.503670885619003849e-07
-6.047838643900130721e-07,-2.964754539650206018e-07
-4.380692864483519117e-07,6.125685313570635132e-07
-3.744450329530298554e-07,5.242503964256725495e-07
-6.176090185413222601e-08,-9.801094287317081899e-07
-5.957190320294661049e-08,-8.128350758883122970e-07
7.710875882159961976e-08,-8.127291860189420499e-07
7.871271187317012944e-08,-9.800035648608575294e-07
6.969608080643740092e-08,-1.802470921761243728e-06
6.520777202132610992e-08,-1.947630531925437808e-06
-3.158055678123076470e-07,4.423115684343993829e-07
-2.624140780145206344e-07,3.672375165493208118e-07
-5.881090378307783891e-08,-1.648317363598047767e-06
-6.110149919041590093e-08,-1.486498109126617978e-06
-1.735406221130026919e-06,-6.967865946696683913e-07
-1.838260242176740865e-06,-7.296313434272743922e-07
-4.462361046889079960e-07,4.733106700584096877e-07
-5.149287990449433599e-07,5.579224759926748500e-07
1.374259802899163585e-07,9.875120504627420183e-08
1.126758292768719997e-07,7.391577198593000690e-08
4.826950703141631284e-08,-2.311757158793861152e-06
4.155322580564901900e-08,-2.406093670073461307e-06
-5.873603274845069304e-07,6.484862001264760332e-07
-6.630271288586881070e-07,7.444286360286873431e-07
3.830371767861921527e-07,5.063412088998886578e-07
4.426554786047044732e-07,5.902057583229252827e-07
1.708623039733758459e-06,-5.789238774654987950e-07
1.814602379809655511e-06,-6.205441570988237723e-07
-3.975213846967764028e-08,5.207097462813695754e-08
-2.648057846384135164e-08,3.462001434438111637e-08
-4.428491155577247983e-08,-3.608525267445438232e-07
-3.594374196121117630e-08,-2.384952745878515927e-07
-2.125261363396142838e-07,-5.505970047643618879e-08
-1.355348838610500469e-07,-3.215400439731546077e-08
-1.502494613054686413e-06,-6.189302831210175741e-07
-1.622170074558720697e-06,-6.590834659964550838e-07
5.069901121299618515e-07,6.800987841346989824e-07
5.756414666779831794e-07,7.753455068605436733e-07
-2.145309623992909325e-07,2.995527646210563359e-07
-1.722322909134083778e-07,2.394842443294305559e-07
7.904778586963421666e-08,-1.149735966619739069e-06
7.820284517502549742e-08,-1.319587077435743458e-06
2.850818558270326612e-07,2.611073628968913708e-07
2.403770969246973319e-07,2.101089977813618026e-07
1.484535030891188300e-06,-4.923501802844365780e-07
1.599635807265525432e-06,-5.362457022886569970e-07
-8.906374188137584133e-07,-2.812148827332440128e-07
-7.615920773041156350e-07,-2.362793915484420377e-07
9.191892266359309878e-08,5.388120434929205846e-08
7.465947006206578795e-08,3.785172718571537776e-08
6.007877590728559959e-08,-2.081708802756852174e-06
5.439653963284788422e-08,-2.203554643050207735e-06
2.112122230070987058e-07,-1.178310655307510588e-07
1.434371780738745076e-07,-8.398140206386446294e-08
8.356878815026218106e-07,-3.717961010364032247e-07
7.146401971033275628e-07,-3.261557984858592707e-07
-5.599373574415312277e-08,-6.517744767792786790e-07
-5.093750610179719113e-08,-4.996655686177529772e-07
1.242139333464725043e-06,-4.020619829889610251e-07
1.364987501501729944e-06,-4.474906251678889012e-07
-4.053899280864108165e-07,-1.162759358902602059e-07
-3.030533108178450325e-07,-8.329664775531500013e-08
3.852647348957227474e-07,-1.950597096485672027e-07
2.923442930428128481e-07,-1.550175824433734517e-07
-1.249344278065957764e-06,-5.319457324221529870e-07
-1.377890260596644716e-06,-5.764553711110571417e-07
-7.807446513516707672e-08,1.054437112984410591e-07
-5.678123928434887183e-08,7.548865007964596155e-08
-1.354972905222699327e-07,1.871688491287668303e-07
-1.042119716526404420e-07,1.425719669445277863e-07
2.009723707515018451e-07,1.662850441024149229e-07
1.667584625077196468e-07,1.293628776171239546e-07
9.921951695672721022e-07,-3.115277089647645794e-07
1.117509168466574022e-06,-3.566126908651121563e-07
-3.152932245763171227e-08,-5.438974876847522569e-09
-2.628661398238653727e-08,-1.735391920202334513e-08
-2.552328538654087606e-08,-3.132006879237117854e-08
-1.383209023100267809e-08,-1.998174983603591114e-08
5.739458555066837666e-08,-2.928633096400270244e-08
5.780347785371560181e-08,-1.619034569864713030e-08
4.673674942666952692e-08,-1.802647783259891549e-08
6.238445724610995055e-08,-5.510432827743382176e-09
-1.388026637986558986e-08,-6.060579304653090500e-08
9.668053757133278744e-09,-5.734689276884515825e-08
-8.867858887281136983e-09,-3.131735459700358024e-08
3.484994775847686761e-08,-6.165050407606271296e-08
2.954225553715607083e-08,-3.305866128063992841e-08
2.087626950228971469e-08,5.149194551185050671e-09
-1.028202639035014406e-09,2.900790589547790090e-09
-7.125743396159338886e-09,-1.896366890113004348e-08
-1.732971474947463896e-08,-2.358646785428935961e-08
4.340893257832713026e-08,-2.491876988802197551e-08
2.808817130437943807e-08,-2.098828911110409595e-08
3.325616701207425657e-08,2.055187495907524170e-09
-3.860906557368571007e-09,2.601018154579598203e-09
5.281111182753846861e-09,-1.545340858965433365e-08
-2.918977997598497367e-09,-5.792496977687675114e-09
2.528766011300811033e-08,-8.228006115924523398e-09
4.316878620897844565e-08,-1.201180601695520871e-08
4.532718514636216037e-08,-2.164871478302992245e-08
-1.414556329978371825e-08,-2.259568424486358103e-08
-1.026042106569128198e-08,-1.411886063689375662e-08
-2.697102659190194381e-08,2.369053565726388181e-08
-2.695955944610408906e-08,1.572315364069286294e-08
-1.609088923627317619e-08,2.213152177412703354e-08
5.955691417570049515e-08,3.544238890046991854e-08
4.627031883342366114e-08,3.336407440596209690e-08
5.998725108107634301e-08,2.434045427535709755e-08
1.207148263887864652e-07,-4.505716745509217580e-08
1.023434417097730881e-07,-1.521085300410322527e-08
9.142437044090385388e-08,-5.425809490996759323e-08
-9.449466548690998363e-08,-4.738587088568312336e-08
-6.272642523927610899e-08,-5.753899092298107788e-08
-7.472757957226839031e-08,-1.551871269745730066e-08
1.009479672600052346e-08,-1.832828080995881575e-07
4.628678875646253464e-08,-1.373629172375884542e-07
-2.578463825275041882e-08,-1.374801648889962534e-07
-1.246525315754792202e-06,8.170408010681953205e-07
1.230971748245823525e-06,7.888190244951473486e-07
1.789776907391693426e-06,5.975335858382846444e-08
-1.830181215803506049e-06,5.684765936487005746e-08
-5.635015839201032785e-09,-7.015154899228900606e-09
3.829320555817871789e-08,-5.554850097814253952e-09
7.963384173193704086e-07,-2.242136890543516776e-06
-8.707909965838582660e-07,-2.221691717489124012e-06
-6.025061010125393214e-07,1.290295150781559778e-06
5.843772539354122957e-07,1.265007569907220983e-06
-1.480264271358319636e-06,-1.651590724828549431e-06
1.408849464235168567e-06,-1.664400284747614228e-06
1.651306518557590887e-06,2.877486336634726856e-07
-1.684542344963515225e-06,2.961051326062132144e-07
-9.944933365746696467e-07,1.037380434871354838e-06
-8.947103257591894469e-07,1.039333358507537730e-06
9.853179451392576111e-07,1.004494340857567163e-06
8.864632851876022499e-07,1.006315430942231476e-06
9.869770174261884321e-07,-2.098830028480117548e-06
-1.066046799428258246e-06,-2.075982898322135222e-06
-1.273668225421094399e-06,-1.884991051065275318e-06
1.196270370190915902e-06,-1.905365657037865804e-06
1.461226548695214614e-06,5.400244449488034940e-07
-1.485677730452591433e-06,5.593836544853866092e-07
-8.132435548389718634e-07,1.032825381399964661e-06
8.051088317262444431e-07,9.995320068442773126e-07
-6.583792324798600101e-07,8.244460130289151012e-07
-6.818246668287570321e-07,-2.671287538796384879e-07
6.706789106452437961e-07,-2.536760914599048904e-07
1.992442198848730664e-07,2.010356571632143824e-07
-1.749292488310517290e-07,1.963187407552907648e-07
7.744574324136932569e-09,-1.403846896831386638e-06
-9.386529771818219785e-07,-3.596343137540445321e-07
1.163644400864198582e-06,-4.323596088271595384e-07
2.826098252566801142e-07,3.074792730282782026e-07
-2.659083920060827756e-07,3.117802697022587902e-07
-1.060917621524720102e-07,1.116203871578609784e-07
1.363320529842099690e-07,1.230316682288455379e-07
8.329641837675586207e-09,-1.064661856905446737e-06
-2.438860175572658344e-07,-1.058570941562074237e-07
7.159528341334477698e-09,-1.727064773278220211e-06
-1.457469255402890783e-06,-5.454632358786247856e-07
1.409702517779104666e-06,-5.211372348724536153e-07
2.597995872056749200e-07,-1.005128691640618209e-07
-3.786406767522959896e-07,4.574706819072566870e-07
9.500132333803375825e-09,-4.272203283527443913e-07
-5.790022259502067428e-08,5.562732288875999632e-08
3.871466680810472416e-07,4.433507876314820730e-07
-5.108575307926566580e-07,6.302602971336613746e-07
1.641169539988200934e-06,-6.048639328274890919e-07
5.989201321973816769e-09,-2.260534096920411215e-06
6.531754405315788247e-07,7.943749051915416686e-07
-1.694731627963231582e-06,-6.307317175214886638e-07
5.116918834561457703e-07,6.070435326174913752e-07
6.574145477312847755e-09,-2.017059500707239235e-06
9.127240119530940995e-08,6.988605530824883764e-08
8.914672287282010915e-09,-7.307268635614103490e-07
4.481554116941694809e-07,-1.716871528411845450e-07
-1.201517518377270881e-06,-4.538129817963694971e-07
-4.451438812705778167e-07,-1.808816092672977131e-07
9.134329171223732728e-07,-3.419504071928842868e-07
7.805495087102413615e-07,1.150590659582253985e-06
-7.885555392505227318e-07,1.183086999167592358e-06
7.982535922581598114e-07,1.072566121478570584e-06
-8.062503244275407476e-07,1.106057542599885485e-06
7.091331215732814180e-07,-2.295605384836663290e-06
1.507752876902965433e-06,-1.528352323617115813e-06
1.838637384779417846e-06,-4.028968218179233203e-08
4.983426613650649721e-07,1.305032320148097496e-06
-5.248698924875560749e-07,1.325844223448480108e-06
-1.881758288806366280e-06,-4.852205060060087284e-08
-1.575507466086152962e-06,-1.520903132179579507e-06
-7.787456661368897457e-07,-2.277601163466267599e-06
