Size 955,2
0.000000000000000000e+00,0.000000000000000000e+00
0.000000000000000000e+00,0.000000000000000000e+00
2.110463943911074405e-08,-9.844240069650776363e-06
-1.975063800420274957e-07,8.732648426294292441e-06
1.740213293217027388e-07,-1.326803983172601431e-07
2.080915783176736578e-07,-9.147597850402212878e-08
4.145624510626973505e-07,-9.093589748809870364e-06
7.886466067406495820e-06,-3.056120999734894569e-06
2.402298767585250465e-07,2.641941181634608030e-08
2.417559369316526410e-07,2.675184607053905507e-08
8.162978350102333491e-06,-2.249822636267421422e-06
5.062613900860228504e-06,6.015156784379869248e-06
8.109363614139416551e-08,1.404018433050451799e-07
7.114899534567478843e-09,1.156886815702090594e-07
4.348989230471676538e-06,6.540462902491444064e-06
-4.388692122035826126e-06,6.699431171694665553e-06
-9.371767225098751609e-08,3.047043407321916933e-08
-9.468862490340520771e-08,3.004173660169105895e-08
-5.102250703026262945e-06,6.165539780279821967e-06
-8.412606997249994582e-06,-2.375600499705620771e-06
-6.077445012440652480e-08,-9.633915234378159170e-08
-7.035609726308527621e-08,-1.231120793425670895e-07
-8.142316254991944024e-06,-3.171041381454371215e-06
-3.723380922152865772e-07,-9.090046650368549782e-06
1.119057714890556871e-07,0.000000000000000000e+00
1.628719912543503601e-07,0.000000000000000000e+00
1.734759048793226706e-07,0.000000000000000000e+00
1.615855147032513932e-07,0.000000000000000000e+00
9.975818051826607224e-08,0.000000000000000000e+00
0.000000000000000000e+00,0.000000000000000000e+00
0.000000000000000000e+00,0.000000000000000000e+00
0.000000000000000000e+00,0.000000000000000000e+00
0.000000000000000000e+00,0.000000000000000000e+00
0.000000000000000000e+00,0.000000000000000000e+00
4.979426745690612278e-07,-9.818026603398705081e-06
9.476250813391993925e-07,-9.764979849051350270e-06
1.368787839521852935e-06,-9.697812436830144313e-06
1.772281251596364370e-06,-9.615968699911294781e-06
2.161567307594407777e-06,-9.519989184661312563e-06
2.540138151899755292e-06,-9.409694422308968159e-06
2.911057486789030363e-06,-9.284485341513965066e-06
3.276859289228481146e-06,-9.143292004381687010e-06
3.639458440087460029e-06,-8.984738066381790303e-06
4.000119022707478135e-06,-8.807408830375287054e-06
4.359727736998703279e-06,-8.609583091781398357e-06
4.719275648584521806e-06,-8.389537962085416662e-06
5.080996593688358224e-06,-8.147437718955684343e-06
5.441652332120145921e-06,-7.880274136300486582e-06
5.804810919019504842e-06,-7.581874117017073870e-06
6.162311352053756049e-06,-7.256857861710852346e-06
6.517597935107620508e-06,-6.899271881508185165e-06
6.862414973055454120e-06,-6.513954943552154888e-06
7.192438832644793872e-06,-6.099520415098293776e-06
7.505938756416726635e-06,-5.660325322722115910e-06
7.799559660482431459e-06,-5.199462434272804577e-06
8.070002016529159621e-06,-4.720169196530321183e-06
8.314193321367864472e-06,-4.226393910644107601e-06
8.529256832088293782e-06,-3.723264975891814411e-06
8.714050444732080779e-06,-3.213463834789490732e-06
8.862529537696053723e-06,-2.703274955027774542e-06
8.967806066503840304e-06,-2.214074607420705604e-06
9.040474068982788235e-06,-1.758429649073433152e-06
9.090352196074448320e-06,-1.334463668213524741e-06
9.120824293822578171e-06,-9.331263399033640788e-07
9.134225156609025926e-06,-5.500873557502099990e-07
9.132523725324980920e-06,-1.808202741458131900e-07
9.116647878580496584e-06,1.790359889294753509e-07
9.086901193894468242e-06,5.334996502680371774e-07
9.042902507276605542e-06,8.861304481499404936e-07
8.983755360025101955e-06,1.239909739075060297e-06
8.908102075614811563e-06,1.597145284158896257e-06
8.814426507905376111e-06,1.959443594361372832e-06
8.700857236944765599e-06,2.327651936027010924e-06
8.565867688625202758e-06,2.701876960423338790e-06
8.407584320621460937e-06,3.081930520139603573e-06
8.224418304823523433e-06,3.467836311310623255e-06
8.017367318472989044e-06,3.860895927114971916e-06
7.782769240303568625e-06,4.256393655213205799e-06
7.515395688741532134e-06,4.657745842356375937e-06
7.219895801341076047e-06,5.055134261026094308e-06
6.891772376630120919e-06,5.451425969087473609e-06
6.535945654254883419e-06,5.837191035664978861e-06
6.150758661541660114e-06,6.213363358187267071e-06
5.740475976757935693e-06,6.572805674434897237e-06
5.304259074028884420e-06,6.913776534953917058e-06
4.847918695660965584e-06,7.223013696718765740e-06
4.394247293195642302e-06,7.491171190791392465e-06
3.944315768114930617e-06,7.726887899280607532e-06
3.502653744345097174e-06,7.936794185543724373e-06
3.065905565712061544e-06,8.119116008583232534e-06
2.634202230047236440e-06,8.274916740000342537e-06
2.208314033936104468e-06,8.405700375237054061e-06
1.789166018433572165e-06,8.512420378670108975e-06
1.377319188428516794e-06,8.596627822055352239e-06
9.730187961332999443e-07,8.659471026639262105e-06
5.761520971545849597e-07,8.702357106496848288e-06
1.862454328905369729e-07,8.726391995577456110e-06
-5.761920818394776828e-07,8.721769126015885360e-06
-9.510813998815743781e-07,8.694146323678214109e-06
-1.323638914102292189e-06,8.650031993562062784e-06
-1.695521969725394649e-06,8.589328009773155087e-06
-2.068501336787533491e-06,8.511506313067473037e-06
-2.444390704088335795e-06,8.415756998202938966e-06
-2.824954876992686463e-06,8.300624663561538782e-06
-3.211780075708455537e-06,8.164669162059866268e-06
-3.606840903032460595e-06,8.005501680354233418e-06
-4.013175171651660351e-06,7.820558446680052643e-06
-4.439604553275959650e-06,7.610912965706015268e-06
-4.882473974803861459e-06,7.366194848432137399e-06
-5.344637658177242975e-06,7.068301376182892690e-06
-5.791883883905931870e-06,6.730901845622227891e-06
-6.219991679368991000e-06,6.366713961881893112e-06
-6.625363247225564346e-06,5.980104755091930310e-06
-7.004189937089651685e-06,5.577252445732740381e-06
-7.354772573434608168e-06,5.159883091156518243e-06
-7.672118006744233726e-06,4.738045239996168013e-06
-7.959250753095863532e-06,4.310282021885572893e-06
-8.211073447280450030e-06,3.887855268095757519e-06
-8.432520473576834719e-06,3.467902206922234259e-06
-8.627792576619473279e-06,3.056300720890645756e-06
-8.795559663186782638e-06,2.652088244164964017e-06
-8.937522874799638223e-06,2.255660007808648103e-06
-9.055820404913646668e-06,1.867615961605899294e-06
-9.152208122972743480e-06,1.488190567268561516e-06
-9.228935498016692135e-06,1.116764235594944943e-06
-9.287847142390078523e-06,7.518356069140431365e-07
-9.330688543136940588e-06,3.911061086581934398e-07
-9.358694934328834613e-06,3.150485048853698090e-08
-9.372569332486406111e-06,-3.306805350381227582e-07
-9.372294199667319511e-06,-6.996751795502351545e-07
-9.357161595989673807e-06,-1.080071920442438170e-06
-9.325413420881975261e-06,-1.476628874515979755e-06
-9.274847281853841824e-06,-1.893878022772147916e-06
-9.202307851014463689e-06,-2.341518255032298837e-06
-9.097501703056926192e-06,-2.821797340288096990e-06
-8.948065054559961205e-06,-3.320477732408489179e-06
-8.763383623379005123e-06,-3.811840679607660107e-06
-8.554381406925341453e-06,-4.289039775970493831e-06
-8.320721711409454348e-06,-4.754151751846994133e-06
-8.064571069882601367e-06,-5.204000862505971335e-06
-7.787961247957999710e-06,-5.636359518683480043e-06
-7.493068227671085922e-06,-6.049452502004145511e-06
-7.181934307819695643e-06,-6.441568143236880846e-06
-6.855489289412935604e-06,-6.810194322038550989e-06
-6.516603135997378374e-06,-7.156483578307634259e-06
-6.169709501562706895e-06,-7.477778094428950352e-06
-5.812859573502809411e-06,-7.777516518909683381e-06
-5.449957623847388310e-06,-8.053386914532584262e-06
-5.079282970462340723e-06,-8.308460431497749046e-06
-4.702185784682967483e-06,-8.543616021313515078e-06
-4.317765062683316809e-06,-8.758747650272470536e-06
-3.925683966282591392e-06,-8.954414683371269136e-06
-3.525681061556447482e-06,-9.131023339289991441e-06
-3.117416433485487736e-06,-9.288825945274440684e-06
-2.700416689818386601e-06,-9.427893695562215235e-06
-2.274138670558702773e-06,-9.548152656101407325e-06
-1.838054280907026371e-06,-9.649236459786753945e-06
-1.391736256326512743e-06,-9.730630971688372099e-06
-9.352155259360257746e-07,-9.791542988016688093e-06
-4.632359739361674561e-07,-9.832417123831325192e-06
1.961376655028806631e-07,-1.052456642037770824e-07
3.053241904958719231e-07,-1.947529067774249444e-07
4.602715609933559557e-07,-3.127726663736552939e-07
6.934130950759342444e-07,-4.512397047132260352e-07
9.751839124702795521e-07,-5.987074117551868066e-07
1.319607725987685099e-06,-7.616422483547519945e-07
1.702731159411180997e-06,-9.305314680227481681e-07
2.134064292266734160e-06,-1.110298319635243079e-06
2.594345434381043854e-06,-1.293009304124926374e-06
3.088722713888115191e-06,-1.482127336362315824e-06
3.602536851554098226e-06,-1.671256017850959582e-06
4.136680342447887072e-06,-1.862433302526496459e-06
4.680985434737772523e-06,-2.050765324636887797e-06
5.232200829241161294e-06,-2.236898023241129370e-06
5.784520630967980710e-06,-2.417390200235132489e-06
6.330666600787218210e-06,-2.591607803526908202e-06
6.869554313222118319e-06,-2.757753299382149698e-06
7.388596813798652179e-06,-2.911988664672253829e-06
7.678112775762273415e-06,-3.556319726046837881e-06
7.444391670167360894e-06,-4.054926769274316636e-06
7.187028505413418496e-06,-4.543695217331160365e-06
6.908017905047978293e-06,-5.017418539900080966e-06
6.609450784613818704e-06,-5.471852841575371271e-06
6.293483086428048757e-06,-5.904287055637897656e-06
5.969152780675699971e-06,-6.309756906330166966e-06
5.633258604904113754e-06,-6.689260138275776653e-06
5.294218053096850820e-06,-7.035565476601622669e-06
4.948668346331213491e-06,-7.353647500603176534e-06
4.604013446652451855e-06,-7.638564686514247282e-06
4.254647429473260061e-06,-7.896529300181853419e-06
3.904461088903230976e-06,-8.122523705691864627e-06
3.550407353340663754e-06,-8.323695896665411260e-06
3.192568911496531270e-06,-8.500688373123453201e-06
2.829811645856268350e-06,-8.654066601808310988e-06
2.460310132323336075e-06,-8.784553617768140637e-06
2.081640485030344859e-06,-8.892548321449778983e-06
1.690800647473541489e-06,-8.978079361826190485e-06
1.284386090296491687e-06,-9.040782599869987533e-06
8.583172851304114396e-07,-9.079713263653723946e-06
4.455504906054473915e-07,-8.598459524461794795e-06
4.720104669394664225e-07,-8.081944033208392583e-06
4.951098267055625584e-07,-7.532306250157288390e-06
5.129095630932377419e-07,-6.964132330344375770e-06
5.266752052260851890e-07,-6.375397747205765862e-06
5.346848828767724281e-07,-5.777398655890318703e-06
5.383244866163927442e-07,-5.172867131731468371e-06
5.357217839811322832e-07,-4.569011755014326903e-06
5.283959308934289119e-07,-3.973827175737651319e-06
5.143440012254012312e-07,-3.390067824121209689e-06
4.952165261318358685e-07,-2.831360768754378233e-06
4.688793467273553549e-07,-2.295629404703764555e-06
4.371127001157872614e-07,-1.802509971119727431e-06
3.976478459052627386e-07,-1.344732933653793971e-06
3.524365233778954757e-07,-9.482879461217574825e-07
2.990686268563933323e-07,-6.000705394238324656e-07
2.392060433421483994e-07,-3.345140009147377203e-07
2.379270745332163069e-07,2.025759577869834429e-08
3.732198346045120979e-07,1.171875229101893683e-07
5.203963920496408581e-07,2.469406199279298167e-07
6.978803664925231399e-07,4.223452213784641100e-07
8.944887366098161611e-07,6.283144064585914075e-07
1.118694088880979831e-06,8.757289042936121809e-07
1.358995372383082906e-06,1.150338600574083641e-06
1.622471446463670177e-06,1.460780515694844417e-06
1.898692303543102127e-06,1.794470396181842206e-06
2.193115099350872860e-06,2.157634088023783717e-06
2.496547545938338162e-06,2.539570587166106054e-06
2.812648820040244690e-06,2.943850173594087183e-06
3.133643645212934959e-06,3.361902941793621090e-06
3.461213264130920632e-06,3.794397747894103861e-06
3.789171272194048945e-06,4.235136600676925973e-06
4.117067909137611823e-06,4.681632797352937939e-06
4.440626417811362589e-06,5.130446630982487912e-06
4.756237096930269372e-06,5.575450125052098082e-06
5.483990171907015114e-06,5.669067678469471745e-06
5.886024085129801945e-06,5.306113501742202944e-06
6.260134571254703381e-06,4.934146017490031713e-06
6.608134172822454770e-06,4.552984463160668955e-06
6.923838092338548269e-06,4.170981205558363981e-06
7.211504676894831788e-06,3.785772740060265585e-06
7.465814745064225606e-06,3.406266519677418087e-06
7.692845921575519383e-06,3.027062655261267258e-06
7.886119853441552022e-06,2.654184062091994904e-06
8.053363242255407657e-06,2.284667907847243925e-06
8.195333345756353262e-06,1.919905774346613519e-06
8.312619947262966756e-06,1.559975054374139140e-06
8.406284915240262490e-06,1.204166435914365450e-06
8.476972333297861482e-06,8.510398651483880650e-07
8.525224113799420206e-06,4.983771922722132264e-07
8.551097955564741066e-06,1.432942114701779937e-07
8.554141230423953365e-06,-2.176849882500431098e-07
8.533205612844952973e-06,-5.885164212368713003e-07
8.486556644656270164e-06,-9.734011238067828069e-07
8.411370924671494298e-06,-1.376759463645515880e-06
8.304689274680553842e-06,-1.802999995843295011e-06
7.663146037227667611e-06,-2.059636526586784916e-06
7.152953103043276380e-06,-1.872632674023860725e-06
6.622939384836611345e-06,-1.682031641262514626e-06
6.081377187440758105e-06,-1.493485064838001461e-06
5.531122133406865501e-06,-1.306354668295258944e-06
4.978531126396570980e-06,-1.124305038886053254e-06
4.430280525370128134e-06,-9.479594039613606680e-07
3.888618586377826459e-06,-7.797610580006168670e-07
3.364650565548571446e-06,-6.217223717570413704e-07
2.856455181668363244e-06,-4.749717420234109221e-07
2.379653064112074160e-06,-3.429464000252703819e-07
1.928042857427961636e-06,-2.254270058640971563e-07
1.521871906143927773e-06,-1.273106058625435142e-07
1.150543680769440375e-06,-4.699227282980748890e-08
8.390568714866570383e-07,9.118011852263810324e-09
5.723610842520327338e-07,4.406604947962220697e-08
3.794634247673273230e-07,4.995445137374718008e-08
3.760913104189593855e-08,1.327224140273788397e-07
-2.007420007670239275e-08,2.351875456742511088e-07
-8.146677102630505880e-08,3.979494461692301836e-07
-1.859343491396960068e-07,6.145240339110697413e-07
-3.184512588376443878e-07,8.637535694359081601e-07
-4.878569895682873865e-07,1.159179122516763709e-06
-6.821858458298400959e-07,1.482157411799109898e-06
-9.079414859168692813e-07,1.843257609633078842e-06
-1.154831054414356590e-06,2.226039987349196373e-06
-1.427085336469852800e-06,2.638117963523820670e-06
-1.716317567225221899e-06,3.065491335085944338e-06
-2.024293013675663148e-06,3.512561412954854566e-06
-2.344708362222608541e-06,3.968014355209368375e-06
-2.676683120370218089e-06,4.432793941633675598e-06
-3.016182495803068282e-06,4.898538346104253408e-06
-3.359535931417381184e-06,5.362435143586739515e-06
-3.704957248528719263e-06,5.818932618857890898e-06
-4.045603078157340828e-06,6.263021250438417275e-06
-3.987485871453405339e-06,6.986124317663312270e-06
-3.586921055734896111e-06,7.236454385685255692e-06
-3.200031766306761554e-06,7.441321116266716444e-06
-2.817892196906231882e-06,7.615798279695257560e-06
-2.440552203903199196e-06,7.762228056421198257e-06
-2.066751420549672519e-06,7.882196625675263598e-06
-1.694941452247030894e-06,7.977574619003756603e-06
-1.323559491129074303e-06,8.049490614269686622e-06
-9.509947619557002135e-07,8.098888768540364239e-06
-5.757672721943404111e-07,8.126244499468422740e-06
-1.965745631049453453e-07,8.131693677988299662e-06
1.876883805529645567e-07,8.115024909857748611e-06
5.779504555030933858e-07,8.075758096447791030e-06
9.748703768514772045e-07,8.013131603263891380e-06
1.378694418629030706e-06,7.926354130947548104e-06
1.789335113496734175e-06,7.814261437477664391e-06
2.206264755360223314e-06,7.676010304132419170e-06
2.628677150453069707e-06,7.510255659747938663e-06
3.055349432135759850e-06,7.316377695871188668e-06
3.484102024235771998e-06,7.093329800502841975e-06
3.918649862947394370e-06,6.831900762135897737e-06
4.019811468043944624e-06,6.109567926970653841e-06
3.692340083761400058e-06,5.672542682618004489e-06
3.363404007762913349e-06,5.228018835858450522e-06
3.037814312124849467e-06,4.779796399959610957e-06
2.717680103355448241e-06,4.333318647598344143e-06
2.405202709448543171e-06,3.889822297963898401e-06
2.104357459402065019e-06,3.457092661340542675e-06
1.815031882920552461e-06,3.033321472984440961e-06
1.542971320699424356e-06,2.628554102181914586e-06
1.285913546865846241e-06,2.238205404337671941e-06
1.051192487272896599e-06,1.874326219597743658e-06
8.345756921560746508e-07,1.529800699190275412e-06
6.448077066602036890e-07,1.218439360667110978e-06
4.758658205251964426e-07,9.308447345855697677e-07
3.377031144249619153e-07,6.823205451222514212e-07
2.227644900636128620e-07,4.614023774019098103e-07
1.424462186860701121e-07,2.858052410991908781e-07
-9.009845856695058208e-08,2.864351662893822190e-08
-2.464908192026716233e-07,5.358859285567573390e-08
-4.558294621729771840e-07,4.778664960030641797e-08
-7.450868032808500329e-07,1.058611864538468645e-08
-1.082209299535712074e-06,-4.969592743523872504e-08
-1.482873899561483846e-06,-1.360228836570638908e-07
-1.920127538499709408e-06,-2.415846578596841012e-07
-2.404616450741779768e-06,-3.677670150839816111e-07
-2.914738105344646557e-06,-5.094687870847281920e-07
-3.456131676890454354e-06,-6.664903069360095027e-07
-4.012433915932723251e-06,-8.353893953120021977e-07
-4.584391640385648018e-06,-1.014419703569707566e-06
-5.160769365929547867e-06,-1.201762817436839439e-06
-5.737532010324720653e-06,-1.394159011840741607e-06
-6.308480902085275257e-06,-1.591377864425192203e-06
-6.864869371429162030e-06,-1.788729297870032004e-06
-7.405022993171186327e-06,-1.987460965230810327e-06
-7.917242018982658105e-06,-2.180824559619978761e-06
-8.550985668776629319e-06,-1.937904874771598106e-06
-8.655209722791697193e-06,-1.518467776529039994e-06
-8.728359524829093922e-06,-1.120064989858784713e-06
-8.773170984622315013e-06,-7.380238302890886494e-07
-8.792194034369485545e-06,-3.676877111997684198e-07
-8.786912957384508050e-06,-4.614297486655718571e-09
-8.758183830407190187e-06,3.553569186047494601e-07
-8.706158364069041571e-06,7.158595013221796180e-07
-8.630492671004502813e-06,1.079856411606461813e-06
-8.530331871159379815e-06,1.449553699944783015e-06
-8.404819042041543388e-06,1.826268198860715741e-06
-8.252648877652499695e-06,2.210471452086518109e-06
-8.073178277708424399e-06,2.601731770344862959e-06
-7.865614395605128321e-06,2.998110838760709987e-06
-7.621435308082545226e-06,3.402525765469991271e-06
-7.348475064649208611e-06,3.807949565036061275e-06
-7.040642313964809119e-06,4.219407268229153221e-06
-6.704385580834336264e-06,4.627159712607547832e-06
-6.336729949921784391e-06,5.031963558210608394e-06
-5.944961648228076797e-06,5.425580252160069880e-06
-5.530148216384584502e-06,5.805524077349828559e-06
-4.796281717688646885e-06,5.719990214462345891e-06
-4.476003294829796981e-06,5.262631526638725131e-06
-4.142494217230925139e-06,4.796532431999994559e-06
-3.801892678122635851e-06,4.330700759441407286e-06
-3.458356334112394915e-06,3.867966666918126178e-06
-3.113312799903462136e-06,3.412716637407295851e-06
-2.773495881168286376e-06,2.971396371086314043e-06
-2.437741437552581678e-06,2.544546931075219532e-06
-2.114858021003038248e-06,2.141660463358395747e-06
-1.801207691659034046e-06,1.759696185308736408e-06
-1.507511280163375518e-06,1.410958783399641165e-06
-1.227837972382508661e-06,1.089071047295157296e-06
-9.746427551163534607e-07,8.089020794526833333e-07
-7.398752261087588439e-07,5.609683796456641744e-07
-5.375188723816081383e-07,3.625056537383196456e-07
-3.577604016262879233e-07,2.014882862118356502e-07
-2.156474540991028063e-07,9.554906079938175563e-08
-6.285525262181344144e-08,-9.649430792684238234e-08
-1.508593130520287721e-07,-3.335208713276763577e-07
-2.132043059463205371e-07,-6.015638815017856443e-07
-2.693773135513716910e-07,-9.492576525158206952e-07
-3.173522343791215415e-07,-1.345689937283093563e-06
-3.595125826253822295e-07,-1.803491655024291296e-06
-3.939835061441719930e-07,-2.296609788976403354e-06
-4.230277775655213152e-07,-2.832340252076162956e-06
-4.448618617236803883e-07,-3.391047400290780282e-06
-4.616203062148154685e-07,-3.974806780332467282e-06
-4.716526853424525258e-07,-4.569991345672186418e-06
-4.769619528382999227e-07,-5.173846677161994350e-06
-4.760291345703525899e-07,-5.778378566341423719e-06
-4.707250501838835182e-07,-6.376378460895261155e-06
-4.596603033686152013e-07,-6.965102174180049635e-06
-4.445931406854443605e-07,-7.533272688431949078e-06
-4.242817289457998011e-07,-8.083169505411323205e-06
-3.999695203188480366e-07,-8.599152628156224508e-06
-8.385437346393023875e-07,-9.065886558552582736e-06
-1.298127640212261381e-06,-9.017389552299804405e-06
-1.746373833967282795e-06,-8.944837767306456299e-06
-2.183595139477144235e-06,-8.848723247227041914e-06
-2.610016633144930391e-06,-8.729414213906935550e-06
-3.025989195336456096e-06,-8.587208034375566626e-06
-3.431875579610636799e-06,-8.422202084948284678e-06
-3.827984367071130613e-06,-8.234405516974864183e-06
-4.214482230415725643e-06,-8.023788036744673629e-06
-4.591118475247326176e-06,-7.790313498677689275e-06
-4.958993714314512800e-06,-7.531258801275184222e-06
-5.316145830107725897e-06,-7.248521382851650113e-06
-5.665227201198252593e-06,-6.939425226714279831e-06
-6.002384280862178803e-06,-6.606263030488039741e-06
-6.329688188152179283e-06,-6.246431337776206265e-06
-6.642157105485904104e-06,-5.863915070651119856e-06
-6.942229024977606928e-06,-5.458136767499222117e-06
-7.224170786267520872e-06,-5.032043742138489802e-06
-7.486551844120868047e-06,-4.587147361000919719e-06
-7.728006391646773557e-06,-4.125940809623422895e-06
-7.947093961479788382e-06,-3.651458665194024314e-06
-7.642016968748718245e-06,-3.034017013841577073e-06
-7.116951100353206670e-06,-2.884693457596644898e-06
-6.564768118419273675e-06,-2.720688229680365265e-06
-6.000984159822273795e-06,-2.546308933740077444e-06
-5.425527677586341937e-06,-2.363223519716817687e-06
-4.848216621995731762e-06,-2.172667577922964777e-06
-4.274232679826332464e-06,-1.978114580325865553e-06
-3.708752923993050392e-06,-1.779307483034756929e-06
-3.161936710369926108e-06,-1.581373834399907511e-06
-2.634204898471762514e-06,-1.382466075359343319e-06
-2.140820484396645290e-06,-1.189413103264338430e-06
-1.677336521869623147e-06,-9.987435037519289449e-07
-1.264230252758952479e-06,-8.190221944568622043e-07
-8.920808132510842454e-07,-6.451175407011975566e-07
-5.866813268066623534e-07,-4.873778932462927700e-07
-3.334292835228976664e-07,-3.389596805054125056e-07
-1.639121076195289866e-07,-2.117550691393548843e-07
-1.132177784532554733e-07,1.606351361071842894e-07
3.345493700133512831e-07,-6.939750870947942795e-08
4.393498655788952711e-08,-3.251071378954453484e-07
-1.966861090062490552e-07,-7.663341085204547686e-08
2.552965847144323872e-07,1.962352093392210786e-07
-3.094480247423373592e-08,4.644867409900098244e-08
1.576123258773402458e-07,5.518508639272156027e-08
-6.092174686721718614e-08,-2.545196183220534701e-08
2.105988803497702186e-07,-1.799326974738152024e-08
-5.911488341036834095e-06,-7.200543473439876459e-06
5.542866782665246867e-06,-7.301037783965783161e-06
6.567309257945893352e-06,5.183220026456232482e-06
-6.660935074687852592e-06,5.294691794529913111e-06
-7.346096803205514975e-06,4.469201005038384638e-06
7.210062867421546157e-06,4.405317796213162362e-06
4.389656951227073325e-06,5.843547790164614893e-06
-4.423857722918508828e-06,5.992723112782405402e-06
6.233202724797804264e-06,-6.597331679218718053e-06
-6.582944633224584561e-06,-6.520821154052150731e-06
4.146717398689749353e-06,7.150001103455957437e-06
-4.202150650275304872e-06,7.287314831900631285e-06
-7.783139887083384065e-06,-2.610178222635358143e-06
2.228115009123151758e-08,-8.603235136669536810e-06
7.528320451945953006e-06,-2.488589074036561490e-06
3.740299001005611677e-06,4.954958544967433135e-06
-3.582097788296321557e-07,4.835537593552043146e-07
6.478148176720810768e-06,-2.137170997916239545e-06
7.596375812069597468e-07,-2.189106283170745228e-07
-6.716797515580522704e-06,-2.255283699399869518e-06
2.528391257945168071e-08,-7.535363630584352239e-06
5.148306943170031273e-07,5.482312768367599756e-07
4.147487935317002038e-08,-9.419011224723056547e-07
-6.588211069407930966e-07,-2.360931897107586794e-07
-3.751334182915954421e-06,5.080044103358582994e-06
3.880234377699210961e-08,-1.797986427402360533e-06
2.797410692873343434e-08,-6.377169448149014944e-06
3.088892331128958654e-06,4.063083273363892023e-06
5.381739745102839265e-06,-1.771665199624279147e-06
-7.282017693308442207e-07,9.798395080985635925e-07
8.791571028462380217e-07,1.043505569936330150e-06
1.415540941968478633e-06,-4.427979959570244113e-07
-5.582062546702495002e-06,-1.878877108037811436e-06
-1.368070735412364345e-06,-4.757521174037569535e-07
-3.067109317651341288e-06,4.149800750787908383e-06
2.457357689673487448e-06,3.198884950129184619e-06
-1.205257917744330251e-06,1.623700700508377329e-06
3.609429788576351969e-08,-2.828579899158026641e-06
-2.397742691601004495e-06,3.240383825697294053e-06
-4.428392040935693321e-06,-1.495978062275867610e-06
3.068129670060099852e-08,-5.173234155307784026e-06
2.253029414808550166e-06,-7.253880996220021263e-07
1.334667559995938863e-06,1.664564428181009293e-06
4.282290268292861131e-06,-1.404819507699219147e-06
-2.268790858568295439e-06,-7.773238621026323437e-07
-1.769134698075664403e-06,2.387350767723764695e-06
3.338781367193650418e-08,-3.972676912336119816e-06
1.866361403594427498e-06,2.390769236580926795e-06
-3.306626945368730428e-06,-1.123159778760639500e-06
3.224193535466173827e-06,-1.051124670638843159e-06
-5.196744767419470217e-06,-7.782925914141253159e-06
4.833932245259940408e-06,-7.883942162864139910e-06
5.809199639654096913e-06,5.930696208808336707e-06
-5.865527810138244966e-06,6.075212520717084090e-06
-7.905107623518745996e-06,3.636277057131339147e-06
7.731212624596600706e-06,3.625304639509863684e-06
1.641830817353203505e-07,-5.579409791156966236e-08
3.346955484494297754e-08,-1.107086523887971726e-07
-3.896523654703385636e-08,-5.423225273189917971e-08
4.999626967291207861e-06,6.590133119737794690e-06
-5.037612588882202795e-06,6.745121673346658575e-06
7.486754816037361394e-06,-4.868931915804544850e-06
7.207252740735911218e-06,-5.340179123714850809e-06
-7.506255635462056186e-06,-5.335309087134579147e-06
-7.769447911311547550e-06,-4.893312378233633734e-06
2.415659245073430855e-06,7.967821863911055485e-06
2.844442425778724697e-06,7.813415805129400447e-06
-3.011757430200377143e-06,7.888848384388106192e-06
-2.628634776451953554e-06,8.024581651134154601e-06
7.756996421937579979e-06,-4.387373493177692269e-06
-8.024475509042270320e-06,-4.440576054049607387e-06
1.995846484959284373e-06,8.107849588705782156e-06
-2.253444841637777082e-06,8.147461296202144118e-06
8.623873019363859297e-06,-1.997832109056915178e-06
8.511324077135919277e-06,-2.474599977403851558e-06
-8.753718614704691296e-06,-2.597506212029549374e-06
-8.864368502503903796e-06,-2.129144827574456639e-06
2.038923435778384754e-07,1.163844419682368836e-08
1.873773291788709385e-07,1.719595400941354407e-09
2.246576183938817717e-07,6.164747561631001359e-09
-5.225962547625133112e-08,1.704333479421870897e-08
-7.767470107870417033e-08,5.636676094481906688e-09
-2.805649395510473772e-08,3.165966654879969544e-09
-5.481555889614925307e-06,6.120245505624133343e-06
-5.905136781079104327e-06,5.749937636034086661e-06
5.847286434899511329e-06,5.616507989244389760e-06
5.436567386982608859e-06,5.973399054144796487e-06
8.719873782161784262e-06,-1.561160826700097894e-06
-8.959244008410280837e-06,-1.700150179966800072e-06
7.755250545226105872e-06,3.935768077724893976e-06
7.982045713992865865e-06,3.546071310292763097e-06
-8.173529984816466171e-06,3.551502949340542194e-06
-7.930301800671097300e-06,3.967871758664666745e-06
-4.072420427243914838e-06,-8.496366741485187284e-06
-3.676731055282076779e-06,-8.683141053368607223e-06
3.773513200304572276e-06,-8.564900491093797172e-06
3.412958729079368977e-06,-8.737481586650928410e-06
-3.276053043764380198e-06,-8.859234547419395537e-06
3.052624205008200795e-06,-8.898316885496741782e-06
8.204992435733300972e-06,-3.385545941808378305e-06
7.990137991266074453e-06,-3.888237323104243781e-06
-8.451471690819947272e-06,-3.488701071168933011e-06
-8.245710250417003859e-06,-3.968593586018524427e-06
5.133212227472314707e-06,-7.881005279515583661e-06
4.776541526894345665e-06,-8.140392663441446661e-06
-5.137992854940149286e-06,-8.047184575859393974e-06
-5.502694994823815039e-06,-7.779724880730279479e-06
-8.664312074458165798e-06,2.036147658056747561e-06
-8.522000093104327477e-06,2.427576190074996807e-06
8.307932262943536298e-06,2.490215099265824485e-06
8.442021759401575429e-06,2.119760388159125199e-06
-8.790293518201155849e-06,1.655067583628126259e-06
8.561448990453418364e-06,1.757007752526621380e-06
-4.533318926577173875e-06,7.324596441719914732e-06
-4.106906288471544467e-06,7.561804299397799487e-06
4.044944854500225776e-06,7.443625101149758469e-06
4.492089941250535812e-06,7.185231134041186881e-06
-6.550143387401652991e-06,-6.841197821430357395e-06
-6.880185750139607101e-06,-6.481045726539823769e-06
6.544265322620954302e-06,-6.555383553710244649e-06
6.198404617438792649e-06,-6.931509745124911660e-06
8.384830908397416483e-06,-2.875894409128589142e-06
-8.628604701579721068e-06,-2.992559459860104307e-06
1.862111821882559022e-07,-1.070427024721505200e-08
-3.184328543788124998e-08,-1.774663898210270744e-08
7.213881054800314600e-06,4.726187568843384316e-06
7.500473444782390180e-06,4.330784724509648888e-06
-7.656795034478354754e-06,4.389636957823876328e-06
-7.349378003375725424e-06,4.810789245020109847e-06
-7.011022896226452908e-06,5.227401802648507584e-06
-6.642736281021073914e-06,5.635648045032266441e-06
6.551071432316420563e-06,5.507470167197023344e-06
6.897372737822393517e-06,5.119371991740296841e-06
1.580479873428576957e-06,8.212941541057564769e-06
-1.879692815175159279e-06,8.239642930576841656e-06
1.173353732094523523e-06,8.302187193245358682e-06
-1.508653641012271098e-06,8.318544359164452013e-06
5.848481549313491848e-06,-7.278240491316327489e-06
5.492580633128786370e-06,-7.594757162920966155e-06
-5.862330777562627995e-06,-7.491062253611025347e-06
-6.211830108873725417e-06,-7.178142169570075951e-06
-2.863590293274035314e-06,-9.006073188044676529e-06
2.685144587925042549e-06,-9.031585433029935044e-06
8.779467557862632242e-06,-1.148472539738567955e-06
-9.018353219698485969e-06,-1.293346019050473352e-06
-5.957208327360786628e-06,-6.905792042126526978e-06
-5.611582035886927283e-06,-7.224049939241410097e-06
5.241209959180223329e-06,-7.326371135264592624e-06
5.588602489939910300e-06,-6.999557604537393934e-06
-2.443122942343616233e-06,-9.139228477242472876e-06
2.312116135535957599e-06,-9.152261569203345775e-06
8.821981709084654187e-06,-7.566388217974261342e-07
-9.060707450916864934e-06,-9.053835554909272762e-07
4.923375800019505094e-06,6.909143977412432432e-06
5.370641364575505100e-06,6.580978490880714233e-06
-5.412880670358972413e-06,6.736704079753478468e-06
-4.959470836021098103e-06,7.060987722651482648e-06
6.586929653918446593e-06,4.864536103395035799e-06
6.229941691434496554e-06,5.245020182587160185e-06
-6.304987226864417262e-06,5.360359671835063831e-06
-6.682009830126578925e-06,4.957949421485344817e-06
-7.029031722434059959e-06,4.548293763209973185e-06
-7.345783360994432592e-06,4.133708798828811425e-06
7.209318309292444880e-06,4.090796910432963311e-06
6.913145925265887429e-06,4.479271879793604432e-06
-8.886028847018778994e-06,1.280731138232319915e-06
8.652816317263683243e-06,1.398230040857853933e-06
5.929419153839129975e-06,-6.642788379419346997e-06
6.264259411962119882e-06,-6.254619236736006529e-06
-6.613121428552581913e-06,-6.194784961677691941e-06
-6.290471451748154605e-06,-6.563238860239959398e-06
4.248207623954388929e-06,6.849444303577665776e-06
3.810697887891914955e-06,7.119250294413408903e-06
-3.887402228610942284e-06,7.258229070587452096e-06
-4.295931086790600360e-06,7.000833713392306444e-06
-8.965187899400601254e-06,9.139789809126351608e-07
8.728972730054015034e-06,1.044013200178389695e-06
1.991299275901166149e-07,1.123534857119749461e-08
-5.253040253576151809e-08,1.934491323738782681e-08
8.024781142909599257e-06,-2.648930879339489590e-06
-8.277102318927856897e-06,-2.769945314182327858e-06
-5.256496875769961610e-06,-7.517464848881583408e-06
-4.892306465092954871e-06,-7.786075637987356990e-06
4.540283877523366654e-06,-7.888878265879538905e-06
4.891461430161031704e-06,-7.622595397727746789e-06
-1.118119291821857148e-06,-9.401010230335838736e-06
-6.544475210123577287e-07,-9.443330585666352516e-06
6.854992388175026582e-07,-9.437805481863159140e-06
1.119592253508908832e-06,-9.395347327334557591e-06
2.175282216564991012e-07,-9.466824575850242814e-06
-1.732082961118135503e-07,-9.468418724831964656e-06
7.731081838454260120e-07,8.362729962300995324e-06
-1.137161194714321244e-06,8.372207104333615369e-06
-7.631112947316757435e-06,3.721910798038734701e-06
-7.882906433827556578e-06,3.311710644184209820e-06
7.709852628374774146e-06,3.321284840124652260e-06
7.475387389980856030e-06,3.705349198246836702e-06
5.774750704923902111e-06,6.250340596147003827e-06
6.175411457591007648e-06,5.884313620171680446e-06
-6.246614727310026126e-06,6.027740754385172282e-06
-5.828684999581421302e-06,6.403209406235179946e-06
3.798315520126307954e-07,8.406067221921263813e-06
-7.638236387641320144e-07,8.410724470724865212e-06
-2.011845481683449363e-06,-9.246181221049669215e-06
1.928687363648706387e-06,-9.249915504657290437e-06
8.838755606842031302e-06,-3.812214716515686175e-07
-9.077565762461376538e-06,-5.315978821720304481e-07
-1.570124605869020661e-06,-9.335420074805719963e-06
1.532265914667297793e-06,-9.332685597141631296e-06
8.839161785148118722e-06,-1.699981018831369396e-08
-9.078041394521464154e-06,-1.665248537787051155e-07
7.726477325171621319e-09,6.643602969101373945e-08
5.320345696952646120e-08,7.943285008113162724e-08
-9.020590804185818457e-06,5.524508951042097929e-07
-9.058738263632317477e-06,1.930882179268969654e-07
8.782723170999329237e-06,6.919594550027877891e-07
8.820072065834381073e-06,3.390572782568356817e-07
-6.434594093567470365e-09,8.426374261795024310e-06
-3.876955775852841035e-07,8.427775380325441137e-06
-3.572258438958786225e-08,1.371918658868674925e-07
-6.465452049544272445e-08,9.486534149275502689e-08
-1.240210183600484951e-08,7.985107291642941820e-08
-1.109743811575972336e-07,7.888735296537742929e-08
-6.375240405986570505e-08,3.669720638870286409e-08
2.559696514806439620e-07,9.510523342157800079e-08
1.987514688709459391e-07,1.159602538590858211e-07
2.049114676745603377e-07,3.786229564792902192e-08
1.583138742028829100e-07,1.684963171363034705e-07
1.178832845218699512e-07,9.853796906871143050e-08
-4.403897948347130257e-06,6.348844329618718888e-06
-4.067529408489950509e-06,5.905391451781010796e-06
4.042869592859417938e-06,5.757721629515966259e-06
4.368037225929235141e-06,6.193963115709045815e-06
-4.448416953007421309e-06,5.631386037589650181e-06
-4.767988911874268479e-06,6.080379528859378145e-06
2.248373527145149701e-08,-9.090454777227716549e-06
4.481155899694533750e-06,-1.725917600233246366e-06
3.939306623977725592e-06,-1.540148333125405953e-06
-1.219627052604054369e-06,1.346523845402283622e-06
-1.494284630686925057e-06,1.691762161353611804e-06
1.075657239422456969e-06,1.597086059623442574e-06
1.312789657471838239e-06,1.943837715230631445e-06
-5.947202185169325468e-06,-1.733901799794448397e-06
-5.371386433333144155e-06,-1.540651151051267372e-06
-7.377963429388314343e-07,7.584730048509880944e-07
-9.667666878535787848e-07,1.034507802382344463e-06
-1.118442268310487520e-06,-5.686883873261677885e-07
-1.519108726721517791e-06,-7.257540239903932527e-07
5.583589273620309063e-06,-2.095539979818784358e-06
5.030747972006316240e-06,-1.911524856174988318e-06
1.278755517974289735e-06,-2.321698173147359150e-07
1.662544954028903710e-06,-3.409786820544130889e-07
2.283455350946146450e-07,-1.563806078106815076e-06
2.454689953555893490e-07,-2.040925446442552265e-06
4.091463198023646021e-06,5.042771116985616923e-06
3.764770028920014210e-06,4.594556303677544631e-06
6.675112265102391638e-06,-2.451124952613731286e-06
6.133110757424349681e-06,-2.275850527257000695e-06
-2.048327058975352027e-07,-7.813289707677480928e-06
-2.130278458753106264e-07,-7.253146456017080442e-06
6.606438960730606841e-07,-7.148100448539431285e-08
9.431323895634129506e-07,-1.417853493520492507e-07
1.568987845137956243e-06,2.314385232055949943e-06
1.842607659924565352e-06,2.706343442483591086e-06
-1.787506043557967538e-06,2.065936945808692072e-06
-2.097005343555900527e-06,2.466024308699229787e-06
3.567873313567530854e-07,5.047481846113930336e-07
4.988295376519589189e-07,7.288964110214719936e-07
3.038074530404027001e-06,-7.565429438315941888e-07
3.552381570076956677e-06,-9.185185427722310446e-07
-2.168823127411482334e-07,-4.269888275094668965e-06
-2.095131969889002996e-07,-3.678958247265840129e-06
-2.964806133221663955e-06,-1.256711359241869399e-06
-3.506367092245138598e-06,-1.446717977489088412e-06
-1.810071250278731322e-07,-8.851418949004928558e-06
-1.945301364036816082e-07,-8.347527028022992196e-06
4.729169801636367814e-06,5.929861269705524843e-06
4.414203004453400126e-06,5.489052885749633234e-06
7.710713418264941637e-06,-2.777633364905327235e-06
7.203292207226305527e-06,-2.619728691711960504e-06
-8.102628227036298057e-06,-2.487751768248716064e-06
-7.595701117744254496e-06,-2.305140421906324564e-06
-7.065721961061747328e-06,-2.118111988529705147e-06
-6.513694269201359488e-06,-1.926952490003493759e-06
-4.814173834691047548e-07,-2.980156682185572908e-07
-7.706867285361085568e-07,-4.255145663951802532e-07
-3.727525979465654456e-06,5.451912355220555819e-06
-3.384303323409219220e-06,4.989160286710447780e-06
-3.623561532987494120e-07,3.285847326875647090e-07
-5.356669467767291771e-07,5.222959551091921846e-07
1.838419526147328353e-07,-7.609548714178942748e-07
2.078282521991136372e-07,-1.135002691262458936e-06
-2.188795691742977913e-07,-6.673518402908326136e-06
-2.222990823822861429e-07,-6.078906778189324743e-06
6.669410183622078604e-07,9.870837247958324305e-07
8.598891060353818288e-07,1.277459733059037339e-06
-2.419268494012116939e-06,2.887352955427500707e-06
-2.751819509662972264e-06,3.326637805399363190e-06
-4.065876657805634032e-06,-1.639434328687049321e-06
-4.638080088164979452e-06,-1.833181824919321075e-06
3.437538567778193255e-06,4.149186841486174923e-06
3.112061606893601639e-06,3.709694391500515065e-06
2.791648656930668116e-06,3.280458823222316079e-06
2.478441158136790602e-06,2.864305689820414549e-06
-2.585084045272227992e-06,-6.484207919944088875e-07
-2.091073180452927037e-06,-4.995347721183614983e-07
2.421258129040635618e-06,-1.001339664991244268e-06
1.969597543831412219e-06,-8.338116340609255161e-07
2.841210030377318944e-07,-4.870313469736893495e-06
2.831799694249295019e-07,-5.475860145232001592e-06
2.131069361263209925e-06,3.115995975274308034e-06
2.432538750208489287e-06,3.540696101664586265e-06
2.087279738757908871e-06,-4.658296550435233078e-07
2.548138856911764189e-06,-6.051273787740587668e-07
-4.793710502089921577e-06,-1.349678670969141951e-06
-4.219289898333620846e-06,-1.162674861826686447e-06
-1.964475266943521281e-06,-8.940856924957756078e-07
-2.449051556184043752e-06,-1.071928360601189493e-06
-3.041987918624835303e-06,4.523442187608210741e-06
-2.703401722848845095e-06,4.058773026523428442e-06
-1.991776228349356397e-07,-3.106225999317877470e-06
-1.857867588834279581e-07,-2.557444105419870074e-06
2.593286119121759987e-07,-2.556954253423864398e-06
2.700130384631286868e-07,-3.105736273987513304e-06
2.796016221347372628e-07,-6.078416109768097944e-06
2.734746164921002967e-07,-6.673029655362426761e-06
-2.372461146096510542e-06,3.600685673375008284e-06
-2.051712023663885233e-06,3.152807573511331301e-06
-2.231706345871974937e-07,-5.476349956376167264e-06
-2.214051773272568402e-07,-4.870803238428425148e-06
-7.455747418427884086e-06,-2.742920352404815422e-06
-7.966263360520467373e-06,-2.897585840543831461e-06
-3.090864462745805698e-06,3.778821213280952687e-06
-3.433735161571076188e-06,4.240351940881707755e-06
1.109414741278885094e-06,1.096954134635179949e-06
8.900101445198800303e-07,8.258155185133166433e-07
2.408546519125387958e-07,-8.346751099990047714e-06
2.248962859924965945e-07,-8.852446498851298655e-06
-3.776331111125647644e-06,4.705774729682063149e-06
-4.115886150598676748e-06,5.171404183807515239e-06
2.744155012544473825e-06,3.976340419727706890e-06
3.063895578188397763e-06,4.420022377595158591e-06
7.341721949205438784e-06,-2.185114007777536157e-06
7.848767091916899910e-06,-2.364925715182815341e-06
-3.424998849417385422e-07,6.609790004043555881e-07
-2.054754808117025407e-07,4.406810511447890065e-07
-1.261810018973140278e-07,-1.135453812901551089e-06
-9.949507905554081120e-08,-7.615626595874853319e-07
-8.577594870190287717e-07,-1.523252461214174893e-07
-5.515577089404477055e-07,-7.699204458241101986e-08
-6.361800955353230514e-06,-2.398525544837053530e-06
-6.918686516093908992e-06,-2.575251154338402142e-06
3.388619795629191706e-06,4.867263495784982915e-06
3.716079375432247818e-06,5.314842522132931029e-06
-1.744792338052115137e-06,2.720312293858549251e-06
-1.454061690736769932e-06,2.306569669937370339e-06
2.776420952445210670e-07,-3.678468447108168663e-06
2.823046687907890322e-07,-4.269398473331618495e-06
2.175456632479114854e-06,2.465223500544434489e-06
1.884645745848794513e-06,2.085774362782579209e-06
6.280401607309119217e-06,-1.817614334586486969e-06
6.819037345192941087e-06,-2.002592921681128570e-06
-3.655787319227307284e-06,-9.821676956460077984e-07
-3.108440417152561788e-06,-8.098880805093315304e-07
6.934819590378582425e-07,5.882966200123805131e-07
5.212075276339632609e-07,3.862084959400723783e-07
2.649237910011239664e-07,-7.252676393831309742e-06
2.540329121159145339e-07,-7.812754235357816449e-06
8.629363493755158188e-07,-3.946647299707468906e-07
5.962449584822021286e-07,-2.756348220593808302e-07
3.411922025613500096e-06,-1.356361599251987412e-06
2.903606978464709950e-06,-1.176024839977086435e-06
-1.692199763428470888e-07,-2.041417186752967326e-06
-1.493882082514650776e-07,-1.564292803035420632e-06
5.179823316518343746e-06,-1.447395676789701193e-06
5.732489204375413446e-06,-1.632051975215273606e-06
-1.634416804669848207e-06,-3.658711868259768670e-07
-1.220586138411116884e-06,-2.492369400391797648e-07
1.555695540895955143e-06,-6.756991585409718442e-07
1.184393189791290140e-06,-5.285460455925089215e-07
-5.215294163380006049e-06,-2.025503438415915521e-06
-5.792376649625906643e-06,-2.214758145655969057e-06
-7.087278562294546864e-07,1.220295743152469429e-06
-5.108204891846548149e-07,9.216793309035927088e-07
-1.182876855368145018e-06,1.916365553477299534e-06
-9.334073064495902255e-07,1.552808099035329141e-06
1.608745510156007237e-06,1.729560104419313540e-06
1.349516476334044812e-06,1.398881536174597846e-06
4.084186281678630411e-06,-1.088781698646855085e-06
4.628900799159070132e-06,-1.265812629945897559e-06
-1.395051903350656720e-07,-3.770201860290101011e-10
-1.155855388619229578e-07,-4.721352515170440081e-08
-1.097307541231301878e-07,-1.008696856782496398e-07
-5.947277571689646984e-08,-6.399863992041084596e-08
2.557859408622584495e-07,-9.126570303301927599e-08
2.603427698176904552e-07,-4.048253762456544847e-08
2.089140451417685049e-07,-5.466083095453936912e-08
2.813552199233655919e-07,8.900773669117000491e-10
-3.585876757068568761e-08,-2.117578307094933004e-07
4.121091580660988168e-08,-2.024563698358711292e-07
-2.321637386168958585e-08,-1.148682359963456508e-07
1.252104943109517899e-07,-2.167411390581136828e-07
1.106299893972186203e-07,-1.231680867216058991e-07
9.473354552106052017e-08,3.694811237334434015e-08
-4.292770334583836125e-09,2.631975869731680239e-08
-2.023781143037316061e-08,-6.989495950829677062e-08
-5.585792961928216939e-08,-8.469093082686358201e-08
1.681923272170927940e-07,-9.213290235819293248e-08
1.081393697786731548e-07,-7.954778688129706774e-08
1.595131975373404239e-07,1.373386027645026646e-08
-2.089929059757520678e-08,1.669784393639094407e-08
2.215807321936678544e-08,-5.902923540586697798e-08
-8.901731070318406674e-09,-2.059998692439362240e-08
1.009296742890153176e-07,-3.145843843298540549e-08
1.886158504474099874e-07,-3.629722636287874477e-08
1.902381479700792958e-07,-7.447715262771929031e-08
-5.191384884835432068e-08,-7.771689152179087268e-08
-4.084408845763942744e-08,-4.577248451166082972e-08
-2.159072746154966668e-07,2.943830109677925085e-07
-2.203992408780690922e-07,1.810344686833332508e-07
-1.020090432021626978e-07,2.644469128850842983e-07
3.683259079201148894e-07,3.499503122346830252e-07
2.428160046736910525e-07,3.175000424312094628e-07
3.749191609847402767e-07,2.215939084221071723e-07
5.089917986248116477e-07,-1.320386634969108764e-07
4.385098343234066626e-07,-2.362014754502960302e-08
3.919107815829270628e-07,-1.739065891812576009e-07
-3.867685808780934327e-07,-1.429977888475183960e-07
-2.589254652210720689e-07,-1.889309023546722840e-07
-3.103408037085698076e-07,-2.603756442199915433e-08
4.290448151576506113e-08,-5.929740814892658998e-07
1.564164738100931367e-07,-4.517770201050319027e-07
-6.912020041328244663e-08,-4.524052170948406114e-07
-6.285803511719296728e-06,5.702711560879555681e-06
6.212267057333350709e-06,5.571444079585021145e-06
7.957713769988804589e-06,3.244622251969883389e-06
-8.147962611452627050e-06,3.229776680083399374e-06
-1.928340263606424817e-08,-2.326903962819446524e-08
1.611763634598959101e-07,-1.753282516037650292e-08
4.484893740086661412e-06,-8.142737998912382352e-06
-4.834368357922904361e-06,-8.049211965227359781e-06
-3.796409265025718276e-06,7.527962529331227668e-06
3.711713179393804278e-06,7.409794189078196144e-06
-6.911939551130861354e-06,-6.153842710304027637e-06
6.577884411227992937e-06,-6.210870455597691208e-06
7.497054841289092086e-06,4.018902954160116428e-06
-7.653717727982689212e-06,4.056798185248900146e-06
-5.444398345997716032e-06,6.448165255396170235e-06
-5.070025875043707433e-06,6.457529319815758538e-06
5.401026395219613378e-06,6.294802521641926883e-06
5.031140226963717676e-06,6.303545342631316763e-06
5.193398897987119312e-06,-7.617372678324447821e-06
-5.563638576594848943e-06,-7.513169454004523011e-06
-6.259005041995883415e-06,-6.882116147145015382e-06
5.896969252048091450e-06,-6.974463574248307807e-06
6.914912190316143217e-06,4.802937127749764660e-06
-7.030326975731173630e-06,4.892485716663491517e-06
-4.742158050047440801e-06,6.432030815761154894e-06
4.703920513208055173e-06,6.276766389709009491e-06
-4.091113079822532734e-06,5.541973192446965521e-06
-2.771307325194520523e-06,-9.449493190673919719e-07
2.722242371809072770e-06,-8.829744367235320190e-07
1.590374622322268829e-06,2.013673831720793200e-06
-1.475861430716821306e-06,1.989887964830385533e-06
3.203454064352106680e-08,-4.568631123960986942e-06
-3.858932911490841270e-06,-1.306818924486243458e-06
4.829206269323547152e-06,-1.587364875603364223e-06
2.154370885872495838e-06,2.784483107190324496e-06
-2.075529963810251629e-06,2.802945092078512304e-06
-9.522498106455055112e-07,1.281801675355534448e-06
1.094401604324201597e-06,1.336778381046311619e-06
3.474108914079664060e-08,-3.388113254819149278e-06
-9.808727268047560075e-07,-3.453819935390098558e-07
2.932809208577799344e-08,-5.778478886812078956e-06
-6.155975256999476895e-06,-2.069271424218219328e-06
5.933644359283953300e-06,-1.955691060758942306e-06
1.056966671486534999e-06,-3.209451168942348544e-07
-2.728222648587040397e-06,3.689272180868053626e-06
4.015616049026908591e-08,-1.339279536109131854e-06
-5.258406058554412580e-07,7.077976735174518463e-07
2.768567364404768923e-06,3.624675237861675245e-06
-3.409027809958606106e-06,4.614571663614738455e-06
7.013224515064397509e-06,-2.315629675641218846e-06
2.391404621118781939e-08,-8.085712400948924682e-06
4.066839808417644157e-06,5.402121257560761906e-06
-7.263673875481815852e-06,-2.436785121757985043e-06
3.413259279438855590e-06,4.507124656260262821e-06
2.662009291508327879e-08,-6.966554953532207632e-06
6.823926252429062365e-07,7.757346417594068850e-07
3.744744735493656153e-08,-2.291988080129362043e-06
1.810876358271047258e-06,-5.765233867201607832e-07
-5.004303083886807025e-06,-1.687162693825071715e-06
-1.794030946183415160e-06,-6.186463502374973367e-07
3.743739256544657364e-06,-1.224921204453167457e-06
4.599386936647336039e-06,6.882282847532700166e-06
-4.636982481833461899e-06,7.034033085549747639e-06
4.673644779489686202e-06,6.564779314510007377e-06
-4.711224633146240014e-06,6.721076085097573406e-06
4.126811075438716131e-06,-8.359390672849150531e-06
6.893123387596621570e-06,-5.782177802922848365e-06
8.139613854611677673e-06,2.862584954753557540e-06
3.272898967514607452e-06,7.617771218011429576e-06
-3.396786968807592953e-06,7.715043756487121603e-06
-8.342567707730613594e-06,2.822845707118241769e-06
-7.210159333682135737e-06,-5.750056811228586603e-06
-4.454222360001294547e-06,-8.276959802405210601e-06
