Size 899,2
0.000000000000000000e+00,0.000000000000000000e+00
0.000000000000000000e+00,0.000000000000000000e+00
8.796701613568084484e-10,-5.459528664163175599e-06
-2.640773914263933996e-07,4.960015800555933642e-06
1.939329717557189517e-07,-1.468280121700044493e-07
3.179382615978143525e-07,-8.442643811677735375e-08
4.342356864575307465e-07,-4.743255656379823175e-06
3.953574481207391577e-06,-1.725146758687924801e-06
3.645773906394101450e-07,4.859745196603261577e-08
3.587133501315851818e-07,3.142129588552557073e-08
4.246505141762076213e-06,-8.840233698986325957e-07
2.917411700944110012e-06,3.023199170934179799e-06
1.674605053949069010e-07,1.623860146872176363e-07
2.333874475537187495e-08,8.393666732007539615e-08
2.203977097850281554e-06,3.536849248527075663e-06
-2.279058350507501720e-06,3.795254080029513782e-06
-8.555566004653125145e-08,-1.553045808920806526e-08
-6.013769561557205999e-08,6.554394265529219921e-08
-3.022517909003654445e-06,3.233525007018279623e-06
-4.670697026600902993e-06,-1.059199873378979505e-06
-1.062810532096035778e-08,-8.964822200254240355e-08
-7.988780427059613390e-08,-1.084853289948281465e-07
-4.367472700547954692e-06,-1.956173149511435861e-06
-4.465599231590542934e-07,-4.732639140780984186e-06
1.284622129279926514e-07,0.000000000000000000e+00
2.038504099216504522e-07,0.000000000000000000e+00
2.503439052681122729e-07,0.000000000000000000e+00
2.802730403164446507e-07,0.000000000000000000e+00
2.999062720960725081e-07,0.000000000000000000e+00
3.181350423593493634e-07,0.000000000000000000e+00
3.279421149541343897e-07,0.000000000000000000e+00
3.258238851194987195e-07,0.000000000000000000e+00
3.148146010354065187e-07,0.000000000000000000e+00
2.890589677114140063e-07,0.000000000000000000e+00
2.315710823844448646e-07,0.000000000000000000e+00
1.547619060790204675e-07,0.000000000000000000e+00
8.023846132537216722e-08,0.000000000000000000e+00
0.000000000000000000e+00,0.000000000000000000e+00
0.000000000000000000e+00,0.000000000000000000e+00
0.000000000000000000e+00,0.000000000000000000e+00
0.000000000000000000e+00,0.000000000000000000e+00
0.000000000000000000e+00,0.000000000000000000e+00
0.000000000000000000e+00,0.000000000000000000e+00
0.000000000000000000e+00,0.000000000000000000e+00
0.000000000000000000e+00,0.000000000000000000e+00
0.000000000000000000e+00,0.000000000000000000e+00
0.000000000000000000e+00,0.000000000000000000e+00
0.000000000000000000e+00,0.000000000000000000e+00
0.000000000000000000e+00,0.000000000000000000e+00
0.000000000000000000e+00,0.000000000000000000e+00
3.439411469175794853e-07,-5.427039468277103764e-06
6.544250912247250385e-07,-5.368099774507773945e-06
9.213880717285392958e-07,-5.301411797208717484e-06
1.158441688021165048e-06,-5.231106282963461339e-06
1.371489788049700008e-06,-5.158789077222574563e-06
1.565592977498730807e-06,-5.085143575221781194e-06
1.745218975461162582e-06,-5.010108022887927896e-06
1.914342622817788986e-06,-4.933174357506140823e-06
2.076492072596028689e-06,-4.853326319911557427e-06
2.234635714078272112e-06,-4.769177144479354689e-06
2.391865716811397068e-06,-4.679660638082311275e-06
2.550777878267166692e-06,-4.582825086900961131e-06
2.713758442823305843e-06,-4.475578641661579212e-06
2.881338542578594756e-06,-4.355610911939575260e-06
3.054305208559989117e-06,-4.220303783100352993e-06
3.232122936195386912e-06,-4.067478252190800851e-06
3.414124413098266405e-06,-3.895000524239342472e-06
3.598612885616362785e-06,-3.701406211195531648e-06
3.783734453812279841e-06,-3.485427485833957914e-06
3.966899223904827189e-06,-3.246764677872414782e-06
4.145389469545606073e-06,-2.985453351467952584e-06
4.316334305755826879e-06,-2.702812958066444206e-06
4.477208265456150860e-06,-2.399092859707099365e-06
4.623756772630192502e-06,-2.076372887421390151e-06
4.750346337063195352e-06,-1.736730413918796256e-06
4.847685153279681822e-06,-1.390683508997610182e-06
4.915160421760481711e-06,-1.055802312527397481e-06
4.954836959406110268e-06,-7.457544714948913178e-07
4.975419049795889737e-06,-4.651804705252076474e-07
4.982439576513604704e-06,-2.094596667172699121e-07
4.978815589672213172e-06,2.490052325582444024e-08
4.966638922267166437e-06,2.409944846095636103e-07
4.947466775580792630e-06,4.416638131810742699e-07
4.922447331198826944e-06,6.298076593842319634e-07
4.892264544333384407e-06,8.081860737211901440e-07
4.857213282041709976e-06,9.794855893530431519e-07
4.817186497210967800e-06,1.146209151196689079e-06
4.771735332218668582e-06,1.310649057655522577e-06
4.720101124485185741e-06,1.474879560983236296e-06
4.661244091908156015e-06,1.640660851287861386e-06
4.593922013641382124e-06,1.809514511739878211e-06
4.516680265342377683e-06,1.982582195551441084e-06
4.427977284061963819e-06,2.160766139940643020e-06
4.326114373949670800e-06,2.344595871436158356e-06
4.209326141654623845e-06,2.534456124862491848e-06
4.075514580145688966e-06,2.730326402940549821e-06
3.926281116306922919e-06,2.936955581968249417e-06
3.753793508425500349e-06,3.153039764519589452e-06
3.552880066792059459e-06,3.378837990593890911e-06
3.321217489345867991e-06,3.609205614669883982e-06
3.056195100564996039e-06,3.835738537066550427e-06
2.767427863598180520e-06,4.042966708234501092e-06
2.470185639433726372e-06,4.225659723033277121e-06
2.174263609948439842e-06,4.383069183549158704e-06
1.884074214348427369e-06,4.517510992002098533e-06
1.601251809841812702e-06,4.630722535168372032e-06
1.327576047671740790e-06,4.724032751341477002e-06
1.064527205871023928e-06,4.798862475378902670e-06
8.132932476447828387e-07,4.856897705228103929e-06
5.744302954286194773e-07,4.899952630209893068e-06
3.480739578370508493e-07,4.929950852472487932e-06
1.336710577412861526e-07,4.948782204983456267e-06
-6.979757255966378164e-08,4.958261820926529128e-06
-4.512047074083140771e-07,4.954771389514466484e-06
-6.333607996571068141e-07,4.942905016126967825e-06
-8.129657304851016736e-07,4.924988658531065524e-06
-9.928840583439314126e-07,4.901099422622571110e-06
-1.176293199104044304e-06,4.870748335701184367e-06
-1.366509467172504716e-06,4.832851293197385947e-06
-1.567029253487121779e-06,4.785705891383468823e-06
-1.781238928211537541e-06,4.726953878930337365e-06
-2.012715489586719375e-06,4.653581751265528083e-06
-2.265214888579591759e-06,4.561448592614579307e-06
-2.543428402754799508e-06,4.443737092477962685e-06
-2.845138120006352199e-06,4.290504233049727022e-06
-3.159219928645896126e-06,4.100479411985359273e-06
-3.459624731085529484e-06,3.874561217497774537e-06
-3.732299479068564510e-06,3.632009027903474928e-06
-3.975826416673677718e-06,3.383868722801214978e-06
-4.190484913053350960e-06,3.137222966938892284e-06
-4.378787415699711144e-06,2.894616725826864451e-06
-4.547784188435571157e-06,2.660016025748648746e-06
-4.695098075951156226e-06,2.430413000964086329e-06
-4.822433372577613916e-06,2.207394485687830179e-06
-4.931506167087779035e-06,1.991916697308344393e-06
-5.024265714540238719e-06,1.784525563284892654e-06
-5.102700948573355672e-06,1.585119139728017773e-06
-5.168889187949987711e-06,1.393082229727478763e-06
-5.224772453170259826e-06,1.207118281536998120e-06
-5.272143560604233847e-06,1.025442973017370410e-06
-5.312487974683490535e-06,8.456798420837315847e-07
-5.346926690157862847e-06,6.650376533947680573e-07
-5.376134112822541141e-06,4.803024709727789515e-07
-5.400246890371357913e-06,2.879532539357374426e-07
-5.418862015447540733e-06,8.428172675085174589e-08
-5.430934314943973882e-06,-1.345963146557067834e-07
-5.434858632895284302e-06,-3.725172098220658473e-07
-5.428317375253625599e-06,-6.335882948604435466e-07
-5.407913033479740490e-06,-9.225367288629575804e-07
-5.366610529289011847e-06,-1.245848535605655009e-06
-5.292614920523871948e-06,-1.597716254436986262e-06
-5.181522909487321192e-06,-1.956724858922657751e-06
-5.038433641911179883e-06,-2.295043001389118118e-06
-4.881187691168651338e-06,-2.596514823774282691e-06
-4.720334978234897458e-06,-2.866172844169134628e-06
-4.560127501285451260e-06,-3.107339540435657582e-06
-4.400580512275249590e-06,-3.325212705863978451e-06
-4.242324862297747964e-06,-3.521793340069359589e-06
-4.085639615519330857e-06,-3.699946068368746230e-06
-3.930459704377109487e-06,-3.862330265137194189e-06
-3.775946012959536888e-06,-4.011812959409785609e-06
-3.620992177838942972e-06,-4.150911254382443733e-06
-3.463872102991577646e-06,-4.281978791408139094e-06
-3.302643119610500873e-06,-4.406979106563645924e-06
-3.135115596718360269e-06,-4.527470180106117234e-06
-2.958478749227167481e-06,-4.644922468171192946e-06
-2.770040564956557194e-06,-4.759883891265735474e-06
-2.567399273268431078e-06,-4.868466929011815106e-06
-2.350881361584711772e-06,-4.972427929507154216e-06
-2.118994021438922493e-06,-5.070840157028292267e-06
-1.870491642362609818e-06,-5.162618551554438525e-06
-1.604370255515618639e-06,-5.246279904126010564e-06
-1.320056104099139150e-06,-5.320169843789264757e-06
-1.017232222296885443e-06,-5.382285563191478099e-06
-6.955995926520284504e-07,-5.430287502149631017e-06
-3.519422829838372184e-07,-5.459990182992548538e-06
2.217791335308141303e-07,-1.198778531981356236e-07
2.570609328155224146e-07,-9.658799138202101594e-08
2.828787684933716317e-07,-7.329991641104685255e-08
2.966830086007208349e-07,-5.773867424185879705e-08
3.055424545524841515e-07,-5.770350518020922691e-08
3.936098956916742719e-07,-2.140038766980145089e-07
5.396911065382501824e-07,-3.479868496080074884e-07
7.451026720611615224e-07,-4.897077173465957036e-07
1.002409778159891262e-06,-6.374501992916428813e-07
1.303493785590426963e-06,-7.886042535489683296e-07
1.640217906708182152e-06,-9.405703276056097961e-07
2.004480811432119354e-06,-1.090769249650710981e-06
2.388239844185864406e-06,-1.236632984050992179e-06
2.783504342740437224e-06,-1.375546008401927116e-06
3.182062047109645941e-06,-1.504716581749956065e-06
3.574712925904319091e-06,-1.621519197701893140e-06
3.837338664898270976e-06,-2.030032961736717144e-06
3.709246567417140048e-06,-2.325048500455834952e-06
3.574401879499459084e-06,-2.604885507723637910e-06
3.434469253709984352e-06,-2.866770072648588464e-06
3.290892264434297942e-06,-3.109883091076816400e-06
3.145831197708424476e-06,-3.332783527209952944e-06
3.000174443624124608e-06,-3.535870029413948299e-06
2.855528694143453210e-06,-3.718775671512183272e-06
2.712059782981214246e-06,-3.882793256102385539e-06
2.570491947596926464e-06,-4.028370131531904939e-06
2.430072522606725774e-06,-4.157189608323301655e-06
2.290375875871901799e-06,-4.270397391859350688e-06
2.149940026334593349e-06,-4.369136021777237782e-06
2.006294151500045712e-06,-4.454636388490448121e-06
1.857415252618163428e-06,-4.528981410741793630e-06
1.701000012084553941e-06,-4.593063813325652865e-06
1.534307311155039659e-06,-4.647191804712614401e-06
1.354149109398734655e-06,-4.691193360975937519e-06
1.157043952444562363e-06,-4.724611867413393161e-06
9.393615090014966907e-07,-4.746242321119043781e-06
6.981331903199051235e-07,-4.754190205159308354e-06
4.899324247883974609e-07,-4.335540408263274226e-06
5.248304694785309748e-07,-3.901871280498315276e-06
5.474128831984857388e-07,-3.449283126076389393e-06
5.582142591290687213e-07,-2.986258249554086346e-06
5.569828803573572382e-07,-2.522608051490402303e-06
5.435068864944929188e-07,-2.068530202939724027e-06
5.176178925694633492e-07,-1.634375738768230983e-06
4.791374575386605718e-07,-1.230590353173478032e-06
4.277574437125721867e-07,-8.677631482447398142e-07
3.629468257690105467e-07,-5.572476048686852609e-07
2.846110540672447453e-07,-3.119414730857987953e-07
3.325035332964754521e-07,2.357717133107638480e-08
3.290158106805744148e-07,9.294547750651358855e-09
3.308287657622496858e-07,4.288631786958747040e-09
3.356864692727448337e-07,5.260910054322013115e-09
3.437098706061448274e-07,1.349400921176901943e-08
5.037164017381406491e-07,9.553888557087806362e-08
6.707004991135140623e-07,2.167982114449392649e-07
8.592700138588759883e-07,3.833616838029289775e-07
1.066727946740468405e-06,5.896418774200647190e-07
1.289286987672686040e-06,8.304130092754937526e-07
1.522877197557721047e-06,1.100320933693302494e-06
1.763324222755538677e-06,1.393867381217821566e-06
2.006391966560010162e-06,1.705446914514887126e-06
2.247798909584200805e-06,2.029361877756711800e-06
2.483263698557158616e-06,2.359883390572059101e-06
2.708510860341345378e-06,2.691680563117835733e-06
3.155731153054662797e-06,2.853917410852407110e-06
3.368744247488596691e-06,2.681644827951697801e-06
3.557131981500280604e-06,2.513290608259250907e-06
3.723158696990531210e-06,2.349288762170251714e-06
3.864612155325838715e-06,2.187232083430047538e-06
3.989414925847958872e-06,2.027456191906468903e-06
4.098585445942338192e-06,1.870505477483804033e-06
4.193323506302314189e-06,1.716189064813269059e-06
4.274686492321973784e-06,1.563975986954098021e-06
4.343706559450719136e-06,1.413026622736919375e-06
4.401209096538837744e-06,1.262252137624394665e-06
4.447848304273259496e-06,1.110290901014025288e-06
4.484038385061970182e-06,9.555687001772587656e-07
4.509899431344106246e-06,7.962865338107981106e-07
4.525280118106777594e-06,6.304944631148460934e-07
4.529635224594039122e-06,4.560873235588658602e-07
4.522119450796726298e-06,2.708926879198302595e-07
4.501432394273233549e-06,7.267061620336392794e-08
4.465964002675807528e-06,-1.407574551328206727e-07
4.413644115951744450e-06,-3.713734847648087674e-07
4.341961954900852519e-06,-6.201009793125516156e-07
3.873247088162356055e-06,-7.240466311649931605e-07
3.485722341503384881e-06,-5.786162959550518654e-07
3.089605864855755396e-06,-4.408659774380790027e-07
2.691123453871624225e-06,-3.124408826526866709e-07
2.297885211984150942e-06,-1.960824731107283725e-07
1.917875724373849763e-06,-9.451324283425516248e-08
1.559144699239487630e-06,-1.041035429711094170e-08
1.229769509543263108e-06,5.354844248012803918e-08
9.378722048553572903e-07,9.466763138497567637e-08
6.916537037376000644e-07,1.102658853733030462e-07
4.984081012743489103e-07,9.756894590968979156e-08
1.182399240739714742e-07,1.390807989511583186e-07
6.873415497131874148e-08,1.235059871729669073e-07
2.755253350864516284e-08,1.012494406839562650e-07
5.019161358949100248e-09,7.689185306298904334e-08
7.221702147738897095e-09,6.030507038327352686e-08
3.363062453275555777e-08,2.327428627180951674e-07
-1.533050322224496510e-08,4.385511230117109884e-07
-1.141255803750243246e-07,6.924881319783499197e-07
-2.566660384004217588e-07,9.864736393304861935e-07
-4.370267181584239032e-07,1.312351556023947900e-06
-6.494081181587582127e-07,1.661998866272518923e-06
-8.879814639281114714e-07,2.027172906339258314e-06
-1.146833152577420407e-06,2.399521079815659249e-06
-1.419940405807307189e-06,2.770647173217147179e-06
-1.701318184537811097e-06,3.132385222450565450e-06
-1.986357298972907178e-06,3.477270220508181346e-06
-2.061507728608203278e-06,3.970550975530264944e-06
-1.850105309157887330e-06,4.115404001985865909e-06
-1.650549307929087511e-06,4.234022433027897867e-06
-1.462323061029318848e-06,4.329743892860044856e-06
-1.283359241762102143e-06,4.405513248171021236e-06
-1.111208671290300696e-06,4.463920629739837458e-06
-9.433455434078271656e-07,4.507044778512104915e-06
-7.772667452705346165e-07,4.536460475007103623e-06
-6.106060474197225537e-07,4.553282599882962574e-06
-4.411923672705721867e-07,4.558141520131029518e-06
-2.671212077570686879e-07,4.551293247402301381e-06
-8.668968928146026123e-08,4.532580189047499540e-06
1.016309962376693757e-07,4.501567649698587971e-06
2.990814956741519069e-07,4.457587980036876763e-06
5.064551446579394698e-07,4.399799439680725626e-06
7.240985201702600912e-07,4.327280919330618114e-06
9.518736340343737748e-07,4.239042240672582600e-06
1.189226516744321550e-06,4.134204725594350567e-06
1.435148665824238508e-06,4.011949402781212482e-06
1.688205165159284319e-06,3.871779741565646086e-06
1.946088861933359609e-06,3.713432640574467189e-06
1.959262741359961341e-06,3.233567020331735854e-06
1.716511820215831083e-06,2.915769819327991904e-06
1.477330326719306440e-06,2.588189859173718207e-06
1.246151687097597892e-06,2.256859435196756293e-06
1.027169672422084545e-06,1.927797331149574316e-06
8.244569841254665736e-07,1.606862778186037336e-06
6.420270923776393414e-07,1.299806512306950913e-06
4.838454726391266133e-07,1.012291047480069112e-06
3.538494507378299910e-07,7.499472097607618498e-07
2.558339869617100268e-07,5.185458935886806181e-07
1.925233100715767944e-07,3.230842572240987018e-07
-4.055278340575229306e-08,-1.287710118814167863e-08
-2.062088327821877012e-08,-5.740114314040446742e-09
-1.238147489809138595e-08,2.219134585175894189e-09
-1.079622009355319274e-08,1.200878049900733169e-08
-1.702080697172327946e-08,3.186105104529013330e-08
-2.276901168680446781e-07,1.320450314506893655e-07
-4.686716808809366388e-07,1.519566550406453603e-07
-7.752646241650827112e-07,1.353939843466426976e-07
-1.137298462658866304e-06,8.591887186958145253e-08
-1.543241288253382449e-06,7.216059919941038208e-09
-1.981686565125728369e-06,-9.695342555750557269e-08
-2.441297095513397231e-06,-2.228481214227099397e-07
-2.910771020698119107e-06,-3.667368170882798995e-07
-3.378857988976056417e-06,-5.248652297092121291e-07
-3.834550534591925278e-06,-6.934498345536088087e-07
-4.268032375757221901e-06,-8.695791229889263977e-07
-4.773933367155282909e-06,-7.904240923085096493e-07
-4.850977935576419386e-06,-5.364101175341519182e-07
-4.906919903752948201e-06,-3.019201650315626274e-07
-4.944381829789451315e-06,-8.582089476799540028e-08
-4.965506836396413070e-06,1.145742884805448626e-07
-4.971887279815299609e-06,3.022410996326644740e-07
-4.964742946566347211e-06,4.802233144135253485e-07
-4.944733720765153437e-06,6.514436588031679664e-07
-4.912152461143596208e-06,8.186827204468888551e-07
-4.866840157925400028e-06,9.844372079839528841e-07
-4.808331197199645419e-06,1.150915049765887322e-06
-4.735891247834896615e-06,1.319913706703929710e-06
-4.648567721257028719e-06,1.492838313672958029e-06
-4.545366988932197692e-06,1.670607484299220722e-06
-4.425188748346203382e-06,1.853698219316154340e-06
-4.287147667180678281e-06,2.042074452621816175e-06
-4.130412987950078821e-06,2.235185740673705599e-06
-3.954675608542590720e-06,2.431575411494469878e-06
-3.752731904007518886e-06,2.629973337143077807e-06
-3.529309459062485977e-06,2.832186633864689210e-06
-3.284808579012450297e-06,3.036209244209239490e-06
-2.799759143941040885e-06,2.877374289484093289e-06
-2.553714178657743295e-06,2.509095713709707150e-06
-2.288732317945791081e-06,2.135991028708974651e-06
-2.011466049571591927e-06,1.767714824986047803e-06
-1.728460191419061674e-06,1.412810616720812142e-06
-1.445946718471724778e-06,1.079514903721941382e-06
-1.170035383279546013e-06,7.759985488591576820e-07
-9.067835058783702345e-07,5.103669730441131199e-07
-6.622281254749584216e-07,2.906093014109746538e-07
-4.422980552698147969e-07,1.243532478957835294e-07
-2.510069116299901649e-07,1.812456041475010336e-08
-4.123326182880021219e-09,-4.400397152215916674e-08
-1.027195162636700114e-08,-2.690299276523472427e-08
-2.148447197030557979e-08,-2.344844261090165953e-08
-3.648635626623879472e-08,-3.422897775487873806e-08
-5.398346921961908141e-08,-5.736812823457994050e-08
-1.980617048488303002e-07,-3.008131085475353880e-07
-2.835187660909601789e-07,-5.546516606781821636e-07
-3.553448188241231526e-07,-8.658740430157952707e-07
-4.148971269254169989e-07,-1.228390072217768094e-06
-4.618638789008367115e-07,-1.632051074194078103e-06
-4.962563099886829315e-07,-2.066190741048662879e-06
-5.182239036942845984e-07,-2.520279950531347729e-06
-5.279264982593658744e-07,-2.983970417580276314e-06
-5.254838133547196426e-07,-3.447033517137828483e-06
-5.110201193007407296e-07,-3.899135753773479213e-06
-4.850649262629210971e-07,-4.329957393512555699e-06
-7.510956130914243591e-07,-4.728664081802815048e-06
-1.045741330642056479e-06,-4.708840498318354657e-06
-1.325549101844640479e-06,-4.676318143497884142e-06
-1.589158044430545387e-06,-4.632303263968423118e-06
-1.836378324189220217e-06,-4.577849722680460720e-06
-2.067580208138546747e-06,-4.513694786930909555e-06
-2.283546053906722842e-06,-4.440547833051061968e-06
-2.485595308483307996e-06,-4.358731160961777788e-06
-2.674086297062951594e-06,-4.272334232658118588e-06
-2.848824792493924269e-06,-4.177498918807194359e-06
-3.011577287464234595e-06,-4.074194989218096824e-06
-3.164156056322076197e-06,-3.961448369490061400e-06
-3.308329008172409249e-06,-3.838075327809686110e-06
-3.445648272204411786e-06,-3.702434454642419596e-06
-3.577277641065952242e-06,-3.552957433553034348e-06
-3.704399924988802327e-06,-3.387338640966837856e-06
-3.827323026576735484e-06,-3.203957612276899859e-06
-3.946669123028145804e-06,-3.000146246173766820e-06
-4.061780569848988685e-06,-2.774632304402603181e-06
-4.172410716724363493e-06,-2.524932625874984437e-06
-4.277537930074628124e-06,-2.250966426620629614e-06
-3.940459270805037544e-06,-1.865774299737801525e-06
-3.489772126597484683e-06,-1.750106790837143674e-06
-3.023528309740380094e-06,-1.614485438699426307e-06
-2.553283895257352219e-06,-1.462573227247489428e-06
-2.090413703995307522e-06,-1.298105638247322213e-06
-1.646180790563283046e-06,-1.124730518761866709e-06
-1.231896595947700109e-06,-9.460752901125038419e-07
-8.589194149621707276e-07,-7.657819750829254617e-07
-5.386223043092963387e-07,-5.875016332410713813e-07
-2.823463582298773907e-07,-4.148294783911216740e-07
-1.008337988559469995e-07,-2.501128625865749350e-07
-1.164669319585070701e-07,1.381093566720248268e-07
4.635376710143356644e-08,-3.214878930021572694e-07
3.559719868077989453e-07,2.169801464077377073e-07
4.587233577935222452e-07,-6.245644664268081261e-08
-1.802139662420875062e-07,-6.506328963761687018e-08
-2.391222796747315330e-06,3.172995459926755360e-06
3.720443428347684554e-06,-1.173043585488646593e-06
2.173245112032352624e-09,-4.326684001039019734e-06
-4.097894608204061357e-06,-1.366513025517447015e-06
2.332328453921780085e-06,2.960678095986733811e-06
2.404697220915858934e-07,6.142777312535274631e-08
-1.782875719266107731e-08,2.377539753675224884e-08
2.737744311630021383e-06,3.520368115030770439e-06
-2.827661295205814119e-06,3.766616053135770664e-06
1.086711342669567639e-08,-3.446427835952149748e-06
-3.199835208806213661e-06,-1.069277194175079105e-06
6.106507899410040881e-07,5.724795638885636126e-07
3.640115824383687693e-08,-8.753205589737784492e-07
-6.667478862256239206e-07,-2.291737444885673954e-07
-3.936869276372175889e-07,4.992621792213921265e-07
8.494933010189748371e-07,-2.000857700200637706e-07
1.862692599302919433e-06,2.309023771993418644e-06
2.936596824336624755e-06,-9.083081002439868893e-07
-2.268198852858953890e-06,-7.612189071692400304e-07
9.685371267356543811e-07,1.069089768919094916e-06
-1.393625532192373846e-06,-4.713832687605494267e-07
1.938517260423918480e-08,-2.523034780653530583e-06
1.396788006767327169e-06,1.662963281300170583e-06
2.785731443145056514e-08,-1.638220390342067797e-06
2.153873795401207907e-06,-6.442767446886691698e-07
1.436652818205320252e-06,-4.012271220588072634e-07
-8.071900277973713087e-07,1.049212806298274100e-06
-1.854120128417826024e-06,2.452848614133545331e-06
-1.309908308128541284e-06,1.722343256104261929e-06
3.306559292767000678e-07,-1.098850560741964753e-08
-2.352454728462868483e-08,-9.483804281420247508e-09
6.833626098108021325e-08,-1.131405366508971262e-07
4.334528853712888463e-06,-1.399903980619341776e-06
-4.757743157512574314e-06,-1.607960529320399920e-06
3.348641955051252850e-07,1.559089684574714831e-08
-1.993655115591512900e-08,2.080296738982376331e-08
-3.749745590438782403e-06,-3.707907396818796513e-06
3.203148292177720361e-06,-3.715556995334673740e-06
-2.145119529590589289e-10,-4.980089749760690595e-06
3.539733671755926535e-06,-3.289083741933187825e-06
-4.036663629442640703e-06,-3.355339072522531392e-06
-1.675793698092130417e-08,-2.037693116988565170e-08
2.586712643099377782e-07,-4.092347866410871326e-08
-3.449345328873854934e-06,-3.995127515643968709e-06
2.867597405809740296e-06,-4.051477693779253750e-06
3.859151614853048008e-06,-2.769387658181254065e-06
-4.310870639442329495e-06,-2.917710414972457257e-06
5.104200921076643992e-09,4.152189196542076484e-08
1.168978349642181016e-07,7.627408797243725693e-08
-3.535838252955619548e-06,3.273446504063651135e-06
3.375738892815223660e-06,3.063011793897640673e-06
-3.133953726062611873e-06,-4.238118016373940745e-06
2.550635783145440723e-06,-4.312651046643731379e-06
4.127583708415851530e-06,-2.226772522741001856e-06
-4.552369560977515341e-06,-2.432745889788719744e-06
-3.940026555992842312e-06,2.875791520302257996e-06
3.714554456813893568e-06,2.718880635381413091e-06
-2.814808876005043806e-06,-4.439295291082489963e-06
2.270125623062657956e-06,-4.505791278172811701e-06
1.647480413965391927e-07,-6.324901019196497868e-08
-4.993355109530446111e-09,-5.860809232519675435e-08
-3.060947663560627671e-08,-4.081859879227695964e-08
3.277959386777753224e-07,3.045388612389101693e-09
3.226745622718911127e-07,4.747761841903724828e-09
-2.469671537691244413e-08,-2.092331657712502640e-09
-1.649218495526730575e-08,2.573547737733826973e-09
-4.337229397751992856e-06,2.436891738321375533e-06
-4.487014721409203227e-06,2.235681764354180857e-06
4.154799063665468156e-06,2.185755686516421457e-06
4.035402221102706821e-06,2.352176376526096789e-06
-2.416126389091355415e-06,-4.656481526225539801e-06
-2.208710265716271380e-06,-4.745618018844723793e-06
1.960098073980813523e-06,-4.691795517430128686e-06
1.807407707536892843e-06,-4.764544508118515964e-06
-4.621070705694392987e-06,2.021170357167317975e-06
-4.734344700459509104e-06,1.830752493383521956e-06
4.261607187792171380e-06,2.008078825195787899e-06
4.352571636778105293e-06,1.849179397661558701e-06
-1.967532488963986508e-06,-4.826711496411819876e-06
-1.729200904512065082e-06,-4.900971196176174676e-06
1.632374603016316098e-06,-4.830865719058119630e-06
1.459288880180062105e-06,-4.891968619403790463e-06
-2.537424656896704410e-08,-2.799159747648375400e-08
-4.162628718506855152e-06,2.662888229696784468e-06
3.895764844323257406e-06,2.539813077099655671e-06
-2.627169482834986934e-06,-4.561124854749389525e-06
2.120391201407827954e-06,-4.611826372513728016e-06
-4.833337205039159312e-06,1.630473086141815006e-06
-4.915773838989241075e-06,1.452107933802772211e-06
4.432849843684002615e-06,1.679995051085157466e-06
4.500907922461848222e-06,1.526707944488434929e-06
-1.453876695638917185e-06,-4.963909977932365700e-06
-1.182025265401495873e-06,-5.018555512014657150e-06
1.255585533701512082e-06,-4.946245506127954359e-06
1.047586762465087348e-06,-4.995605226767106261e-06
-1.515025310795774181e-08,9.133596879789659689e-09
3.309617936392069412e-07,6.596544835864266616e-09
2.195069375520062914e-06,3.968124943884464733e-06
1.929887445195396976e-06,4.122335638468950691e-06
-2.054488462472693355e-06,4.327989966809352820e-06
-2.287606174419003984e-06,4.198368251907874935e-06
-4.986020744331273806e-06,1.264755792714896535e-06
-5.043627088320234660e-06,1.095502446493485963e-06
4.559951295137771178e-06,1.362353071361830442e-06
4.609576904477888319e-06,1.210395108354445517e-06
-8.713962668211552852e-07,-5.057533766621451293e-06
-5.660236352007648471e-07,-5.086507175421928929e-06
5.363031282243751855e-07,-5.068578799181517380e-06
7.979025105562757763e-07,-5.035274540682626672e-06
3.094718130176247340e-07,1.392066849489248853e-08
-3.616886662012247036e-08,-3.623813960221411002e-09
1.648022394007756134e-06,4.261423408455099553e-06
1.394181955296562969e-06,4.376555178053256761e-06
-1.620212623403896768e-06,4.520866629568053497e-06
-1.821036628702279996e-06,4.436400479804523896e-06
-5.090979640682757565e-06,9.153932739374948030e-07
-5.128656211099978046e-06,7.483288428323277269e-07
4.685267537354713825e-06,8.877690212123270825e-07
4.651250123290261527e-06,1.044835699716467417e-06
1.129396052734268947e-06,4.476814221754427559e-06
8.934493367151395644e-07,4.556596144059743047e-06
-1.238051609662580047e-06,4.643724328787563033e-06
-1.416923409595498509e-06,4.590413224921619946e-06
-5.157029233738663955e-06,5.659140420495603886e-07
-5.177199625245444711e-06,3.908260422330472472e-07
4.711360082304442431e-06,7.129275902474708513e-07
4.730307644478763814e-06,5.425659627243201976e-07
2.488570491132157028e-06,3.787316921223383350e-06
-2.568548075431753935e-06,4.033851429016177828e-06
6.508925097966841668e-07,4.622826639543783070e-06
4.362205080837456852e-07,4.672416224293239339e-06
-8.847665803331640872e-07,4.717103508437210171e-06
-1.052924008074862004e-06,4.686192275733552718e-06
-5.187300671009922859e-06,1.936485523139222739e-07
-5.188812577886463573e-06,-1.861357164162933915e-09
4.739923444640206190e-06,3.488296659706864001e-07
4.741496816706779257e-06,1.558286954363788185e-07
-1.089949723291065141e-08,-2.544016205480416346e-08
-8.113283829359223120e-09,-3.541076243831216273e-08
3.024850597015108612e-07,-3.604287518829595066e-08
2.882425718638026126e-07,-3.479719884368896781e-08
1.317977087699338838e-08,5.151900681850360196e-08
4.743143168692154989e-08,6.654322069642774267e-08
2.171888908182419514e-07,4.710391129497762452e-06
2.331624231776207704e-08,4.735397405134205828e-06
-5.371411054520350563e-07,4.751834994868089833e-06
-7.054596632027336968e-07,4.739134199650556182e-06
-5.177189442948759685e-06,-2.278433676026337055e-07
-5.154492241226385295e-06,-4.569367845134846551e-07
4.730536933143530472e-06,-6.726395050835156463e-08
4.709096386329177928e-06,-2.926487736308337292e-07
4.615880806601172499e-06,-8.231140282025799634e-07
4.669694588525526988e-06,-5.556015593816343632e-07
-5.112674453693930638e-06,-7.258107471377574371e-07
-5.055159889841318842e-06,-1.001493485216723378e-06
-1.751042149530360100e-07,4.750646830000416457e-06
-3.526374514150859328e-07,4.755699441786038990e-06
4.538364848369256389e-06,-1.141812648839404094e-06
-4.971909792518619364e-06,-1.334950036238877847e-06
-5.026753367254520293e-09,-1.508504995701799648e-08
-2.311322601493364331e-08,-5.013195407124637020e-08
3.278746396449309689e-07,-4.725862342470506810e-08
3.049687286090957298e-07,-1.450070897398351388e-08
2.185362876778816864e-07,-4.855867451431904796e-06
3.419247523104713108e-07,-5.189852788238113995e-06
-3.536049815404650482e-07,-5.208339408028597930e-06
-2.226823540865172377e-07,-4.854672287816741598e-06
-5.025752813986846801e-06,-1.602938751275045999e-06
-4.708584653250377253e-06,-1.331616501560615024e-06
4.285660959524583433e-06,-1.139658800713156336e-06
4.592843192137626201e-06,-1.396081538344884300e-06
5.117916984704400550e-09,5.907872940302394626e-08
3.730479355292820951e-09,2.240602553171289910e-08
6.634340331055093859e-08,3.565278559971525086e-08
9.099895072903504761e-08,1.036648679666668776e-07
-3.642226008453549712e-10,-5.217852162407956004e-06
2.686021416366667502e-07,-1.702999906278202313e-08
2.818964099174926416e-07,-5.175929469782489228e-08
-1.641641210924515971e-08,-2.526081381695010590e-08
-7.563345963621872909e-09,-1.273283881406631103e-08
-1.011094100791443075e-08,2.180265009450155261e-11
3.206496296901154154e-07,-7.476793287597253486e-10
-1.216025036153651819e-08,-1.332360837882526486e-08
-2.675528909309554149e-08,-2.828295672223846983e-08
2.570219368687973427e-07,-6.748990726597371645e-08
2.189362558956188574e-07,-4.837247108373894033e-08
2.186439824712750729e-07,-8.397521196806423469e-08
-1.896657943314749814e-08,1.954595657484773501e-08
-9.611968667786384361e-09,7.550462732234518785e-09
3.301615817435757648e-07,5.430125255240185747e-09
3.338826575786682125e-07,1.440971731052198443e-08
3.044287396764449176e-07,5.217019106821133292e-08
2.639489200802309915e-07,1.507999908559662634e-08
-1.492493545527520183e-08,2.030531667231600004e-09
-5.305244720004467550e-08,9.778899476980847809e-09
2.345552503488238694e-07,-2.347462110034465647e-08
1.826865533399389582e-07,-2.861725717759573703e-08
-4.710163985918256065e-06,-2.118496806312432952e-06
-4.560340056011577057e-06,-1.780350595478288130e-06
-4.901114072161833035e-06,-1.957168425383216975e-06
4.290676091638540067e-06,-1.898082310817213657e-06
4.477840639179902455e-06,-1.738259264756169797e-06
4.144130626770503288e-06,-1.561349686359209535e-06
2.252643537382261415e-06,-4.638551539735118308e-06
2.137229750411187248e-06,-4.479871020360250306e-06
-2.652725462395330884e-06,-4.401152247131980854e-06
-2.791853000807452453e-06,-4.597032373321537733e-06
3.900275299251995719e-06,2.726954010302325684e-06
3.716089177186442014e-06,2.527912540702259490e-06
-3.944463353656351893e-06,2.647610930297963229e-06
-4.164330105096957669e-06,2.887414138430771649e-06
-2.837951649031982294e-06,4.032947104733762350e-06
-2.549896372206050827e-06,3.775790689508743150e-06
2.471106815753553747e-06,3.526909512125864276e-06
2.752176813581345550e-06,3.781492001952010632e-06
-4.788575684072852962e-06,-2.363660820861210255e-06
-4.467130585294515325e-06,-2.197612702471791903e-06
4.042802581423376299e-06,-1.976710485244982981e-06
4.373183505984913497e-06,-2.151585659759639093e-06
1.735304238272380704e-07,-1.038164455879693440e-07
-3.237182059830918501e-06,3.557842245184527701e-06
-2.922994934048788941e-06,3.501121155897244221e-06
-3.143102397690241366e-06,3.819281986533729531e-06
3.114736675452001092e-06,3.321561829337794214e-06
3.033565648432138383e-06,3.566853273071093495e-06
2.825331935832586575e-06,3.269659626836681871e-06
3.152381179745591121e-06,3.047978728310599992e-06
3.346797824737031346e-06,3.327684067608083933e-06
-3.497210967188057223e-06,3.568680189089274151e-06
-3.281976624237163713e-06,3.256873047820780281e-06
-9.648079368564686549e-08,-4.302028021125727705e-07
-4.671997711090048861e-08,-2.132665311626554118e-07
-8.035757030919034485e-08,2.694941076357485017e-07
-2.047114268486992291e-08,1.212992800889636485e-07
4.962726463669199549e-07,2.226149060156921208e-07
3.728182862737600448e-07,1.069674272678692144e-07
4.994264862731156931e-07,-1.838857990594598022e-07
3.755492451616926194e-07,-9.588370001391911756e-08
-3.090436511420592596e-07,2.163117651784951069e-08
-1.241636745769643879e-07,3.122397085474121102e-08
-1.212993235482585792e-07,4.038178461306106744e-08
-2.565154765542857848e-07,1.387079182482033587e-07
1.453157554137479209e-07,-2.270552670194617529e-07
1.829426931938463724e-07,-4.333099429123327371e-07
4.145156068104283963e-07,1.794636709693080283e-08
5.629861675619542215e-07,6.572979926154783177e-09
2.459096645590360361e-07,1.984707900119317661e-07
3.161936008524507392e-07,3.541928835667814555e-07
-7.857230643605614328e-08,-1.064307132032044346e-07
-2.315432809838022264e-07,-2.128124326346526893e-07
-3.964480227746307889e-09,1.448827020453379071e-08
1.993925127277766581e-07,3.502531494414307615e-08
-2.467985933787486984e-06,2.846441431764190603e-06
-2.713373501412599540e-06,3.199234239638552317e-06
-3.799305629542349874e-06,-1.550362665700916587e-06
-4.229848501101418011e-06,-1.672782064867169088e-06
2.544961848018313355e-07,-4.117473962595337275e-06
2.318404512873280397e-07,-4.535112784796084548e-06
3.603478787253801688e-06,-8.809295028967362924e-07
3.984359404617874152e-06,-1.020453143561631735e-06
2.027981658326213628e-06,2.936930442524514026e-06
2.264154873549483776e-06,3.251063154581270486e-06
3.836182579699240331e-06,-1.454161757963623287e-06
3.453692969844886435e-06,-1.334919900403436816e-06
-2.325426833707170481e-06,3.489694083788203595e-06
-2.053557042560012382e-06,3.150644967710105538e-06
-2.322847866551237726e-07,-4.530447234172905568e-06
-2.458130839262632070e-07,-4.115402551191790343e-06
-4.387718473391831437e-06,-1.200064516534685932e-06
-3.966411398701150893e-06,-1.039879225450575483e-06
2.629160500502242713e-06,2.987969119715101128e-06
2.405514576297739732e-06,2.663546752941609438e-06
1.511069236934836911e-09,1.942678024868631091e-08
1.352837712626435810e-07,3.832079104888403730e-08
-1.872654293886406571e-07,4.753178993366237038e-07
-2.349049516214647439e-07,2.907223898907493591e-07
-4.292574353359029656e-07,2.976671879087146322e-07
-1.389578953647389340e-07,-7.107967800856104717e-07
4.113399264988827246e-08,-5.661923964242556413e-07
2.159082923952384678e-07,-7.117429295385725355e-07
6.856987887442991830e-07,-2.875134233525312357e-07
6.250220890046274752e-07,-1.218288935453903079e-07
7.712620051588390654e-07,-2.874534806650760632e-08
6.492150854642911021e-07,3.840101881167737117e-07
4.680680184943128029e-07,3.742933736459553774e-07
4.203718985707353537e-07,5.502081310964998147e-07
-5.685449138213789814e-07,-1.877874186328217826e-08
-3.871666135609517922e-07,-1.352008933699104879e-07
-4.636582812321702174e-07,-3.385618084966648388e-07
2.833892600829490506e-07,1.233456818380527096e-07
2.061526928545850145e-07,1.101548608340412000e-07
-4.848823895127584310e-08,6.085691198280127262e-08
-1.932056511884279808e-09,5.516368378635653455e-08
-9.595411261830559262e-09,8.962740157062618260e-09
-2.392647705586741973e-08,1.791928508084478639e-08
3.347990151843018563e-07,1.279645700892466438e-08
3.271709067555893763e-07,6.946178757519137643e-09
-3.728609629458846918e-06,-3.550073147190145561e-06
-3.866400456281477425e-06,-3.369962238456816675e-06
-3.889338183609850478e-06,-3.536617299159064651e-06
3.177010380789837676e-06,-3.528397514109865307e-06
3.366073212550972562e-06,-3.508924723327783947e-06
3.338209705041212409e-06,-3.309317912527607491e-06
-3.595265985953213053e-06,-3.704111672430706748e-06
-3.597291865370919416e-06,-3.853869195569981834e-06
-3.447995203572949101e-06,-3.849721294317296127e-06
3.024935065187145232e-06,-3.715104382329783624e-06
2.863336421497769132e-06,-3.889042404790478709e-06
3.029476641011846852e-06,-3.889008615176284464e-06
3.489927398105271268e-06,-3.081774846852832472e-06
3.695376868408513999e-06,-3.035910196827023225e-06
3.642832910940476177e-06,-2.817172204566093157e-06
-3.994424058223032305e-06,-3.181373290285236262e-06
-4.123228860951674389e-06,-2.957763973350223079e-06
-4.169200293984766369e-06,-3.144341890879789648e-06
-4.582790815631954224e-08,2.372441316532756715e-08
-3.493582350793575667e-08,3.815170996463764828e-08
3.513393579581190601e-07,1.530421945327156606e-08
3.450437991733084877e-07,2.838933621824821471e-08
-3.306033091723743550e-06,-3.977969624026345899e-06
-3.291741204414382216e-06,-4.116857509915153292e-06
-3.148909541632075706e-06,-4.099092367217641950e-06
2.715481446890127778e-06,-4.037889202469428543e-06
2.561536936150481864e-06,-4.173407041101849101e-06
2.704040686041672180e-06,-4.185973425521476553e-06
3.786709028589591073e-06,-2.550128385386005511e-06
3.991154589522044535e-06,-2.502752649915300059e-06
3.916392722689574564e-06,-2.275490636740668036e-06
-4.245456718386039672e-06,-2.725544678516166699e-06
-4.357115226870890618e-06,-2.477956574957212930e-06
-4.427713638834529579e-06,-2.683999343918767636e-06
-2.992146869336423898e-06,-4.208467233350977908e-06
-2.976639984366895920e-06,-4.337551189888586324e-06
-2.831313986587850202e-06,-4.306517413895378767e-06
2.418100956315954149e-06,-4.289933475497347028e-06
2.280640716429727471e-06,-4.389073284729962096e-06
2.407494498323517860e-06,-4.411174464296779083e-06
3.369700594879135432e-06,2.866892962328731491e-06
3.545633092845466107e-06,2.702439400721428911e-06
3.551511373200080902e-06,2.884470219278894645e-06
-3.530758491394678838e-06,3.049049560532729667e-06
-3.743136572114856290e-06,3.069527946536485203e-06
-3.738376523333382568e-06,2.855930833841246424e-06
3.211054899415149092e-06,-7.434673941265597944e-07
3.332483404306623604e-06,-1.041892832930317009e-06
3.059278812554460449e-06,-1.206881232397248010e-06
-2.205332749834186403e-06,2.480386341413515879e-06
-2.126731292216654843e-06,2.818575055976731730e-06
-1.776929792945802022e-06,2.793399858877947877e-06
2.712167734030250622e-07,-3.674984901494791477e-06
6.480961807417501928e-09,-3.897170328136082276e-06
-2.537013632265498372e-07,-3.673788641155837615e-06
-3.344599936470757094e-06,-1.412892350677466741e-06
-3.658898411318953307e-06,-1.221120023942256546e-06
-3.518750996916397103e-06,-8.788612672964451863e-07
1.789701142896049584e-06,2.612189967971769434e-06
2.099223221904487626e-06,2.637183877433770856e-06
2.172644352812206886e-06,2.334478695989893267e-06
2.551756937155833555e-06,-4.449980033554890915e-06
2.408965753533828437e-06,-4.543109051832322182e-06
-3.134238059273061068e-06,-4.382130859637505125e-06
-2.976809606545726320e-06,-4.484934012661382133e-06
3.568216302161913780e-06,3.111227275714120252e-06
3.730801150543306909e-06,2.929565216474168942e-06
-3.757955169917350407e-06,3.330797389692161124e-06
-3.954893044270722527e-06,3.124045658879860448e-06
2.540594848478437902e-06,3.248850549628701322e-06
-2.619813315316912731e-06,3.482007960240236273e-06
-4.510747881634955602e-06,-2.890499043639027197e-06
-4.641510821710380827e-06,-2.654043365309879796e-06
4.084491576112551582e-06,-2.735125094317275724e-06
4.224214154896277357e-06,-2.466815007185497412e-06
2.876104651831624904e-06,-4.206678474146737813e-06
2.712496961497955169e-06,-4.332094826450033758e-06
-3.456936550589373270e-06,-4.139123864691211135e-06
-3.299377915373630205e-06,-4.260379505140923824e-06
1.444651738156249482e-07,1.145037461285816223e-07
1.754042305345303991e-07,7.335679319479218331e-08
1.311596875651549630e-09,3.615780819756386739e-08
1.012452356941922872e-08,5.952461210570964635e-08
-4.214688544337052636e-06,-3.339012229023091308e-06
-4.359445479169337604e-06,-3.126427146611988763e-06
3.749298997438071786e-06,-3.266597835581563580e-06
3.915816132568233243e-06,-3.011836013576885121e-06
3.219768098577372988e-06,-3.895290941752198993e-06
3.045480519277222933e-06,-4.057375655173065554e-06
-3.763978398075316553e-06,-3.861813107729212600e-06
-3.611329768363541073e-06,-4.002888602103005331e-06
-1.932483143048710400e-06,2.110830170162230676e-06
-1.655852393808033955e-06,1.746691231172983396e-06
-1.579841891942346939e-06,2.084599484597952480e-06
-1.501023895743893422e-06,2.426049121571653573e-06
-1.231459764183994755e-06,2.056864388921370404e-06
2.036167667826615438e-06,-3.637837945855980189e-07
1.671497187724967524e-06,-2.563884197548986495e-07
1.783054802654111106e-06,-5.188287422094529146e-07
1.893990948691820280e-06,-7.971538421372700817e-07
1.538762620653932858e-06,-6.606263656663845394e-07
1.553720063044363651e-06,2.283252488475682096e-06
1.324338802856014786e-06,1.956155664896577713e-06
1.627123895395855364e-06,1.982339965158561266e-06
1.935072984262543527e-06,2.006649028186189230e-06
1.697136337823159551e-06,1.685765190113180922e-06
-1.742281519619239489e-07,-1.047576319115320044e-06
-2.030133454710072819e-07,-1.430728316998905882e-06
3.208859712251518059e-08,-1.236238667671932489e-06
-8.913814146179271309e-07,-8.740264735344451684e-08
-1.266055417535159434e-06,-1.803108957764439697e-07
-1.006036148511930438e-06,-3.424803023047436779e-07
2.426255142306089836e-07,-1.048571294875369436e-06
2.629690545850688321e-07,-1.431862561359855420e-06
-7.634700387807162221e-07,-4.784729436364400730e-07
-1.119460791494349396e-06,-6.289902981403226463e-07
2.271171812315170990e-06,-9.354228001756365039e-07
-8.645532568697354434e-07,7.703158576004458651e-07
-1.115829662329309044e-06,1.068214254484619770e-06
-2.517517730748201544e-07,-2.752709854914811131e-06
-2.416999380476194384e-07,-2.293804711176682816e-06
1.333713083061547488e-06,-1.629742166639407175e-07
7.172682777863146741e-07,1.044030453126813658e-06
9.020430406150968626e-07,1.330829623934792994e-06
-2.587064376308161728e-06,-5.674408795143745379e-07
-2.125243989339394040e-06,-4.240425161505426879e-07
2.362338640944226662e-08,-2.070648071338153466e-06
-2.254787591292509573e-07,-1.849667867054304192e-06
5.553978556980696682e-07,7.819655367195717602e-07
-1.381605845709676136e-06,1.396398771843576814e-06
1.175884046384886455e-06,1.356653970059489840e-06
1.105745430624614275e-06,1.636761651430278397e-06
-1.818129610276352602e-06,-6.121910978348531828e-07
-1.681132911184977958e-06,-2.937633577139518483e-07
-6.337470130062488114e-07,5.108034680880023044e-07
-3.055305480117834746e-06,-7.202619982510560265e-07
-1.050356173917692519e-06,1.374458779908133674e-06
2.662284423826020857e-06,-1.072851130923434364e-06
1.030918268835872163e-06,-8.620058225341645323e-08
-2.557164405142944434e-07,-3.216104626413318255e-06
2.769668443488827705e-07,-1.850836487590883656e-06
-1.520252059364613937e-06,-7.864704426851029483e-07
1.463108398929410914e-06,1.377574297320810119e-06
8.262599213392877487e-07,5.855538906445643076e-07
2.847079637646546344e-07,-2.294972688327280480e-06
-3.359914832642337403e-07,7.289805236283837779e-07
-1.954474830284993607e-06,-9.472500776291946847e-07
-2.877931753529124855e-06,-1.264094851582998120e-06
-9.742168377890672124e-07,1.694256583933371622e-06
2.817693883762058368e-07,-3.217226236231815310e-06
1.237202801054976340e-06,1.087761799516903770e-06
2.813933670151200275e-06,-6.099268247691229391e-07
9.264878132812151379e-07,-4.032001012258711356e-07
-5.863507039836467772e-07,7.547805834787746103e-07
7.787997660194144820e-07,8.058633951490920639e-07
2.862815723008377055e-07,-2.753863371907123387e-06
-2.410796795600419499e-06,-1.107672391426748020e-06
1.023565880334048337e-06,8.219237088734543878e-07
-7.352877938725362123e-07,1.346584437233711564e-06
2.419657989719287528e-06,-4.825098580991996401e-07
2.541060783381447152e-06,-7.749575390381970751e-07
1.213556605568178414e-06,-5.284386169535553819e-07
-2.732524776221682684e-06,-9.147935708837809233e-07
-5.205963796442743662e-07,1.022106518159674029e-06
1.514310688599092672e-08,-2.985031039872439964e-06
1.122756669263731666e-06,-2.941008913574256915e-07
-3.914890056017915511e-06,-3.702870447212251842e-06
-4.063383176508810031e-06,-3.531075684967474943e-06
3.396415346176576909e-06,-3.706736121260109917e-06
3.571747080487569674e-06,-3.499263120462725785e-06
9.733955460533988470e-08,-3.297710465967729107e-08
3.721223017250676758e-07,-2.830649167503607133e-08
-7.344976376351822486e-08,-2.647866983340918870e-08
4.036829667179334008e-06,-1.290845514506958881e-06
-4.444352124859902486e-06,-1.493732972744749434e-06
6.387354022452349219e-08,-1.941833142528392156e-07
-8.898521035965244249e-09,-1.180632423338937249e-07
1.332252262421460494e-07,-1.350104620778966150e-07
-6.743441899358010099e-11,-4.669026877268834368e-06
1.206028916359705609e-07,-8.629542745729145573e-08
4.492314596566418760e-08,-5.387443165816680645e-08
