Size 899,2
0.000000000000000000e+00,0.000000000000000000e+00
0.000000000000000000e+00,0.000000000000000000e+00
8.132897149686867708e-09,-1.214647591170426136e-06
-3.953351906328508466e-08,6.837524577803124107e-07
5.387559265745379283e-08,-4.202800313961290880e-08
7.415361435977110950e-08,-2.142375968564566844e-08
8.435663074633082815e-08,-1.101412548510103721e-06
7.737665181477565279e-07,-3.670250077861110206e-07
7.956712599172798957e-08,5.945982386610890765e-09
7.524869996125124502e-08,3.194928861031599418e-09
8.345379114231008977e-07,-2.201570293779542306e-07
4.457703617258595769e-07,3.715656170195428703e-07
5.010973268945915395e-08,2.200128112728886861e-08
-1.336388687451536438e-10,1.004262229925420374e-08
3.227044058361818091e-07,4.671092342117155469e-07
-3.161423696273624050e-07,5.137622551906429133e-07
-1.253441756633950861e-08,1.524600712528937267e-10
-1.439886087342999829e-08,7.591482664299232139e-09
-4.443694108491597728e-07,4.107372022704431663e-07
-8.916946297219491262e-07,-2.523396923384773728e-07
-7.181093688782041235e-09,-2.448829913252362833e-08
-1.879961041008974511e-08,-3.361999861669681487e-08
-8.291851268841176150e-07,-4.076882663379735339e-07
-6.750289818375205154e-08,-1.099873794406684513e-06
3.559715743144992133e-08,0.000000000000000000e+00
5.485845051922795921e-08,0.000000000000000000e+00
6.390008646167508694e-08,0.000000000000000000e+00
6.751835565057057714e-08,0.000000000000000000e+00
6.683078516457617129e-08,0.000000000000000000e+00
6.809572802248408832e-08,0.000000000000000000e+00
7.073417151310468830e-08,0.000000000000000000e+00
7.106499793938341139e-08,0.000000000000000000e+00
6.912946204085011423e-08,0.000000000000000000e+00
6.481108542397489159e-08,0.000000000000000000e+00
5.450163830067933641e-08,0.000000000000000000e+00
3.982732917615718284e-08,0.000000000000000000e+00
2.225208908234375368e-08,0.000000000000000000e+00
0.000000000000000000e+00,0.000000000000000000e+00
0.000000000000000000e+00,0.000000000000000000e+00
0.000000000000000000e+00,0.000000000000000000e+00
0.000000000000000000e+00,0.000000000000000000e+00
0.000000000000000000e+00,0.000000000000000000e+00
0.000000000000000000e+00,0.000000000000000000e+00
0.000000000000000000e+00,0.000000000000000000e+00
0.000000000000000000e+00,0.000000000000000000e+00
0.000000000000000000e+00,0.000000000000000000e+00
0.000000000000000000e+00,0.000000000000000000e+00
0.000000000000000000e+00,0.000000000000000000e+00
0.000000000000000000e+00,0.000000000000000000e+00
0.000000000000000000e+00,0.000000000000000000e+00
6.510153482913916439e-08,-1.208489577268266073e-06
1.145623528832901497e-07,-1.196051165859586039e-06
1.511009791500799454e-07,-1.184172208823936487e-06
1.820387315894429852e-07,-1.172873626519641231e-06
2.089209293646435304e-07,-1.162361113303597309e-06
2.331229378090208868e-07,-1.152550162827375257e-06
2.561185565891667328e-07,-1.143138159879280070e-06
2.790493379729136149e-07,-1.133676855401955936e-06
3.030210967967036540e-07,-1.123556674936840134e-06
3.292352173641711908e-07,-1.111990963295529417e-06
3.587631725868894188e-07,-1.099267952783196526e-06
3.922078673096957674e-07,-1.083220417312324670e-06
4.301268770859158766e-07,-1.062472897228089493e-06
4.719358278079759199e-07,-1.036375041762754364e-06
5.174946733368145726e-07,-1.004011642393951559e-06
5.658483917951563494e-07,-9.648558908293832610e-07
6.161836262825268076e-07,-9.184882010092622524e-07
6.671371789478354902e-07,-8.649708682481071414e-07
7.174043540176079323e-07,-8.045451697681588669e-07
7.654286200457522357e-07,-7.380423456965376849e-07
8.096530389943293922e-07,-6.665739843136195258e-07
8.485580062996524528e-07,-5.917441406446768949e-07
8.804478133060338313e-07,-5.159346972681280478e-07
9.044099341341672748e-07,-4.411074263191315121e-07
9.206406919586567845e-07,-3.714361570523681613e-07
9.281132139146735299e-07,-3.072713989191164703e-07
9.291608389857344459e-07,-2.525515405313566813e-07
9.236833708027969350e-07,-2.109642499898360969e-07
9.168400010848210322e-07,-1.837486132629890250e-07
9.103376742082014038e-07,-1.654116335982945933e-07
9.049910200153708424e-07,-1.529501798000438646e-07
9.011825235815726831e-07,-1.441573941374412186e-07
8.989623533655720183e-07,-1.367597552350516161e-07
8.980968451458541157e-07,-1.288960141360125432e-07
8.980894067735112613e-07,-1.189429494685040961e-07
8.982769398569853009e-07,-1.055245219550819885e-07
8.978407117534155669e-07,-8.773019886336196471e-08
8.958979149370549988e-07,-6.475446223018414856e-08
8.915360535970708548e-07,-3.639316795655206799e-08
8.838639997097213649e-07,-2.428657477492189501e-09
8.720876131911532531e-07,3.670836914217845931e-08
8.555011879332457295e-07,8.069416560460470370e-08
8.336082033414427440e-07,1.285912900061277106e-07
8.060462362149903021e-07,1.796440120619251835e-07
7.727194744574134065e-07,2.326659367896867320e-07
7.335651438336372606e-07,2.868175196729965518e-07
6.900493360538051095e-07,3.412294056982789314e-07
6.406118704393459552e-07,3.939483348970926958e-07
5.869080612458711784e-07,4.427926105500317511e-07
5.309804313634246037e-07,4.862625055009903908e-07
4.756237278467199026e-07,5.238425714043895365e-07
4.211544527382330332e-07,5.560615812055058982e-07
3.683504380845722034e-07,5.844415764382357990e-07
3.180773465420517014e-07,6.078050789763444120e-07
2.708848386864525218e-07,6.270578147704985072e-07
2.264423117596658400e-07,6.427500351827509876e-07
1.845975177062207785e-07,6.552929190500531232e-07
1.454452394271003062e-07,6.650340600376702853e-07
1.088385833667102045e-07,6.723389970165065663e-07
7.480072663049456728e-08,6.775406119981953043e-07
4.311986830858350204e-08,6.809770865253100524e-07
1.370234961916190671e-08,6.829632750261807734e-07
-1.376448513131302713e-08,6.837972716920796736e-07
-6.401619846683421422e-08,6.829561019619113277e-07
-8.758878353621907571e-08,6.814935314940339720e-07
-1.107373694750600525e-07,6.794735989324450607e-07
-1.340127585828833860e-07,6.769340605474472649e-07
-1.580327611911715804e-07,6.738039954369115566e-07
-1.835452795371491196e-07,6.699049260716377174e-07
-2.112610123779073680e-07,6.649251026249317825e-07
-2.420925654602028533e-07,6.583987600767634937e-07
-2.767837113539960155e-07,6.497165794374968602e-07
-3.164558887915325185e-07,6.380399140162933341e-07
-3.630489665841110813e-07,6.219890992732619215e-07
-4.162959332048417424e-07,5.991155792269483807e-07
-4.749135177673215436e-07,5.703132540122133427e-07
-5.361058492851229148e-07,5.331353056706672248e-07
-5.991303773370728272e-07,4.877349409428166111e-07
-6.603097607753898328e-07,4.350724113329504421e-07
-7.172282697621268328e-07,3.769368774361677969e-07
-7.676544188847964360e-07,3.160650052772469960e-07
-8.131141959115633354e-07,2.549041352058266279e-07
-8.519353699290375158e-07,1.946448172550084850e-07
-8.841113455513458178e-07,1.364069798305818883e-07
-9.097155818942936073e-07,8.164364772119559156e-08
-9.291518179051553477e-07,3.127474001690153360e-08
-9.429828555105356334e-07,-1.357707846744443090e-08
-9.520201641304238405e-07,-5.251867437348553684e-08
-9.571740029049306660e-07,-8.502929209711232776e-08
-9.594663102734184864e-07,-1.113491948353056461e-07
-9.599371679484868994e-07,-1.316868373515616047e-07
-9.595899259819732080e-07,-1.469473281399986089e-07
-9.593492973155530870e-07,-1.581257675613107854e-07
-9.599614882041497360e-07,-1.667496957908659407e-07
-9.619835915635921570e-07,-1.745824612446248879e-07
-9.656790934245835176e-07,-1.836567053109076817e-07
-9.710015127907845382e-07,-1.964100196676995677e-07
-9.775442029036647230e-07,-2.152068064280951238e-07
-9.844441378562793355e-07,-2.432387940883197737e-07
-9.898546154147891209e-07,-2.866149482416548992e-07
-9.880008059653297421e-07,-3.437022333666399460e-07
-9.783243391544029939e-07,-4.097030387919965364e-07
-9.593249683763403505e-07,-4.787405812570134079e-07
-9.337787744904173996e-07,-5.490469301673952473e-07
-9.022151800312348962e-07,-6.184049179320642830e-07
-8.655616307508438458e-07,-6.855737904634881183e-07
-8.249834678105039066e-07,-7.491413148954570784e-07
-7.816441148556021656e-07,-8.080545199419275512e-07
-7.366631003293114303e-07,-8.617191292517592419e-07
-6.911152839501776307e-07,-9.097285080488688462e-07
-6.458276172408929324e-07,-9.521075590945549826e-07
-6.016395372806105217e-07,-9.889849215561218267e-07
-5.589617668028932903e-07,-1.020798973138204876e-06
-5.182740232327510782e-07,-1.048031568040796407e-06
-4.795073889596485566e-07,-1.071374901794229689e-06
-4.428288479894206169e-07,-1.091348687833728326e-06
-4.076873712316425591e-07,-1.108871174893049415e-06
-3.736202044674038764e-07,-1.124904334674458104e-06
-3.398930955497647347e-07,-1.139413371477339444e-06
-3.057805714354617913e-07,-1.152780806044095095e-06
-2.705792649264777641e-07,-1.165258944578912318e-06
-2.336453298299999098e-07,-1.176978680504740234e-06
-1.941726981412620312e-07,-1.187952605318812210e-06
-1.515207577461121374e-07,-1.198060878188568358e-06
-1.049427793687711670e-07,-1.207011969396827473e-06
-5.009752139672048626e-08,-1.214322586156809245e-06
6.065484715966900311e-08,-3.544848974295896976e-08
6.948744685647329688e-08,-2.728106507270693132e-08
7.508408511681030673e-08,-1.948398356473963210e-08
7.733924262980509405e-08,-1.430591447374182981e-08
7.738554218238618665e-08,-1.330230488307094327e-08
9.042618414509989142e-08,-5.218277165332693596e-08
1.199647198826584803e-07,-8.294161096136340695e-08
1.616837931377304662e-07,-1.147831311016979404e-07
2.137494029351997791e-07,-1.473259845788709718e-07
2.742419502633719037e-07,-1.800172966033633843e-07
3.412646230920478789e-07,-2.123037758615142171e-07
4.129684089004685172e-07,-2.436457736037133700e-07
4.875509747106051962e-07,-2.735211448957610562e-07
5.633023446489956923e-07,-3.014399574307006704e-07
6.386473904463041743e-07,-3.268416046513757767e-07
7.103619647189557359e-07,-3.482646614421367888e-07
7.395399903039224958e-07,-4.306734368413777330e-07
7.034832493191028581e-07,-4.984066470766980268e-07
6.653823028848915934e-07,-5.672628758986618936e-07
6.257653487416556798e-07,-6.353053562103869214e-07
5.852923242061340786e-07,-7.008401307208262187e-07
5.448640102230261682e-07,-7.624347217341511475e-07
5.051281821816494915e-07,-8.192476358308657661e-07
4.670057481889518007e-07,-8.704287262887838963e-07
4.309311583023306493e-07,-9.158998046194928119e-07
3.975959963113431536e-07,-9.553133063516321467e-07
3.670477553110117612e-07,-9.890734200167044626e-07
3.395863243244711558e-07,-1.017339444607737376e-06
3.148800345978568071e-07,-1.040479419037553014e-06
2.920366692401830745e-07,-1.059328861901817286e-06
2.710766170722909001e-07,-1.073191260877258479e-06
2.503206295331386698e-07,-1.084387201167897596e-06
2.292453071906752039e-07,-1.093093051619557649e-06
2.068998316717388722e-07,-1.099487390601570862e-06
1.821395967450071723e-07,-1.103627563015025349e-06
1.538550268877522946e-07,-1.105432511004616670e-06
1.204869658120685564e-07,-1.104610238826946467e-06
1.009324512617579977e-07,-1.024851990947593163e-06
1.138874890366283844e-07,-9.397392859237637262e-07
1.238944438209433562e-07,-8.454799804621544156e-07
1.308595127586455341e-07,-7.444627540751919832e-07
1.345906316882652261e-07,-6.392953517397678025e-07
1.349045403322126233e-07,-5.327759681774545361e-07
1.316154269714543459e-07,-4.278494384043314777e-07
1.245382132237922506e-07,-3.276169267147863658e-07
1.134886361150256658e-07,-2.353091626709198272e-07
9.821757920386935036e-08,-1.542868811321737497e-07
7.824306063186818266e-08,-8.892028967896651708e-08
7.499927517616810978e-08,2.098924274910037640e-09
7.406582922067853736e-08,6.322357510773232043e-10
7.384594463077592687e-08,2.938152908823383937e-10
7.406939193702816166e-08,6.234985846700742268e-10
7.444669272252603838e-08,1.862809609150441899e-09
9.210195375013875866e-08,1.123666806850369698e-08
1.107141549928685660e-07,2.320996812979909766e-08
1.323735851413946223e-07,3.915816123101471099e-08
1.573232413593571551e-07,5.952961358104240367e-08
1.854672396473066505e-07,8.446268301450278716e-08
2.166208502002762848e-07,1.139575785955266818e-07
2.505283016952470635e-07,1.479175495338561932e-07
2.868604468293176161e-07,1.861441224623253477e-07
3.252268281235580618e-07,2.283526791768673155e-07
3.651420794746402294e-07,2.742039526619389331e-07
4.054738574144900727e-07,3.227100628312471341e-07
4.957643564962558110e-07,3.248314605893682576e-07
5.451583440695894418e-07,2.777354846374969284e-07
5.928989834732959501e-07,2.303113299213427035e-07
6.384588787080639778e-07,1.834954459119032989e-07
6.786314233137235432e-07,1.379899820245284804e-07
7.151379758131325146e-07,9.415187203621721689e-08
7.475627727482220031e-07,5.314637505952888194e-08
7.758486769782441912e-07,1.549112405598048957e-08
7.999997248486353432e-07,-1.800056088049695142e-08
8.202536845570719958e-07,-4.719491320550420426e-08
8.368521555844359663e-07,-7.163655804635109166e-08
8.501771945470470100e-07,-9.163258044655526271e-08
8.605668541252938603e-07,-1.072229249484520093e-07
8.683780224021919121e-07,-1.191731342625301866e-07
8.738681671964531428e-07,-1.281089039356293822e-07
8.771882869337270984e-07,-1.352121460610221133e-07
8.783165002749405969e-07,-1.417266340458521483e-07
8.770243375985415489e-07,-1.491466783802742525e-07
8.728089961875986892e-07,-1.593017814415414727e-07
8.649196098991364349e-07,-1.738258899500735311e-07
8.522539736491225187e-07,-1.948269914155640207e-07
7.622400542714172147e-07,-1.845192040580933427e-07
6.907946587525122391e-07,-1.534451263599651954e-07
6.172922188554635088e-07,-1.232965620751933596e-07
5.418276236359036144e-07,-9.452630474472596513e-08
4.661091715054422347e-07,-6.785821829209389339e-08
3.919100493017393269e-07,-4.392166922592678012e-08
3.209956999130978026e-07,-2.334798686067375827e-08
2.551760055111635252e-07,-6.785859747429400070e-09
1.963063256379335985e-07,5.099494544954630402e-09
1.463046443697511279e-07,1.161009200326193111e-08
1.072575135585643233e-07,1.198127641657007738e-08
3.720270693451597045e-08,2.629976871627286410e-08
2.250047649923966319e-08,2.657602767659114247e-08
1.052956917645240033e-08,2.306542289868645295e-08
2.251750629069304267e-09,1.746868582652026232e-08
-4.047101446898294140e-10,1.225401102953562225e-08
-5.760820544759651521e-10,2.279845344325073876e-08
-6.445074030115238583e-09,4.312975355509297065e-08
-1.784673498436680506e-08,7.025306019030304422e-08
-3.435440284809386946e-08,1.035171701095609797e-07
-5.577085779324710386e-08,1.424423806750301502e-07
-8.184563141407281261e-08,1.864265078580736419e-07
-1.122474994179228892e-07,2.347563477348481212e-07
-1.465716604384436108e-07,2.866151053248228280e-07
-1.843184580712678337e-07,3.410515423525651643e-07
-2.248483408482453346e-07,3.970558916316498399e-07
-2.679288546104410441e-07,4.544596718874761024e-07
-2.825021978898410633e-07,5.427834589587864949e-07
-2.503056207583155265e-07,5.666526439246971473e-07
-2.213671438668785475e-07,5.853626234880356954e-07
-1.949816105240716524e-07,5.998426570576020585e-07
-1.707768733279146810e-07,6.108069764807840969e-07
-1.480093991492509411e-07,6.189116222138695016e-07
-1.262339322645002343e-07,6.246198785765921867e-07
-1.048517857595822407e-07,6.282998943047421460e-07
-8.342537055249456406e-08,6.301919900697986642e-07
-6.153248766523023353e-08,6.304406582763706815e-07
-3.879994546684868970e-08,6.291055839903185938e-07
-1.497226211580690452e-08,6.261579870416798379e-07
1.031274443625050281e-08,6.215062087064826199e-07
3.721123158723151684e-08,6.150142834180513888e-07
6.601184451717117184e-08,6.064885873972367829e-07
9.671452913334784256e-08,5.957127315672972317e-07
1.295271828829499145e-07,5.824051128507227706e-07
1.643287896405505255e-07,5.662942478740327290e-07
2.012676885066526044e-07,5.470234560343530893e-07
2.401255000454628011e-07,5.242777114014520480e-07
2.809594045700277670e-07,4.976436313167455261e-07
2.824183723063517869e-07,4.114176155525146068e-07
2.462359577120691642e-07,3.585361837807743283e-07
2.127211305641339860e-07,3.081703452824722201e-07
1.819728529876859480e-07,2.604119845056773305e-07
1.542832574396315783e-07,2.158399162372472503e-07
1.298243046127347428e-07,1.749511562482965642e-07
1.086811340031711477e-07,1.381213041565972948e-07
9.086434888899847066e-08,1.056226125149038783e-07
7.630725443493517048e-08,7.762049299916640497e-08
6.489650804855514862e-08,5.419562371590158628e-08
5.661017728982543424e-08,3.564728603485348674e-08
-8.331998047826776472e-09,2.947153978195135381e-09
-7.351047060805464534e-09,2.914750664360197774e-09
-7.420613117250270824e-09,2.256849524768667331e-09
-8.046581958207460512e-09,1.657009978514963642e-09
-9.105189126898548869e-09,2.780766584974324408e-09
-4.824009457718657797e-08,1.616286571909984758e-08
-9.562856240651661656e-08,1.678060490694836145e-08
-1.560361607741181606e-07,9.864066516988036085e-09
-2.268398113722232430e-07,-3.637872685867754482e-09
-3.055801792473014083e-07,-2.284951650540264003e-08
-3.898615838787732802e-07,-4.692968363422933172e-08
-4.773338767004670560e-07,-7.505412700164738881e-08
-5.656915208961778914e-07,-1.064158343349023730e-07
-6.526240241662304432e-07,-1.402108953624368222e-07
-7.358907350747352785e-07,-1.755517783904308088e-07
-8.146681833154834580e-07,-2.118010807768274991e-07
-9.101709192628531189e-07,-2.267053457208503415e-07
-9.235101240923941576e-07,-2.051197975323787407e-07
-9.318177421711239523e-07,-1.902214916269035376e-07
-9.362020910718532693e-07,-1.798025935008587258e-07
-9.374181245460586459e-07,-1.720978071851191548e-07
-9.359606502186397443e-07,-1.651488489618042670e-07
-9.320344697734512220e-07,-1.573145095284110173e-07
-9.256239554663917457e-07,-1.472513653700320076e-07
-9.165268899186099375e-07,-1.336418293216083135e-07
-9.044300623519718022e-07,-1.158120273412601615e-07
-8.889115054877344786e-07,-9.289804794048221536e-08
-8.695804536148415600e-07,-6.487763668145440089e-08
-8.459997668862884014e-07,-3.140381161934070099e-08
-8.179057684847572707e-07,6.981071686393520288e-09
-7.850469113039846896e-07,5.011183415249756092e-08
-7.474576009705017373e-07,9.702814055227120437e-08
-7.052572660083007497e-07,1.471070987748318917e-07
-6.589871357279313104e-07,1.989973949437491726e-07
-6.070540860769658325e-07,2.521639517714281512e-07
-5.531843403667772319e-07,3.058097340389727780e-07
-4.983419715825110732e-07,3.587255531966494441e-07
-4.024014632456838286e-07,3.579786822708580186e-07
-3.588226334041189974e-07,3.032906396880778443e-07
-3.139309521626648078e-07,2.502160568682170957e-07
-2.695859206392602556e-07,2.005564377452856652e-07
-2.266034098267326204e-07,1.550566267019993635e-07
-1.856857995148650045e-07,1.144320025587564763e-07
-1.474818698881582477e-07,7.932211592513226434e-08
-1.125675906987177305e-07,5.026439998075264643e-08
-8.144981301094426262e-08,2.770396308697122138e-08
-5.457877459798411404e-08,1.197515972758471251e-08
-3.209010694059783999e-08,2.948553556290847124e-09
-1.081976823754403477e-08,-1.485035070953648414e-08
-1.112812603965769473e-08,-1.456005026667718007e-08
-1.055948044373307015e-08,-1.683684658044923340e-08
-1.000548436955650080e-08,-2.145684217223284798e-08
-1.086480744607484669e-08,-2.631128238447641445e-08
-4.648878310661835373e-08,-8.835842960581409448e-08
-6.722832885866855633e-08,-1.551959400922219856e-07
-8.374846091338180989e-08,-2.360278197311118094e-07
-9.613821562703521999e-08,-3.282888787740152031e-07
-1.045444785712917605e-07,-4.285257138663028407e-07
-1.091596974588884955e-07,-5.334537127665981371e-07
-1.101721097091695741e-07,-6.399725878403384158e-07
-1.077683601873918765e-07,-7.451392159357674027e-07
-1.021332998665432839e-07,-8.461689652929374678e-07
-9.343453921950034080e-08,-9.404536047121247173e-07
-8.173422776707341962e-08,-1.025077989153938738e-06
-1.111456103325848889e-07,-1.100637970856589367e-06
-1.540356911649944026e-07,-1.099248763249938418e-06
-1.934578093425101398e-07,-1.095373197422125431e-06
-2.300666574082497284e-07,-1.089167602397256005e-06
-2.643504928310304760e-07,-1.080688462412430245e-06
-2.969366755111838208e-07,-1.069921449373781561e-06
-3.283429593307229828e-07,-1.056773644093236612e-06
-3.589481818094329833e-07,-1.041137670308336228e-06
-3.896653244591810602e-07,-1.021948298874365201e-06
-4.205775876838895376e-07,-9.992239739906583247e-07
-4.522965663975632558e-07,-9.724660415892640501e-07
-4.851315264250491074e-07,-9.413656555024377423e-07
-5.190229563146237980e-07,-9.057298984489592244e-07
-5.540569021977327059e-07,-8.651921970410595606e-07
-5.898778640860488258e-07,-8.198831365735982188e-07
-6.262949194965056549e-07,-7.697248467632689485e-07
-6.627337777460371281e-07,-7.152084115944365684e-07
-6.988194510809770120e-07,-6.567809011439694173e-07
-7.339139788942465268e-07,-5.953920587211135990e-07
-7.675955627697039869e-07,-5.321157111635271044e-07
-7.995086471631656036e-07,-4.684549185095166175e-07
-7.577340536905598440e-07,-3.907155615665053083e-07
-6.766572782012655613e-07,-3.696241095557675657e-07
-5.901945788055416766e-07,-3.432748591216511099e-07
-5.020249023948512233e-07,-3.132790009108997433e-07
-4.142643673378387378e-07,-2.803664481785739687e-07
-3.291674096781895289e-07,-2.452051642241915062e-07
-2.490763369019683817e-07,-2.084930216870207833e-07
-1.763803141114927459e-07,-1.709451045965222449e-07
-1.135165025858918989e-07,-1.332899177950203741e-07
-6.294226802334094723e-08,-9.625264394956527675e-08
-2.703017892814473130e-08,-6.036586290733645379e-08
-1.471357308082756624e-08,1.091183565977409690e-08
1.628409065592675112e-08,-8.292716663035501603e-08
7.365110068784360769e-08,2.208494404649390739e-08
9.467874107057302208e-08,-1.896862586332880789e-08
-3.261319199154591364e-08,-2.071597308225054507e-08
-3.357996240123578287e-07,4.059152761324138953e-07
7.375079268393557435e-07,-2.678508193840774145e-07
9.577294394521182321e-09,-1.028608883262897555e-06
-7.882626300119666733e-07,-3.029374194092483551e-07
3.440248906911972912e-07,3.663603191352589843e-07
5.859209282955332625e-08,6.079708048066464581e-09
-3.191893004394740234e-09,1.801618258423127124e-09
4.154724723359537226e-07,4.654117551610173602e-07
-4.112987350745084599e-07,5.106687557372193505e-07
1.088397621444966317e-08,-8.478148577452605185e-07
-6.222266800507724860e-07,-2.420217487432250699e-07
1.034023376807406398e-07,5.706099485251025466e-08
1.485805267943171734e-08,-2.321372284172135585e-07
-1.313015172688693158e-07,-6.061426946574622672e-08
-4.826849615495171259e-08,4.704644754538292541e-08
1.760486284717720639e-07,-5.391448070639388935e-08
2.683401174847677358e-07,2.673706464591314086e-07
5.906563328966692948e-07,-2.124966518710448802e-07
-4.452370385557082841e-07,-1.775539861287371281e-07
1.461444448348887025e-07,1.099860933643732413e-07
-2.753374262388035315e-07,-1.150504103247586850e-07
1.220928961129811589e-08,-6.399724440203462648e-07
2.015801550725354701e-07,1.807161169839586412e-07
1.353562664808013747e-08,-4.266855802802153057e-07
4.388473811925327771e-07,-1.555536944337995259e-07
2.958276185281834459e-07,-1.011266169022905176e-07
-1.004510133733903590e-07,1.092388748621490666e-07
-2.486330279716049105e-07,2.949450224993288064e-07
-1.685495876845642669e-07,1.936745635712577289e-07
7.042262647889423165e-08,-4.365594304894701215e-09
-2.889480181306995629e-09,-4.781800755801171906e-09
1.929719626650171509e-08,-2.891916324750501384e-08
8.469903128271891983e-07,-3.064600148058089692e-07
-9.041128991205512594e-07,-3.439738271951937015e-07
7.289446734877867117e-08,2.709626953850609854e-09
-5.422329904620720856e-09,3.102975950006505281e-09
-6.383978703107278974e-07,-8.659622812261652307e-07
5.582417710540402984e-07,-8.703778108534604839e-07
9.751873440043430883e-09,-1.141174686898195907e-06
6.511606494221419383e-07,-7.514483081974967684e-07
-7.219456807770536548e-07,-7.604960637100634576e-07
-7.045403622191585757e-09,-1.015135740062223254e-08
6.904505713248662242e-08,-1.014197169245299435e-08
-5.553234638042972641e-07,-9.482825517160037343e-07
4.685960939083658247e-07,-9.612833596458140216e-07
7.370034374114210241e-07,-6.104418703490868012e-07
-7.990998460547917813e-07,-6.348376927392965811e-07
-3.525896096478431976e-10,6.168155039636795083e-09
3.393314344488530776e-08,1.250894222464030373e-08
-5.557577843527770496e-07,4.107208964689465387e-07
5.477776030349321011e-07,3.721397523889341792e-07
-4.791950281831891584e-07,-1.009908570404491077e-06
3.921322690225465646e-07,-1.025748122365195132e-06
8.033714438221781088e-07,-4.752265663790749163e-07
-8.600390768056365417e-07,-5.110037074547389123e-07
-6.553870842478576738e-07,3.123551139429785196e-07
6.356271199715514619e-07,2.836821039722236907e-07
-4.153479911733338991e-07,-1.052758279964701986e-06
3.353303990056997282e-07,-1.066642381483793226e-06
4.722311533704720024e-08,-1.800898438187696676e-08
-2.319472690546038304e-09,-1.512252813888227910e-08
-8.771062973682980629e-09,-1.494190851120404361e-08
7.231682304233825842e-08,-8.033509742384256126e-11
7.116100082859802731e-08,-1.359101192614532801e-10
-5.454316787173541849e-09,1.969161091342988468e-09
-5.237990049422709450e-09,1.776251427011766097e-09
-7.596039079889519250e-07,1.968869051154438749e-07
-7.993685759602242459e-07,1.439899231668606925e-07
7.603680958739254462e-07,1.352876695929426810e-07
7.260878042157786127e-07,1.816885551050488478e-07
-3.493817974561455885e-07,-1.090738214108685462e-06
-3.184469332977883966e-07,-1.104658125877994775e-06
2.854298449161646518e-07,-1.098269774629801582e-06
2.644107269546712039e-07,-1.109007916379093844e-06
-8.344368267421415489e-07,8.887106015948252127e-08
-8.630523422417364941e-07,4.188490789210754844e-08
7.905150816023027463e-07,8.705353402480726258e-08
8.150815064119449188e-07,4.600307378544852860e-08
-2.839803701666641594e-07,-1.116741692813258650e-06
-2.508539764668335498e-07,-1.127479751816790409e-06
2.418992357559910865e-07,-1.118203824211240113e-06
2.205390910400402529e-07,-1.126397165873497765e-06
-7.392717641527389744e-09,-1.315005365650685253e-08
-7.132699086634826191e-07,2.565581980042582898e-07
6.860339273046673887e-07,2.342337589687274154e-07
-3.828809569749222416e-07,-1.074913403440474170e-06
3.096920026837085030e-07,-1.085570522209344868e-06
-8.867759330136504332e-07,-4.360446852728836582e-09
-9.050416825749313652e-07,-4.186763701478139480e-08
8.354095078102566289e-07,5.639494466725413836e-09
8.510525856100058590e-07,-2.707911913131233022e-08
-2.128907019435390879e-07,-1.136480559155236932e-06
-1.751300546669960856e-07,-1.144366585245479065e-06
1.955455779681301213e-07,-1.133642604391133559e-06
1.694256187911132765e-07,-1.140425505244716502e-06
-5.636263742728069626e-09,1.555212014496058234e-09
7.290434797010249706e-08,5.412102809624377140e-10
3.207630955717203185e-07,5.411564959466150648e-07
2.774110342682180510e-07,5.654420234291006368e-07
-2.806551766105843327e-07,6.013269709478636093e-07
-3.172472126879838865e-07,5.819831960750407933e-07
-9.191275112594129155e-07,-7.647241353514964642e-08
-9.292622597954917730e-07,-1.028241755828892772e-07
8.631013819579029687e-07,-5.726221818379697464e-08
8.717788021411893117e-07,-8.025403851644140503e-08
-1.309249664086555438e-07,-1.150195713316378693e-06
-8.557407042342663352e-08,-1.154765438721556588e-06
9.943986594869134916e-08,-1.151403944037513620e-06
1.365292834725430173e-07,-1.146230546961955819e-06
6.893028927269743851e-08,1.831322125070117769e-10
-6.426319456363924821e-09,8.025145744687325637e-10
2.328505473784885160e-07,5.866337718318022629e-07
1.938819724729748528e-07,6.037077352417845358e-07
-2.167957605344699091e-07,6.281771051568655631e-07
-2.456178449905428934e-07,6.167183836448209208e-07
-9.364830281055949433e-07,-1.253245842227815156e-07
-9.413748539641379455e-07,-1.411829755860598095e-07
8.822040850448172480e-07,-1.138024512116084149e-07
8.779735074456403745e-07,-9.990854947230491294e-08
1.542657788206140444e-07,6.181659024384607221e-07
1.197730461060402181e-07,6.294260722357453470e-07
-1.648446513683545607e-07,6.437294643120338309e-07
-1.887202527207757508e-07,6.371291358463464540e-07
-9.447262950795989915e-07,-1.537318619760736937e-07
-9.470668632558258394e-07,-1.622838848319174609e-07
8.851538345400350071e-07,-1.248786087614877516e-07
8.872785947822522083e-07,-1.325549174313460771e-07
3.713336356626558788e-07,5.117929057272476739e-07
-3.653588701960793536e-07,5.565179239972174932e-07
8.505709265165804300e-08,6.385611116484912586e-07
5.494070515139791860e-08,6.452900869004889029e-07
-1.191503710797795458e-07,6.523432423754274863e-07
-1.407170810685509899e-07,6.487653883249339659e-07
-9.488470321923006822e-07,-1.696874311486629158e-07
-9.502255481407416740e-07,-1.765465575565166410e-07
8.889716322429406856e-07,-1.394074103595041065e-07
8.903444489553256387e-07,-1.459812385110074912e-07
-7.516874602088912427e-09,-9.709930693465779401e-09
-5.655423868938110995e-09,-1.148470112622108175e-08
7.223643139756807013e-08,-9.868709234723472630e-09
7.340312362704047328e-08,-8.186280785122592371e-09
2.674132281675840594e-09,9.570575019000947795e-09
1.354518923967694623e-08,1.358288630260157741e-08
2.479402380103888377e-08,6.503579192420395356e-07
-1.396248968021017921e-09,6.536763170393603983e-07
-7.474793107896967896e-08,6.561777162203581788e-07
-9.627009084264944259e-08,6.548046269012946315e-07
-9.511178326602989025e-07,-1.860074593612384854e-07
-9.511557044592105832e-07,-1.988242342148741891e-07
8.913102480872510159e-07,-1.552162433266310317e-07
8.914909366865887123e-07,-1.677579187521162147e-07
8.861562128406805829e-07,-2.149465838087674349e-07
8.900063333580560197e-07,-1.878194841907403629e-07
-9.493939347181836551e-07,-2.194032685557882275e-07
-9.451282273239540710e-07,-2.473504002953829639e-07
-2.773560325558124014e-08,6.557217490173736413e-07
-5.093457129283309192e-08,6.564847044502319756e-07
8.791686919256778587e-07,-2.617149329335956673e-07
-9.376268986268306220e-07,-2.964187673254935634e-07
-1.973717217388341108e-09,-4.651863861994407246e-09
-4.558470372369310873e-09,-1.532008877262446033e-08
7.176433693140030854e-08,-1.358272361052660072e-08
6.909119564803360647e-08,-4.314609364383719236e-09
4.851738643774570160e-08,-1.120904250022063828e-06
6.732179650671149391e-08,-1.171214299358494831e-06
-5.082760930183282027e-08,-1.174648468236775780e-06
-2.974803375331412503e-08,-1.120671880016459100e-06
-9.477686216258281190e-07,-3.428451312900979807e-07
-8.971845946428246124e-07,-2.958694982083789928e-07
8.398891106228049954e-07,-2.611087267720540385e-07
8.895618959266381340e-07,-3.059270887574717717e-07
1.406100088283546123e-10,1.115554540217761230e-08
3.033007448588741333e-10,3.290626609149650714e-09
1.903382559710648010e-08,6.908172279768730601e-09
2.771616681259278760e-08,1.973046872527989436e-08
9.114794207954491175e-09,-1.176849221745396444e-06
6.870308818220526202e-08,-3.972530781791744233e-09
7.435604440391243376e-08,-1.283027293935927919e-08
-9.679239631451078251e-09,-1.309694988394016300e-08
-4.036946580487800679e-09,-5.244163940209364364e-09
-1.119752926670670008e-09,-1.271893090185225748e-09
6.901678862463506387e-08,-1.065541276818104746e-09
-4.263018627165674240e-09,-6.147292175191759126e-09
-9.136370965568331413e-09,-1.590365259017615797e-08
6.967129936633432656e-08,-1.813833580681097326e-08
6.058113050431294805e-08,-1.303433699900616665e-08
6.060553045963732935e-08,-2.395802195840953641e-08
-7.551786946579190746e-09,2.210824365074777880e-09
-2.938111236000487484e-09,1.066454969591643044e-09
7.195471671885354270e-08,7.868848868207772692e-10
7.395452454345149164e-08,1.488595234904521416e-09
6.798254013017707207e-08,4.332352338653925181e-09
6.141320768423737573e-08,6.651518030626526360e-10
-2.477609499261223420e-09,3.845846480886817487e-10
-8.121338371469353571e-09,5.150081113609454970e-10
6.311594872114440012e-08,-5.839160041763911473e-09
5.140541814919872289e-08,-7.928532265146749056e-09
-8.935755590438373122e-07,-4.412614266161337841e-07
-8.675821231640065582e-07,-3.757298295319537426e-07
-9.290952215259195310e-07,-4.090701654374428195e-07
8.378041381425300488e-07,-4.020504143945878598e-07
8.726540155397648386e-07,-3.701510015904898491e-07
8.114926675350555281e-07,-3.363664469633046958e-07
3.322158075218463346e-07,-1.090690186945302078e-06
3.124092826667106102e-07,-1.062300126860450383e-06
-3.865676392546573438e-07,-1.046623626102905406e-06
-4.115017801699623990e-07,-1.081452381299139526e-06
6.856574199552667853e-07,2.851589660492958899e-07
6.367691954387709499e-07,2.324072837442489587e-07
-6.569274512488150398e-07,2.545084175151803102e-07
-7.125398649414168057e-07,3.140514173488834889e-07
-4.137284291393052670e-07,5.572970310733068608e-07
-3.622438283724442606e-07,5.118122914169413018e-07
3.683343399785668740e-07,4.659370233359137347e-07
4.183628798171673695e-07,5.120250915091197342e-07
-9.104878191992664846e-07,-4.945961797135855581e-07
-8.437727546197134732e-07,-4.574387147920141792e-07
7.871614494110308682e-07,-4.186756489450019194e-07
8.554288511900949906e-07,-4.576121417071476964e-07
4.972020060018369923e-08,-2.914671084496373153e-08
-4.895761831237367349e-07,4.717801305530462359e-07
-4.276839440215794237e-07,4.617632276177128917e-07
-4.711920603239459847e-07,5.210084471211526140e-07
4.882447804608713262e-07,4.286160039416949033e-07
4.717731740297392949e-07,4.754465803572349485e-07
4.304638114243662182e-07,4.189448712241769100e-07
4.962373340815753269e-07,3.715784567561754885e-07
5.391039288922019434e-07,4.301566412459363601e-07
-5.456243463986224140e-07,4.736427710852861506e-07
-4.987435735891466414e-07,4.102814797657973625e-07
-1.974329120845074880e-08,-1.159679221617679453e-07
-8.258472530775006836e-09,-5.557017357413783060e-08
-1.161169734920908827e-08,2.418601657871264357e-08
-4.262637491918364460e-09,1.063097139729863510e-08
9.027004784772121323e-08,2.263144242638143476e-08
7.583237133066936359e-08,1.050512467334996995e-08
1.062345793160596036e-07,-4.607278540704256224e-08
8.002669763805577625e-08,-2.460808962222901634e-08
-5.974041130198707114e-08,-5.909250273214150273e-09
-2.229692160924901669e-08,-3.047251343414489766e-10
-1.546889471621303011e-08,2.538424299892176318e-09
-3.160373945867676741e-08,1.154781753789042240e-08
4.112316665437371887e-08,-5.863735743795273628e-08
5.164376944542254384e-08,-1.155556903411110268e-07
8.611879126538018823e-08,-1.376343403615222101e-09
1.168489159479817241e-07,-6.934810975040711620e-09
6.079242548618767294e-08,2.208515825434938569e-08
6.980048935009278914e-08,3.653271899976915711e-08
-1.462194778195465797e-08,-2.781576600620016926e-08
-4.649324188882585616e-08,-5.259488828291521105e-08
-1.139221522227804257e-09,1.219452997692519387e-09
5.042714431047553788e-08,3.673084905396250252e-09
-3.471373079956717136e-07,3.542738582452785342e-07
-3.897131685336881078e-07,4.091463649347082423e-07
-7.340960775658153081e-07,-3.345151421694444548e-07
-8.100466197690866412e-07,-3.574364712348226394e-07
5.830966225278875975e-08,-9.860556009698188998e-07
5.112458793168889440e-08,-1.066669807330109012e-06
7.143002909486722193e-07,-2.122333381765461777e-07
7.863666721385215624e-07,-2.417431753682499254e-07
2.943135339428215715e-07,3.622942616621431732e-07
3.333327893668149102e-07,4.157623792967030543e-07
7.569554931328818199e-07,-3.185015137524547132e-07
6.890454667252819765e-07,-2.962232408862460087e-07
-3.252439809066900113e-07,4.594867667415389792e-07
-2.801541040247162512e-07,4.012188855766246345e-07
-3.250772619859369144e-08,-1.065996208075892086e-06
-3.856935900104381401e-08,-9.863601402155027885e-07
-8.410143059275249900e-07,-2.747621218430221117e-07
-7.623826644044039200e-07,-2.417248795838725029e-07
3.940565588306567075e-07,3.695772342979793382e-07
3.547030140796802779e-07,3.194329797741903395e-07
-4.311780761699612707e-10,2.242209985067813600e-09
3.703082911523753308e-08,5.476903261181814059e-09
-2.448650758753249032e-08,4.511661040423200274e-08
-2.902940201974140697e-08,2.555482317623403171e-08
-5.232580541074900263e-08,2.677760654461733999e-08
-2.949680856939773977e-08,-1.907391962752303541e-07
1.557808147667238848e-08,-1.501388927871816230e-07
5.990066919375548313e-08,-1.903029123476992214e-07
1.448074065037057954e-07,-7.052615107903240667e-08
1.296021424751218603e-07,-3.455502685481366856e-08
1.598172565156860030e-07,-1.760310620713898522e-08
1.077361747972117153e-07,3.831317328625150153e-08
8.689501905106133080e-08,3.741997468969185763e-08
8.220673739245125084e-08,5.569860916388057870e-08
-1.118241395992462540e-07,-1.772047003979956038e-08
-7.506237171246835322e-08,-3.840361094277411268e-08
-9.331603056903358695e-08,-8.088985526756986817e-08
6.503618059719863919e-08,1.272927374932165708e-08
5.422834592585821223e-08,1.328799174650668504e-08
-7.028098681726829351e-09,4.414042173142109807e-09
-1.755875193127014048e-09,5.487008612860737839e-09
-1.652728033719280159e-09,1.011257183620542793e-09
-4.075405308585345052e-09,1.732607836927181572e-09
7.155029823633738378e-08,1.552903925681965844e-09
7.022292408401584326e-08,1.225138162981040892e-09
-6.327317402271680300e-07,-8.191808498148791695e-07
-6.730103493517644298e-07,-7.651135540379407512e-07
-6.789946195354678064e-07,-8.147838617405031197e-07
5.521157754397824939e-07,-8.181376632683884099e-07
6.032462997704638424e-07,-8.127971514559535084e-07
5.967537863441816894e-07,-7.570088129791319760e-07
-5.948025710165023340e-07,-8.653551141271573524e-07
-5.952463264856361229e-07,-9.086968892911988315e-07
-5.548961128389912732e-07,-9.081782029204573227e-07
5.107019127425587267e-07,-8.701544278627757012e-07
4.681622322620233174e-07,-9.179601170586802157e-07
5.111382214359841783e-07,-9.180006542174752639e-07
6.389766316780452980e-07,-6.942550676322523084e-07
6.936525213974309893e-07,-6.817799716255215050e-07
6.812805247171552859e-07,-6.231017165380080035e-07
-7.108003472273054474e-07,-7.095009396434737366e-07
-7.485643419428172841e-07,-6.459624725064955955e-07
-7.600060475435867238e-07,-6.986565358362315446e-07
-7.737286391065966679e-09,1.397664474499916059e-09
-8.949811441981831624e-09,5.288793126629117386e-09
7.426423575402085615e-08,7.958712343668476114e-10
7.521369817169368832e-08,4.385416906636331692e-09
-5.188689333926249512e-07,-9.444232725901745932e-07
-5.156365343767939813e-07,-9.803887126686707769e-07
-4.821728343752774634e-07,-9.768610756728887525e-07
4.310375889873889131e-07,-9.577408994083761606e-07
3.949467736738853506e-07,-9.925392510971684452e-07
4.278060162631479552e-07,-9.954873715188213069e-07
7.203318113013763314e-07,-5.540985804755181052e-07
7.706606146706631620e-07,-5.420102867527933315e-07
7.546928870267344581e-07,-4.869417956766306089e-07
-7.835269116076904409e-07,-5.835514746706242087e-07
-8.144652332325537220e-07,-5.216384477000062742e-07
-8.297591820103525796e-07,-5.727575832132710595e-07
-4.488256560302817930e-07,-1.004104454788027476e-06
-4.461132887109146252e-07,-1.032120728782255097e-06
-4.178664530842938799e-07,-1.026627752052107905e-06
3.640306180295372860e-07,-1.020805421668653215e-06
3.373590263897778397e-07,-1.043250249215002669e-06
3.616503374374328716e-07,-1.047536810151089758e-06
5.467400599906421290e-07,3.250474940651907038e-07
5.909411992200979955e-07,2.809941594725032766e-07
5.919321006749162510e-07,3.275944033424107077e-07
-5.548686608685182568e-07,3.587633852965565727e-07
-6.055795274752151611e-07,3.614966614764104639e-07
-6.047183750611623030e-07,3.093912680865157734e-07
6.413433129958123732e-07,-1.829032074416099873e-07
6.654830224652539736e-07,-2.406304021769632157e-07
6.150600961316191070e-07,-2.702121513471369217e-07
-3.028243158733009644e-07,2.993079573629939036e-07
-2.916823390832140948e-07,3.496897003022673868e-07
-2.372796579267328624e-07,3.451478307754762988e-07
6.427768253006980326e-08,-8.955583428836816553e-07
1.020944861991387333e-08,-9.427916668592407520e-07
-4.318028927961226911e-08,-8.959193109407885128e-07
-6.501066783646120117e-07,-3.069246977877175492e-07
-7.076516705173861836e-07,-2.732612141695677470e-07
-6.802135361991658643e-07,-2.084103489275931555e-07
2.578461495057693577e-07,3.117693932124136420e-07
3.052581211767501352e-07,3.155953187158515288e-07
3.154938373142242594e-07,2.709123564623920088e-07
3.922649721146163460e-07,-1.056094555989854119e-06
3.619711152519156183e-07,-1.074297321569596571e-06
-4.794247999791251732e-07,-1.041594593370335599e-06
-4.464605895319367518e-07,-1.061757688309051807e-06
5.939256467910524408e-07,3.826670060429708979e-07
6.377598801137430809e-07,3.381944248586370805e-07
-6.074352330268942598e-07,4.223368602644283339e-07
-6.574348642525240202e-07,3.733072993987056030e-07
3.798617947797895005e-07,4.156970169816849528e-07
-3.743701392717980079e-07,4.589903594644502817e-07
-8.504621778260861029e-07,-6.264233012148477667e-07
-8.806196369887951969e-07,-5.643505648826216475e-07
7.928909005635582146e-07,-6.007854064251386805e-07
8.249910737993778733e-07,-5.325257674926651352e-07
4.704525445425275120e-07,-1.000614463245954917e-06
4.296502365958499276e-07,-1.030444271032276497e-06
-5.572821357379725189e-07,-9.857222305257388493e-07
-5.175968182730932962e-07,-1.015000918377233076e-06
4.251757769969355606e-08,1.709026492713793266e-08
4.723319794989595017e-08,9.416224542441070721e-09
-1.069962843131416627e-09,4.030850764834230512e-09
-5.694148249414045818e-10,8.409789304853365978e-09
-7.726267830572097509e-07,-7.546922357558953235e-07
-8.120323641165314033e-07,-6.925302016410397317e-07
7.074288713308900425e-07,-7.445449793299345043e-07
7.510288641659300264e-07,-6.745696438580403125e-07
5.622873935047330703e-07,-9.193112941340097444e-07
5.149867445012635389e-07,-9.626349635576693286e-07
-6.423101420191211579e-07,-9.102816158499418745e-07
-5.990271640409626925e-07,-9.499219541848203850e-07
-2.592972627334721068e-07,2.466221583521074277e-07
-2.173401373542572166e-07,1.973252919203076750e-07
-2.073834521981303469e-07,2.426081612560139342e-07
-1.964862178791886701e-07,2.906074215574789642e-07
-1.583013489224866167e-07,2.385459601118966369e-07
4.148255297898080337e-07,-9.890792993896128266e-08
3.424264329220699059e-07,-7.406380214326047280e-08
3.653530365596508951e-07,-1.277376569316074648e-07
3.890909409758927781e-07,-1.842993602179636370e-07
3.182936804705393308e-07,-1.546588470600097527e-07
2.237936644544807928e-07,2.638176064984116964e-07
1.924116706299956935e-07,2.189926899326168827e-07
2.336754379372526532e-07,2.222348180253468581e-07
2.779587050766256672e-07,2.254215064063045522e-07
2.425523020705752590e-07,1.835477014818773059e-07
-3.709009579390365641e-08,-2.785258532495143448e-07
-4.264326032536595870e-08,-3.759624044290295182e-07
1.419677488645910702e-08,-3.254596121037060283e-07
-1.760843233855992397e-07,-3.500692668186648559e-08
-2.499719643468415012e-07,-5.694811226682533509e-08
-1.988838630664255698e-07,-8.643302473904435764e-08
6.614706923417062485e-08,-2.781871095188771102e-07
7.037733617570869660e-08,-3.756264842289013765e-07
-1.531290302251208141e-07,-1.117294800345994578e-07
-2.235170023227140038e-07,-1.443046849742232419e-07
4.633064897934332913e-07,-2.137902509013888689e-07
-1.072376753627378721e-07,7.738107601775545924e-08
-1.407217575595581703e-07,1.120244802494366366e-07
-4.803748997399472464e-08,-6.933145107002109105e-07
-4.802505533753860862e-08,-5.864592479218896891e-07
2.745548160445817065e-07,-5.181138114443301303e-08
1.165838474878037277e-07,1.078343093599608062e-07
1.386582049405969432e-07,1.406694031392085215e-07
-5.052994937425086768e-07,-1.426246900657125336e-07
-4.169390865325491417e-07,-1.115535053237620902e-07
1.287248279212763221e-08,-5.325568532376962567e-07
-4.625787426760553694e-08,-4.796679927926612422e-07
9.778184700171822873e-08,7.948574247815961957e-08
-1.776070408208013391e-07,1.522165795866639666e-07
1.723334233235408154e-07,1.432046188938414519e-07
1.639707823998915961e-07,1.778151704060879128e-07
-3.582450431217215329e-07,-1.456809271905232458e-07
-3.310513105681744847e-07,-8.273136905402740424e-08
-7.763479854931168100e-08,4.881718992279609080e-08
-5.938340828559317714e-07,-1.751647484480481686e-07
-1.327287245412716573e-07,1.489760276752759096e-07
5.391796133220598337e-07,-2.425880283387167731e-07
2.130536505130883259e-07,-3.277852939748820728e-08
-4.638950943040327448e-08,-7.973688349332299892e-07
7.266608883022680633e-08,-4.793292668402997523e-07
-3.020329197200065522e-07,-1.778460794655635450e-07
2.096266813085921378e-07,1.456623409435922814e-07
1.284205358365460073e-07,5.833930805144735455e-08
7.310673361786972361e-08,-5.861204304866930429e-07
-4.233415385439102939e-08,7.266065597016943269e-08
-3.862741759633174234e-07,-2.116022455766994769e-07
-5.625601014243969895e-07,-2.768307410845362300e-07
-1.233233963883548447e-07,1.899469674517779524e-07
6.881926748641730384e-08,-7.970294586973821076e-07
1.794866788014317318e-07,1.120552043035783474e-07
5.660610430055232895e-07,-1.539236493144041177e-07
1.942670374195230875e-07,-9.718777316342486287e-08
-7.217127674005813895e-08,7.508762231209427472e-08
1.231477164422423744e-07,8.124421726471942427e-08
7.179291442836731759e-08,-6.929764810598011567e-07
-4.738838222640355218e-07,-2.448367336821313769e-07
1.523649831251045885e-07,8.291744459159406493e-08
-9.206201663330019647e-08,1.456373103541905942e-07
4.899566871552486197e-07,-1.257294458105464736e-07
5.145279035113337846e-07,-1.839923390060540716e-07
2.527315812207970097e-07,-1.254297366902301029e-07
-5.339902556113719744e-07,-2.099118621032754280e-07
-6.494738796920334823e-08,1.063363796456036073e-07
1.154671535371812079e-08,-7.459874072443626415e-07
2.321005560081859901e-07,-7.631562323943821690e-08
-6.862312724381707058e-07,-8.636718056984602848e-07
-7.294926454418012305e-07,-8.121799884585030308e-07
6.110202559745566691e-07,-8.674162536612840559e-07
6.593226241087667528e-07,-8.094629040640825385e-07
2.761721292128161192e-08,-9.570338491975698925e-09
7.748285829714465777e-08,-9.923347274718886002e-09
-1.163450162729604162e-08,-1.068134355354817236e-08
7.947207110503932163e-07,-2.884892823414252173e-07
-8.500228780269432661e-07,-3.252130287524072017e-07
1.947184864940325485e-08,-4.857032762396650213e-08
-1.505547155022121994e-09,-3.017237199398369033e-08
3.816172201930646027e-08,-3.570392872875788895e-08
9.609604330060801540e-09,-1.090487049885661152e-06
3.469631837295240236e-08,-2.324488709426622166e-08
1.144769161206298693e-08,-1.420607079954934475e-08
