Size 955,2
0.000000000000000000e+00,0.000000000000000000e+00
0.000000000000000000e+00,0.000000000000000000e+00
3.954211888975523659e-09,-1.906624788353394441e-06
-2.816528773981581118e-08,8.190664461879583715e-07
3.515009847764521934e-08,-2.704842142424509097e-08
3.294742579285530742e-08,-2.082985813980676136e-08
4.075529609142019821e-08,-1.843798588287582078e-06
1.263800120113436650e-06,-5.514279668287389831e-07
3.390159352205052008e-08,1.402257604442442482e-09
2.887051398484028226e-08,2.332444737307901699e-09
1.310218091679316876e-06,-4.503959383099108186e-07
5.137263954803244131e-07,4.692758832069947604e-07
1.463192571367071578e-08,8.228992621344483881e-09
-1.833701614098994390e-09,4.736526967038890199e-09
3.904452580684218485e-07,5.692440676240765808e-07
-3.960816879506174159e-07,5.919526372925732667e-07
-7.665292119846147343e-09,2.664818554393242942e-09
-1.253266859158679135e-08,2.288594927029733483e-09
-5.192918577096511379e-07,4.908098630538578670e-07
-1.345532636888884089e-06,-4.682546758913720437e-07
-1.076804562679078906e-08,-2.178759829834496937e-08
-1.819966880419393258e-08,-2.585665906925711128e-08
-1.300053639702161636e-06,-5.675997954165419757e-07
-3.284701039051231076e-08,-1.843279993671165138e-06
1.970183002470645097e-08,0.000000000000000000e+00
2.558913957322271753e-08,0.000000000000000000e+00
2.439345989751706997e-08,0.000000000000000000e+00
2.204426963919625638e-08,0.000000000000000000e+00
1.499310675805305070e-08,0.000000000000000000e+00
0.000000000000000000e+00,0.000000000000000000e+00
0.000000000000000000e+00,0.000000000000000000e+00
0.000000000000000000e+00,0.000000000000000000e+00
0.000000000000000000e+00,0.000000000000000000e+00
0.000000000000000000e+00,0.000000000000000000e+00
4.457787219880658964e-08,-1.902494790053809617e-06
7.907288869854787317e-08,-1.895767364045685683e-06
1.083286545613448599e-07,-1.889999172457347046e-06
1.367197197660442716e-07,-1.884476778739555858e-06
1.661331724134643214e-07,-1.878733732048437236e-06
1.983327234325659959e-07,-1.872033019842969791e-06
2.347544138623625511e-07,-1.863371802220321119e-06
2.764872268549582164e-07,-1.851697058686199297e-06
3.242030634820811769e-07,-1.835714254704467235e-06
3.781726729788797753e-07,-1.814388386642025938e-06
4.384752712569796227e-07,-1.786421903570278378e-06
5.053691483712892275e-07,-1.750724739316655943e-06
5.800586495664277569e-07,-1.707726086929263908e-06
6.596744300491128823e-07,-1.654966120927043848e-06
7.460580085262291432e-07,-1.589121709598177033e-06
8.335398853780610770e-07,-1.513244460315789442e-06
9.232180325430365141e-07,-1.425125021811655923e-06
1.009989875227165637e-06,-1.327657804980989983e-06
1.092318363240932084e-06,-1.221646226665255500e-06
1.168325158462213695e-06,-1.109795146116687808e-06
1.235740888647478938e-06,-9.947187301312360571e-07
1.292640603086568173e-06,-8.795768247800714049e-07
1.336987035861692494e-06,-7.682024122589475784e-07
1.367505323471037744e-06,-6.652226627252800528e-07
1.382668239223239977e-06,-5.773990430881767566e-07
1.387080898003598810e-06,-5.054468034585895798e-07
1.380569321023860447e-06,-4.543282771106819169e-07
1.368070997168632836e-06,-4.269770824784498743e-07
1.355434204854161747e-06,-4.200610917946624927e-07
1.344879123888161060e-06,-4.261913146100850445e-07
1.337657710593133160e-06,-4.404773451596900511e-07
1.334421114893600302e-06,-4.581748623926829794e-07
1.335024480697243215e-06,-4.749287079936326980e-07
1.338714254219516662e-06,-4.869122390239348014e-07
1.344216050253573891e-06,-4.909434377131494915e-07
1.349926378211075272e-06,-4.845367599759150641e-07
1.353889089053701240e-06,-4.659930572954237879e-07
1.354265292903542100e-06,-4.343669771801031171e-07
1.348949517930908546e-06,-3.894940963247751540e-07
1.336450372252901174e-06,-3.319279874044945342e-07
1.315040385004287226e-06,-2.625358905410877574e-07
1.283553819973331448e-06,-1.820734712934237867e-07
1.243150205939205498e-06,-9.040790645791912818e-08
1.190603273430277697e-06,7.718340171486578988e-09
1.123704554406989947e-06,1.132324995476263894e-07
1.045759694482376916e-06,2.184462576005319620e-07
9.571248394491048237e-07,3.225087586180341904e-07
8.603061452960177898e-07,4.200426122121224544e-07
7.600574326338440650e-07,5.070496038489091451e-07
6.579863464874753071e-07,5.816144786832647082e-07
5.645230143228634458e-07,6.393726263590897551e-07
4.768277602625266284e-07,6.870490894984930032e-07
4.004041503747552003e-07,7.216055312106098215e-07
3.323222683133060743e-07,7.478468676002935536e-07
2.743883997849986098e-07,7.691363671400330424e-07
2.234919185540977933e-07,7.852051112840279627e-07
1.783398466175116269e-07,7.970358626047024524e-07
1.382152101575299083e-07,8.055841159299928788e-07
1.026137137621287992e-07,8.114341514585018762e-07
7.097301585574614801e-08,8.152794115836618294e-07
4.270709649882510494e-08,8.175736058364110308e-07
1.719919549279378296e-08,8.187738849990185302e-07
-6.199039697212793457e-09,8.191882128735702160e-07
-4.940981680549654062e-08,8.185289537009510761e-07
-7.066857604337762219e-08,8.176026099361812097e-07
-9.271291839394577070e-08,8.162262400161551581e-07
-1.163594444504602467e-07,8.142354634460324857e-07
-1.424606412232083643e-07,8.112984650662604320e-07
-1.718952905283240273e-07,8.070099184860866304e-07
-2.055564501030646751e-07,8.006903625601303890e-07
-2.443055326749273804e-07,7.916865457676682673e-07
-2.892497364278023226e-07,7.789175850809281918e-07
-3.421323085736515431e-07,7.611877324845454957e-07
-4.068398342301833099e-07,7.386659956266276820e-07
-4.816911364090322223e-07,7.074590304046398533e-07
-5.701735630439321947e-07,6.614190888617513390e-07
-6.651654965143479327e-07,6.041972865995198340e-07
-7.697341691171323547e-07,5.289890526648704945e-07
-8.728202005672796045e-07,4.405311105976772385e-07
-9.728825500524123335e-07,3.405992234543630376e-07
-1.064689686078415146e-06,2.335700055211671282e-07
-1.145727191457888175e-06,1.249045183945744606e-07
-1.215427318699332461e-06,1.565557527933017591e-08
-1.270422733683348625e-06,-8.628787881728861004e-08
-1.312877308464335219e-06,-1.817724111508206518e-07
-1.346091667206404635e-06,-2.658923261074138636e-07
-1.368859299508195616e-06,-3.387311572678085026e-07
-1.382360828128046696e-06,-3.994731542145653264e-07
-1.388360122064799389e-06,-4.471920561056233307e-07
-1.388380131899255434e-06,-4.812850888493048613e-07
-1.384578870533079184e-06,-5.018831014434177417e-07
-1.378840955176564071e-06,-5.099148369000304332e-07
-1.373176840649112148e-06,-5.070759924044748864e-07
-1.369237650418792302e-06,-4.958622490924891687e-07
-1.368343362963227712e-06,-4.794743280701719891e-07
-1.371288511455532245e-06,-4.617649645454041783e-07
-1.378249962576060719e-06,-4.471186729501374468e-07
-1.388608035989522693e-06,-4.403089629304505486e-07
-1.401131346653697478e-06,-4.462512593275655111e-07
-1.413634743850622924e-06,-4.724197364747453303e-07
-1.420209517390749088e-06,-5.221970362405670968e-07
-1.415674648937469169e-06,-5.924194498543631373e-07
-1.400555789142879013e-06,-6.775232028684237746e-07
-1.370937115531570279e-06,-7.767199970571016924e-07
-1.328133026429717377e-06,-8.839291748721720077e-07
-1.273313720475890803e-06,-9.948057410047266105e-07
-1.208364915596905855e-06,-1.105764605963116588e-06
-1.135047703100206401e-06,-1.213856306390918661e-06
-1.055440792818416198e-06,-1.316665864102181478e-06
-9.713078090671309345e-07,-1.411756382238418323e-06
-8.839724798324962073e-07,-1.498286124594347111e-06
-7.979812110005784721e-07,-1.573677674516023245e-06
-7.124568991085037452e-07,-1.639770174609458385e-06
-6.324512954831351139e-07,-1.693846937084880427e-06
-5.563937138695117627e-07,-1.738777643791219070e-06
-4.868813184083954990e-07,-1.776712761266365064e-06
-4.229051692172772041e-07,-1.807230423309286421e-06
-3.643037891788865622e-07,-1.831251016225068218e-06
-3.110906279192101729e-07,-1.849880949354567244e-06
-2.631309561149219112e-07,-1.863986334931735441e-06
-2.199638449098962519e-07,-1.874672695186324563e-06
-1.807907806499485935e-07,-1.882827522914526323e-06
-1.445449514972267457e-07,-1.889314538751409776e-06
-1.099082619474596759e-07,-1.894771182347920390e-06
-7.550089427181730136e-08,-1.899628604196227877e-06
-3.776036238440375938e-08,-1.904585536989519549e-06
3.427703660088035665e-08,-2.124760786526485486e-08
4.885650374831660653e-08,-4.542583835695767075e-08
7.743215241529283946e-08,-7.202792609137955323e-08
1.209178171290001755e-07,-1.018761649449188055e-07
1.732755990578929786e-07,-1.327679488844778764e-07
2.363975820061487869e-07,-1.658467551032705488e-07
3.058495149528049554e-07,-1.992809709809829955e-07
3.824443047830920423e-07,-2.338327709829916214e-07
4.629946312449073039e-07,-2.681269205274593313e-07
5.474107724583576362e-07,-3.025886718236732161e-07
6.336465955446934267e-07,-3.362559043166101021e-07
7.208174330091107633e-07,-3.692530566996549542e-07
8.079082480862490077e-07,-4.009960822702821048e-07
8.933511129596252247e-07,-4.313421884724194899e-07
9.770332676930847095e-07,-4.600364937907387860e-07
1.056820199149642866e-06,-4.867753233083118368e-07
1.133823238646020029e-06,-5.118056072215797171e-07
1.204232662995385632e-06,-5.329093000315568219e-07
1.214645798145616496e-06,-6.352579161457729900e-07
1.158054858498976644e-06,-7.331136582485181030e-07
1.094256071809786203e-06,-8.403135944109762561e-07
1.023828645234459658e-06,-9.519710591123683409e-07
9.479778478790096795e-07,-1.064098406130812851e-06
8.678362127940594449e-07,-1.173623745243994963e-06
7.866877561621908992e-07,-1.277282190332596185e-06
7.050986572276980530e-07,-1.374533705585526249e-06
6.270405506237637628e-07,-1.461021750275837535e-06
5.516695421814233356e-07,-1.538824930553425918e-06
4.836435003674892136e-07,-1.604203022170081022e-06
4.198303086922346853e-07,-1.661147637100895362e-06
3.631403183714121915e-07,-1.705313961449864423e-06
3.117165121135779477e-07,-1.742031657308973867e-06
2.661207268126584873e-07,-1.771894201220761733e-06
2.261005709513366069e-07,-1.795427625085251264e-06
1.909816768830879354e-07,-1.813548857242468442e-06
1.596917660818892359e-07,-1.826926637369573807e-06
1.307672622721076334e-07,-1.836270947262172009e-06
1.024361043870074593e-07,-1.842043991460546128e-06
7.254593160521287033e-08,-1.844522172818683012e-06
5.181975099799364382e-08,-1.791309499549588169e-06
6.275613198853272104e-08,-1.729469856443078747e-06
7.335463407663058754e-08,-1.652505851455881394e-06
8.318551209509337591e-08,-1.565795752713217995e-06
9.228113341072109829e-08,-1.465796363788640665e-06
1.001289582724400107e-07,-1.357736093879935620e-06
1.068914760224131869e-07,-1.239426990030318924e-06
1.119219611460603021e-07,-1.115526244338799485e-06
1.155145883848811305e-07,-9.855950609104382451e-07
1.168913231569910763e-07,-8.533445244296224061e-07
1.164777477352017031e-07,-7.204604008400380987e-07
1.133644352894095834e-07,-5.893312421233475344e-07
1.081081665240285375e-07,-4.641437879595385088e-07
9.966774060702471840e-08,-3.455895117336565145e-07
8.873625870735703308e-08,-2.407281654563217153e-07
7.413872304388111165e-08,-1.481453181366774444e-07
5.663625980369918990e-08,-7.837733045250106125e-08
3.111519691527840568e-08,1.361892100482639814e-09
3.128800271858307024e-08,5.078236517728152417e-09
3.381000532229351645e-08,6.224590486152527185e-09
3.655947876579550307e-08,5.692777977302209119e-09
4.103112405637666515e-08,4.714621895151999261e-09
4.809779388672319905e-08,5.545291652715469027e-09
5.801134070280373550e-08,8.184423558537497413e-09
7.212017035405749012e-08,1.532455062385915020e-08
8.981815879390507681e-08,2.595957502623965038e-08
1.127563213702853436e-07,4.301882800991446212e-08
1.396443265525721019e-07,6.473544938886833069e-08
1.722568622388944800e-07,9.402801894410494704e-08
2.087989360110241291e-07,1.286156134272569355e-07
2.509888804311359187e-07,1.711607759371282263e-07
2.966950548815283722e-07,2.191068969839316541e-07
3.474404804433021976e-07,2.746023961920331622e-07
4.011473692037011541e-07,3.352711165354755239e-07
4.577348012456818617e-07,4.022222886411551300e-07
6.033575777952816391e-07,3.810106521712346234e-07
6.970116153806005446e-07,2.878765899363551347e-07
7.918815962272680852e-07,1.884404494125309322e-07
8.846071309739473842e-07,8.717333522310864379e-08
9.703368663819465904e-07,-1.216302560000040301e-08
1.049289329487413882e-06,-1.079085680341214765e-07
1.116650133575664862e-06,-1.940366272756586961e-07
1.176082080131502773e-06,-2.728139647483865360e-07
1.221299744361372401e-06,-3.391681876261740562e-07
1.258349594856978383e-06,-3.947737802469794892e-07
1.287901953795524849e-06,-4.379110289083053571e-07
1.310535392388662598e-06,-4.679828695160932212e-07
1.327527533956389163e-06,-4.851450562709477201e-07
1.339824072069157636e-06,-4.903066236380809107e-07
1.348540547310478342e-06,-4.852161823446835081e-07
1.354403644072893526e-06,-4.723921288007188270e-07
1.357814776080130343e-06,-4.551038648158132515e-07
1.358637168752290346e-06,-4.372670299820116376e-07
1.356132816829698900e-06,-4.232935458709920904e-07
1.348727152287889478e-06,-4.180090511693197363e-07
1.334376731904183175e-06,-4.264288522284343623e-07
1.239574150460104268e-06,-4.173217719312928726e-07
1.170546626861566762e-06,-3.868542633884008224e-07
1.096876670879457266e-06,-3.542122975090666038e-07
1.019085325421814504e-06,-3.211134121078538009e-07
9.369872672571361876e-07,-2.872686037939961039e-07
8.525767362544801371e-07,-2.535940206549477461e-07
7.660545988176314912e-07,-2.199441714063802681e-07
6.787706464747123063e-07,-1.871344012790222205e-07
5.918924009753431514e-07,-1.552839133639663564e-07
5.060608767535974521e-07,-1.250179400366684357e-07
4.234984135170544419e-07,-9.675606985640648695e-08
3.440262681174899341e-07,-7.090001629479462172e-08
2.710331817448286917e-07,-4.820531343153271838e-08
2.034076555211791440e-07,-2.881238778505795307e-08
1.458151603220825416e-07,-1.385738220830128586e-08
9.615721829222188221e-08,-3.214238459625702864e-09
6.035094217346662709e-08,1.769248568890669430e-09
5.519234838251577822e-09,8.056607573092629877e-09
-6.558220905033244308e-09,1.070058286470682291e-09
-8.878809793947878670e-09,-1.625336969521840636e-09
-1.056603314717427320e-08,-2.992527605950046905e-09
-1.198028147532617258e-08,-2.079486915142651258e-09
-1.509592700054577199e-08,2.895927023799896827e-09
-1.955544701275204028e-08,1.171371923858855926e-08
-2.756828104352884714e-08,2.665315559119777305e-08
-3.815119527389146640e-08,4.645721096719620872e-08
-5.357531953847058466e-08,7.367062526179314927e-08
-7.241519514270857042e-08,1.062466055793909258e-07
-9.682393160860682621e-08,1.467482822904853192e-07
-1.251125604880687838e-07,1.925849424071543663e-07
-1.591358037056024827e-07,2.460925182567782272e-07
-1.971247951472894317e-07,3.043971349286918788e-07
-2.404832236643676833e-07,3.693225246188660129e-07
-2.873907012821384522e-07,4.376600950932959047e-07
-3.384942095442964672e-07,5.118845354183717425e-07
-3.379515725000240531e-07,6.445058902113553790e-07
-2.854382546334682138e-07,6.858033502711456647e-07
-2.422508922494617331e-07,7.137672276514093822e-07
-2.041687154041031718e-07,7.353783472876271868e-07
-1.709435058969327729e-07,7.518351335142366815e-07
-1.417981266266791697e-07,7.639769767418957551e-07
-1.158791227856594751e-07,7.727493476460673872e-07
-9.236079679166685387e-08,7.787500953365728651e-07
-7.040496668936284289e-08,7.825089501243000600e-07
-4.921690654207745509e-08,7.843354142545034185e-07
-2.803277844983373998e-08,7.844057291442492735e-07
-6.126358965956184153e-09,7.827377571649856031e-07
1.720359885389682643e-08,7.792149848745663103e-07
4.262949940881726339e-08,7.735718648314884068e-07
7.077070371681052564e-08,7.654536822823901216e-07
1.022239203462717312e-07,7.542990278076341515e-07
1.375175667878501877e-07,7.395503245707698549e-07
1.771702803514738606e-07,7.203363899275339864e-07
2.216060166649757994e-07,6.959549465518741821e-07
2.707699089167105317e-07,6.653913540101167425e-07
3.281431388992794481e-07,6.224957284952902707e-07
3.348048004181868911e-07,4.899219347627554024e-07
2.855450807937680274e-07,4.166628774184864551e-07
2.409533442418003820e-07,3.499887934687637445e-07
2.000946393388473846e-07,2.872534482037201541e-07
1.648365170296664063e-07,2.316524551602403147e-07
1.335666730479564636e-07,1.811377299674828721e-07
1.080474502418740093e-07,1.385045503688063416e-07
8.628252296614775511e-08,1.012927722825278388e-07
6.988416649635355039e-08,7.191710505264297037e-08
5.662748172572015326e-08,4.778600806141552454e-08
4.779158162745002936e-08,3.067443462144771148e-08
4.110326441304842255e-08,1.810514531625047664e-08
3.732966914156663591e-08,1.096764768648490065e-08
3.432709309423877488e-08,7.144975481506235096e-09
3.217204296837782714e-08,6.389489061373379942e-09
2.907134485972389287e-08,7.211040214940603650e-09
2.414240220647023443e-08,8.171038809115341725e-09
-9.598793967647910070e-09,2.588262795119097108e-09
-4.104555745823246653e-08,2.717620973718094496e-09
-7.954848688333791236e-08,-2.395587831439451893e-09
-1.326738883695417655e-07,-1.350481417972733793e-08
-1.941150344701115500e-07,-2.917046044283812915e-08
-2.660502610514914742e-07,-4.950892901331042531e-08
-3.435618307078417783e-07,-7.333512456275050646e-08
-4.277544068790788477e-07,-1.004743221217590476e-07
-5.150687467072518345e-07,-1.301475950529004055e-07
-6.055940396142707804e-07,-1.618920778409660137e-07
-6.970205080766368084e-07,-1.952918326878310918e-07
-7.885345196587846545e-07,-2.296334794497969342e-07
-8.789641893385322609e-07,-2.648284469179324081e-07
-9.667040387492612353e-07,-2.999463230578658880e-07
-1.051631258966804370e-06,-3.351902040047326093e-07
-1.131414231028592166e-06,-3.695004147533991058e-07
-1.206412659883366715e-06,-4.032531260527288316e-07
-1.275623163004907467e-06,-4.345788646787947070e-07
-1.369187642998058303e-06,-4.456249199594878395e-07
-1.383168853524316503e-06,-4.381933703729656306e-07
-1.390272508597145377e-06,-4.441838680642111323e-07
-1.392507980922563032e-06,-4.585473899002926235e-07
-1.391408748128420466e-06,-4.764285121237735239e-07
-1.387675853338975214e-06,-4.933846134970669844e-07
-1.381403556232771222e-06,-5.054743892676575661e-07
-1.372147207039457119e-06,-5.094090887694552979e-07
-1.359139369823010901e-06,-5.026617743994155331e-07
-1.341220275613137008e-06,-4.834877648330239609e-07
-1.317414401400272744e-06,-4.509972196066543394e-07
-1.286410177796989231e-06,-4.050694305605909259e-07
-1.247621946457876698e-06,-3.463525317011974821e-07
-1.200374924844789649e-06,-2.766439256341298045e-07
-1.138513787702459162e-06,-1.942777215321058937e-07
-1.068513585683418222e-06,-1.044665833310074273e-07
-9.867128456383641799e-07,-5.000123644972458919e-09
-8.980840383844718968e-07,9.798067925778364733e-08
-8.025932941096126015e-07,2.025860500789454107e-07
-7.052456826703584433e-07,3.050739783568237949e-07
-6.098118473224737634e-07,4.005943862897002938e-07
-4.633856546901198621e-07,4.229642864113395346e-07
-4.061635074687067880e-07,3.542953711438110864e-07
-3.510715803335814737e-07,2.912069124575100697e-07
-2.985497445819705641e-07,2.329978895834836227e-07
-2.506569820486974131e-07,1.819559247689307197e-07
-2.060097078443259878e-07,1.362025397698054205e-07
-1.668147782644675790e-07,9.832668169934436050e-08
-1.314284865013299429e-07,6.583863911221644575e-08
-1.017894168968086922e-07,4.114660573550081130e-08
-7.612771272980913873e-08,2.140906432544304562e-08
-5.594700661785056763e-08,8.616059369475061679e-09
-3.953145852983970083e-08,-1.805046018560953929e-10
-2.777038156726254624e-08,-3.655477699186804909e-09
-1.918042278905376292e-08,-4.618135573320438071e-09
-1.385704640470386629e-08,-2.650062095044781670e-09
-1.074192727762003245e-08,-1.622872670021758422e-10
-8.878560327841986302e-09,1.956480366611029082e-09
-1.348664184816923366e-08,-2.039126399738728240e-08
-4.201080433097404962e-08,-7.822769952385734397e-08
-5.991338689441401074e-08,-1.483499203899655012e-07
-7.491251062997405750e-08,-2.408695616601873337e-07
-8.624325304595013911e-08,-3.457286283641468877e-07
-9.507456389296792681e-08,-4.642859867855777238e-07
-1.007227505221242388e-07,-5.894732964240036653e-07
-1.042283360773392431e-07,-7.206023401671965204e-07
-1.050341249486844308e-07,-8.534864750616328959e-07
-1.040495914708173285e-07,-9.857370152780267685e-07
-1.008491667910771421e-07,-1.115668196759965800e-06
-9.621088984970613832e-08,-1.239568935859378694e-06
-8.984061246946147198e-08,-1.357878092907654348e-06
-8.238485416766595592e-08,-1.465938480141524437e-06
-7.368061364502057445e-08,-1.565936283998108177e-06
-6.424573725825528053e-08,-1.652645878533122373e-06
-5.405134294184236601e-08,-1.729647680459270669e-06
-4.342560469338044341e-08,-1.791409927048703996e-06
-6.790404906462431535e-08,-1.842499557793504405e-06
-1.026761336176773281e-07,-1.838619571876873085e-06
-1.371065722617360600e-07,-1.831401009000989449e-06
-1.728007734014808424e-07,-1.820500975893942922e-06
-2.110685872796682891e-07,-1.805457320262936697e-06
-2.529875852133475539e-07,-1.785606854280476520e-06
-2.993293760130975453e-07,-1.760352809843458186e-06
-3.505463972305039017e-07,-1.728884496353755645e-06
-4.067487419517840279e-07,-1.690754040010908421e-06
-4.673482942059308799e-07,-1.645456517403771378e-06
-5.339176242462286292e-07,-1.588305342976704378e-06
-6.038251921497624698e-07,-1.523194500749311644e-06
-6.797711328066946262e-07,-1.446647815553819114e-06
-7.576134454484598159e-07,-1.362022212553938736e-06
-8.380041611937486414e-07,-1.267587315760114011e-06
-9.174736840546783514e-07,-1.167227496701200158e-06
-9.953385853939507025e-07,-1.061547134239410480e-06
-1.068800150214982842e-06,-9.535183788066050410e-07
-1.136831215211512289e-06,-8.460414718034925023e-07
-1.198331792039903034e-06,-7.428517922960913253e-07
-1.252804061954139531e-06,-6.485225877311347001e-07
-1.240238773932187224e-06,-5.501153009368148953e-07
-1.169081677632768213e-06,-5.297404515545198323e-07
-1.090304579971171081e-06,-5.050523259286526213e-07
-1.008125377307861934e-06,-4.783337298469541698e-07
-9.212634107682478855e-07,-4.493161765593754245e-07
-8.322110299537235622e-07,-4.183893965281795264e-07
-7.409829849004034147e-07,-3.858083038760802184e-07
-6.494217388675655083e-07,-3.517727624362974527e-07
-5.585278903490690356e-07,-3.168941976301923591e-07
-4.693775650340704110e-07,-2.810783198279692166e-07
-3.840854890865409740e-07,-2.453415957934126523e-07
-3.028498119613236766e-07,-2.092619397335012585e-07
-2.290094539307669302e-07,-1.742959548113515583e-07
-1.617765417454922614e-07,-1.396575575962703785e-07
-1.058218047606394743e-07,-1.072863115979800501e-07
-5.919815556973428367e-08,-7.599199025438416395e-08
-2.818717790609859918e-08,-4.806795084205919093e-08
-7.884308495781215486e-09,1.717863654934409486e-09
5.293799545142145363e-08,-2.152058940419487053e-08
7.232174766561717706e-09,-7.556234875998988648e-08
-3.288718118870574222e-08,-2.237708811587694348e-08
2.818005502770328378e-08,6.750817075497294737e-09
-3.944002877066331203e-09,2.188940419932744737e-09
2.196565531548407719e-08,3.485603265723333883e-09
-8.912525441048982877e-09,-8.099583113805870263e-09
3.103887554197583859e-08,-7.484813131301300698e-09
-7.370151326958262782e-07,-1.508604425286551782e-06
6.845915550032869581e-07,-1.523569589353368191e-06
8.719911824307317794e-07,2.531648333170668063e-07
-8.851008425999160496e-07,2.692339659951121663e-07
-1.063756963428189487e-06,5.721982544226978240e-08
1.044661141246070372e-06,4.786941603104445595e-08
3.968220708196446867e-07,4.449597345824523296e-07
-4.016742802640914633e-07,4.663373526428326351e-07
8.524181100775684505e-07,-1.349646301689346429e-06
-9.021973815361991139e-07,-1.338067801689266212e-06
3.616383923908736152e-07,6.704008821710502479e-07
-3.695251882926612278e-07,6.899840703570719092e-07
-1.258258645298962714e-06,-4.942470838567785661e-07
4.122707224956333620e-09,-1.793016104294162472e-06
1.222081567042123652e-06,-4.770199308081960930e-07
2.937042380435611149e-07,3.116943856596959197e-07
-1.209169434514943376e-08,-3.003124543199920309e-09
1.077349807872019979e-06,-4.205776693761330663e-07
1.321745166582138667e-07,-5.747801090277875651e-08
-1.111450675279497344e-06,-4.373920318847440551e-07
4.558178263728750470e-09,-1.653922591419889113e-06
3.432312818912559270e-08,5.979859262796730819e-09
6.905152623731985777e-09,-2.390336394205445615e-07
-1.179962757344710151e-07,-5.998884207944219239e-08
-2.953212803970724867e-07,3.297244870764842046e-07
6.517089438170213897e-09,-4.632514987795982225e-07
4.947998117864315379e-09,-1.466978150234926107e-06
2.073968986799706156e-07,2.006836066401828154e-07
9.154480530352435451e-07,-3.594092279575153873e-07
-2.112731410937257546e-08,-8.103382752166072563e-10
4.247129808169283306e-08,7.912753550903130158e-09
2.528816918996807747e-07,-1.067654827613376892e-07
-9.443282363405119495e-07,-3.747563148197968394e-07
-2.466618658084708744e-07,-1.116306701276146153e-07
-2.044014087024669781e-07,2.133294728823412598e-07
1.396227646676530443e-07,1.155278011372693587e-07
-4.132345086701887165e-08,1.702705701543260861e-08
6.124695994021290860e-09,-7.202563545910371190e-07
-1.312896299780716281e-07,1.217985509887470648e-07
-7.648508232460031344e-07,-3.077606473060861705e-07
5.340297430984733065e-09,-1.240260004389871456e-06
4.024660494023713462e-07,-1.651401607753300000e-07
5.956392483739147442e-08,2.245009190816884236e-08
7.434874533040777022e-07,-2.946251637833298908e-07
-4.054052987602202942e-07,-1.727506681724552691e-07
-7.717351272703395175e-08,5.669829605670475724e-08
5.732498623334719351e-09,-9.859661653361710108e-07
9.083267515538745544e-08,5.678694687720819180e-08
-5.818662975829671661e-07,-2.393398071733223822e-07
5.694412713148918043e-07,-2.288778783740503854e-07
-5.806711240572748577e-07,-1.639241126311691410e-06
5.292164694092257303e-07,-1.654180124493492704e-06
6.783504105012335873e-07,4.418774334797542625e-07
-6.862219483161198812e-07,4.625848015678545957e-07
-1.201788376585361020e-06,-1.434322528247937509e-07
1.177329226846433320e-06,-1.452824436975812720e-07
2.937224437872722584e-08,-1.207283717814338123e-08
5.578316306778429432e-09,-2.235551772705390337e-08
-9.197984929886875146e-09,-1.215331895232392717e-08
5.051100642680846790e-07,5.785688836025180901e-07
-5.104469262917458751e-07,6.007084450463871846e-07
1.162879424705020485e-06,-9.152963318992831031e-07
1.095920230234042479e-06,-1.030315363668194690e-06
-1.138413061333686116e-06,-1.029042134355149447e-06
-1.203014101751405651e-06,-9.182564110871422425e-07
1.565449269469244421e-07,7.670319502542440195e-07
1.990205247840189234e-07,7.521935232597399887e-07
-2.228945506002886967e-07,7.629390822964134952e-07
-1.869317367157025182e-07,7.751155440751692547e-07
1.224051212902790487e-06,-8.037623195042561176e-07
-1.261979536781039591e-06,-8.109059695127654654e-07
1.191025242209786123e-07,7.791542259613236973e-07
-1.558515173387920889e-07,7.847941389281272502e-07
1.353248407076322502e-06,-4.345305407094757105e-07
1.347582921182780401e-06,-4.758174464787688380e-07
-1.381819018591858137e-06,-4.932311042299658036e-07
-1.387205650932719001e-06,-4.532011393768532805e-07
2.727434491298123222e-08,8.313584225129204217e-10
2.604950360423908450e-08,-7.451749819913186012e-10
3.212584252445828516e-08,-2.809329820655284914e-09
-5.448638303806197340e-09,1.763140701938593294e-09
-1.050994473196703672e-08,-2.469629663730642482e-09
-3.096043958065320762e-09,-3.462610005704472836e-10
-5.989732748946974375e-07,4.755782642887319093e-07
-6.960983033798276570e-07,3.854157384911605951e-07
6.880145001307941655e-07,3.662582056082405941e-07
5.926805911736799339e-07,4.545434110028165214e-07
1.355121128692352174e-06,-4.188944062951750564e-07
-1.388914095772697275e-06,-4.386867856068861401e-07
1.182790046759159447e-06,-7.213611001963145121e-08
1.233761187811742665e-06,-1.641243842060718245e-07
-1.260719387694302718e-06,-1.630609599775807524e-07
-1.207413046073135123e-06,-6.728630235053779054e-08
-3.850911611431048851e-07,-1.767423235484994670e-06
-3.299086438279214173e-07,-1.794306572046433324e-06
3.431227438817576077e-07,-1.777511861177989218e-06
2.931095359003921744e-07,-1.802300967942865301e-06
-2.804529945098514795e-07,-1.816786576383358137e-06
2.495747325496404640e-07,-1.822536180372157769e-06
1.310997756459950470e-06,-6.028291744994757681e-07
1.272340923012325371e-06,-6.973199791028855218e-07
-1.345863171899845475e-06,-6.172674490895928770e-07
-1.308536399996554647e-06,-7.084192283510998604e-07
5.914734308080091235e-07,-1.653844704943400635e-06
5.172105891794749289e-07,-1.705153154812723135e-06
-5.684561701812980580e-07,-1.691396387732531816e-06
-6.439517663437813907e-07,-1.638865459058237382e-06
-1.346988756779351051e-06,-4.288900696727854155e-07
-1.325821436888044076e-06,-3.751384366695972801e-07
1.295645711842704441e-06,-3.664986921825847540e-07
1.315637866137400267e-06,-4.172454100533087398e-07
-1.361924908787296132e-06,-4.689828215706121332e-07
1.329634800700972462e-06,-4.547031747926164682e-07
-4.217700553788411884e-07,6.975937866301392663e-07
-3.554959581465547810e-07,7.289528387564923752e-07
3.466736902171202317e-07,7.121101140297907628e-07
4.159288757493248793e-07,6.777222755232448660e-07
-8.932924742998329360e-07,-1.419825627606804922e-06
-9.779791795798240818e-07,-1.327261135748990712e-06
9.301738432473270441e-07,-1.338530115406076333e-06
8.432273317139241221e-07,-1.433368014502926791e-06
1.334421521748006874e-06,-5.259904114673523037e-07
-1.368872168559548249e-06,-5.424461510777325353e-07
2.802514519144087876e-08,-4.198624479615868723e-09
-4.993175991924566846e-09,-4.858427993287962371e-09
1.044755070319862514e-06,1.316530586816699273e-07
1.119866332741068825e-06,2.770006612923122888e-08
-1.141833335841712444e-06,3.633913789781507319e-08
-1.063774417345944281e-06,1.439326675351279460e-07
-9.755722801903162915e-07,2.513463253686459380e-07
-8.789887718450560783e-07,3.554357693753250797e-07
8.661563242839021782e-07,3.370157640587871265e-07
9.596396460689922318e-07,2.357614170129673795e-07
8.566106950330352366e-08,7.873087863670896439e-07
-1.283416587842982748e-07,7.911096196328087748e-07
5.596095506810907508e-08,7.936094029301746559e-07
-1.037841747064704310e-07,7.959370995446990196e-07
7.569819986760774930e-07,-1.518032008770959198e-06
6.722958505808902045e-07,-1.591695639942784624e-06
-7.248749125551123420e-07,-1.576313579520773720e-06
-8.086865704441100373e-07,-1.503119331121381500e-06
-2.356094953115155284e-07,-1.833360071572042212e-06
2.113202052036585817e-07,-1.837116971267657117e-06
1.353186865299656029e-06,-4.191136187723171180e-07
-1.386912287572223067e-06,-4.397519516486979991e-07
-7.475544042532262515e-07,-1.437255817604176650e-06
-6.680464399851435780e-07,-1.515408682692867947e-06
6.154184079794616048e-07,-1.530635179178509687e-06
6.951242953752831976e-07,-1.451289342443909496e-06
-1.952478881120344206e-07,-1.846671505847610106e-06
1.778964459709238704e-07,-1.848598595001793442e-06
1.350089840716400128e-06,-4.302704597153609592e-07
-1.383796084045136029e-06,-4.514511622664806572e-07
4.910765921212196788e-07,6.355063834232155249e-07
5.780896880985697437e-07,5.794078467853110260e-07
-5.839984559735705065e-07,6.016530009464720420e-07
-4.961518596862413970e-07,6.571725382313683692e-07
8.781886492497983015e-07,1.694902660341052553e-07
7.838086198593291611e-07,2.704639014201232239e-07
-7.943034101739337098e-07,2.870785503824071405e-07
-8.915024150062039153e-07,1.830139751932267065e-07
-9.824410479576315621e-07,7.765717259276974388e-08
-1.065317185426363741e-06,-2.635837710721357373e-08
1.046161696515105726e-06,-3.274012864791897521e-08
9.661931373735266493e-07,6.757941414886241953e-08
-1.370415919431463421e-06,-4.955364174256545188e-07
1.337498188024484437e-06,-4.790097987730916902e-07
7.771101933982588647e-07,-1.361898991753363258e-06
8.603799538726133096e-07,-1.262805543300259517e-06
-9.100373325482134594e-07,-1.253612821662128808e-06
-8.284944186043230294e-07,-1.349884017327317381e-06
3.759898148367597949e-07,6.234460755629112998e-07
3.132311985572633576e-07,6.664709687494123231e-07
-3.241656745096194914e-07,6.862928192252869362e-07
-3.827734549069392614e-07,6.450525965281003358e-07
-1.375074130280184672e-06,-5.088857826912203877e-07
1.341723530078934597e-06,-4.905379998658201293e-07
2.572737339042974789e-08,1.164726231683756874e-09
-4.906751843984942771e-09,2.092281277180412660e-09
1.288132375598578087e-06,-4.975652142198824782e-07
-1.323857050218466304e-06,-5.146788852884384145e-07
-5.923483336358047628e-07,-1.583413570017392176e-06
-5.213936182825665192e-07,-1.641458113721405328e-06
4.715617018888231688e-07,-1.656655096226068552e-06
5.405590651116777083e-07,-1.598997837391443095e-06
-8.917051361866872727e-08,-1.868847146043577019e-06
-5.412859724226285298e-08,-1.872061196827223064e-06
6.041370182047862468e-08,-1.871262607297089364e-06
9.114903497567323927e-08,-1.868032451791098732e-06
2.190623605504867145e-08,-1.874943108536782068e-06
-1.369190433226222637e-08,-1.875173498874086397e-06
2.928368708988863739e-08,7.975094074631143295e-07
-8.120379900754154712e-08,7.988576864282031249e-07
-1.137916810395157741e-06,-1.240611362233580671e-07
-1.199300011516924765e-06,-2.140179365807118760e-07
1.174962410593795919e-06,-2.129474533283354704e-07
1.116035509834317230e-06,-1.267054532609176443e-07
6.681205778689062018e-07,5.139414275069324866e-07
7.676680146110590841e-07,4.305686162355741355e-07
-7.776224330692405319e-07,4.511255090533740918e-07
-6.756553943183313108e-07,5.358089542087650298e-07
5.036285931276370345e-09,8.001382232338682612e-07
-5.979710861869259530e-08,8.008006102096950895e-07
-1.581843469887842220e-07,-1.856277793046060313e-06
1.478215671814951552e-07,-1.856842217947481411e-06
1.347367308417874390e-06,-4.473708946649241745e-07
-1.381089229619398980e-06,-4.687620150122345708e-07
-1.232902585348085796e-07,-1.863662587956862377e-06
1.195363783182338390e-07,-1.863278895824387318e-06
1.345433371041836331e-06,-4.658421484877625504e-07
-1.379167848499167431e-06,-4.870807602771591813e-07
3.749737720656619895e-10,2.168129541720180458e-09
8.596740511839129208e-09,4.074557287827268430e-09
-1.377101915243052056e-06,-5.103822836541982914e-07
-1.378087792954439224e-06,-5.021397085538037676e-07
1.343512533183738990e-06,-4.906463810613754951e-07
1.344383082433834852e-06,-4.814443982626932603e-07
-1.740531839311059624e-08,8.013553994744012992e-07
-3.879976405563765120e-08,8.015546473998024064e-07
-5.708285202238021171e-09,3.028580896743184143e-09
-6.475121177117552003e-09,2.690849063375567348e-09
-3.327536970423595278e-09,2.878053229722055029e-09
-7.749260536341879875e-09,2.468720182895864723e-09
-5.896601642578657342e-09,2.446395045752006337e-09
2.846227480769705980e-08,4.860548740015445017e-09
2.564538944778254541e-08,5.732266531388410816e-09
2.601340089824949042e-08,2.775922583060069043e-09
2.332215887195667937e-08,7.449326174137751459e-09
1.857891915957897682e-08,5.496430228818069130e-09
-3.984340991441464205e-07,5.273321198856496640e-07
-3.429187109842283381e-07,4.518954564291634279e-07
3.393919294699692227e-07,4.307240035458436455e-07
3.933446603174090966e-07,5.051741653860950187e-07
-4.042219428930994225e-07,4.094105785731445165e-07
-4.601786012415582218e-07,4.795645767915671821e-07
4.153090383327182034e-09,-1.843457740794487495e-06
7.758235798677919587e-07,-3.481101127894505830e-07
6.885221443399808360e-07,-3.154531700601780848e-07
-4.092965329457432406e-08,6.878317863887528709e-09
-5.688702248356857396e-08,1.918534207430723840e-08
4.891261893687928704e-08,2.027937182254401536e-08
5.859311735821102902e-08,3.347782137718377431e-08
-9.987984295396533619e-07,-3.544142403001019569e-07
-9.118432582167798757e-07,-3.204564448008903678e-07
-2.049138453262867176e-08,-3.723038348088200615e-09
-2.892957950350828964e-08,-5.356233411199262904e-10
-2.023073323826540951e-07,-1.269945532367722048e-07
-2.742342420393253808e-07,-1.587258058110772411e-07
9.465307834829028279e-07,-4.105311101275231533e-07
8.620998295910718582e-07,-3.798816927960107871e-07
2.274307842744984213e-07,-6.569389226743770720e-08
2.970536604957510911e-07,-8.989528334806668910e-08
5.521763259658119358e-08,-4.028107206027158323e-07
5.853821995039301430e-08,-5.253721235742039233e-07
3.456409813693014698e-07,3.234495328559757069e-07
2.957633825137439407e-07,2.635535019300124192e-07
1.105911060035682284e-06,-4.672854319649854551e-07
1.027981431658407207e-06,-4.397128286242956807e-07
-2.732961538439527781e-08,-1.693705121063641000e-06
-3.214771578780800278e-08,-1.611689011968886273e-06
1.131590927846442762e-07,-2.738424053378314260e-08
1.657037211403096641e-07,-4.470785769163449914e-08
7.187653151084522148e-08,5.227946295905798735e-08
8.915837920242993749e-08,7.710637466720897337e-08
-7.725308191503880026e-08,3.717215395342272998e-08
-1.022330741404379866e-07,6.124355169019681791e-08
3.174808805671398010e-08,6.614989357400411804e-09
3.442256933418202115e-08,6.103300496404005954e-09
5.375217832706417117e-07,-1.763175003975083704e-07
6.238767965285429175e-07,-2.082126351191658220e-07
-4.837924211066906029e-08,-1.051493425345833160e-06
-4.933266102211007148e-08,-9.199222095413674109e-07
-5.250621660522701254e-07,-2.605879530582982788e-07
-6.156042062335254921e-07,-2.953311644341982195e-07
-1.673728065205004196e-08,-1.819911460379444288e-06
-2.226049327849431214e-08,-1.763234246789822056e-06
4.546998257172882676e-07,4.580038610874975256e-07
3.993694222510437604e-07,3.889746531460536918e-07
1.244925168931573571e-06,-5.156062708328622629e-07
1.179467964649088480e-06,-4.933443115381513884e-07
-1.302018634987800112e-06,-4.793878306461748827e-07
-1.232620400467471082e-06,-4.499760120304436306e-07
-1.160315502529296746e-06,-4.194134326468834330e-07
-1.081930028960743570e-06,-3.875074493090952574e-07
-8.593520018630761565e-08,-6.988659096640169141e-08
-1.390891915288510163e-07,-9.724473847045711797e-08
-2.918243994006328177e-07,3.823673354908362927e-07
-2.444877890168388173e-07,3.170320230033293228e-07
-1.152318976891912289e-08,-1.861284815161711175e-09
-1.488290312951508527e-08,-3.858366813779185396e-09
4.417861370811671871e-08,-1.908575053345157889e-07
5.046014091063137203e-08,-2.903678846776169603e-07
-3.657451668122450034e-08,-1.518119686231654581e-06
-4.052150944309185119e-08,-1.413819798031562299e-06
3.762068931016897305e-08,7.539648596203373836e-09
4.211693948431539640e-08,1.186119947491939930e-08
-1.319974230236836631e-07,9.179958460665137724e-08
-1.665614362480558205e-07,1.289837235057342426e-07
-7.071549544729691690e-07,-3.297304267729293553e-07
-7.986945984708113692e-07,-3.634831946289917000e-07
2.500486671702378209e-07,2.098843638460535871e-07
2.087281407596772678e-07,1.626404686808830765e-07
1.721002271950303043e-07,1.220516877422660521e-07
1.402672402246129329e-07,8.813735610767944526e-08
-4.594519156619254504e-07,-1.520650197319610281e-07
-3.740095122324205222e-07,-1.216804172350369445e-07
4.324614266534337011e-07,-2.157042471525139266e-07
3.529885063565077169e-07,-1.830299713136936682e-07
5.740513154140267011e-08,-1.178763083637366103e-06
5.435360672509794049e-08,-1.300243478105907512e-06
1.108758514587482749e-07,1.083948260343069019e-07
1.372344230209111746e-07,1.463053818474732368e-07
3.727867037349757785e-07,-1.166948025631782803e-07
4.534810141001001109e-07,-1.456901317898467371e-07
-8.222617709974248853e-07,-2.860775052650606241e-07
-7.309343916715457080e-07,-2.515916500214025057e-07
-3.529245950087444558e-07,-1.918472248933802104e-07
-4.371231921141355433e-07,-2.259797465233135458e-07
-2.013494488863165842e-07,2.570346198155954181e-07
-1.627217315761583453e-07,2.029302090292139762e-07
-4.926847468420327126e-08,-7.868261352340011839e-07
-4.809782726009413165e-08,-6.542342805421142851e-07
6.054332029707704424e-08,-6.541632963150037919e-07
6.132177589062485189e-08,-7.867551678538546628e-07
5.061376193802018656e-08,-1.413748694491373703e-06
4.627442557053140413e-08,-1.518048862554755248e-06
-1.288369089623356129e-07,1.551866960044353897e-07
-9.975065458405507137e-08,1.140039157549067213e-07
-4.386911247788148001e-08,-1.300314456615045650e-06
-4.652843988654907485e-08,-1.178834055968754567e-06
-1.215375286871558754e-06,-5.107744648066040190e-07
-1.281169139241057401e-06,-5.325446026751786384e-07
-2.058153835514316108e-07,1.728097599369596786e-07
-2.495828087846023414e-07,2.231562148696956565e-07
4.906337987290065754e-08,8.005498776363841472e-09
4.200908471661061524e-08,5.561260573211180630e-09
3.076176940483311413e-08,-1.763121434238308632e-06
2.488567756153246698e-08,-1.820061689027885164e-06
-2.974539392566107506e-07,2.796418476991026775e-07
-3.491309046638063805e-07,3.419763782615638130e-07
1.683901353468251323e-07,1.908867859477501095e-07
2.043609624408480718e-07,2.420406671392836094e-07
1.196523221274209507e-06,-4.329066163871812317e-07
1.266042039704612362e-06,-4.619640409718057504e-07
-1.222962049174977745e-08,-3.284291535263161258e-09
-1.020831723239040393e-08,-2.294619424846915240e-09
-3.683981363179768084e-08,-2.904342393339395220e-07
-3.016634860954330404e-08,-1.909437017848191380e-07
-1.538685684436579187e-07,-4.621737956788393659e-08
-9.771463312127229180e-08,-2.807781958183822768e-08
-1.060739562109945519e-06,-4.571489217243766381e-07
-1.140668657351654471e-06,-4.848864314497982318e-07
2.450238194191516494e-07,2.994475079621933836e-07
2.901471572753141342e-07,3.626640264217983591e-07
-7.541631427020828066e-08,7.948375191966038005e-08
-5.570236422564453630e-08,5.156741769350593431e-08
6.099376064970174587e-08,-9.198512326567844673e-07
5.964813692285041257e-08,-1.051422448231694336e-06
1.132296310566999093e-07,6.073320080731904272e-08
9.089815289320814754e-08,3.959399203684600052e-08
1.048547230462136954e-06,-3.718716401885233032e-07
1.125144834712940896e-06,-4.029414310664825405e-07
-6.392601955886769803e-07,-2.174919099947794091e-07
-5.482422625569078483e-07,-1.841331554882548626e-07
3.723138270201829975e-08,5.297992561036889563e-09
3.406419863313224325e-08,6.182935122024761462e-09
4.145650480433917068e-08,-1.611620915573305262e-06
3.624778141832438771e-08,-1.693627489437785858e-06
1.519645846889091255e-07,-9.266437281302853291e-08
1.022728410241069656e-07,-6.655836668597882763e-08
6.014848151779454819e-07,-2.822901610554871930e-07
5.156432489999851343e-07,-2.488949889640778020e-07
-4.570044280055546945e-08,-5.254433416549522073e-07
-4.198744371015512584e-08,-4.028812901532523338e-07
8.841681198788530251e-07,-3.070316624801357664e-07
9.679419560378122112e-07,-3.398032470369130455e-07
-2.936602300116953389e-07,-9.358546218357114649e-08
-2.196412490038521515e-07,-6.821116906599050264e-08
2.788619514714239492e-07,-1.513652213255527326e-07
2.112489518419304957e-07,-1.210604548938263618e-07
-8.888034374153386270e-07,-3.961677809978976946e-07
-9.765733807149693880e-07,-4.275187792085872339e-07
-2.074234789730839873e-08,4.093542892601262336e-09
-1.550495048059628304e-08,-1.437763071645012464e-09
-4.028098176654109281e-08,2.996917402830145966e-08
-2.883058970973948770e-08,1.436870283807019596e-08
7.299301503504205613e-08,2.416915239588910940e-08
5.923502400682426163e-08,1.395210904617620606e-08
7.111051136961841882e-07,-2.408682667270480522e-07
7.982917988595039664e-07,-2.739581642485413405e-07
-2.171333604825548869e-08,-5.899152501966061299e-09
-1.816853120870197467e-08,-1.463941000702332714e-08
-1.786806218773680743e-08,-2.499737736557888055e-08
-9.682937672648675567e-09,-1.598021501770330677e-08
3.935901069715734786e-08,-2.365184350073235962e-08
3.939081791066420933e-08,-1.398196496982120986e-08
3.199336127946027660e-08,-1.469608263013154396e-08
4.247802747857601429e-08,-6.092297297266431647e-09
-1.188222113856729222e-08,-4.686470092460086300e-08
6.800521304956592380e-09,-4.415512424906367925e-08
-7.563448644953597274e-09,-2.372182114652648728e-08
2.663535393914560641e-08,-4.755135771001158199e-08
2.217064455421872253e-08,-2.486689664959061300e-08
1.416197276279287602e-08,2.258384305237318385e-09
-7.314238053758946893e-10,7.717938314164495848e-10
-5.933737403035376712e-09,-1.433355231823362900e-08
-1.382715032490471941e-08,-1.803151756880639443e-08
3.206498943651020659e-08,-1.880839519213036808e-08
2.081079079589491738e-08,-1.566469926133693636e-08
2.177825699304109567e-08,9.934901412404047385e-10
-2.311962802952545106e-09,1.319488744261028949e-09
3.746842153575986699e-09,-1.149197042561187594e-08
-2.375091442140241036e-09,-4.446361744592522720e-09
1.841111447623346351e-08,-6.116148972372372175e-09
2.994632795128024738e-08,-9.804040886211636482e-09
3.215346337306858308e-08,-1.684613029720130482e-08
-1.071208334784630905e-08,-1.758466620782487492e-08
-7.480088113804090750e-09,-1.124125892949262779e-08
-9.795006808080001019e-09,-9.178672294321793059e-10
-9.374136691034246248e-09,6.948546913699699547e-10
-8.280149223465861569e-09,1.028533995620066608e-10
3.148701017018370829e-08,6.850764107102768818e-09
2.840253208667054463e-08,7.533536014580685349e-09
3.135708206032496567e-08,6.408324965640583705e-09
8.541692550162881547e-08,-3.714975999639148883e-08
7.178286548055411217e-08,-1.444637180521264094e-08
6.410742836899190107e-08,-4.338096081735288992e-08
-6.792431381766794663e-08,-3.869387974231838011e-08
-4.489015174731314021e-08,-4.559427362393174368e-08
-5.330819900645031194e-08,-1.456245360364239450e-08
7.112098588692565357e-09,-1.460381528753480106e-07
3.627500081712020263e-08,-1.087798215761914735e-07
-2.184504232661866217e-08,-1.088506192952188621e-07
-7.884091898367006539e-07,3.728889852806801132e-07
7.781267930138243258e-07,3.540349985385853431e-07
1.229055464653492515e-06,-2.297801305899697556e-07
-1.255837544979790260e-06,-2.316003870138100353e-07
-4.394253602772463026e-09,-5.537529252540867411e-09
2.712201118284210344e-08,-4.465943449159934654e-09
4.610152601152548130e-07,-1.705718694279085369e-06
-5.104658398962629105e-07,-1.691917234758443569e-06
-3.121513146411539674e-07,7.232345712495163811e-07
3.000740337316185984e-07,7.063906944145721670e-07
-9.864756890158831469e-07,-1.242295155644696312e-06
9.389372719398735974e-07,-1.251084881176534876e-06
1.119874938366894651e-06,-5.144715907471850188e-08
-1.141890124733988343e-06,-4.577599898588540239e-08
-5.899565826298487356e-07,5.454909848822164912e-07
-5.151362459920593112e-07,5.467701685555912431e-07
5.838899688162690935e-07,5.235573109006710908e-07
5.096745329275974397e-07,5.247491528225212214e-07
6.045750898162366863e-07,-1.597144413765491402e-06
-6.571748854770469308e-07,-1.581693290977601429e-06
-8.204558604766458674e-07,-1.430707024520083929e-06
7.689341769661806763e-07,-1.444538647806345937e-06
9.654370246885314295e-07,1.524869906888316485e-07
-9.816187892622002390e-07,1.654653485815029924e-07
-4.560695672925587192e-07,5.419886027108620338e-07
4.506714631691812900e-07,5.197835037797393175e-07
-3.463125692994321129e-07,3.955799748175337122e-07
-4.918717284515682376e-07,-2.055087124141575586e-07
4.841731714590028548e-07,-1.964671601868305664e-07
7.277784001288071775e-08,3.625039508251610398e-08
-5.666270587159720497e-08,3.326701934860355510e-08
5.536395923145935841e-09,-1.116139286114369345e-06
-6.731730258718634536e-07,-2.735266357248063155e-07
8.304115573517226154e-07,-3.273591469248510422e-07
1.124497562173610481e-07,8.229714252012376883e-08
-1.013973664952038586e-07,8.531077683632533589e-08
-2.916831557624111779e-08,5.240287166506051455e-09
4.923483505894428909e-08,1.269107572751577787e-08
5.928601560105427375e-09,-8.534390365373234975e-07
-1.768872365882071245e-07,-8.408210680701864643e-08
5.144204688851591743e-09,-1.358754458585069148e-06
-1.030332414897034318e-06,-4.069352410472553971e-07
9.984351438189560774e-07,-3.907232716857458050e-07
1.873298639320901462e-07,-8.047357714036856359e-08
-1.650423500463211900e-07,1.636705929131968738e-07
6.713221131655204095e-09,-3.443058682620349201e-07
-1.536019459824113846e-08,-3.660881264746772746e-09
1.706539123418141496e-07,1.541395205109109591e-07
-2.473875478086475740e-07,2.680502311909991126e-07
1.152800984473301228e-06,-4.493397994151233145e-07
4.359670230616413433e-09,-1.730972518129081968e-06
3.428423661137106506e-07,3.754889405605326842e-07
-1.188464232379109701e-06,-4.665450708282016203e-07
2.479130717203061484e-07,2.524907602461823544e-07
4.751786912569231125e-09,-1.567105441033931228e-06
3.753420765612780161e-08,5.718012319728192361e-09
6.320784062148638508e-09,-5.887940485298747879e-07
3.242717092121052392e-07,-1.348838647741703410e-07
-8.558097953220971781e-07,-3.416902987444084538e-07
-3.225178041919705746e-07,-1.410848210373078655e-07
6.561323822132514480e-07,-2.616803476308585845e-07
4.333825256691905262e-07,6.295278172486856658e-07
-4.386986007654147926e-07,6.511828950846898528e-07
4.459453591994345353e-07,5.732740933617901341e-07
-4.512527171209077361e-07,5.956013936007635544e-07
3.984351757614602594e-07,-1.744352265537158368e-06
1.018173818344899267e-06,-1.141640978632870194e-06
1.265821434238682505e-06,-3.041873339851109508e-07
2.461103104833997817e-07,7.311470581402383756e-07
-2.637865639236851752e-07,7.450079957249754515e-07
-1.294412072504411303e-06,-3.095554411178489709e-07
-1.063266469638017900e-06,-1.136434677766861852e-06
-4.446114750053530489e-07,-1.732205011321917604e-06
