Size 899,2
0.000000000000000000e+00,0.000000000000000000e+00
0.000000000000000000e+00,0.000000000000000000e+00
1.072296903254547448e-09,-4.648723570519380922e-06
-2.228014647263399638e-07,4.153089625986940817e-06
1.656362630170266753e-07,-1.250049498088757544e-07
2.686214900432065528e-07,-7.226440415455916151e-08
3.667937617211091138e-07,-4.045658803461967352e-06
3.346510276831287520e-06,-1.467413446694093514e-06
3.085223176712435410e-07,4.057157657140114515e-08
3.027052877890988502e-07,2.625717482103582264e-08
3.595552261830222601e-06,-7.580006367789732830e-07
2.448572374671844614e-06,2.523361502037211170e-06
1.431004027192095676e-07,1.359636343295997450e-07
1.873415776962140311e-08,6.977964843039076848e-08
1.847097766147099777e-06,2.957787044780079534e-06
-1.909934802818376928e-06,3.176097939456016923e-06
-7.151501862770442090e-08,-1.331381168623447433e-08
-5.106140060337386631e-08,5.487970216956367109e-08
-2.536721523692723065e-06,2.701096083057339199e-06
-3.953223249107502522e-06,-9.059222132880674176e-07
-8.688991543224112661e-09,-7.672343802339763628e-08
-6.857909751678658283e-08,-9.256308940556591153e-08
-3.695501372072974772e-06,-1.662459454732855927e-06
-3.765428346489628346e-07,-4.036692071583162245e-06
1.093333808496676489e-07,0.000000000000000000e+00
1.732009183011895211e-07,0.000000000000000000e+00
2.122875185089333407e-07,0.000000000000000000e+00
2.373070690161775162e-07,0.000000000000000000e+00
2.536633806273060777e-07,0.000000000000000000e+00
2.689755083946739178e-07,0.000000000000000000e+00
2.772472468996920724e-07,0.000000000000000000e+00
2.754555488970927035e-07,0.000000000000000000e+00
2.661725115190245837e-07,0.000000000000000000e+00
2.445503034384033325e-07,0.000000000000000000e+00
1.963308245677247425e-07,0.000000000000000000e+00
1.316779277782593474e-07,0.000000000000000000e+00
6.846323549090452346e-08,0.000000000000000000e+00
0.000000000000000000e+00,0.000000000000000000e+00
0.000000000000000000e+00,0.000000000000000000e+00
0.000000000000000000e+00,0.000000000000000000e+00
0.000000000000000000e+00,0.000000000000000000e+00
0.000000000000000000e+00,0.000000000000000000e+00
0.000000000000000000e+00,0.000000000000000000e+00
0.000000000000000000e+00,0.000000000000000000e+00
0.000000000000000000e+00,0.000000000000000000e+00
0.000000000000000000e+00,0.000000000000000000e+00
0.000000000000000000e+00,0.000000000000000000e+00
0.000000000000000000e+00,0.000000000000000000e+00
0.000000000000000000e+00,0.000000000000000000e+00
0.000000000000000000e+00,0.000000000000000000e+00
2.902161601767552960e-07,-4.621152717777236811e-06
5.514361656034032214e-07,-4.571081457266461449e-06
7.753693453346642994e-07,-4.514630225686148988e-06
9.738098906230020310e-07,-4.455355848997966251e-06
1.151915502412408745e-06,-4.394604317943176819e-06
1.314094826333758847e-06,-4.332916342841828607e-06
1.464236250252173451e-06,-4.270188293820419164e-06
1.605791208922664118e-06,-4.205926035055905378e-06
1.741818803865055811e-06,-4.139197163085054905e-06
1.874881885749552663e-06,-4.068741493201531332e-06
2.007752280321302653e-06,-3.993700274086212200e-06
2.142632730212775066e-06,-3.912161644595945053e-06
2.281537194849988794e-06,-3.821391375315275940e-06
2.424816780270301286e-06,-3.719392291240123260e-06
2.573078317426604324e-06,-3.603889267024057907e-06
2.725751798206672727e-06,-3.473018159732915532e-06
2.882152772758497577e-06,-3.324973647068413311e-06
3.040695631444507105e-06,-3.158562542212218167e-06
3.199656863271310954e-06,-2.972792071685467634e-06
3.356681542511246793e-06,-2.767539274070140395e-06
3.509306700471460407e-06,-2.543009248642177318e-06
3.654945636337329912e-06,-2.300532846385524685e-06
3.791285150251271205e-06,-2.040669739136454706e-06
3.914683666168357767e-06,-1.765478210778027948e-06
4.020542056151318170e-06,-1.477167266319310742e-06
4.101146848077016584e-06,-1.184575408594703317e-06
4.156298779272276450e-06,-9.027265869403967713e-07
4.187813335087714223e-06,-6.432316705924328887e-07
4.203419804433772890e-06,-4.099010036641605157e-07
4.208006487405150801e-06,-1.983812074519266911e-07
4.204113656376482108e-06,-5.337192333543820922e-09
4.193517364560898917e-06,1.721759821496681875e-07
4.177496961545314424e-06,3.368463642952693271e-07
4.156948716703719278e-06,4.913642163673824036e-07
4.132350266891361815e-06,6.382607388022519857e-07
4.103827739829299815e-06,7.799508992021774717e-07
4.071159165001685678e-06,9.186517888622942688e-07
4.033826662221910534e-06,1.056346286010793245e-06
3.991059585091604107e-06,1.194792305438244594e-06
3.941857778438629501e-06,1.335430707694788580e-06
3.885074353380626863e-06,1.479465203078658300e-06
3.819404371679708460e-06,1.627737133126537423e-06
3.743505567434400213e-06,1.780857931146156527e-06
3.655935080598128291e-06,1.939097712638472635e-06
3.555237194392803373e-06,2.102587088223462281e-06
3.439715986050285425e-06,2.271104300039251171e-06
3.310829544302426915e-06,2.448426266950104915e-06
3.162092945357893340e-06,2.633150750236541903e-06
2.989536050186656878e-06,2.825155495017717061e-06
2.791602470807152886e-06,3.020004078248847758e-06
2.566529091644024222e-06,3.210794638835339296e-06
2.322275535248605086e-06,3.384979671376648279e-06
2.071446014364997115e-06,3.538489031239782535e-06
1.822066620160320815e-06,3.670609467638543189e-06
1.577830188269838421e-06,3.783324011528928259e-06
1.340064785744290329e-06,3.878140262121903203e-06
1.110217821784997242e-06,3.956213870301441281e-06
8.894874961846542168e-07,4.018765601578306249e-06
6.788354864252336671e-07,4.067230816480288619e-06
4.786983491128325292e-07,4.103146240135906189e-06
2.891664546463186859e-07,4.128136949550540508e-06
1.097554648769298037e-07,4.143797196123714695e-06
-6.040666550475587538e-08,4.151657602395365053e-06
-3.791540927569202597e-07,4.148706961393365414e-06
-5.313122263896888224e-07,4.138828455901343500e-06
-6.813272774941416531e-07,4.123939330274221589e-06
-8.316300239448638434e-07,4.104107327760802683e-06
-9.849213420539075114e-07,4.078921541548380278e-06
-1.144026488942420213e-06,4.047466105898149663e-06
-1.311931794841954580e-06,4.008298870949919230e-06
-1.491539228523097723e-06,3.959416839323233215e-06
-1.685922129958043118e-06,3.898254209464505911e-06
-1.898308621564335632e-06,3.821280472114652309e-06
-2.132713376436773977e-06,3.722697753971843415e-06
-2.387297516911276464e-06,3.594081527603383113e-06
-2.652913941375403420e-06,3.434439900088025354e-06
-2.907856718698764964e-06,3.244183497193607124e-06
-3.140419575390638889e-06,3.039057672417796913e-06
-3.348962741777928065e-06,2.828193983143235989e-06
-3.533315783592587942e-06,2.617664710159322703e-06
-3.695201625775396479e-06,2.409960551930438960e-06
-3.840443081863910505e-06,2.208732116328828942e-06
-3.966927043779315238e-06,2.011674061962411091e-06
-4.076016384148160202e-06,1.820331275388477488e-06
-4.169124744293927635e-06,1.635706003618035823e-06
-4.247906218934306905e-06,1.458436783300198646e-06
-4.314080597546678178e-06,1.288588495227152339e-06
-4.369478473913284894e-06,1.125764864449422452e-06
-4.415837583271749128e-06,9.689527059162753724e-07
-4.454793962092549376e-06,8.166912580725061263e-07
-4.487732052499405594e-06,6.669678519757627739e-07
-4.515737443095556544e-06,5.173786940622263410e-07
-4.539511383771539240e-06,3.651066521559575027e-07
-4.559292371304476240e-06,2.070323714258032175e-07
-4.574840280116014098e-06,3.982415746241345762e-08
-4.585346129671029561e-06,-1.400398947086064435e-07
-4.589490389302363266e-06,-3.360877465705070409e-07
-4.585306694479860994e-06,-5.521196608435200179e-07
-4.569849411544405488e-06,-7.925132264495041293e-07
-4.536962279179194900e-06,-1.063196931278445593e-06
-4.476306927310719699e-06,-1.359375829738053421e-06
-4.384093379713406617e-06,-1.662898847932019304e-06
-4.264308732956413593e-06,-1.950079413434330905e-06
-4.131883736614661811e-06,-2.207319779964926686e-06
-3.995568101549412387e-06,-2.438414248683284365e-06
-3.859000754024348605e-06,-2.645866170174972275e-06
-3.722375145001299429e-06,-2.833715080642029519e-06
-3.586386294090875754e-06,-3.003433841453414783e-06
-3.451437784765824037e-06,-3.157266068413019597e-06
-3.317642518350180867e-06,-3.297327062003235543e-06
-3.184449934812867062e-06,-3.425959684700523537e-06
-3.051078597841909742e-06,-3.545245774912353780e-06
-2.916191982868500209e-06,-3.657175974353542013e-06
-2.778267538064776340e-06,-3.763432188468321254e-06
-2.635514229971849454e-06,-3.865394028332935848e-06
-2.485656099661445350e-06,-3.964349147885614427e-06
-2.326421292139958666e-06,-4.060883305063944478e-06
-2.155771210741321682e-06,-4.151977357663991815e-06
-1.973821167680472680e-06,-4.239072732454210801e-06
-1.779254642850087618e-06,-4.321475897404722679e-06
-1.570940323063210804e-06,-4.398344748969578287e-06
-1.347935834969679944e-06,-4.468491886900335961e-06
-1.109641365390321203e-06,-4.530571788672723755e-06
-8.556543584948124495e-07,-4.582929650848802794e-06
-5.855503950979252697e-07,-4.623600025958303074e-06
-2.963144976402822023e-07,-4.648980007858250928e-06
1.887207853123242357e-07,-1.016021423452046226e-07
2.182286501506443489e-07,-8.166484181769712842e-08
2.397528612001982107e-07,-6.188934940146694994e-08
2.511148167971282309e-07,-4.880349778588669751e-08
2.583211848072375989e-07,-4.903423487132071971e-08
3.326660637319803423e-07,-1.830491188706161359e-07
4.566301148453071407e-07,-2.974132214241853107e-07
6.309379282096391837e-07,-4.182329058164903783e-07
8.492296793715343150e-07,-5.440708223609141129e-07
1.104577825477128054e-06,-6.727102743187290032e-07
1.390040571173788640e-06,-8.019405544257491905e-07
1.698710993859528693e-06,-9.295704257639740990e-07
2.023739645198061209e-06,-1.053419952242554770e-06
2.358328492806554465e-06,-1.171265132900422124e-06
2.695473151880198923e-06,-1.280715176225574476e-06
3.027210129752190885e-06,-1.379533965651258383e-06
3.246344736483570493e-06,-1.726262929245015276e-06
3.136171116391903910e-06,-1.977742947098653686e-06
3.020173980846745759e-06,-2.217028531707367761e-06
2.899795513895991758e-06,-2.441512490263566196e-06
2.776314998309447376e-06,-2.650266750196827737e-06
2.651635880209798920e-06,-2.841892277899379683e-06
2.526586633148318205e-06,-3.016583986256852349e-06
2.402620343767198693e-06,-3.173914162408993809e-06
2.279939375416255048e-06,-3.314920836150199696e-06
2.159242751000435141e-06,-3.439925102916416896e-06
2.039925219195173171e-06,-3.550358277814516285e-06
1.921684924083259217e-06,-3.647192751214622118e-06
1.803296733026415638e-06,-3.731409874636453356e-06
1.682638375420713608e-06,-3.804115954068874142e-06
1.557906350528097196e-06,-3.867003129718019042e-06
1.427078856406538357e-06,-3.921058149332202241e-06
1.287798415775389470e-06,-3.966578392006007823e-06
1.137298697084428364e-06,-4.003454004577525160e-06
9.725503142758720508e-07,-4.031326982872474950e-06
7.903876557110258090e-07,-4.049196767644314186e-06
5.882184375625520652e-07,-4.055462423599497019e-06
4.151754622722759801e-07,-3.700800005774577448e-06
4.457715770280623641e-07,-3.333052167551474912e-06
4.658242107483575763e-07,-2.948436910050744756e-06
4.757652592477949214e-07,-2.554230437765867517e-06
4.753561633065104069e-07,-2.158865789329067726e-06
4.643924562303308173e-07,-1.771123780842678292e-06
4.427064196523938336e-07,-1.399936088486851004e-06
4.101217390140154084e-07,-1.054335690308475092e-06
3.663523004146285835e-07,-7.434985171767519277e-07
3.109248401249859733e-07,-4.772697455558100097e-07
2.437325117657469829e-07,-2.668036001118116474e-07
2.813619101306633748e-07,1.978152959604015769e-08
2.782709873857418184e-07,7.847093985644114281e-09
2.796824997796695150e-07,3.650008282262351882e-09
2.836561132693872040e-07,4.450921248591299998e-09
2.902706848741237187e-07,1.131711173221737682e-08
4.235138854071605548e-07,7.950715385465865019e-08
5.626366136061552628e-07,1.801576853285840515e-07
7.198400185644697224e-07,3.184142946839088700e-07
8.929682147348129018e-07,4.897535876558858179e-07
1.078927882718831632e-06,6.899443182145908103e-07
1.274374167140183341e-06,9.146285680078559908e-07
1.475864459108868361e-06,1.159311988661365583e-06
1.679894197464544653e-06,1.419396879652621229e-06
1.882907071712294920e-06,1.690195640000377347e-06
2.081319979719340648e-06,1.966969732029441883e-06
2.271524024217241174e-06,2.245215198630484721e-06
2.650893112798138290e-06,2.377733483252094507e-06
2.832602093579893647e-06,2.229578765254968938e-06
2.993992116741600464e-06,2.084568192944170411e-06
3.136755773975331920e-06,1.943234417550896358e-06
3.258741546236804544e-06,1.803644019045351299e-06
3.366544516385484263e-06,1.666217205361630843e-06
3.460934202184265193e-06,1.531554477470161110e-06
3.542872690288995178e-06,1.399625110660183769e-06
3.613223867563153087e-06,1.270091883532534075e-06
3.672864665208917350e-06,1.142336356755907039e-06
3.722510282365030718e-06,1.015500574979399446e-06
3.762755688302193384e-06,8.884656274725890958e-07
3.793995853335154107e-06,7.598968151218887911e-07
3.816387293298492681e-06,6.282326821485401935e-07
3.829848904478844349e-06,4.917446669637933882e-07
3.833959763082488193e-06,3.485342308724943373e-07
3.828025707010288696e-06,1.966074256889325682e-07
3.810943574422024106e-06,3.387721150498912246e-08
3.781318173683447880e-06,-1.417234348395602015e-07
3.737325526764727012e-06,-3.321177274659561583e-07
3.676723197845107708e-06,-5.383237692594437889e-07
3.280122673220694568e-06,-6.213739610625325053e-07
2.952560390587866278e-06,-4.975928000598478971e-07
2.617636368866158461e-06,-3.803082649740960930e-07
2.280505482617721858e-06,-2.708453046477807072e-07
1.947603039620649319e-06,-1.715494519086398683e-07
1.625719449487661526e-06,-8.475083987919059344e-08
1.321708945634821686e-06,-1.273776231951579955e-08
1.042454182328721414e-06,4.220002787551340377e-08
7.948828305800287634e-07,7.775477799840377879e-08
5.860024674958481460e-07,9.162986615994088797e-08
4.220628869115449309e-07,8.146907679911715126e-08
1.010718882045600953e-07,1.173349420120998784e-07
5.872387868994991735e-08,1.044961120330274366e-07
2.351810728202137035e-08,8.575103684493297681e-08
4.118581992201086698e-09,6.506322824386802324e-08
5.558964709845140720e-09,5.076347357894496596e-08
2.701614685984349545e-08,1.930420266807521781e-07
-1.387182272373459421e-08,3.640365249353891904e-07
-9.625686949117046506e-08,5.753743382165209008e-07
-2.151451396454171489e-07,8.203726237864069005e-07
-3.656673973384897699e-07,1.092294333321014466e-06
-5.430523387688943098e-07,1.384419388480468277e-06
-7.424943771442961082e-07,1.689912579511206944e-06
-9.591051617902733087e-07,2.001831270184054092e-06
-1.187891145394484898e-06,2.313184441573380671e-06
-1.423885614053234272e-06,2.617180417599554607e-06
-1.663338429686434636e-06,2.907645625028423175e-06
-1.726898091295346514e-06,3.324063340065717125e-06
-1.549318434070488695e-06,3.446117457322890267e-06
-1.381924222183148685e-06,3.545903027247571931e-06
-1.224234578548687331e-06,3.626301502404401543e-06
-1.074469338675611259e-06,3.689844435813452491e-06
-9.305312026095446299e-07,3.738752158803229046e-06
-7.902638381075628970e-07,3.774803800782127003e-06
-6.515353583638693322e-07,3.799345831017151685e-06
-5.123343991722613073e-07,3.813330845849485064e-06
-3.708182768947164297e-07,3.817298083282366689e-06
-2.253722436321038916e-07,3.811467424837326210e-06
-7.455325538497135710e-08,3.795706871175725850e-06
8.293467024578228159e-08,3.769647979101747673e-06
2.481455116689034838e-07,3.732723001031615256e-06
4.217582076081224277e-07,3.684213981565427972e-06
6.040782206348368425e-07,3.623331807910878874e-06
7.950066474391970484e-07,3.549223601339531675e-06
9.940985167149759096e-07,3.461123665850005999e-06
1.200530627324781246e-06,3.358307467147671489e-06
1.413124981625994783e-06,3.240311232135096466e-06
1.629977199478946143e-06,3.106850198419125700e-06
1.641013195657591009e-06,2.701731682988722342e-06
1.437260031132973320e-06,2.434122259659134017e-06
1.236889514294403709e-06,2.158952526524431076e-06
1.043504511519538033e-06,1.881187603227906191e-06
8.605599002024691233e-07,1.605807176384501637e-06
6.914032536274893181e-07,1.337661015284000252e-06
5.393191100475375425e-07,1.081495692969606006e-06
4.075403098019596418e-07,8.419685600501071132e-07
2.992666384137833630e-07,6.236957664106178030e-07
2.175714935847136709e-07,4.314014482728275885e-07
1.646151282406733573e-07,2.691752419424464713e-07
-3.383985381391007464e-08,-1.090237419186743562e-08
-1.721414236876515736e-08,-4.819541319482218202e-09
-1.040179357751924082e-08,1.905756751099757347e-09
-9.185967420674917710e-09,1.013729396507844571e-08
-1.458436062481336455e-08,2.677362299251448297e-08
-1.930803420098339224e-07,1.105723752838313467e-07
-3.973356407010589382e-07,1.268161791211084826e-07
-6.571976662259287133e-07,1.121181676505337927e-07
-9.639873717741182706e-07,6.950181648353447888e-08
-1.307885952285080877e-06,2.111190010390444417e-09
-1.679193478523938589e-06,-8.684658532242461350e-08
-2.068275677617553011e-06,-1.941839031054148178e-07
-2.465533147270080277e-06,-3.167227486203755686e-07
-2.861418814740065069e-06,-4.512620580704281754e-07
-3.246629583113541191e-06,-5.945766986652013976e-07
-3.612979634528653160e-06,-7.442727403481422079e-07
-4.040957744283538314e-06,-6.821556560777709456e-07
-4.106083523994618281e-06,-4.714924300624911485e-07
-4.153130684812958525e-06,-2.778314296135454989e-07
-4.184435840962185916e-06,-9.997721869724287904e-08
-4.201884370892711958e-06,6.458842791562270692e-08
-4.206856324009296899e-06,2.186055970639896990e-07
-4.200386593578203764e-06,3.648399729799509795e-07
-4.183012614906341168e-06,5.059188887679962065e-07
-4.154942075674808356e-06,6.443109858356838208e-07
-4.115993947787783228e-06,7.822062480745313913e-07
-4.065719909713174637e-06,9.215111135305823498e-07
-4.003454698724985314e-06,1.063748441534741788e-06
-3.928351465572070768e-06,1.210073496516134720e-06
-3.839553109922187317e-06,1.361200103416951587e-06
-3.736125387624899384e-06,1.517440095035072605e-06
-3.617350002923572522e-06,1.678651490542718062e-06
-3.482576869963686078e-06,1.844238666432566737e-06
-3.331635878836496622e-06,2.012830522546487016e-06
-3.158540770234541940e-06,2.183217455372560682e-06
-2.967567316287541634e-06,2.356825455576200243e-06
-2.759274104580274395e-06,2.531794021323592701e-06
-2.347982389773477634e-06,2.402170782661542209e-06
-2.140228808695357469e-06,2.093136743731677123e-06
-1.916903405719329796e-06,1.780418717272536406e-06
-1.683621764504690001e-06,1.472171172972336751e-06
-1.445877678330073832e-06,1.175508413635275487e-06
-1.208873749163817593e-06,8.972608584817787526e-07
-9.776959543756624082e-07,6.441914517496224867e-07
-7.573760700320190706e-07,4.229949446037704240e-07
-5.529187501122791629e-07,2.402533163561743456e-07
-3.692244181868146573e-07,1.022271890077818143e-07
-2.095666648214440672e-07,1.424014084573771849e-08
-3.288249482570605876e-09,-3.756889609987318866e-08
-8.644236963369964861e-09,-2.290856317880775174e-08
-1.829548162908424675e-08,-1.993887235953518446e-08
-3.117485630458077246e-08,-2.912354382478410472e-08
-4.622502106539302347e-08,-4.886832225546603155e-08
-1.699786047297110580e-07,-2.573724085115575358e-07
-2.431943236480791561e-07,-4.750717810491448320e-07
-3.045435050148906356e-07,-7.419036010558736607e-07
-3.552130359569784198e-07,-1.052478026106449805e-06
-3.949641041631496586e-07,-1.397973035945894730e-06
-4.238311977094933835e-07,-1.769148137642995152e-06
-4.419659571879114847e-07,-2.156899735792636110e-06
-4.495288771239703445e-07,-2.552298398689371757e-06
-4.466466156055814896e-07,-2.946537164341770385e-06
-4.334500745523307666e-07,-3.330742069653334055e-06
-4.104059684194406227e-07,-3.696085013256835868e-06
-6.322875239721136876e-07,-4.033902605530753872e-06
-8.795699458984129530e-07,-4.017605794485831765e-06
-1.114200734869897093e-06,-3.990535367648313327e-06
-1.335115884445132707e-06,-3.953710940286714115e-06
-1.542254801725388092e-06,-3.908005363061469790e-06
-1.736019367774794626e-06,-3.854013615897224536e-06
-1.917144178922120077e-06,-3.792299320454799265e-06
-2.086785933347341296e-06,-3.723097575476848392e-06
-2.245323778128212397e-06,-3.649628846849606651e-06
-2.392688695844638118e-06,-3.568702188106569579e-06
-2.530407921891489247e-06,-3.480225338783304682e-06
-2.660002185466118983e-06,-3.383359387979238521e-06
-2.782906685543515706e-06,-3.277100034230047637e-06
-2.900401608723815185e-06,-3.160051625536377045e-06
-3.013382224792474412e-06,-3.030946671658324661e-06
-3.122784923315828972e-06,-2.887892201180224786e-06
-3.228773436100097797e-06,-2.729637879269239545e-06
-3.331794846425408912e-06,-2.554072717932815636e-06
-3.431214751582322559e-06,-2.360304698806038221e-06
-3.526764673379656175e-06,-2.146473655819088007e-06
-3.617545563527537932e-06,-1.912776244910484119e-06
-3.335559992120435395e-06,-1.585753130842963530e-06
-2.954836331525197101e-06,-1.487897520559136487e-06
-2.560556910487128504e-06,-1.373006491887011804e-06
-2.162673702275699230e-06,-1.244191882423408765e-06
-1.770860603025657455e-06,-1.104641061189981610e-06
-1.394677901231674471e-06,-9.574494119420633948e-07
-1.043734256611350711e-06,-8.056910974870529105e-07
-7.276858631820464399e-07,-6.524545022559235090e-07
-4.562064603386411816e-07,-5.008380133121316100e-07
-2.389438285828386165e-07,-3.538905966038931382e-07
-8.504704805714535165e-08,-2.135838650445162685e-07
-9.774669809469338467e-08,1.142059906378785167e-07
3.947382039274159827e-08,-2.750616484939561292e-07
3.005879950589597398e-07,1.806877071366363991e-07
3.881543316279406019e-07,-5.441873420981280102e-08
-1.525875812977613880e-07,-5.663984483852638680e-08
-2.004257678346714325e-06,2.651316807331787899e-06
3.150583458782775634e-06,-1.000779360282846430e-06
2.164613273391387905e-09,-3.693129058042323279e-06
-3.468810536039767174e-06,-1.164135635063812486e-06
1.955099533834728553e-06,2.471893034944407361e-06
2.039131191711351082e-07,5.134261740393197892e-08
-1.522954099962061591e-08,1.960979989998947063e-08
2.297372850428087698e-06,2.943964382776928126e-06
-2.372706173290414150e-06,3.152009212365096631e-06
9.506523681466319312e-09,-2.945901225109780690e-06
-2.709802172660118739e-06,-9.117934621988361131e-07
5.129675298082194128e-07,4.759238614009400471e-07
3.107005634250991947e-08,-7.499539620591713802e-07
-5.650049395903111440e-07,-1.969965863955534088e-07
-3.291995564458210089e-07,4.142755692693365140e-07
7.196956077711016498e-07,-1.724078961524625797e-07
1.560064583492214720e-06,1.924855935924558819e-06
2.487978670862293584e-06,-7.758683141998306336e-07
-1.921526735119717774e-06,-6.500293836447324585e-07
8.115542744958517410e-07,8.890810575648136268e-07
-1.180923478636983844e-06,-4.034372727375769894e-07
1.669990221582049352e-08,-2.159153518061603605e-06
1.169542512690104671e-06,1.384402028657737369e-06
2.385448327971802100e-08,-1.403176199080321089e-06
1.825409265369513642e-06,-5.512688788133994845e-07
1.217646930221365690e-06,-3.441740969034782959e-07
-6.747693294465759937e-07,8.724960872980612634e-07
-1.552272631342981723e-06,2.046476376122268016e-06
-1.095639459383875152e-06,1.434738451802567781e-06
2.795769440364531197e-07,-9.893004367162383262e-09
-1.982365671752710431e-08,-8.622568575808115645e-09
5.822726411209907389e-08,-9.646322137543245394e-08
3.668923294672624355e-06,-1.192703527616571391e-06
-4.025766496538972223e-06,-1.368367739948257058e-06
2.831559046920139738e-07,1.302030420050279956e-08
-1.685781685727101006e-08,1.742081000773827457e-08
-3.161985827885397938e-06,-3.164346563562616180e-06
2.700946392307069339e-06,-3.170868498459990422e-06
1.482615581111546129e-10,-4.244964285388178208e-06
2.990050006011080129e-06,-2.804179725384896234e-06
-3.409153427991544439e-06,-2.860060464365100520e-06
-1.429626198185630304e-08,-1.737636992636029729e-08
2.193860620850112870e-07,-3.465261526890725102e-08
-2.903899971667302989e-06,-3.411660986807302465e-06
2.413189069387647258e-06,-3.459297507510929873e-06
3.264036739916233818e-06,-2.357976602895470266e-06
-3.644961757811160589e-06,-2.483160021072003232e-06
4.022742648443114280e-09,3.473589922536739446e-08
9.970692145343259077e-08,6.408808795978815586e-08
-2.973376652961314413e-06,2.733792682145659927e-06
2.838802831318837212e-06,2.555971944559031628e-06
-2.634665586603629820e-06,-3.619631713867806206e-06
2.142645172712422890e-06,-3.682610342273471935e-06
3.493385364552275369e-06,-1.894006357643935487e-06
-3.851562575960946997e-06,-2.067882163198695635e-06
-3.318991398972585079e-06,2.393774144925941767e-06
3.129214087459180799e-06,2.261151267820244668e-06
-2.364268634717408851e-06,-3.790527043486953645e-06
1.904891289879560942e-06,-3.846707293771141376e-06
1.402557234123995729e-07,-5.375171692846885801e-08
-4.404886451645147034e-09,-4.996873163318386181e-08
-2.624736983315461537e-08,-3.481505197632064581e-08
2.770911226179230770e-07,2.573735989725297424e-09
2.727251231033929954e-07,3.988254237708702282e-09
-2.067383314427861599e-08,-1.781982057420053611e-09
-1.383463967669276392e-08,2.173318065947516843e-09
-3.659909718876684385e-06,2.017303254183553194e-06
-3.788565376991956689e-06,1.844682571023763808e-06
3.508631110037882009e-06,1.802423467896608931e-06
3.405643756595104981e-06,1.945657610772293333e-06
-2.028607354386550409e-06,-3.973718114631477486e-06
-1.854485386586301724e-06,-4.048628627431084984e-06
1.644115924855352735e-06,-4.003554782493430324e-06
1.516217074942382051e-06,-4.064622419823067126e-06
-3.903630450515984003e-06,1.660854702863282490e-06
-4.000688825528162410e-06,1.498009835142600209e-06
3.600679429771281857e-06,1.649711752200145544e-06
3.678891457922079935e-06,1.513494062034015837e-06
-1.652241691144098486e-06,-4.116689411428568740e-06
-1.452501080838141606e-06,-4.178962462829427074e-06
1.369839683967251755e-06,-4.120205060631864655e-06
1.225204971954858196e-06,-4.171364871088919546e-06
-2.170549185661146298e-08,-2.386936740199826472e-08
-3.509934678960279836e-06,2.211224178242059926e-06
3.285199572065175842e-06,2.107178140346320673e-06
-2.206073563883013069e-06,-3.893421967753571782e-06
1.778715390955871534e-06,-3.936257760243615984e-06
-4.085306520724115358e-06,1.327257251037751857e-06
-4.155524194048541503e-06,1.175808423279346796e-06
3.747699034698818081e-06,1.369012932266832580e-06
3.805768683633025473e-06,1.238753764640645634e-06
-1.221769374287133548e-06,-4.231724988594542675e-06
-9.938543848241065614e-07,-4.277540814658835092e-06
1.054962308814197000e-06,-4.216810672693773109e-06
8.809746941050460755e-07,-4.258161350363863260e-06
-1.277527617881376438e-08,7.690265960444772484e-09
2.798220861781462987e-07,5.551172618502700168e-09
1.839694937055133897e-06,3.321380699576929441e-06
1.616444309579099275e-06,3.451085944639964016e-06
-1.721121094522911972e-06,3.624808682108743732e-06
-1.917274768716691729e-06,3.515880364785661603e-06
-4.215125469822006989e-06,1.017520414487906795e-06
-4.263766534067947808e-06,8.753370262235154380e-07
3.855903774985647490e-06,1.099899200325319632e-06
3.897801132594377901e-06,9.723327583359133859e-07
-7.332024444266281542e-07,-4.310226704595832759e-06
-4.766130969503981630e-07,-4.334537166212220820e-06
4.521722587573960465e-07,-4.319397210914308893e-06
6.717935140258347670e-07,-4.291429942865317519e-06
2.616209186927489441e-07,1.164233849624300819e-08
-3.031417527964388646e-08,-3.144331985678836202e-09
1.379423016633357169e-06,3.567946503214718607e-06
1.166180662740392661e-06,3.664592909128359834e-06
-1.356554332762627172e-06,3.786491601198561468e-06
-1.525005438501263977e-06,3.715751443253072908e-06
-4.303579317725425285e-06,7.249388676458942780e-07
-4.335115673270520940e-06,5.862462688851475374e-07
3.961258288161625718e-06,7.039925142436048824e-07
3.932814493526202929e-06,8.342329142699280744e-07
9.439364023486650111e-07,3.748684470098771231e-06
7.460517734138572403e-07,3.815556670645335866e-06
-1.036595239309013017e-06,3.889149980516387066e-06
-1.186263468220230912e-06,3.844638545140176287e-06
-4.358822806317024552e-06,4.355694604733665085e-07
-4.375669296014612053e-06,2.914846675198902435e-07
3.983037845727817065e-06,5.597195634166488777e-07
3.998850536826302752e-06,4.196319220345399820e-07
2.087106036558973320e-06,3.169146941005247574e-06
-2.154060396308433668e-06,3.377417253337271008e-06
5.427669264288609357e-07,3.871037273154321648e-06
3.629706758211036149e-07,3.912560482284618355e-06
-7.413228815153191671e-07,3.950304153010943063e-06
-8.818252081506930212e-07,3.924558213247847361e-06
-4.384216054354733473e-06,1.295427073799735868e-07
-4.385680956156156613e-06,-3.100679310907063715e-08
4.006986767928183668e-06,2.605999058121390713e-07
4.008503036467069461e-06,1.021704276385568918e-07
-9.246902448021247844e-09,-2.174532582552793368e-08
-6.816487287271072043e-09,-3.035815417563169503e-08
2.559066578731328544e-07,-3.086717686130750142e-08
2.440849237431509375e-07,-2.958837642604557908e-08
1.118071580216574386e-08,4.340305060495710931e-08
4.048772240835172749e-08,5.612561290047406694e-08
1.796364737908774454e-07,3.944350825397907816e-06
1.745531747312130872e-08,3.965287871507460522e-06
-4.509524064831942766e-07,3.979170801270084306e-06
-5.915465312440907441e-07,3.968627199990240476e-06
-4.376342465504237992e-06,-2.168937914064534376e-07
-4.357805887047974979e-06,-4.059428920782128016e-07
3.999723993926010415e-06,-8.127791718529022899e-08
3.982247694604985838e-06,-2.671990805101205185e-07
3.905172767291098437e-06,-7.078989632136269798e-07
3.949810279994005428e-06,-4.850660054911837675e-07
-4.323329920697770366e-06,-6.288031067028665201e-07
-4.275569667359971598e-06,-8.585264840043234180e-07
-1.484427766032684415e-07,3.978072235004613206e-06
-2.968106573598384655e-07,3.982339546764771713e-06
3.840504891042116139e-06,-9.751875077108127864e-07
-4.206063180270167199e-06,-1.138264545694838914e-06
-4.221965086347314651e-09,-1.302953644126337645e-08
-1.939794881645242017e-08,-4.322554935042853963e-08
2.771710102703513678e-07,-4.078460558611137705e-08
2.579540371179637740e-07,-1.253906031170226311e-08
1.847760837227724956e-07,-4.140332932542111687e-06
2.885257345578880203e-07,-4.421490882021626126e-06
-2.977311009048176141e-07,-4.437102756240337644e-06
-1.876186788515688391e-07,-4.139323174941804826e-06
-4.251709326869877045e-06,-1.364053738636977772e-06
-3.984521695641902063e-06,-1.135304548832239876e-06
3.627922345322977984e-06,-9.732235028368291385e-07
3.886689243445023101e-06,-1.189401879550253709e-06
4.087606903671782315e-09,4.971559835861285614e-08
3.114975351144715498e-09,1.879604069574017512e-08
5.661877628283790691e-08,3.001290022375222338e-08
7.769833853090282814e-08,8.740209149897292469e-08
2.182668306015581679e-11,-4.445150796538200545e-06
2.276263945575427643e-07,-1.446685027607918907e-08
2.388514266513324262e-07,-4.380158550166780386e-08
-1.396016237610909931e-08,-2.153374348363740010e-08
-6.442453931831905773e-09,-1.088143606471601045e-08
-8.511856702544428443e-09,-2.641891453369701802e-10
2.711268282896551995e-07,-9.185637236826583456e-10
-1.039453917817637822e-08,-1.136922363006518886e-08
-2.284808053720796174e-08,-2.409378335443386359e-08
2.180976429326192972e-07,-5.710719867681098935e-08
1.860139447892703784e-07,-4.101186631882821129e-08
1.859034978281936607e-07,-7.121007049602224530e-08
-1.607770709635158198e-08,1.643042251502003447e-08
-8.104385842462471238e-09,6.339855805678753279e-09
2.791304829440600818e-07,4.550235195276954952e-09
2.823731380551170238e-07,1.209603338061287529e-08
2.574212136241543237e-07,4.356313505047709322e-08
2.235039603858599576e-07,1.260024438343262830e-08
-1.258871887008765929e-08,1.611826620336382347e-09
-4.456347330628617601e-08,7.835264621575350582e-09
1.990948721261406322e-07,-1.989075497645473455e-08
1.553519858042793287e-07,-2.429053073135169028e-08
-3.985607169257445996e-06,-1.800393024954888883e-06
-3.858908986455959322e-06,-1.513950464943760632e-06
-4.147114776712799285e-06,-1.663555631773744621e-06
3.631908581917179143e-06,-1.614312801076786187e-06
3.790226579574391363e-06,-1.478740544936553351e-06
3.507973284072291496e-06,-1.329051686451508141e-06
1.890147443242074774e-06,-3.958791226567711387e-06
1.792771463488182084e-06,-3.825009869870078092e-06
-2.227492457414477694e-06,-3.758506316219623077e-06
-2.344901046001661848e-06,-3.923711245315158345e-06
3.288844095754444768e-06,2.268088755615692063e-06
3.130642132261204300e-06,2.097015739295137641e-06
-3.322869735116494552e-06,2.198210573920225596e-06
-3.511206265563586616e-06,2.403709213767782665e-06
-2.381401300935631568e-06,3.376906856747559203e-06
-2.138288291641139050e-06,3.159664148241765620e-06
2.072336260380777175e-06,2.949395895140130290e-06
2.309567094889607517e-06,3.164479971249877921e-06
-4.052449434510116182e-06,-2.008820783587911426e-06
-3.779286312417003079e-06,-1.867553815748519402e-06
3.421492651705393265e-06,-1.681064781316241576e-06
3.702211668796821124e-06,-1.829790449565161574e-06
1.479348161859720940e-07,-8.828984016324690672e-08
-2.719272888553682426e-06,2.975558944731984358e-06
-2.453045526823685578e-06,2.927613267886223561e-06
-2.639509407867424652e-06,3.196815950010552847e-06
2.616488802916682025e-06,2.775920892767463887e-06
2.547623078278642116e-06,2.983553195800026696e-06
2.371175949725400026e-06,2.732041891858853162e-06
2.648356799735250871e-06,2.543530908657026276e-06
2.813862827503400372e-06,2.781260861607675582e-06
-2.940256823399832382e-06,2.984881692358370826e-06
-2.757176967460019391e-06,2.720052544991875818e-06
-8.289464737295440896e-08,-3.683246339859123401e-07
-4.025881836949144660e-08,-1.823093722889268502e-07
-6.786237209625734219e-08,2.234318366386252279e-07
-1.779630396227732513e-08,1.004992911596180672e-07
4.174412438844529772e-07,1.851695770610561571e-07
3.145163163372013449e-07,8.913224493930811304e-08
4.225715996068954356e-07,-1.577868185034755734e-07
3.174882649018807876e-07,-8.247238759355592891e-08
-2.619140151050528379e-07,1.659239111137401586e-08
-1.052041510600297664e-07,2.533417212908360483e-08
-1.015541400316749184e-07,3.300067912780610059e-08
-2.144187710724773260e-07,1.144427187473405548e-07
1.241950066585013630e-07,-1.939892269958284492e-07
1.565737040574648009e-07,-3.709589244679047544e-07
3.507722712190229105e-07,1.413095474393128744e-08
4.767292134974796141e-07,3.894766179845422821e-09
2.088121228984519730e-07,1.655628865919308384e-07
2.676172857015829460e-07,2.948004620452372250e-07
-6.631329952306246463e-08,-9.140608940190073210e-08
-1.959820583690397477e-07,-1.822437972045707970e-07
-3.508362745879169532e-09,1.199898266575075041e-08
1.693198534871171927e-07,2.929622293648270463e-08
-2.068586565536457574e-06,2.376573627103980474e-06
-2.275716704860016805e-06,2.673034561523067808e-06
-3.216456723270633235e-06,-1.319224879871883352e-06
-3.579902160349065687e-06,-1.422965254740919127e-06
2.160684840167407410e-07,-3.515883367584996945e-06
1.963569123935831376e-07,-3.869573210590093329e-06
3.051942109895205535e-06,-7.536121224764601666e-07
3.373799085745606004e-06,-8.722898457739873715e-07
1.698986972073662137e-06,2.452007056228125626e-06
1.897805448694161635e-06,2.716588101630143698e-06
3.247989053661210927e-06,-1.238383906285255640e-06
2.925101632363633095e-06,-1.137321842082867702e-06
-1.948975907273294176e-06,2.918216775382487299e-06
-1.720024647831308404e-06,2.632613147674890806e-06
-1.960734855124366398e-07,-3.865632842421288154e-06
-2.080769483464045406e-07,-3.514134055999066812e-06
-3.713890755245465229e-06,-1.023950979760803734e-06
-3.357915376696518948e-06,-8.878333501365418756e-07
2.205194553815392575e-06,2.494502352033768304e-06
2.016411903637163550e-06,2.221979726275706267e-06
1.114752952647616555e-09,1.619369730855611844e-08
1.152131370887538672e-07,3.213670601709656339e-08
-1.570950252058246415e-07,3.945198712769743973e-07
-1.966261522774013037e-07,2.408808851099078234e-07
-3.586405796890145271e-07,2.464135840431688474e-07
-1.192072425353087102e-07,-6.089406499683461412e-07
3.506805504934111947e-08,-4.849382457230254574e-07
1.848502174501875929e-07,-6.097405697210596185e-07
5.806312197439352270e-07,-2.463324746431516775e-07
5.292506334889996620e-07,-1.054025520533575406e-07
6.534304479518896726e-07,-2.668856101905329542e-08
5.449304482865865902e-07,3.191668841404607121e-07
3.940903882113835654e-07,3.112960630349108870e-07
3.545169320037987994e-07,4.575792160721902491e-07
-4.818756203555108100e-07,-1.829677430746250007e-08
-3.280218774557283173e-07,-1.167193548515967225e-07
-3.927587891009541303e-07,-2.894670026125810976e-07
2.399500829896792324e-07,1.029146906172261117e-07
1.752998609587856930e-07,9.212439101760878314e-08
-4.096545135921333023e-08,5.023449485373740859e-08
-2.148777549985892995e-09,4.575035820364557794e-08
-8.089704342903974074e-09,7.445184036870261169e-09
-2.021394777760870203e-08,1.478849348773001138e-08
2.831033241242018982e-07,1.046084405981126461e-08
2.766137941842516741e-07,5.742178356291158553e-09
-3.143737467520006796e-06,-3.028286695715645851e-06
-3.262449570364495982e-06,-2.872801262592305968e-06
-3.282225038466986710e-06,-3.016527769561770548e-06
2.678474244530990573e-06,-3.010048849119043748e-06
2.840885154376953293e-06,-2.993208963809295085e-06
2.816949981538422018e-06,-2.821658809699888498e-06
-3.029026858645072284e-06,-3.161250351306084796e-06
-3.030848989374212800e-06,-3.290173517585769691e-06
-2.902638217071472211e-06,-3.286804983242638935e-06
2.547950388525308684e-06,-3.170595648067449304e-06
2.409468937045258926e-06,-3.320067436583474642e-06
2.551897254423935403e-06,-3.319904441301166467e-06
2.947311788020013397e-06,-2.626107595197970935e-06
3.123650512574384794e-06,-2.586656049542781959e-06
3.078654314569415286e-06,-2.398997124862383697e-06
-3.372805126157564949e-06,-2.710144036570501859e-06
-3.483796929765100487e-06,-2.517651495529379888e-06
-3.523242261470466118e-06,-2.678151973054036672e-06
-3.877873474729628739e-08,1.942645908988229780e-08
-2.960550637408244819e-08,3.193434534234213065e-08
2.971504140177415321e-07,1.231725579977135159e-08
2.918465814280249072e-07,2.369139669285208012e-08
-2.781193836929555797e-06,-3.397153909847705751e-06
-2.769103924017764538e-06,-3.516044471895595831e-06
-2.647266215503237939e-06,-3.501087278481869888e-06
2.283055381759837718e-06,-3.447805454453440805e-06
2.151820809106498595e-06,-3.563888919212779780e-06
2.273374116353861390e-06,-3.574455112687495189e-06
3.202132611527628723e-06,-2.170229433639202753e-06
3.376973488664867491e-06,-2.129671568992089359e-06
3.313297220692245065e-06,-1.935556716978789611e-06
-3.588994324706874849e-06,-2.318294567667901346e-06
-3.684936708145915650e-06,-2.106469275588197578e-06
-3.745095157323235025e-06,-2.282661142031556259e-06
-2.514159543233950386e-06,-3.594615354119368824e-06
-2.501131526673531252e-06,-3.704264466236360208e-06
-2.378095273874176381e-06,-3.678157838482687596e-06
2.029976740274845201e-06,-3.663450254335917511e-06
1.913658667590313864e-06,-3.747907246794975960e-06
2.021087897993889027e-06,-3.766469206139535293e-06
2.833640375177570602e-06,2.388390509145397078e-06
2.984235840756149002e-06,2.247172158704843926e-06
2.989215129545076118e-06,2.403244231961544775e-06
-2.969023278903680631e-06,2.542334444103960379e-06
-3.150409214487413369e-06,2.559637045757584617e-06
-3.146373881456801136e-06,2.376908103491969780e-06
2.720209095610620417e-06,-6.366901638078547895e-07
2.822764664241041473e-06,-8.893915877469531308e-07
2.591681860061122693e-06,-1.028699403896639060e-06
-1.847290679040594737e-06,2.069369224583113361e-06
-1.781489687664399067e-06,2.353395190045920950e-06
-1.487529709209569540e-06,2.332337344317143574e-06
2.307142546227117084e-07,-3.140248736943882475e-06
5.802466675677972840e-09,-3.328937459613440368e-06
-2.152639341648553887e-07,-3.139238525662819204e-06
-2.832145921956748687e-06,-1.202644112683584667e-06
-3.097915326427426723e-06,-1.040727694780243475e-06
-2.979559570704314151e-06,-7.510273366066777600e-07
1.498863515199735512e-06,2.179161598847130422e-06
1.758824107868792686e-06,2.200068771872124414e-06
1.820254080360615424e-06,1.945991709870966263e-06
2.143590736926543046e-06,-3.799418032219234334e-06
2.022345601999940848e-06,-3.878292994321521415e-06
-2.634904396864280472e-06,-3.742091463276109215e-06
-2.501289942019923725e-06,-3.829141688583775879e-06
3.003220172324399018e-06,2.597130914885695974e-06
3.142865379422829421e-06,2.441860483255907058e-06
-3.162820273308801722e-06,2.782665520870637979e-06
-3.331476254019496410e-06,2.606210466643759213e-06
2.130791291019068679e-06,2.714650907147045694e-06
-2.197101058483765424e-06,2.911656499027425517e-06
-3.816262439870660939e-06,-2.459599530120347199e-06
-3.927723213389565623e-06,-2.256836903514725689e-06
3.456842178169339240e-06,-2.328461601853411705e-06
3.575872257764465855e-06,-2.098795646771317316e-06
2.420452133023757851e-06,-3.592122070789033742e-06
2.280583132453767021e-06,-3.699166728513618008e-06
-2.910389795279347285e-06,-3.535030675860267020e-06
-2.775621153124765540e-06,-3.638568425586219546e-06
1.232860844886796413e-07,9.606649935084563099e-08
1.492351719631187440e-07,6.142883843188148812e-08
7.402564289717473988e-10,3.005828829585887029e-08
7.973655385353673856e-09,4.966033457772773198e-08
-3.562433005573873457e-06,-2.845818557826112300e-06
-3.686747865278335966e-06,-2.662551196830479938e-06
3.169963060714129217e-06,-2.784737140648160876e-06
3.312654404518959135e-06,-2.565854072151214986e-06
2.715204592788513554e-06,-3.325228829401165622e-06
2.565605478828453508e-06,-3.464304269227685572e-06
-3.174228801816353633e-06,-3.296901007385567798e-06
-3.042897567244618753e-06,-3.418241098126581822e-06
-1.617789519787671805e-06,1.759652758909174470e-06
-1.385451819766372477e-06,1.454891984285039898e-06
-1.321989344417864961e-06,1.737890422140782277e-06
-1.255987156203060604e-06,2.024094828342123071e-06
-1.030044199334786612e-06,1.714770029634448107e-06
1.725810201148875472e-06,-3.133120617546565428e-07
1.416816379940120754e-06,-2.216530707672128194e-07
1.511253758972530841e-06,-4.444266775414559973e-07
1.605168817604748453e-06,-6.805682772293533433e-07
1.304118964905698563e-06,-5.643882778318067724e-07
1.301026914046177404e-06,1.903340261419052705e-06
1.109010603428792132e-06,1.629542175599132894e-06
1.362460578656808000e-06,1.651355343034946971e-06
1.620532207689533978e-06,1.671496376562879216e-06
1.420859810101980786e-06,1.403250989445206403e-06
-1.492641365789770852e-07,-8.975678688921517504e-07
-1.736921306953139538e-07,-1.225656705529305320e-06
2.742777131025600137e-08,-1.059137372181056670e-06
-7.554877159114084242e-07,-7.710405420803158047e-08
-1.072956816370144489e-06,-1.564804901437286927e-07
-8.525411097533521975e-07,-2.936293477900018250e-07
2.076834672506616338e-07,-8.984077579579904771e-07
2.249826154766073904e-07,-1.226614412026590919e-06
-6.468831267591041413e-07,-4.086376334188901665e-07
-9.485548553691319187e-07,-5.367355117181261222e-07
1.924668355405677169e-06,-7.981388806768802664e-07
-7.224543314717590248e-07,6.397504089449807591e-07
-9.327503949894370107e-07,8.881298351746896758e-07
-2.144259540449122899e-07,-2.355096497896481894e-06
-2.061967477704176910e-07,-1.963508074620740246e-06
1.130474745638198024e-06,-1.418124225218157275e-07
6.020177167563415664e-07,8.683388593915039708e-07
7.561660175004489078e-07,1.107331415091344775e-06
-2.191512153007618680e-06,-4.862647247606047212e-07
-1.800612980418566451e-06,-3.642201894517340121e-07
2.027900682646666410e-08,-1.772870872888428936e-06
-1.926441368364360404e-07,-1.584025379695418546e-06
4.670664850611542111e-07,6.502359896232380941e-07
-1.155417874277614013e-06,1.162100036288254188e-06
9.847756054031936118e-07,1.128753219302909699e-06
9.262658698968486410e-07,1.362621024700794738e-06
-1.540467615976921274e-06,-5.232813019363242678e-07
-1.424553999250129447e-06,-2.532406671054247852e-07
-5.294746192162464683e-07,4.236510013055663846e-07
-2.587665510350482594e-06,-6.162310696759434817e-07
-8.782392232882077200e-07,1.143987888875247486e-06
2.255790346320270770e-06,-9.149059450782222081e-07
8.736939560231561742e-07,-7.606134070556191251e-08
-2.174139019279055640e-07,-2.749930744727478753e-06
2.367838791881878203e-07,-1.585012244835651171e-06
-1.288094131841924907e-06,-6.706659856604442450e-07
1.224780815621321832e-06,1.146004828609816561e-06
6.925791854242988476e-07,4.865926113635730240e-07
2.431752130807361469e-07,-1.964494418416090823e-06
-2.812334893040632699e-07,6.056885685993669848e-07
-1.655833657819919531e-06,-8.073181634914099882e-07
-2.437440959604663130e-06,-1.076387433456146325e-06
-8.146640389768277238e-07,1.411367841160367552e-06
2.400740499254751617e-07,-2.750877922836083305e-06
1.035777476788191822e-06,9.044365964662983653e-07
2.384300033209263086e-06,-5.230475011275343124e-07
7.849158506521420985e-07,-3.450517201540773330e-07
-4.901465963709901790e-07,6.270290469337760073e-07
6.532015495337607300e-07,6.699718100826557624e-07
2.442446799025878808e-07,-2.356070627758021271e-06
-2.042143798621836275e-06,-9.435883975672606145e-07
8.572654152974379922e-07,6.831359304807657043e-07
-6.148148487238478815e-07,1.120836981162195722e-06
2.050584481392190480e-06,-4.145272937804820128e-07
2.153258908225969552e-06,-6.624751498000161261e-07
1.028394498265125889e-06,-4.518089813330363380e-07
-2.314494951207671337e-06,-7.805615997748552843e-07
-4.353960847424856064e-07,8.500271053585922212e-07
1.311753998083783437e-08,-2.553093738433847848e-06
9.514831868091669851e-07,-2.527518965726518497e-07
-3.304246707707842330e-06,-3.159877355713540274e-06
-3.432199133738927899e-06,-3.011594942629747149e-06
2.866951361422622318e-06,-3.163204377381806610e-06
3.017565696188110128e-06,-2.984797364640654600e-06
8.289101209088117064e-08,-2.804718590074756380e-08
3.147049606287614755e-07,-2.498692230526785082e-08
-6.210063745112109352e-08,-2.345417431667320871e-08
3.417708885549817399e-06,-1.100567991737037175e-06
-3.761313912217579000e-06,-1.271871736188464848e-06
5.444183741033003316e-08,-1.658811175518699197e-07
-7.826802958232020816e-09,-1.007548759009260946e-07
1.137076789815457876e-07,-1.150584498753954860e-07
2.723985819944779295e-10,-3.982642667283845478e-06
1.028013263084638295e-07,-7.344777851480449563e-08
3.824620102891051666e-08,-4.587740949632256441e-08
