Size 899,2
0.000000000000000000e+00,0.000000000000000000e+00
0.000000000000000000e+00,0.000000000000000000e+00
1.127333129377858187e-09,-4.417064912766075456e-06
-2.110083397795046929e-07,3.922539231111419389e-06
1.575514870127442448e-07,-1.187697875309404931e-07
2.545309802614745692e-07,-6.878953641467369472e-08
3.475246354129292065e-07,-3.846345365661985944e-06
3.173063316694615374e-06,-1.393775338617486814e-06
2.925065784191501159e-07,3.827846872613597837e-08
2.867029801477974588e-07,2.478171128034806017e-08
3.409565676881720576e-06,-7.219941323431123232e-07
2.314618247005860254e-06,2.380550702772453626e-06
1.361403715935751685e-07,1.284143808576160975e-07
1.741856114968204194e-08,6.573478485037319187e-08
1.745132216583631537e-06,2.792340658309019463e-06
-1.804470904930765074e-06,2.999196139517411438e-06
-6.750340576219623731e-08,-1.268048397967191285e-08
-4.846817279020155906e-08,5.183277553300293602e-08
-2.397922520769855015e-06,2.548973494236975529e-06
-3.748230688539866085e-06,-8.621285848580144150e-07
-8.134958892833977044e-09,-7.303064165120859992e-08
-6.534803761342548146e-08,-8.801387692455092438e-08
-3.503509514567928809e-06,-1.578541234645716378e-06
-3.565379470733935577e-07,-3.837850000681543910e-06
1.038679988504769899e-07,0.000000000000000000e+00
1.644439184435442834e-07,0.000000000000000000e+00
2.014142623531887081e-07,0.000000000000000000e+00
2.250310740594177753e-07,0.000000000000000000e+00
2.404511225245076886e-07,0.000000000000000000e+00
2.549299236501891134e-07,0.000000000000000000e+00
2.627629951596168111e-07,0.000000000000000000e+00
2.610645919901608299e-07,0.000000000000000000e+00
2.522747680834975496e-07,0.000000000000000000e+00
2.318335389475197231e-07,0.000000000000000000e+00
1.862621768881541539e-07,0.000000000000000000e+00
1.250825037106483140e-07,0.000000000000000000e+00
6.509888438736691620e-08,0.000000000000000000e+00
0.000000000000000000e+00,0.000000000000000000e+00
0.000000000000000000e+00,0.000000000000000000e+00
0.000000000000000000e+00,0.000000000000000000e+00
0.000000000000000000e+00,0.000000000000000000e+00
0.000000000000000000e+00,0.000000000000000000e+00
0.000000000000000000e+00,0.000000000000000000e+00
0.000000000000000000e+00,0.000000000000000000e+00
0.000000000000000000e+00,0.000000000000000000e+00
0.000000000000000000e+00,0.000000000000000000e+00
0.000000000000000000e+00,0.000000000000000000e+00
0.000000000000000000e+00,0.000000000000000000e+00
0.000000000000000000e+00,0.000000000000000000e+00
0.000000000000000000e+00,0.000000000000000000e+00
2.748661600179486471e-07,-4.390899301283543931e-06
5.220107507164908446e-07,-4.343361879498199464e-06
7.336496984942187617e-07,-4.289835433161043927e-06
9.210579349444508816e-07,-4.233712810871048343e-06
1.089179976098332566e-06,-4.176265759147725221e-06
1.242238193237775801e-06,-4.117994221181873541e-06
1.383955450977400607e-06,-4.058782602582528481e-06
1.517633639426397481e-06,-3.998140746639624323e-06
1.646197845353676412e-06,-3.935160208667984265e-06
1.772095051224735086e-06,-3.868616969947279871e-06
1.898005555960692496e-06,-3.797711548261658683e-06
2.026019800782486491e-06,-3.720543468949842335e-06
2.158045377959723154e-06,-3.634480679725013615e-06
2.294381957498984661e-06,-3.537615495726248384e-06
2.435584884604476418e-06,-3.427770788571794615e-06
2.581074293007118437e-06,-3.303172375356032767e-06
2.730160836434931459e-06,-3.162108783140041191e-06
2.881290660691278252e-06,-3.003464311191725428e-06
3.032777508776349043e-06,-2.826324772837162067e-06
3.182333588709326441e-06,-2.630617694918227211e-06
3.327568719717657396e-06,-2.416596615328708476e-06
3.465977396483073155e-06,-2.185595642064267728e-06
3.595307066941231186e-06,-1.938263106925994137e-06
3.712091297941228181e-06,-1.676651137467249913e-06
3.812026493701070066e-06,-1.403006347935223051e-06
3.887850134599965539e-06,-1.125687364765519139e-06
3.939481111379681588e-06,-8.589906540977287898e-07
3.968663671786838384e-06,-6.139394342308699093e-07
3.982848534754849811e-06,-3.941068662139397042e-07
3.986739833619890322e-06,-1.952159325621855715e-07
3.982770189946531762e-06,-1.397654186633775054e-08
3.972625434129761661e-06,1.525135478193586434e-07
3.957505529537390584e-06,3.068985140555932982e-07
3.938234770607254404e-06,4.518089367626415977e-07
3.915231846077483947e-06,5.897106306268161999e-07
3.888574672417831981e-06,7.229409730708089595e-07
3.858008443846003357e-06,8.536353829053961541e-07
3.822995559437707827e-06,9.836883325716894561e-07
3.782761948845485893e-06,1.114767354704696954e-06
3.736318778880178037e-06,1.248222072814556845e-06
3.682546398370376446e-06,1.385165376355507844e-06
3.620182636547652317e-06,1.526352803506320201e-06
3.547942169538802659e-06,1.672312700721827896e-06
3.464455233260018528e-06,1.823241066047438360e-06
3.368354589976761688e-06,1.979195903168877302e-06
3.258059198168428897e-06,2.139897951185832169e-06
3.134986192798570321e-06,2.308846426767259262e-06
2.993035598152407206e-06,2.484610993674030135e-06
2.828580575482285587e-06,2.666960455602952207e-06
2.640283855171314038e-06,2.851660738840273026e-06
2.426624481691141995e-06,3.032239193426459209e-06
2.195089123015087343e-06,3.196983326789639608e-06
1.957520377907348482e-06,3.342154497384200123e-06
1.721438882916594002e-06,3.467049496462956430e-06
1.490331872604970988e-06,3.573556248882035393e-06
1.265439902527181762e-06,3.663116700245433873e-06
1.048115455562473521e-06,3.736836990735955252e-06
8.394761376999264190e-07,3.795880723179172882e-06
6.404189733411295428e-07,3.841611647393132759e-06
4.513463574178238250e-07,3.875487213002450981e-06
2.723357351210829387e-07,3.899047204092626427e-06
1.029224365872084826e-07,3.913801420164880233e-06
-5.772354851339273367e-08,3.921199194982876784e-06
-3.585681975629890097e-07,3.918402779851983495e-06
-5.021554836729623999e-07,3.909092236761860162e-06
-6.437162812538820906e-07,3.895068034776797894e-06
-7.855574308407359944e-07,3.876395242102912129e-06
-9.302436545510228484e-07,3.852685256472542172e-06
-1.080459907388123422e-06,3.823070280396593165e-06
-1.239046787915756025e-06,3.786182522281851672e-06
-1.408767864470902953e-06,3.740120485902146914e-06
-1.592552574626247374e-06,3.682446284885038749e-06
-1.793478232603590472e-06,3.609803811877821428e-06
-2.015366195885207122e-06,3.516686461424335184e-06
-2.256485882389692908e-06,3.395103560595806473e-06
-2.508255050671547181e-06,3.244142847755257869e-06
-2.750208674621619125e-06,3.064075530793223892e-06
-2.971310987997592606e-06,2.869642955858102912e-06
-3.169858788609551942e-06,2.669429730987291302e-06
-3.345553126893398473e-06,2.469219455764951179e-06
-3.499891349860088271e-06,2.271487323781203714e-06
-3.638345570875502455e-06,2.079793823339036069e-06
-3.758878123946205332e-06,1.892034334340291550e-06
-3.862754332615213192e-06,1.709741758294218992e-06
-3.951301424626827094e-06,1.533931493535933880e-06
-4.026089163151077699e-06,1.365268536489883284e-06
-4.088760439313867943e-06,1.203865432155263673e-06
-4.141075354027704968e-06,1.049388454730332883e-06
-4.184713275297348286e-06,9.009053810981883357e-07
-4.221265445324729185e-06,7.570478956085418279e-07
-4.252087442709615714e-06,6.159072702436272269e-07
-4.278254740010765696e-06,4.751904091188045335e-07
-4.300476256862211781e-06,3.321935526020744925e-07
-4.319019589786644874e-06,1.839121133349041473e-07
-4.333691150868648367e-06,2.712199154230786821e-08
-4.343749443182459698e-06,-1.415952036950812851e-07
-4.347956543309959992e-06,-3.256793258221767408e-07
-4.344446438037571382e-06,-5.288429022817993992e-07
-4.330402600847980969e-06,-7.553636447786213179e-07
-4.299919861051191341e-06,-1.011010745194220262e-06
-4.243076012133292381e-06,-1.291278548027626542e-06
-4.156256312619892848e-06,-1.578948537490326436e-06
-4.043130130666260991e-06,-1.851518362960118926e-06
-3.917796837405458853e-06,-2.096121167425465023e-06
-3.788491797819649238e-06,-2.316197475688727360e-06
-3.658678774724094257e-06,-2.514016601910599766e-06
-3.528602133095682946e-06,-2.693287151611433896e-06
-3.398975226411777557e-06,-2.855331089479581603e-06
-3.270237215098959331e-06,-3.002214599983865556e-06
-3.142551848747736988e-06,-3.135897533883086653e-06
-3.015451011885518770e-06,-3.258572991741301198e-06
-2.888246104542968124e-06,-3.372198450565877483e-06
-2.759711908309881518e-06,-3.478660837862628056e-06
-2.628445904811856277e-06,-3.579561593160080665e-06
-2.492770945624566983e-06,-3.676229364898261771e-06
-2.350563879333232014e-06,-3.769899577802707028e-06
-2.199672895885620297e-06,-3.861168800508277247e-06
-2.038163162634355484e-06,-3.947265998924554246e-06
-1.866089656005435595e-06,-4.029542622274202298e-06
-1.682186224007104454e-06,-4.107371768171217467e-06
-1.485354209826944943e-06,-4.179980749223166231e-06
-1.274668838830748618e-06,-4.246266681977951262e-06
-1.049522853157320981e-06,-4.304972286342416373e-06
-8.094892426803287976e-07,-4.354542188594122168e-06
-5.541077591400730977e-07,-4.393117830636790062e-06
-2.804208405980395611e-07,-4.417262755378304116e-06
1.792755405354076688e-07,-9.638050933023337067e-08
2.071337093934095977e-07,-7.740108370292429647e-08
2.274311702337146822e-07,-5.862918656040253157e-08
2.380953300768062956e-07,-4.625058957057562711e-08
2.448293899821354002e-07,-4.655729986042652069e-08
3.152535358374189967e-07,-1.742049000742746235e-07
4.328983968305974079e-07,-2.829636096560502081e-07
5.983194215787327111e-07,-3.978115258423912726e-07
8.054639256065268999e-07,-5.173909935201784491e-07
1.047744679401950502e-06,-6.395977003097129430e-07
1.318561314069298119e-06,-7.623320376178846494e-07
1.611348166374064312e-06,-8.835136070960106650e-07
1.919596704421934764e-06,-1.001073358265306345e-06
2.236849647302315918e-06,-1.112899153463026925e-06
2.556447717493818913e-06,-1.216714758189931570e-06
2.870780719198309626e-06,-1.310395310143996569e-06
3.077489284945117517e-06,-1.639471469072440889e-06
2.972435231138330769e-06,-1.878512763480272043e-06
2.861823111941466052e-06,-2.106212224349956883e-06
2.747031548952694172e-06,-2.320010292624424517e-06
2.629292884468096652e-06,-2.518947761891948211e-06
2.510437181759106497e-06,-2.701637599173726685e-06
2.391275795361023920e-06,-2.868216507203185600e-06
2.273217924670510761e-06,-3.018239405491715191e-06
2.156476370078644533e-06,-3.152671531585467553e-06
2.041742950330066318e-06,-3.271797908650711241e-06
1.928454532413699007e-06,-3.376977853085612209e-06
1.816344625056144804e-06,-3.469134236672512876e-06
1.704255766613548298e-06,-3.549202357171441392e-06
1.590165272762109483e-06,-3.618252925012217563e-06
1.472332356497623730e-06,-3.677866429361791549e-06
1.348815648945138546e-06,-3.729056481676504471e-06
1.217367284698912821e-06,-3.772117366942714588e-06
1.075341420491325281e-06,-3.806956995078751296e-06
9.198378326730356315e-07,-3.833245536354131773e-06
7.478236866830126528e-07,-3.850040844011445871e-06
5.568142144136511944e-07,-3.855825863247299639e-06
3.938163246324648588e-07,-3.519445558429522373e-06
4.231833162338061005e-07,-3.170532379204434581e-06
4.425131554826228229e-07,-2.805337954389402528e-06
4.522083960813813926e-07,-2.430793888371264221e-06
4.520342381520602806e-07,-2.054939401987617653e-06
4.417883274852237306e-07,-1.686150495536107418e-06
4.213031361723878156e-07,-1.332953314039459916e-06
3.904029572221452246e-07,-1.003977202254864944e-06
3.488079692466748960e-07,-7.079943277419649705e-07
2.960614118332411881e-07,-4.544189227333493955e-07
2.320529252477117275e-07,-2.539070616601347648e-07
2.667500140402308101e-07,1.869706025002337822e-08
2.637724627161704559e-07,7.433535660726936722e-09
2.650692771698196256e-07,3.467544376858242583e-09
2.687902934457902812e-07,4.219495816015836757e-09
2.750023421674029723e-07,1.069514086383855319e-08
4.005988748487384139e-07,7.492665790075439037e-08
5.317612098075251435e-07,1.696889608890972573e-07
6.800028668079492272e-07,2.998578930211161275e-07
8.433225642528938033e-07,4.612140689559617267e-07
1.018825265848493604e-06,6.498103961627570901e-07
1.203373283049239249e-06,8.615735927407398003e-07
1.393733076947473705e-06,1.092296144984023899e-06
1.586609096592538663e-06,1.337668277247483052e-06
1.778652234083373624e-06,1.593290975723089830e-06
1.966478887663694257e-06,1.854708657864426307e-06
2.146670610362344635e-06,2.117653633118277044e-06
2.506653635634703089e-06,2.241680897524208062e-06
2.679418581644512963e-06,2.100416999842889451e-06
2.833094971151287813e-06,1.962076042784750131e-06
2.969212038602603093e-06,1.827218860684235829e-06
3.085635613412702042e-06,1.694047401039177498e-06
3.188581496491434602e-06,1.563006039808817675e-06
3.278748085691250343e-06,1.434711309706602770e-06
3.357029552211246471e-06,1.309178243358688655e-06
3.424234497606230227e-06,1.186124975249175947e-06
3.481195503282052770e-06,1.064996260873885751e-06
3.528596285594636136e-06,9.450001103807159321e-07
3.567014890548549462e-06,8.250869615919555125e-07
3.596840793573341015e-06,7.039905478730323772e-07
3.618240917190685775e-06,5.802172836125098341e-07
3.631154220920808262e-06,4.521018578696300308e-07
3.635195294396901026e-06,3.178047679173857381e-07
3.629713157790943199e-06,1.753830595938405637e-07
3.613661003734739155e-06,2.279337874104051080e-08
3.585705029385114288e-06,-1.419994291124541795e-07
3.544091594451145291e-06,-3.209017939250433192e-07
3.486654932668776558e-06,-5.149588460932898228e-07
3.110658511089438296e-06,-5.920389049185294044e-07
2.800228365440915139e-06,-4.744432238513269778e-07
2.482787906765242745e-06,-3.630060569638182033e-07
2.163186032091608773e-06,-2.589608507332335385e-07
1.847522393210342330e-06,-1.645400154770446061e-07
1.542246206627061175e-06,-8.196158117479095796e-08
1.253870141446371089e-06,-1.340273621119610591e-08
9.889355036483379759e-07,3.895762286900560638e-08
7.540287131388781187e-07,7.292253293109215973e-08
5.558163922360727392e-07,8.630528787266028615e-08
4.002499629131364789e-07,7.686911301324867850e-08
9.616673383768947344e-08,1.111218384318575002e-07
5.586379901696741520e-08,9.906471773925855271e-08
2.236541377800781355e-08,8.132292032369707591e-08
3.861273535536557710e-09,6.168362028364902956e-08
5.083896748286460195e-09,4.803730236240733353e-08
2.512629561019259666e-08,1.816989277532857142e-07
-1.345505675984877743e-08,3.427466342961821043e-07
-9.115152221155114492e-08,5.419132456802885083e-07
-2.032820226648994831e-07,7.729151785704693248e-07
-3.452790147186380541e-07,1.029420824952701989e-06
-5.126649654150364535e-07,1.305110945860567692e-06
-7.009266273743549566e-07,1.593552461353446632e-06
-9.054685792016805577e-07,1.888205581071274437e-06
-1.121591339656584802e-06,2.182480770351358775e-06
-1.344619144960548065e-06,2.469979006933186720e-06
-1.571047300444007182e-06,2.744895698755653372e-06
-1.631295313193813626e-06,3.139352539578784239e-06
-1.463379304804022237e-06,3.254892681104240092e-06
-1.305174177948577843e-06,3.349297432183183855e-06
-1.156209280347708332e-06,3.425317910592725292e-06
-1.014786493875300376e-06,3.485367579702957236e-06
-8.789090554264784286e-07,3.531561113829362636e-06
-7.465261967749372286e-07,3.565592039061970868e-06
-6.156120957245398278e-07,3.588741592864652653e-06
-4.842567781672956594e-07,3.601916004618967009e-06
-3.507113887598270416e-07,3.605628475467714124e-06
-2.134439651005402110e-07,3.600088564035632635e-06
-7.108570195144450768e-08,3.585171583360437864e-06
7.759286144593714199e-08,3.560528019443238935e-06
2.335923696394694095e-07,3.525618668060432968e-06
3.975590765141279334e-07,3.479760940958854737e-06
5.697866976640525007e-07,3.422203438643667122e-06
7.501874968870929391e-07,3.352132510849530887e-06
9.383476452278086793e-07,3.268814742186480500e-06
1.133496884801984934e-06,3.171552580372557049e-06
1.334530623263659026e-06,3.059891611618477497e-06
1.539659558410302226e-06,2.933540884666643755e-06
1.550084730646747004e-06,2.549778690388531596e-06
1.357473785164274427e-06,2.296508635795967065e-06
1.168192121650823692e-06,2.036313257088831744e-06
9.856053036088754505e-07,1.773852766493569533e-06
8.129570958990079399e-07,1.513809965652347989e-06
6.533878922812663752e-07,1.260746206105330411e-06
5.099739646930485906e-07,1.019121157119775009e-06
3.857388290995359524e-07,7.933049796994880122e-07
2.836715451681780123e-07,5.876239161778191432e-07
2.066393498087374201e-07,4.065030289229932931e-07
1.566413599528765546e-07,2.537726621870272009e-07
-3.192187343733164927e-08,-1.033816633356413026e-08
-1.624078757291577552e-08,-4.556520396260165099e-09
-9.836170197624066816e-09,1.816220204054335839e-09
-8.725895110119685755e-09,9.602583389316050414e-09
-1.388823291812056738e-08,2.532007174652255582e-08
-1.831918323647282210e-07,1.044373290871456875e-07
-3.769539096943627122e-07,1.196331841541849068e-07
-6.234642409975749754e-07,1.054679325987281174e-07
-9.144699045025553196e-07,6.481122802422687972e-08
-1.240641553288434722e-06,6.526553754670123934e-10
-1.592766860128009634e-06,-8.395891594128639318e-08
-1.961698102241646529e-06,-1.859941243373868458e-07
-2.338322293579275241e-06,-3.024330110978980622e-07
-2.713579012656686690e-06,-4.302325750517646505e-07
-3.078652125211224323e-06,-5.663272240043614303e-07
-3.425821660337007404e-06,-7.084709075303026569e-07
-3.831536083897461261e-06,-6.512218092002819214e-07
-3.893256494530003342e-06,-4.529445145868335788e-07
-3.937762281163936120e-06,-2.709489320100362465e-07
-3.967308359750179438e-06,-1.040218837170799373e-07
-3.983706467503040510e-06,5.030674979607556209e-08
-3.988275994715488257e-06,1.947097330425802788e-07
-3.981999007996204396e-06,3.318732955217904088e-07
-3.965377957269191044e-06,4.643403723520495646e-07
-3.938596195623354136e-06,5.944904774214993257e-07
-3.901466404012806648e-06,7.244259589569122162e-07
-3.853545201586398787e-06,8.559671148948989587e-07
-3.794187059453328846e-06,9.905583469518102671e-07
-3.722575339605360636e-06,1.129283527982482403e-06
-3.637891949777881444e-06,1.272797971861474502e-06
-3.539250091079447929e-06,1.421366320535796481e-06
-3.425979192497616409e-06,1.574816331819652813e-06
-3.297480788657148870e-06,1.732539473641023174e-06
-3.153624481717533833e-06,1.893189094939270358e-06
-2.988771831215960016e-06,2.055572884900955232e-06
-2.807069519938121445e-06,2.221007941140700540e-06
-2.609121358988944750e-06,2.387675349154320794e-06
-2.218903283962402429e-06,2.266398317227893951e-06
-2.022090101184722288e-06,1.974291293177694341e-06
-1.810666546336576024e-06,1.678826602167008495e-06
-1.589951944684763011e-06,1.387730107826429841e-06
-1.365139796686335347e-06,1.107707766747811726e-06
-1.141138597658232803e-06,8.451882607373489050e-07
-9.227418177006318153e-07,6.065322714631084859e-07
-7.146882202418997497e-07,3.980315014873580516e-07
-5.216874919777614307e-07,2.258658883551781563e-07
-3.483462307944230974e-07,9.590545627133577876e-08
-1.977265912601261537e-07,1.313030639777690993e-08
-3.049656078272522941e-09,-3.573030264929601737e-08
-8.179175511497935926e-09,-2.176729728921742222e-08
-1.738434129729928173e-08,-1.893613774415595411e-08
-2.965728449673148697e-08,-2.766484804109258691e-08
-4.400832102274843215e-08,-4.643980563695800808e-08
-1.619548597752852743e-07,-2.449607767382876815e-07
-2.316730514160713045e-07,-4.523346667370200033e-07
-2.900288401941955227e-07,-7.064834656735766734e-07
-3.381604341524691512e-07,-1.002217428579063299e-06
-3.758498778944378851e-07,-1.331093579248840654e-06
-4.031383031658368026e-07,-1.684278800560691639e-06
-4.201779668691773279e-07,-2.053076790598532712e-06
-4.271295510397455384e-07,-2.428963504434426382e-06
-4.241216961708490601e-07,-2.803538169628873469e-06
-4.112871989251884911e-07,-3.168343832430891574e-06
-3.890748321218685934e-07,-3.514978572327834362e-06
-5.983423469235481165e-07,-3.835399275552172907e-06
-8.320923951917112839e-07,-3.820110114034799623e-06
-1.053815471635181833e-06,-3.794597381307245300e-06
-1.262532391499251868e-06,-3.759827369379028242e-06
-1.458219487983775970e-06,-3.716621211100125743e-06
-1.641287674739850703e-06,-3.665533232849793585e-06
-1.812457902007183453e-06,-3.607085412086580924e-06
-1.972840368293911844e-06,-3.541487932924393895e-06
-2.122820169788780404e-06,-3.471712976583099809e-06
-2.262364063289929966e-06,-3.394760220321320039e-06
-2.392930924948040294e-06,-3.310519680734771149e-06
-2.515958185324522428e-06,-3.218191065075725638e-06
-2.632785983332784520e-06,-3.116821337707062194e-06
-2.744616807670400776e-06,-3.005085063086108478e-06
-2.852269207285268830e-06,-2.881800701336588009e-06
-2.956609165821207646e-06,-2.745193181690017316e-06
-3.057759223417397262e-06,-2.594117920704776798e-06
-3.156116436507316894e-06,-2.426623105662642392e-06
-3.251053042893116418e-06,-2.241925352480900136e-06
-3.342294327845933524e-06,-2.038342493712244929e-06
-3.428976267453404562e-06,-1.816150453860950568e-06
-3.162731582340382539e-06,-1.505747062014304140e-06
-2.801997493631695714e-06,-1.412980566929629756e-06
-2.428279333829105494e-06,-1.304012489342148177e-06
-2.051070761297324939e-06,-1.181797196429321456e-06
-1.679559693556949982e-06,-1.049365453531297183e-06
-1.322819914373446121e-06,-9.096547977035026650e-07
-9.899735744053608627e-07,-7.655813178515507199e-07
-6.901905530317882027e-07,-6.200752159792487398e-07
-4.326590702919821292e-07,-4.760769726795950606e-07
-2.265431026377836139e-07,-3.364794830446841478e-07
-8.053654666907300190e-08,-2.031470059201642143e-07
-9.239805847252483701e-08,1.073764557290991513e-07
3.750812082765013281e-08,-2.617970037949905110e-07
2.847639933474081769e-07,1.703184361070816903e-07
3.679917475388258607e-07,-5.212224435275305835e-08
-1.446943264268312079e-07,-5.423314570563494137e-08
-1.893696187516444043e-06,2.502265725405803985e-06
2.987766282754103571e-06,-9.515609975678970468e-07
2.162147033146283026e-09,-3.512113313496365246e-06
-3.289072183488674041e-06,-1.106313508637082469e-06
1.847319814666511129e-06,2.332240124450147353e-06
1.934683727937875249e-07,4.846114359971875107e-08
-1.448690761064619130e-08,1.841962884058477597e-08
2.171552400588001600e-06,2.779277559784941437e-06
-2.242718962175016596e-06,2.976407212704389111e-06
9.117783654297076566e-09,-2.802893585238569167e-06
-2.569792697758793740e-06,-8.667980986353856605e-07
4.850580197364114941e-07,4.483365107391603326e-07
2.954688397902994831e-08,-7.141349251586757684e-07
-5.359355187909421218e-07,-1.878031102906552857e-07
-3.107745885104299316e-07,3.899936744676904065e-07
6.826105430212657749e-07,-1.644999301568137058e-07
1.473599413883836160e-06,1.815093668823166418e-06
2.359802022624207137e-06,-7.380283655997997498e-07
-1.822477533152997281e-06,-6.182609401829861693e-07
7.667020194653349351e-07,8.376499839527479309e-07
-1.120151447708349556e-06,-3.840241260247752955e-07
1.593268190755958110e-08,-2.055187416301200170e-06
1.104615211972457979e-06,1.304813078865605194e-06
2.271081694228115193e-08,-1.336020698594123639e-06
1.731562232656937444e-06,-5.246951960158041233e-07
1.155073803278576971e-06,-3.278732283817321203e-07
-6.369348344746210804e-07,8.220055831718705602e-07
-1.466030467145039893e-06,1.930369992548831363e-06
-1.034419772571764538e-06,1.352565629443356653e-06
2.649829445007841623e-07,-9.580003932317299685e-09
-1.876625914073870039e-08,-8.376501168073009780e-09
5.533897854968849936e-08,-9.169827292859896327e-08
3.478750228902338189e-06,-1.133503382964314841e-06
-3.816630253911478141e-06,-1.299912639667759525e-06
2.683821035178633746e-07,1.228584897014452198e-08
-1.597817826003705649e-08,1.645447907865732587e-08
-2.994054423973492217e-06,-3.009043428411475792e-06
2.557460098304700162e-06,-3.015243173620711847e-06
2.519111593561320300e-10,-4.034928384415374529e-06
2.832997489699055782e-06,-2.665635685031202262e-06
-3.229864752902710776e-06,-2.718552254218010106e-06
-1.359292608697996966e-08,-1.651906649347507053e-08
2.081617157059155178e-07,-3.286093955241893617e-08
-2.748058400963303755e-06,-3.244956221415605362e-06
2.283358082739089832e-06,-3.290103125069995270e-06
3.094003874782983931e-06,-2.240430556873407075e-06
-3.454702028421178116e-06,-2.359002733745714097e-06
3.713754491093661258e-09,3.279704365821799702e-08
9.479523061591710586e-08,6.060637277516210208e-08
-2.812673297353504325e-06,2.579605836235330990e-06
2.685392488585789364e-06,2.411103378924666755e-06
-2.492011795790081560e-06,-3.442921296283381924e-06
2.026076396899593351e-06,-3.502598666164683708e-06
3.312185791139940053e-06,-1.798930286025214484e-06
-3.651331957325475664e-06,-1.963635357366649612e-06
-3.141552737053993790e-06,2.256054859404894592e-06
2.961973938924659584e-06,2.130371414887961399e-06
-2.235542818391438195e-06,-3.605164639366472580e-06
1.800538596422271326e-06,-3.658397535519586574e-06
1.332579164746384334e-07,-5.103820386970966568e-08
-4.236752506157634064e-09,-4.750034222930879753e-08
-2.500105328340128308e-08,-3.309975244497051351e-08
2.626040285898572100e-07,2.438978062883539446e-09
2.584538510997827393e-07,3.771252009280909807e-09
-1.952443792511017488e-08,-1.693310720249552036e-09
-1.307534083042320073e-08,2.058966701746804611e-09
-3.466389760864319284e-06,1.897420799317261901e-06
-3.589008370129510853e-06,1.732968487060027852e-06
3.324011647242144131e-06,1.692899948699198535e-06
3.225712720467813614e-06,1.829509362118812773e-06
-1.917887601714376268e-06,-3.778642804013812957e-06
-1.753278252238753705e-06,-3.849488750105510878e-06
1.553835287604487444e-06,-3.806914521946881167e-06
1.433019729950348917e-06,-3.864644628887224576e-06
-3.698647467755096381e-06,1.557907346589956237e-06
-3.791072807360798492e-06,1.402940479770220961e-06
3.411842878921634945e-06,1.547321133586672273e-06
3.486411357325482358e-06,1.417583941477840370e-06
-1.562158582888465721e-06,-3.913825906411314401e-06
-1.373443968030897952e-06,-3.972674200256236466e-06
1.294829687807806306e-06,-3.917159106012549691e-06
1.158323838121079189e-06,-3.965478032913773550e-06
-2.065727595496865431e-08,-2.269158707785898033e-08
-3.323450619708210752e-06,2.082177273214366868e-06
3.110752306562144777e-06,1.983568126631377245e-06
-2.085760413244773754e-06,-3.702649665270463954e-06
1.681093705724024937e-06,-3.743238107104247166e-06
-3.871583413105299102e-06,1.240624133016650350e-06
-3.938309953924674582e-06,1.096865685687382237e-06
3.551941610365436051e-06,1.280160875471077050e-06
3.607157421467617221e-06,1.156481120671176390e-06
-1.155452979705258684e-06,-4.022529223561971469e-06
-9.400912622629009955e-07,-4.065822275258123670e-06
9.976413726781503857e-07,-4.008400666692866288e-06
8.333712337612861905e-07,-4.047463045783377033e-06
-1.209671116742734601e-08,7.277885591734138640e-09
2.652107374320694985e-07,5.252494765310752683e-09
1.738159357098872454e-06,3.136596582258870902e-06
1.526889104945971916e-06,3.259300268515375068e-06
-1.625873250616384311e-06,3.423899691960545730e-06
-1.811465768450858547e-06,3.320883775465906612e-06
-3.994869620467850160e-06,9.468817168302480864e-07
-4.040949175557112954e-06,8.124326042566765521e-07
3.654747288930524921e-06,1.024912360746850412e-06
3.694436574048212744e-06,9.043149265546106026e-07
-6.937184850180276711e-07,-4.096710346255738873e-06
-4.510672223099237534e-07,-4.119688536905516809e-06
4.281348613000720233e-07,-4.105345273510326032e-06
6.357623628948409312e-07,-4.078902860267698650e-06
2.479492310843524211e-07,1.099138690066985735e-08
-2.864140589508070084e-08,-3.007337100582214366e-09
1.302680317649702753e-06,3.369810193625283040e-06
1.101037419544664445e-06,3.461175065699523926e-06
-1.281223373208583439e-06,3.576670110567469498e-06
-1.440425076694591071e-06,3.509851665578433245e-06
-4.078607739030631698e-06,6.705233089985839040e-07
-4.108389747018287117e-06,5.399369501349915383e-07
3.754398449485366172e-06,6.514849273220221139e-07
3.727547117953441905e-06,7.740606743837734700e-07
8.909479171843227156e-07,3.540647344701902148e-06
7.039381730700075168e-07,3.603831052368925308e-06
-9.790362615499607049e-07,3.673557254143641560e-06
-1.120360610880840094e-06,3.631560010411002493e-06
-4.130763768409937876e-06,3.983281418752641058e-07
-4.146660571632123591e-06,2.631014103032995222e-07
3.774945724625101326e-06,5.159458302088852320e-07
3.789862738043030606e-06,3.845079013769994914e-07
1.972401877185575058e-06,2.992526901240636771e-06
-2.035635314678176960e-06,3.189864583486895826e-06
5.118738946655749657e-07,3.656240256095249018e-06
3.420421469358854462e-07,3.695458785884581830e-06
-7.003389570286261781e-07,3.731218566552865778e-06
-8.329398241732476087e-07,3.706948425152277719e-06
-4.154763247736806639e-06,1.112267469747465227e-07
-4.156214719513309421e-06,-3.933406266319471627e-08
3.797576235019189687e-06,2.353913964275099697e-07
3.799076188260256159e-06,8.683949003979636562e-08
-8.774732388066299934e-09,-2.068965805999159370e-08
-6.445973894256756200e-09,-2.891455144365370619e-08
2.425985396429385150e-07,-2.938840553048390851e-08
2.314684496073010563e-07,-2.810014106688702749e-08
1.060955706248850054e-08,4.108420537624105186e-08
3.850380496146759699e-08,5.314915276482653077e-08
1.689072090241212571e-07,3.725482110803142939e-06
1.578076708692728164e-08,3.745256519606049413e-06
-4.263270575884196518e-07,3.758409546332053423e-06
-5.589999137439042158e-07,3.748482286335751678e-06
-4.147528984539469986e-06,-2.137653402602239247e-07
-4.130181155893487838e-06,-3.913732047787822275e-07
3.790920243314332069e-06,-8.528190869401232206e-08
3.774576586425508502e-06,-2.599277377487135669e-07
3.702113275272928915e-06,-6.749803647520010618e-07
3.744128996095530931e-06,-4.649129849117065832e-07
-4.097802853277614247e-06,-6.010866308800858096e-07
-4.052829546517836771e-06,-8.176787588685053862e-07
-1.408252208302325477e-07,3.757336579673793354e-06
-2.808601406710466257e-07,3.761379519940411161e-06
3.641116280534441303e-06,-9.275803122893655845e-07
-3.987249806218592268e-06,-1.082068676803316163e-06
-3.992025518389381549e-09,-1.244224671431611981e-08
-1.833644077249859161e-08,-4.125229035135681458e-08
2.626842552953073930e-07,-3.893488572801375774e-08
2.445212646663573267e-07,-1.197858912121501779e-08
1.751303086838287163e-07,-3.935894446003707730e-06
2.732688684196705546e-07,-4.201958852365825892e-06
-2.817671309038962604e-07,-4.216749370495681934e-06
-1.776004833511895021e-07,-3.934937661564125149e-06
-4.030553987967934255e-06,-1.295800860332501611e-06
-3.777646511700142503e-06,-1.079215405058350253e-06
3.439996978656003660e-06,-9.256705483585477554e-07
3.684930920509288729e-06,-1.130350533281442613e-06
3.793232519108977378e-09,4.704041737230630451e-08
2.939117019024536552e-09,1.776461619166748279e-08
5.384031070331489898e-08,2.840150398768968557e-08
7.389816263996335187e-08,8.275558274195881036e-08
1.321265068248740448e-10,-4.224378920948363001e-06
2.159190352387588784e-07,-1.373452186299396602e-08
2.265528568413697752e-07,-4.152795371811780958e-08
-1.325837655761106957e-08,-2.046886597172245669e-08
-6.122198983254943529e-09,-1.035246371459446990e-08
-8.054975354954942149e-09,-3.459011079004591617e-10
2.569774528225428795e-07,-9.673878490725287460e-10
-9.890050138919166094e-09,-1.081082784397484673e-08
-2.173173494846554326e-08,-2.289687637014226741e-08
2.069764132339672580e-07,-5.414070974566758612e-08
1.766075677686745711e-07,-3.890883584521748256e-08
1.765490712390327980e-07,-6.756288628044888085e-08
-1.525231478788044839e-08,1.554026969760139837e-08
-7.673647781608712748e-09,5.993968023434533315e-09
2.645501652521183372e-07,4.298837970642449126e-09
2.676561286925871690e-07,1.143498065922524836e-08
2.439904884413154679e-07,4.110397555591214768e-08
2.119482546445743460e-07,1.189174285777111019e-08
-1.192122824553647764e-08,1.492196576175779359e-09
-4.213805157010381308e-08,7.279940234376179157e-09
1.889633328858361182e-07,-1.886679296346747526e-08
1.475421073572655299e-07,-2.305432285740004083e-08
-3.778590882693021902e-06,-1.709506206910405585e-06
-3.658500057906342504e-06,-1.437836122361633071e-06
-3.931686351188619118e-06,-1.579666240599477644e-06
3.443689245026107258e-06,-1.533235777445431404e-06
3.593765369168511972e-06,-1.404592320207121107e-06
3.326213996563275607e-06,-1.262680812268227021e-06
1.786577103998223485e-06,-3.764573944292581968e-06
1.694354784774466276e-06,-3.637906635903484271e-06
-2.105997281892609271e-06,-3.574893145886995834e-06
-2.217200454648418843e-06,-3.731333730701978475e-06
3.114149421262232917e-06,2.136984363421251256e-06
2.963371504984407552e-06,1.973902335806810701e-06
-3.145271512722700983e-06,2.069810439080840329e-06
-3.324599406283711642e-06,2.265507771183701623e-06
-2.250958310794191106e-06,3.189466737695468743e-06
-2.020685952667704059e-06,2.983627948327605938e-06
1.958401786691128573e-06,2.784391962143205144e-06
2.183107142745132952e-06,2.988190774289198463e-06
-3.842127594837999303e-06,-1.907437889725650431e-06
-3.582759326773627244e-06,-1.773251252435493535e-06
3.243975483281559563e-06,-1.596594558472831627e-06
3.510505380304325521e-06,-1.737848937296067313e-06
1.406217835508311443e-07,-8.385366604402462716e-08
-2.571298801566848048e-06,2.809192244679819284e-06
-2.318774233089608628e-06,2.763753829176360546e-06
-2.495625659490798302e-06,3.018968465271719783e-06
2.474132231300624996e-06,2.620023442230891040e-06
2.408782308247169199e-06,2.816895988010733955e-06
2.241417063185358340e-06,2.578436785223883603e-06
2.504349796987648572e-06,2.399402923123105195e-06
2.661595646282239999e-06,2.625139905462179173e-06
-2.781127027112675537e-06,2.818082078972495640e-06
-2.607234169824115163e-06,2.566675219029447444e-06
-7.901289028544724997e-08,-3.506451528321434544e-07
-3.841277254010537872e-08,-1.734644674791722266e-07
-6.429231454597576410e-08,2.102711843981364248e-07
-1.703206413073201184e-08,9.455643565164215919e-08
3.949179802406266780e-07,1.744709088943608981e-07
2.978586063576334245e-07,8.403647724937942561e-08
4.006130549129223690e-07,-1.503299649985748693e-07
3.008994091333729886e-07,-7.864058305955956371e-08
-2.484484013461788197e-07,1.515273776789877733e-08
-9.978714294796056687e-08,2.365137206046145062e-08
-9.591265757626966062e-08,3.089179130401933438e-08
-2.023911378419975709e-07,1.075098028214871856e-07
1.181605054624168185e-07,-1.845417845597342969e-07
1.490397052240424166e-07,-3.531443431886053612e-07
3.325598849382947229e-07,1.304083664847255391e-08
4.520843631418128038e-07,3.129562055561824639e-09
1.982128225556098512e-07,1.561606260542074991e-07
2.537383349467503106e-07,2.778311943898434568e-07
-6.281072521868798618e-08,-8.711333864053507866e-08
-1.858217064378741322e-07,-1.735098991215448348e-07
-3.378043431835042108e-09,1.128775747178345352e-08
1.607276629232240901e-07,2.765933908480977462e-08
-1.954472430978242405e-06,2.242325648394439928e-06
-2.150671873690607077e-06,2.522691757687636660e-06
-3.049928421514289061e-06,-1.253185495510601761e-06
-3.394203158097217638e-06,-1.351589004922380798e-06
2.050891381120273487e-07,-3.344000296240684725e-06
1.862187558169881520e-07,-3.679418997634445534e-06
2.894360161557395100e-06,-7.172357187167347827e-07
3.199353235496030224e-06,-8.299574640920481961e-07
1.604988466116184937e-06,2.313457481659277281e-06
1.793134157534320409e-06,2.563880904376553053e-06
3.079933717293263303e-06,-1.176733075666938404e-06
2.774075497105130123e-06,-1.080865239473865493e-06
-1.841418472063130368e-06,2.754937502423326701e-06
-1.624729653404393411e-06,2.484604018176766741e-06
-1.857273968112456860e-07,-3.675685824505882857e-06
-1.972951925511356480e-07,-3.342343013197737963e-06
-3.521368500555061482e-06,-9.736328134578780631e-07
-3.184059325703636918e-06,-8.443916603046674204e-07
2.084061395042061876e-06,2.353511810727257681e-06
1.905239682861294802e-06,2.095817686215218267e-06
1.001519699448399550e-09,1.526995908812915646e-08
1.094786687073516131e-07,3.036982412510217723e-08
-1.484749075084179918e-07,3.714347144666054485e-07
-1.856893496524907458e-07,2.266404515106986546e-07
-3.384643300302961568e-07,2.317696934588692878e-07
-1.135641974186880651e-07,-5.798388910229624114e-07
3.333492957495308796e-08,-4.617227681244091455e-07
1.759764794697841437e-07,-5.805970308505756862e-07
5.506119065960092910e-07,-2.345664862720746062e-07
5.018873534482641124e-07,-1.007093104202287598e-07
6.197642800928915623e-07,-2.610090742581232671e-08
5.151348300026593448e-07,3.006402210975171348e-07
3.729539169811718165e-07,2.932968268033822027e-07
3.357012224320664316e-07,4.311138049741420287e-07
-4.571129587120068212e-07,-1.815906925610402755e-08
-3.111233770803356922e-07,-1.114389139171078224e-07
-3.725017861402342989e-07,-2.754399116101620148e-07
2.275388863430109090e-07,9.707726305308058106e-08
1.664847638646767614e-07,8.697282688822647371e-08
-3.881608292307206236e-08,4.719951775072512316e-08
-2.210697862508759189e-09,4.306083591699398552e-08
-7.659502255444416520e-09,7.011596462464213657e-09
-1.915322485392032248e-08,1.389398137396553336e-08
2.683331228804088683e-07,9.793525902754260935e-09
2.621689011637556701e-07,5.398178153197433048e-09
-2.976631092567262343e-06,-2.879204814101876669e-06
-3.089892130016296371e-06,-2.730755232962039684e-06
-3.108764095250492290e-06,-2.867930722894733983e-06
2.536035311829887545e-06,-2.861949192467468810e-06
2.690831384884842439e-06,-2.845861566057538800e-06
2.668018593669561032e-06,-2.682327601635372322e-06
-2.867244209241484871e-06,-3.006147076815353058e-06
-2.869008126044637807e-06,-3.129117568175897426e-06
-2.746821895146842923e-06,-3.125971710149898879e-06
2.411669017292438843e-06,-3.015021683987761885e-06
2.279792479570603428e-06,-3.157503118150649394e-06
2.415445966025637012e-06,-3.157303206953672508e-06
2.792278716701441339e-06,-2.495916918390407506e-06
2.960300083188817026e-06,-2.458297688740850499e-06
2.917460388442107475e-06,-2.279518499938250588e-06
-3.195199671326023930e-06,-2.575507072316788183e-06
-3.301102045304533907e-06,-2.391905040960050002e-06
-3.338682776151080285e-06,-2.544954819424552705e-06
-3.676468468396252541e-08,1.819847189541551204e-08
-2.808255822993769679e-08,3.015795499347160606e-08
2.816678546249770706e-07,1.146383739360663045e-08
2.766473724495772704e-07,2.234912791186986631e-08
-2.631239725571579001e-06,-3.231206520267340555e-06
-2.619778948363728831e-06,-3.344383559748635122e-06
-2.503939514039554583e-06,-3.330228637765147217e-06
2.159505045666817600e-06,-3.279210054524339789e-06
2.034759028420906777e-06,-3.389740839606396754e-06
2.150326493373675198e-06,-3.399735549807040633e-06
3.035110735132876643e-06,-2.061686848086310786e-06
3.201493129010730774e-06,-2.023076947032556212e-06
3.140984175812518006e-06,-1.838432714929226196e-06
-3.401433592568636132e-06,-2.201937363219399479e-06
-3.492885653411363237e-06,-2.000330019904095739e-06
-3.550061255311286580e-06,-2.167993054863413969e-06
-2.377591700658649719e-06,-3.419229057811010826e-06
-2.365271932397239682e-06,-3.523325355808529764e-06
-2.248604179801123732e-06,-3.498626485056719116e-06
1.919084078604989920e-06,-3.484455002262446683e-06
1.808806626674245477e-06,-3.564716903136037676e-06
1.910685983796363706e-06,-3.582267656442784755e-06
2.680480273021677177e-06,2.251675487366307118e-06
2.823836584627971707e-06,2.117095770394759421e-06
2.828559018617796294e-06,2.265751057372640491e-06
-2.808527462635898307e-06,2.397558659324825054e-06
-2.981058497332241303e-06,2.413953893787945649e-06
-2.977230225997976238e-06,2.240044431055805144e-06
2.579967401318606873e-06,-6.061823758719367004e-07
2.677130701059286423e-06,-8.458197922046736791e-07
2.458082696423243449e-06,-9.777902969484100172e-07
-1.744992918223000648e-06,1.951935732434384671e-06
-1.682849203856200258e-06,2.220486622746342463e-06
-1.404843949737163831e-06,2.200605163425780103e-06
2.191421034240703480e-07,-2.987466936356875844e-06
5.608610873904686725e-09,-3.166585169716385930e-06
-2.042818087518242941e-07,-2.986509881963165259e-06
-2.685730451588763281e-06,-1.142573172095660048e-06
-2.937634403814749145e-06,-9.891870160520632050e-07
-2.825504837886783316e-06,-7.145033470177166110e-07
1.415767028775987738e-06,2.055439175854334119e-06
1.661567193135397373e-06,2.075178709597075437e-06
1.719571119484552153e-06,1.834995399580801114e-06
2.026971792587593519e-06,-3.613543126898360769e-06
1.911882673156937417e-06,-3.688345500474798175e-06
-2.492237599490301799e-06,-3.559223017292400971e-06
-2.365427145790682750e-06,-3.641772404952363470e-06
2.841792665146614644e-06,2.450246202592945034e-06
2.974883687335978055e-06,2.302516237933609358e-06
-2.992781687696434004e-06,2.626056375222137332e-06
-3.153357125288510395e-06,2.458257516531256821e-06
2.013704530208378582e-06,2.562022398619251314e-06
-2.076326096903589480e-06,2.748698896777523579e-06
-3.617837976914568597e-06,-2.336485351742791464e-06
-3.723783844284919521e-06,-2.143349313819300170e-06
3.277513732643968878e-06,-2.212272002700697688e-06
3.390631668093515280e-06,-1.993647231043389027e-06
2.290265665602141089e-06,-3.416534481821454098e-06
2.157179149565838266e-06,-3.518330082602362729e-06
-2.754233539322010202e-06,-3.362432577526204922e-06
-2.625976325430697536e-06,-3.460908071457931769e-06
1.172349145535383435e-07,9.079871320263390110e-08
1.417582961629486312e-07,5.802085048042479152e-08
5.770162593728522624e-10,2.831556787581514452e-08
7.359121460454694988e-09,4.684196884501041114e-08
-3.376074232292135179e-06,-2.704906044106613961e-06
-3.494548497601068359e-06,-2.530015177097928676e-06
3.004438464800969352e-06,-2.647062620979455076e-06
3.140322437905237873e-06,-2.438430627549282711e-06
2.571043554064580598e-06,-3.162353898275889480e-06
2.428498289158393211e-06,-3.294855258242117706e-06
-3.005728873842376698e-06,-3.135497508640772959e-06
-2.880488325162542756e-06,-3.251198911179617429e-06
-1.527877032878448473e-06,1.659316329893218037e-06
-1.308194493031155840e-06,1.371520749450165512e-06
-1.248317169038023625e-06,1.638830664537651772e-06
-1.185976641188689322e-06,1.909250715030911329e-06
-9.724968802942724983e-07,1.617028758990427859e-06
1.637136616439172833e-06,-2.988915629519730766e-07
1.344050416147491195e-06,-2.117286827901738894e-07
1.433596297951592746e-06,-4.231689393128952539e-07
1.522648187503139933e-06,-6.472581072616191513e-07
1.237077903167075740e-06,-5.368916742370862917e-07
1.228828852910059230e-06,1.794793882919525408e-06
1.047488244915272728e-06,1.536224011803771129e-06
1.286842468715288837e-06,1.556788283825248978e-06
1.530663391273844999e-06,1.575738451475617304e-06
1.341923639026637393e-06,1.322532625641070022e-06
-1.421315589211859468e-07,-8.547083006645014590e-07
-1.653146386051887673e-07,-1.167064801471502288e-06
2.609610645004034911e-08,-1.008536989029280222e-06
-7.166609348683736376e-07,-7.416159826699617709e-08
-1.017785773279014747e-06,-1.496718010692897415e-07
-8.086853731165686424e-07,-2.796719286253102891e-07
1.977000226892203369e-07,-8.555038792348867824e-07
2.141293443690638241e-07,-1.167972068566200212e-06
-6.135725719016436661e-07,-3.886846825116881571e-07
-8.997245753484262998e-07,-5.103769945338792512e-07
1.825667342259848382e-06,-7.589148935910680333e-07
-6.818546280609844008e-07,6.024459854508528659e-07
-8.804420194416051066e-07,8.366771307125851182e-07
-2.037614315797745928e-07,-2.241492652393113577e-06
-1.960529765113894526e-07,-1.869137582766631929e-06
1.072406634299729621e-06,-1.357661940693210856e-07
5.690889765661074958e-07,8.181412482734631775e-07
7.144868573216288605e-07,1.043474767572941443e-06
-2.078497203003616197e-06,-4.630715317241339443e-07
-1.707861239733595002e-06,-3.471280917141056539e-07
1.932346955705069266e-08,-1.687791651453852172e-06
-1.832628137690051734e-07,-1.508127506647714499e-06
4.418289441038155483e-07,6.125989664890551459e-07
-1.090792722964842170e-06,1.095157523201513885e-06
9.301731796535219323e-07,1.063638702343016861e-06
8.749859822169518839e-07,1.284295111208570513e-06
-1.461135597205991354e-06,-4.978784965760223792e-07
-1.351245719846614316e-06,-2.416627525258100868e-07
-4.996824990439858891e-07,3.987502901075442664e-07
-2.454054056059718924e-06,-5.865079395828190358e-07
-8.290629390344529138e-07,1.078139045933290516e-06
2.139649151453752072e-06,-8.697787375183089579e-07
8.287727122397765184e-07,-7.316441380410766852e-08
-2.064703166605860964e-07,-2.616738172853436362e-06
2.253030290472002643e-07,-1.509062441661351363e-06
-1.221763278350365103e-06,-6.375789894310272812e-07
1.156687202880660822e-06,1.079842106250552640e-06
6.543846796271489578e-07,4.583179528698093186e-07
2.313087098339451501e-07,-1.870072031304282159e-06
-2.655883441495481794e-07,5.704622866757465485e-07
-1.570507586603192521e-06,-7.673376063141837757e-07
-2.311586414692216583e-06,-1.022756728772005227e-06
-7.690775133082235699e-07,1.330542465298696848e-06
2.281610930190786170e-07,-2.617635513317827205e-06
9.782273693419472840e-07,8.520579535544793152e-07
2.261547533946640868e-06,-4.982248308469649943e-07
7.444667080712011310e-07,-3.284378927185805840e-07
-4.626597014136007509e-07,5.905285985350893253e-07
6.173163355959530765e-07,6.311456329369466800e-07
2.322341361289493616e-07,-2.242415528775538617e-06
-1.936814343828950350e-06,-8.967072444093940477e-07
8.097509844975591482e-07,6.434822693147745039e-07
-5.803939984017176787e-07,1.056337691413373026e-06
1.945134880468840487e-06,-3.951036989804953811e-07
2.042458343975690593e-06,-6.303373160393787434e-07
9.754910254319346786e-07,-4.299147940972396363e-07
-2.195057827634118479e-06,-7.422095981675029336e-07
-4.110531370823590406e-07,8.008615462014245233e-07
1.253880643054927405e-08,-2.429683049145788801e-06
9.025478935245037901e-07,-2.409378950248303204e-07
-3.129777134755639724e-06,-3.004736432534816416e-06
-3.251860789431954305e-06,-2.863171835224456499e-06
2.715675898307809786e-06,-3.007909553483622209e-06
2.859228117101465983e-06,-2.837807110893996183e-06
7.876285602522461041e-08,-2.663863732171239560e-08
2.983000018114002511e-07,-2.403847367001864716e-08
-5.885802909947975406e-08,-2.259003251825500383e-08
3.240817188169236808e-06,-1.046202971251769865e-06
-3.566160086994500218e-06,-1.208482795158081660e-06
5.174706448476211133e-08,-1.577947735579621371e-07
-7.520597714426680826e-09,-9.580962707701453101e-08
1.081312354731464594e-07,-1.093578734945329681e-07
3.694937501020498296e-10,-3.786532842574184575e-06
9.771516347844902940e-08,-6.977702073018503986e-08
3.633850198500136137e-08,-4.359254543397362727e-08
