Size 899,2
0.000000000000000000e+00,0.000000000000000000e+00
0.000000000000000000e+00,0.000000000000000000e+00
2.342494755301631606e-08,-4.427891621135108092e-06
-1.821882003805973944e-07,3.874390635975677486e-06
1.864220225067006152e-07,-1.466991107401618582e-07
3.037457730847265577e-07,-6.625917089877488709e-08
3.686939002531813380e-07,-3.875412048022003232e-06
3.210849163859436861e-06,-1.383542153060787201e-06
3.333691770576786083e-07,3.790658886907902210e-08
3.328921429380177850e-07,1.984030304045549292e-08
3.445900530898199590e-06,-7.153183480329013191e-07
2.340089811835161186e-06,2.349257886436937726e-06
1.853502545462298394e-07,1.335215589997263136e-07
1.302022941490730387e-08,7.956039704448465156e-08
1.777060016034551014e-06,2.757860548962053592e-06
-1.766413780027255773e-06,2.961989302626364901e-06
-7.308032262702161183e-08,5.739940640534867277e-09
-6.275193138776741454e-08,4.251479002747390383e-08
-2.353384830343298237e-06,2.519572883442514130e-06
-3.718306368182947954e-06,-8.601144185936289882e-07
-2.647418534319787682e-08,-8.048220323623594133e-08
-5.746631161318132152e-08,-1.141363051490498913e-07
-3.475345658047346839e-06,-1.566576527137753647e-06
-3.192315050239633963e-07,-3.868669035998736044e-06
1.270961038550304389e-07,0.000000000000000000e+00
2.013753510553106602e-07,0.000000000000000000e+00
2.433456091782159159e-07,0.000000000000000000e+00
2.658306080977956984e-07,0.000000000000000000e+00
2.731221828976270993e-07,0.000000000000000000e+00
2.863061007720262359e-07,0.000000000000000000e+00
3.012962665973982944e-07,0.000000000000000000e+00
3.028835041348846780e-07,0.000000000000000000e+00
2.930940908762779239e-07,0.000000000000000000e+00
2.697539930586661595e-07,0.000000000000000000e+00
2.146212552607891874e-07,0.000000000000000000e+00
1.461847031342874550e-07,0.000000000000000000e+00
7.868302383138527873e-08,0.000000000000000000e+00
0.000000000000000000e+00,0.000000000000000000e+00
0.000000000000000000e+00,0.000000000000000000e+00
0.000000000000000000e+00,0.000000000000000000e+00
0.000000000000000000e+00,0.000000000000000000e+00
0.000000000000000000e+00,0.000000000000000000e+00
0.000000000000000000e+00,0.000000000000000000e+00
0.000000000000000000e+00,0.000000000000000000e+00
0.000000000000000000e+00,0.000000000000000000e+00
0.000000000000000000e+00,0.000000000000000000e+00
0.000000000000000000e+00,0.000000000000000000e+00
0.000000000000000000e+00,0.000000000000000000e+00
0.000000000000000000e+00,0.000000000000000000e+00
0.000000000000000000e+00,0.000000000000000000e+00
2.917880364236857381e-07,-4.403263130728532749e-06
5.363376833518406081e-07,-4.355814909335504303e-06
7.393394010344675169e-07,-4.305414716774703022e-06
9.216592614829425334e-07,-4.251995905565544396e-06
1.086816936411229350e-06,-4.196829326857437970e-06
1.237977729326176552e-06,-4.140368033270978302e-06
1.379033603184932149e-06,-4.082522523674215302e-06
1.512731518963180773e-06,-4.022804168019901597e-06
1.642055204378378347e-06,-3.960306712384759431e-06
1.769486073440368770e-06,-3.893840182452918003e-06
1.897465163775908848e-06,-3.822586735263785006e-06
2.027862325806916744e-06,-3.744941895449475453e-06
2.162786296993222486e-06,-3.657940659129629875e-06
2.302362731885284728e-06,-3.559667298518032377e-06
2.447208490724871033e-06,-3.447857586953967194e-06
2.596424284568746024e-06,-3.320748399115756948e-06
2.749356399497249643e-06,-3.176614688159536670e-06
2.904097723939726903e-06,-3.014498492240190310e-06
3.058904085023929895e-06,-2.833495502089127821e-06
3.211229901518334401e-06,-2.633852962433689486e-06
3.358489508729695340e-06,-2.415892989391884775e-06
3.497863070806355542e-06,-2.181425177761150736e-06
3.627083823002748458e-06,-1.931595754057753580e-06
3.742679757492135796e-06,-1.669219293665350141e-06
3.841281058257485810e-06,-1.395961311956591370e-06
3.914662540356634790e-06,-1.119871271000762687e-06
3.964033624722396785e-06,-8.547871345343877654e-07
3.989968612107934001e-06,-6.128111447607473555e-07
4.002793982774605288e-06,-3.998829873059574465e-07
4.006075618393423857e-06,-2.074233992074257249e-07
4.001976061137959066e-06,-3.158681474662596988e-08
3.992030530885955445e-06,1.298860790978442676e-07
3.977410667084990514e-06,2.801888742276200550e-07
3.958827952195637369e-06,4.216069576404710466e-07
3.936608817571199038e-06,5.569165997422720028e-07
3.910739502229297779e-06,6.882345149520706233e-07
3.880861606044402566e-06,8.177624915098603868e-07
3.846381956104536052e-06,9.472760319926589791e-07
3.806447877983918153e-06,1.078299848923666128e-06
3.760060187605462437e-06,1.212149947623619145e-06
3.706074109938575578e-06,1.349629440571911381e-06
3.643269171750510151e-06,1.491534216561264634e-06
3.570409804228461022e-06,1.637957618021287446e-06
3.486230723287341878e-06,1.789211239725291826e-06
3.389470137953885621e-06,1.945125008129531982e-06
3.278202772085353932e-06,2.106891419538101397e-06
3.155343351652263984e-06,2.276143988840581533e-06
3.013409879807097217e-06,2.451332722075380051e-06
2.849051101690047178e-06,2.633027807952445985e-06
2.662116581570841129e-06,2.816052386723993676e-06
2.449074665876742503e-06,2.995178456094985343e-06
2.218809459046492312e-06,3.157066335940652725e-06
1.982841069817115849e-06,3.299675541077851687e-06
1.748722480984809104e-06,3.422270094932797973e-06
1.520457722269716935e-06,3.527247166847452731e-06
1.297998198113634053e-06,3.615833842368465592e-06
1.082232890453434814e-06,3.689019467368902073e-06
8.747148371151417402e-07,3.747817765208494087e-06
6.758822146944043059e-07,3.793546644815895997e-06
4.865871685072800535e-07,3.827529986183575252e-06
3.065377860144017369e-07,3.851231408152581208e-06
1.357386839197114283e-07,3.866053670225308221e-06
-2.686771298234107757e-08,3.873362493812826627e-06
-3.318646987869323635e-07,3.869718165878745139e-06
-4.773850349195623673e-07,3.859693790999045078e-06
-6.206803685274040932e-07,3.844765532920403711e-06
-7.638578203942407837e-07,3.825043730754891680e-06
-9.092196363496767880e-07,3.800196786151742607e-06
-1.059420432223332067e-06,3.769460613538731833e-06
-1.216839080156826066e-06,3.731600507616955740e-06
-1.384411652791066890e-06,3.684852396004702913e-06
-1.564276882088996899e-06,3.627045209376248384e-06
-1.759816759960714074e-06,3.555301111340758370e-06
-1.978176763421128324e-06,3.464731036835046560e-06
-2.216585234886697906e-06,3.346125435034874117e-06
-2.465617900530540229e-06,3.198971994435891669e-06
-2.704810575775903626e-06,3.021241262863467020e-06
-2.923358303567759281e-06,2.829334536575528481e-06
-3.120913773502367552e-06,2.630467712886161456e-06
-3.295983165527697817e-06,2.431120703550335236e-06
-3.449397457646555863e-06,2.233165938787661404e-06
-3.588526715187423465e-06,2.040336877068474162e-06
-3.709535132955574905e-06,1.852404892836571669e-06
-3.814053381414052382e-06,1.669404864421669434e-06
-3.903252253282769967e-06,1.492680031702985045e-06
-3.978586301378176999e-06,1.322638051590835247e-06
-4.041589703756072623e-06,1.159998616613506354e-06
-4.093955030834494984e-06,1.004265282873417723e-06
-4.137343924234045218e-06,8.550257828589334419e-07
-4.173336078273573994e-06,7.108566748579083268e-07
-4.203349417750761788e-06,5.702061640966044021e-07
-4.228509875096867297e-06,4.308515035456607118e-07
-4.249643222449600241e-06,2.902091310957817713e-07
-4.267128357466004107e-06,1.454868163693819679e-07
-4.280903055027957728e-06,-6.718221882541768949e-09
-4.290383660440967103e-06,-1.694529424628759011e-07
-4.294409943102967955e-06,-3.466417237281468330e-07
-4.291334764781686264e-06,-5.412419187851847361e-07
-4.278775756129914684e-06,-7.579374378886385072e-07
-4.252540719203642340e-06,-1.008048248588193682e-06
-4.199555598328699254e-06,-1.283870097240213199e-06
-4.116320690585588781e-06,-1.568346732351953613e-06
-4.005327059601224421e-06,-1.839003620126043683e-06
-3.882587641822690338e-06,-2.081464274775812403e-06
-3.754709951261330434e-06,-2.302753300760691282e-06
-3.625248574710491927e-06,-2.503247104399497798e-06
-3.494122300590621816e-06,-2.686108991434302276e-06
-3.362579323320921577e-06,-2.851973429311614566e-06
-3.231271840069417109e-06,-3.002819274425160252e-06
-3.100615698031406280e-06,-3.140287469040832065e-06
-2.970238852947465079e-06,-3.266472146333565759e-06
-2.839729388170218452e-06,-3.383186314472742824e-06
-2.707953746588193107e-06,-3.492249179549777733e-06
-2.573703102108584171e-06,-3.595234675590782192e-06
-2.435427618992410515e-06,-3.693429669404492137e-06
-2.291146373381427774e-06,-3.788180551412283405e-06
-2.138767719576954445e-06,-3.880438455449160811e-06
-1.977032434679297558e-06,-3.966469165730565821e-06
-1.804982347454858702e-06,-4.048219956123322512e-06
-1.622233710455866567e-06,-4.125094402181588963e-06
-1.427572134778803414e-06,-4.196419047802813086e-06
-1.220443458915627461e-06,-4.261278017989477160e-06
-9.998972763778980505e-07,-4.318475744087840203e-06
-7.660102224748025976e-07,-4.366651560150180308e-06
-5.187882532156379300e-07,-4.404148581312832820e-06
-2.505034673887375687e-07,-4.428990776256146858e-06
2.222794228477115499e-07,-1.284916717386446602e-07
2.622202163694092969e-07,-1.010134920028022139e-07
2.891469066661338328e-07,-7.252737014808507977e-08
3.031444819894700629e-07,-5.170124269639857189e-08
3.091343227044189867e-07,-4.461092552278444114e-08
3.688512819747706629e-07,-1.704884645568147368e-07
4.845670310453678594e-07,-2.786050094420700738e-07
6.486759802922168755e-07,-3.930986070764285989e-07
8.546130941613945059e-07,-5.122479908612605189e-07
1.095708477885609041e-06,-6.339882928728465669e-07
1.365329485920768855e-06,-7.562331385219033643e-07
1.656894095790278604e-06,-8.769056623683672393e-07
1.963867847622288737e-06,-9.939471063076338039e-07
2.279820243028622961e-06,-1.105332939831819791e-06
2.598539082080435392e-06,-1.208954254938068722e-06
2.911287308478821896e-06,-1.301239729474799389e-06
3.111572061312661216e-06,-1.626870971437853443e-06
3.003619305137006698e-06,-1.867106242135930227e-06
2.890039308283183166e-06,-2.096981067230107121e-06
2.772136106655846179e-06,-2.313628667517839185e-06
2.651075800976479279e-06,-2.515836238800600791e-06
2.528849152496525880e-06,-2.701960407260930806e-06
2.406306927791398528e-06,-2.871963940602616344e-06
2.284995368843385907e-06,-3.025182560572116238e-06
2.165210869368338179e-06,-3.162581882657549703e-06
2.047724611403510316e-06,-3.284242895182944822e-06
1.931998785077213434e-06,-3.391589852366976909e-06
1.817808110054120928e-06,-3.485429218213030075e-06
1.703963246356677304e-06,-3.566806946766348705e-06
1.588380215799572869e-06,-3.636886883456365920e-06
1.470126359055428271e-06,-3.696980150763017572e-06
1.346688703952890417e-06,-3.748757346909619861e-06
1.215994747782498552e-06,-3.792394903093011137e-06
1.075835965396772101e-06,-3.827852945512523652e-06
9.230756650129587859e-07,-3.854752217478295490e-06
7.552949075247985802e-07,-3.872303838538678138e-06
5.682583122507421860e-07,-3.879119799869625204e-06
4.106632586131533984e-07,-3.550001433579756262e-06
4.402157934529259799e-07,-3.207998615776625648e-06
4.602009807701820843e-07,-2.848148034809953086e-06
4.706625512367338468e-07,-2.477811237401984278e-06
4.713743484169269424e-07,-2.105001529632294958e-06
4.621598257389645177e-07,-1.738006284294251891e-06
4.428348262211645760e-07,-1.385230930090382077e-06
4.132182877822958836e-07,-1.055236831116079894e-06
3.731341943646762979e-07,-7.566356536713901158e-07
3.221618526987494692e-07,-4.980937828554285690e-07
2.590461574208935991e-07,-2.918045784224823416e-07
3.158190873249961675e-07,1.312970434521430355e-08
3.151486836855543215e-07,4.417843319363929150e-09
3.166135432177552453e-07,2.766424625207529144e-09
3.201228513012862869e-07,5.067459043912065567e-09
3.247770865701058398e-07,1.257261292365416119e-08
4.485387989213027009e-07,7.825131914889447844e-08
5.774577445436504215e-07,1.730096301751223875e-07
7.232585367521427735e-07,3.014977468108451282e-07
8.839841430714976265e-07,4.603255966242308358e-07
1.056760486967039103e-06,6.457850582850484316e-07
1.238539961285484080e-06,8.539246448583041209e-07
1.426209222863703820e-06,1.080710528232541835e-06
1.616579804380888393e-06,1.322010850374611521e-06
1.806377385418714005e-06,1.573582351014964628e-06
1.992319319649885877e-06,1.831155822660715324e-06
2.170525810365525675e-06,2.090033541472668011e-06
2.527440739588173550e-06,2.210289019757927956e-06
2.699366407341303615e-06,2.068691320878582437e-06
2.853032576153686980e-06,1.929806359739480536e-06
2.990371040019574690e-06,1.793274448928424030e-06
3.105666503773424417e-06,1.660177440329381796e-06
3.208350054707484630e-06,1.528489878732871942e-06
3.298568220843416941e-06,1.399686344767690876e-06
3.377145815631152725e-06,1.273463586981145375e-06
3.444750218128021488e-06,1.150044078129453332e-06
3.502187294067353492e-06,1.028663132457451029e-06
3.550070363378451215e-06,9.089177184987532182e-07
3.588982318423843731e-06,7.896593433727587031e-07
3.619299360221835412e-06,6.698239097606487592e-07
3.641223898526810072e-06,5.479580210668512935e-07
3.654710074249334992e-06,4.223548553080592680e-07
3.659439163726343390e-06,2.913877160672332837e-07
3.654764773295883584e-06,1.527815961177659699e-07
3.639737395087916812e-06,4.914740956328922463e-09
3.612956231268636619e-06,-1.549259578685351929e-07
3.572786888011838761e-06,-3.281216705135771184e-07
3.517103115136510091e-06,-5.172064875583431802e-07
3.141354407233914925e-06,-5.890713234346954572e-07
2.832714976199809259e-06,-4.726275982912083784e-07
2.516860454737557650e-06,-3.615926623222948375e-07
2.198439840046298913e-06,-2.579412651218695935e-07
1.883874086906966980e-06,-1.639690370657127425e-07
1.579693742637877697e-06,-8.184646183256209926e-08
1.292395696929498126e-06,-1.374142116277864990e-08
1.028521811413871527e-06,3.815885550696489024e-08
7.946596168394338243e-07,7.164600052094273770e-08
5.974340005258151587e-07,8.445769362643986469e-08
4.434481496402535429e-07,7.408077589000659920e-08
1.422691456246838984e-07,1.322114799085754055e-07
8.724979683449429694e-08,1.283206286123251752e-07
3.901980920653835988e-08,1.125933195827955800e-07
5.736664686582249691e-09,9.097194131338457483e-08
-6.752222612869259506e-10,7.250588460961566409e-08
1.743074038252652988e-08,1.949115439542564676e-07
-1.983472601214007385e-08,3.517095520321505453e-07
-9.584954453779780308e-08,5.460482091896176533e-07
-2.050536166522604881e-07,7.712708769517039303e-07
-3.432382542014805121e-07,1.021560349309079509e-06
-5.061904684194242047e-07,1.290866325197446266e-06
-6.896025378528716767e-07,1.573001352164229363e-06
-8.890941417228722265e-07,1.861674559210266441e-06
-1.100173548497604795e-06,2.150427023030608032e-06
-1.318223436599423648e-06,2.432849279577521842e-06
-1.539084871339238260e-06,2.703192353883273159e-06
-1.599444877612844792e-06,3.092031847235850617e-06
-1.433726135228273867e-06,3.203815313464274530e-06
-1.277918977771199562e-06,3.295518319246930117e-06
-1.130100357285830963e-06,3.369768329466990974e-06
-9.892341592805063129e-07,3.428703596164588890e-06
-8.528799729332817617e-07,3.474402841500594108e-06
-7.195435870410754714e-07,3.508344475439588938e-06
-5.870910049261713817e-07,3.531743297978768846e-06
-4.538862183046627051e-07,3.545382112568053208e-06
-3.183313230311392081e-07,3.549731085556349955e-06
-1.789500369964339644e-07,3.544953129138209159e-06
-3.476439065197986583e-08,3.530900844632956841e-06
1.156726195838240901e-07,3.507195431624674631e-06
2.728849652813539083e-07,3.473342560817416514e-06
4.378813315202606708e-07,3.428660485080404190e-06
6.103728275859398224e-07,3.372476194775046309e-06
7.907705578486837501e-07,3.303961069749484993e-06
9.780771308959881154e-07,3.222485820200841124e-06
1.172109597840628265e-06,3.127295555230876380e-06
1.371306133981708661e-06,3.018014538967648064e-06
1.574735475002092358e-06,2.894292339112423956e-06
1.585113504309338275e-06,2.515518720919777438e-06
1.395056835599394401e-06,2.265678076834324335e-06
1.208265236661347691e-06,2.008686963573289862e-06
1.028281135227898696e-06,1.749915004772251980e-06
8.581646356302828621e-07,1.493836235718871187e-06
7.009367267169346791e-07,1.244871225802948111e-06
5.595422466755576263e-07,1.007329734179162870e-06
4.368495409351718306e-07,7.854188572587586501e-07
3.356528727625831869e-07,5.832326928915883492e-07
2.587617903272088313e-07,4.048096975275893960e-07
2.095674609254885146e-07,2.550637868574998175e-07
-4.789715887282231398e-08,1.850606752024161955e-08
-4.041795755322860559e-08,1.708739983751275440e-08
-3.880898128685805482e-08,1.289033398126972972e-08
-3.997333836025704075e-08,9.295396939551373624e-09
-4.185693137852767194e-08,1.507374533095645660e-08
-1.996840182199447993e-07,8.978948203093673919e-08
-3.900844202260434498e-07,1.048829981324682167e-07
-6.331443393637341922e-07,9.060138369121024316e-08
-9.198145415050028272e-07,5.018787766532891806e-08
-1.241010479786815532e-06,-1.329631247591021500e-08
-1.587721755423087762e-06,-9.685342949457187874e-08
-1.950986881339860737e-06,-1.975101372678127005e-07
-2.321889732702125702e-06,-3.123117099968850673e-07
-2.691492834628730989e-06,-4.383057906257340357e-07
-3.050990558024488508e-06,-5.724631773720788784e-07
-3.392476992375124312e-06,-7.119826868004808662e-07
-3.792963549900876881e-06,-6.605117826334779770e-07
-3.851707743157686760e-06,-4.687155779504157278e-07
-3.893794137625298469e-06,-2.937793461392002671e-07
-3.921379562569147303e-06,-1.327250683588515970e-07
-3.936119662016528004e-06,1.640959667390834271e-08
-3.939383114725167222e-06,1.569123781700987118e-07
-3.932017205894001188e-06,2.910570791023152329e-07
-3.914504378366678828e-06,4.215655493453031814e-07
-3.886937958709253563e-06,5.506686859181078935e-07
-3.849117541254023612e-06,6.802929442909488271e-07
-3.800552246859316483e-06,8.123322271728720665e-07
-3.740631171426972280e-06,9.477786936215296463e-07
-3.668525188057786284e-06,1.087963518466082433e-06
-3.583519935871340754e-06,1.232910342894289885e-06
-3.484743960401369606e-06,1.383251310698966230e-06
-3.371694964439770393e-06,1.538117436303821058e-06
-3.243817343935683087e-06,1.697352131991287465e-06
-3.101515491863683336e-06,1.858656055692237707e-06
-2.935876047729208715e-06,2.023282128869434996e-06
-2.754930093086182512e-06,2.189726776893435224e-06
-2.558659607989187384e-06,2.357151303830815783e-06
-2.176063783641839457e-06,2.242544112036195044e-06
-1.983122862574844248e-06,1.955861735385919208e-06
-1.774800005064439781e-06,1.665951385593100894e-06
-1.558207198579750035e-06,1.381134275723665910e-06
-1.338110018816977328e-06,1.107503580726852578e-06
-1.119184127067146984e-06,8.512376047950346881e-07
-9.060530984386746627e-07,6.184484404644465232e-07
-7.032675365619854814e-07,4.151486991653660312e-07
-5.153243335461863588e-07,2.472951364027383672e-07
-3.467058498546119757e-07,1.207211174370267157e-07
-2.009528546492431433e-07,4.000604129604702557e-08
-3.671696273250241792e-08,-4.936586378692402787e-08
-3.711038001035800341e-08,-4.834900557631108928e-08
-3.482824365506160585e-08,-5.592300509707410718e-08
-3.283590842587796920e-08,-7.170239930299879342e-08
-3.486288586863666052e-08,-8.855778339558688396e-08
-1.434959303009947071e-07,-2.900561754757916807e-07
-2.102292125118504137e-07,-5.020092738729645332e-07
-2.667542707618683448e-07,-7.597898435752254899e-07
-3.127502476487714797e-07,-1.058208053711049195e-06
-3.482358603700357834e-07,-1.388219036106458618e-06
-3.734187363874532902e-07,-1.741000045247867877e-06
-3.884920444331925641e-07,-2.107993071148035036e-06
-3.936436174020683434e-07,-2.480799406698918432e-06
-3.890570248469284135e-07,-2.851191207075220219e-06
-3.748511644253753258e-07,-3.211152046447278886e-06
-3.508463859510464334e-07,-3.551004985742038712e-06
-5.519097140096493381e-07,-3.861705677470155765e-06
-7.808899742158362354e-07,-3.845208443010495872e-06
-9.977010313050155334e-07,-3.818609260274367824e-06
-1.202590882512531689e-06,-3.782700891253786066e-06
-1.395236420628861800e-06,-3.738166489398966856e-06
-1.576496952299655080e-06,-3.685577207319498636e-06
-1.746672518927446005e-06,-3.625352326133679707e-06
-1.907206378539769608e-06,-3.557619659006010430e-06
-2.057225614950290847e-06,-3.486269404863231980e-06
-2.198129311229063430e-06,-3.406974956189578625e-06
-2.330768208771851643e-06,-3.320060100294171880e-06
-2.456239974097528474e-06,-3.224734699981479096e-06
-2.575839853084681283e-06,-3.120037085067203533e-06
-2.690703061787220046e-06,-3.004700408315100495e-06
-2.801548578502351544e-06,-2.877677110863663773e-06
-2.909161811556393593e-06,-2.737300221546345874e-06
-3.013529720405440211e-06,-2.582638979901368098e-06
-3.115010679841832291e-06,-2.411974059211327492e-06
-3.212772498715247271e-06,-2.224807927470781255e-06
-3.306702275253317833e-06,-2.019598202496247958e-06
-3.396256693730542115e-06,-1.797291461358330063e-06
-3.139757838080586865e-06,-1.492134807967268455e-06
-2.785150703416803351e-06,-1.401222472935396077e-06
-2.416796864138934945e-06,-1.293272020989703267e-06
-2.045475896872229595e-06,-1.172527755420017791e-06
-1.679823035412632962e-06,-1.041857169428159578e-06
-1.328707383580611096e-06,-9.040821360428518723e-07
-1.001082155651426990e-06,-7.620484653311219228e-07
-7.059493804232622241e-07,-6.186188238225870291e-07
-4.523592273597903309e-07,-4.766636431460969454e-07
-2.493626511644962192e-07,-3.390005658618460609e-07
-1.059510332449904570e-07,-2.079178231749766145e-07
-8.062166173168233955e-08,1.035897100111222011e-07
5.948685415234757917e-08,-2.731686077906816779e-07
3.220976145581412229e-07,1.554751939806581845e-07
3.902790873334894659e-07,-4.316813661515168601e-08
-1.329864564379194850e-07,-5.318599960692004458e-08
-1.862184163326161024e-06,2.477362166239877155e-06
3.030341468506200118e-06,-9.480004696321081564e-07
2.981710244244210234e-08,-3.559089952541678331e-06
-3.273937098738426602e-06,-1.105883082283086574e-06
1.879977938953738361e-06,2.305501618540469209e-06
2.328905491085826582e-07,3.853701937708845937e-08
-1.002301284413809503e-08,1.782196085896319409e-08
2.200025286110027184e-06,2.746070543252025584e-06
-2.200791526411256233e-06,2.944013587820245052e-06
3.558698869645350713e-08,-2.852807873771673803e-06
-2.556160000928270541e-06,-8.664594855376594331e-07
5.235355635398150369e-07,4.341540650316670500e-07
5.314607307740775199e-08,-7.458551576305069650e-07
-5.283948645331324870e-07,-1.884005592669026847e-07
-2.976605920888703891e-07,3.857119773005290391e-07
7.097064421895274644e-07,-1.568691066873954145e-07
1.506926594767671083e-06,1.790560614124042593e-06
2.398330525563478141e-06,-7.334685073669041265e-07
-1.812007511027262822e-06,-6.186063477843418571e-07
8.039687088732852946e-07,8.207728296494894606e-07
-1.112194032646306755e-06,-3.848224274039002397e-07
4.144128895878967307e-08,-2.104654081541311781e-06
1.139848641777489663e-06,1.284028953962693183e-06
4.730022711572266325e-08,-1.379717239922855590e-06
1.766435387757836860e-06,-5.191810160269040963e-07
1.186122093069530134e-06,-3.213141353209722574e-07
-6.193341830285539647e-07,8.126687504296287716e-07
-1.437704695058389370e-06,1.908486523934755437e-06
-1.011266369018040147e-06,1.336661027534097498e-06
2.941442545031584139e-07,-2.711848285686586388e-09
-1.343642045353409396e-08,-7.575611530602936140e-09
6.874732801384038479e-08,-1.012655904232536916e-07
3.517841551732652233e-06,-1.123459800469617716e-06
-3.790144628129078540e-06,-1.292280174634821307e-06
3.099716523533653897e-07,1.531308607492969967e-08
-2.703368053525109405e-08,1.594234527710719154e-08
-2.945539689065933767e-06,-3.011533315668606015e-06
2.570896269983599372e-06,-3.028397747059698954e-06
3.056879303424937768e-08,-4.065249601532764551e-06
2.853983815964250407e-06,-2.671551919645471442e-06
-3.186792257139089479e-06,-2.714693893018226672e-06
-2.309235629155031564e-08,-3.344825107137249837e-08
2.626367502611718006e-07,-3.642979116294595039e-08
-2.693944758483299737e-06,-3.252992698214705072e-06
2.289651323033617891e-06,-3.308381099247569624e-06
3.121610412624777402e-06,-2.238385775340059794e-06
-3.415802594697769080e-06,-2.349679238365754328e-06
1.447361295606066274e-09,4.346061474742633669e-08
1.245382132511413298e-07,7.056907586417703528e-08
-2.766463684160255332e-06,2.541436825319429249e-06
2.711097109723227824e-06,2.373640944854481227e-06
-2.433448166541649922e-06,-3.455149014595051964e-06
2.026942051492640496e-06,-3.523656415241442302e-06
3.343973858128195807e-06,-1.791178908125831653e-06
-3.614132186134630295e-06,-1.952810307590597934e-06
-3.094543922317774212e-06,2.217084041914030652e-06
2.986819217558634401e-06,2.093358914461845962e-06
-2.174599816656575549e-06,-3.619974281924111940e-06
1.798506920176200773e-06,-3.680316546623573619e-06
1.685737737118401179e-07,-6.445254964091516239e-08
-5.378231876198762681e-09,-5.251361657285898299e-08
-2.775911959755787070e-08,-5.003045284462545179e-08
3.095913482231176644e-07,-2.548287985311108331e-11
3.048345814343746999e-07,-1.983202606729130453e-10
-2.960566563057755173e-08,1.078011524061842596e-08
-2.761800703059872951e-08,9.561344713652317644e-09
-3.417433707081598572e-06,1.856116145379555588e-06
-3.539825415643015266e-06,1.690778062314766775e-06
3.346961585069920644e-06,1.655425626905403744e-06
3.248805190999129685e-06,1.792058960542379714e-06
-1.856883735486870446e-06,-3.796102526442464193e-06
-1.693259229774345628e-06,-3.867481151285500660e-06
1.551013056495698912e-06,-3.828818722525509854e-06
1.430865533790829078e-06,-3.886294742299662625e-06
-3.649403500178795677e-06,1.514552196902854422e-06
-3.741951048101672974e-06,1.358355323217028711e-06
3.434814315209767358e-06,1.509588281069385410e-06
3.509503713375112189e-06,1.379561568872976319e-06
-1.504156768556566734e-06,-3.932097855960495088e-06
-1.318387088921869274e-06,-3.990983590291665174e-06
1.294247035699501702e-06,-3.938279501740374686e-06
1.160182964145363515e-06,-3.986021384123892226e-06
-2.405116254351031096e-08,-4.353011384534684179e-08
-3.275450259409690254e-06,2.041813781669767158e-06
3.134601173645302248e-06,1.946227018704502356e-06
-2.024591394985768024e-06,-3.719004779792068517e-06
1.678290364775362603e-06,-3.765346092582076901e-06
-3.822490623354707549e-06,1.194813373857206339e-06
-3.889262276135886244e-06,1.050135432511899179e-06
3.575082305325089927e-06,1.241922200585333204e-06
3.630310249711796101e-06,1.118305615664986815e-06
-1.104560470291456781e-06,-4.040916872717240327e-06
-8.940954547511775828e-07,-4.084290164088007053e-06
1.003396749271917651e-06,-4.028271763590862439e-06
8.441620123560023918e-07,-4.066822510003300347e-06
-2.867653885316011651e-08,8.007045509255032485e-09
3.112630410113585158e-07,3.000109165691482249e-09
1.764247855583358195e-06,3.097952676601526472e-06
1.555217362263779651e-06,3.218147695973496718e-06
-1.587391319417686765e-06,3.375703288240286937e-06
-1.767015361793295175e-06,3.277069359456168171e-06
-3.945681543674631081e-06,8.996191027768078575e-07
-3.991593290126407856e-06,7.652579872747039699e-07
3.677773585604221177e-06,9.872094883202556988e-07
3.717285773563740159e-06,8.675808358753040503e-07
-6.539220946517763888e-07,-4.115758794612969655e-06
-4.175390791299415373e-07,-4.139476099670473737e-06
4.538103981614661582e-07,-4.124619258863745383e-06
6.537888311564152492e-07,-4.098215918569978140e-06
2.934624573046584292e-07,1.605875083693773623e-09
-3.471551236755526460e-08,4.666215261424671388e-09
1.333104439042205642e-06,3.326545048166790292e-06
1.132943477004846980e-06,3.416297899396781057e-06
-1.251093482919345467e-06,3.523866305840379826e-06
-1.406862305150251981e-06,3.458720833837644111e-06
-4.028938350683454018e-06,6.242346794772772358e-07
-4.058439799427575484e-06,4.953665995553258307e-07
3.776736872320160783e-06,6.187207829212703049e-07
3.750131124119840053e-06,7.390119453290106380e-07
9.239939752954019171e-07,3.494357826371690828e-06
7.375265462110322020e-07,3.556469807688216828e-06
-9.527617450150415515e-07,3.619421719310801094e-06
-1.092692075788051802e-06,3.577769494225193402e-06
-4.080551362513011339e-06,3.566472227713694415e-07
-4.096355335825922074e-06,2.252164095222276795e-07
3.797092384289735602e-06,4.864143554209352412e-07
3.811954950847290810e-06,3.587866508649083827e-07
1.998707542808836485e-06,2.957333253409771108e-06
-1.991108347292621699e-06,3.153360302527545194e-06
5.455531573946563955e-07,3.607906437684908046e-06
3.753492900210272767e-07,3.646363028445867629e-06
-6.745206275451481075e-07,3.677445364798152750e-06
-8.072207264600579890e-07,3.652845847073711314e-06
-4.104642173064590539e-06,7.858503538883397489e-08
-4.106620465226106771e-06,-6.591074191239293492e-08
3.819864675511760709e-06,2.145488608919862491e-07
3.821823734079868747e-06,7.130805483822010183e-08
-2.433422650139420874e-08,-3.162905978477128139e-08
-1.808234782783484044e-08,-3.679133755887158413e-08
2.890547884260245003e-07,-2.908557137300398352e-08
2.865066687929020090e-07,-2.682046101764454596e-08
8.783884358721127128e-09,5.474778584455218883e-08
5.014720463999826692e-08,7.035988966007375436e-08
2.014142341803510307e-07,3.675624175748630732e-06
4.725866715386576123e-08,3.694733718860181954e-06
-3.987913842003932556e-07,3.705770317663261481e-06
-5.324653042636702538e-07,3.695233077242038633e-06
-4.099061786274791397e-06,-2.326967328884304812e-07
-4.083405401630672093e-06,-4.020843284293012730e-07
3.814598554799453751e-06,-9.444556474888208214e-08
3.799587259475526052e-06,-2.625448084945755940e-07
3.732139681051892700e-06,-6.626780668934371983e-07
3.771280522092458801e-06,-4.600576323625976964e-07
-4.053846959133080556e-06,-6.020083495426471266e-07
-4.012829340697414803e-06,-8.084137726735490013e-07
-1.106476859613694330e-07,3.706081827338143401e-06
-2.519673383462781109e-07,3.709449203445360058e-06
3.676503428147825057e-06,-9.150781174746082943e-07
-3.954865466489483307e-06,-1.071236502524631315e-06
-6.188127471911365737e-09,-1.318505425503399476e-08
-1.791056850130756126e-08,-4.506823486693982172e-08
2.964129824330405745e-07,-3.510968869486649041e-08
2.810471829793253988e-07,-9.916754410700639872e-09
2.041014120571220702e-07,-3.968415284815520728e-06
2.990315628297426753e-07,-4.220057618175001923e-06
-2.511744290548338069e-07,-4.235216288301001122e-06
-1.461956052973360310e-07,-3.967410719200685758e-06
-3.996016402628929099e-06,-1.286111301853431938e-06
-3.753557131253669398e-06,-1.071774523691310245e-06
3.480513034882306811e-06,-9.153602471176767602e-07
3.718741863369716323e-06,-1.119944255750746674e-06
-7.026537870580685379e-10,6.607389194049523921e-08
7.367817237205385819e-10,2.276630436275679967e-08
6.848141104911812860e-08,3.691180265220972107e-08
1.050200724466756579e-07,1.019366576098069788e-07
2.775581490167310786e-08,-4.243811249036000137e-06
2.650457641995682621e-07,-1.320852002365288737e-08
2.870158955653657695e-07,-4.587593570863482691e-08
-3.176548046557052229e-08,-4.320497316638317491e-08
-1.315186746658366848e-08,-1.703796370395617999e-08
-5.855728628339297918e-09,-1.557009606406363928e-10
2.885588592253166681e-07,3.056852170287852851e-09
-1.389940505229492674e-08,-2.017661012681099399e-08
-2.999260663873978601e-08,-5.271365034933944164e-08
2.633910527346928560e-07,-6.612661727206517690e-08
2.237972209049821566e-07,-4.705456536451762168e-08
2.226026502459040399e-07,-8.627772802461130266e-08
-3.700078763613127567e-08,1.129024039620006897e-08
-1.516276786011674758e-08,5.306218154612779856e-09
3.069999291920441703e-07,4.085738973281061695e-09
3.143829778187444153e-07,8.405509272332072488e-09
2.867533969169954673e-07,2.761744009816020613e-08
2.508496300029051451e-07,4.986310638241757998e-09
-1.091867735933157065e-08,2.925376507777685449e-09
-4.134341175586703302e-08,9.466863880282185673e-09
2.363359690933105784e-07,-2.101512943090596061e-08
1.863102679210188874e-07,-2.853792923424393843e-08
-3.743628256521847303e-06,-1.700880443330462056e-06
-3.632832206269100582e-06,-1.430983753279534612e-06
-3.896558731990995939e-06,-1.570728693996538770e-06
3.477363330857127158e-06,-1.524187055904301800e-06
3.627204072641010529e-06,-1.395439575044614179e-06
3.365238805888529127e-06,-1.253834386630162628e-06
1.784148100360883034e-06,-3.788234033534419450e-06
1.692441988730157162e-06,-3.658005563164055375e-06
-2.042975113660370604e-06,-3.589800387409053543e-06
-2.157062886255407016e-06,-3.748102558541302672e-06
3.137623379567381244e-06,2.100628424035280230e-06
2.986972270166618945e-06,1.937994131177744684e-06
-3.096460907359749804e-06,2.032581674169204193e-06
-3.276922021250909016e-06,2.225331791530851556e-06
-2.207321837946790494e-06,3.150671370806026258e-06
-1.979725548093339434e-06,2.953004171485467539e-06
1.987855555665190521e-06,2.752319628791970239e-06
2.208575317611832704e-06,2.952246155385580526e-06
-3.805631034690863111e-06,-1.897269964390812025e-06
-3.547692575783747512e-06,-1.761026941982721651e-06
3.277832651750469654e-06,-1.586272830701126094e-06
3.542491877188848998e-06,-1.730321385455215563e-06
1.748210511805562171e-07,-1.034907085947759837e-07
-2.527547596201122692e-06,2.772309966226390370e-06
-2.277883898775188107e-06,2.732938293302137090e-06
-2.451937685328877474e-06,2.980362101740317316e-06
2.501884958984208655e-06,2.583925708781696663e-06
2.434849295126933980e-06,2.781011882608656108e-06
2.270818788710471647e-06,2.546152598822270435e-06
2.529907714995318710e-06,2.363546136143515728e-06
2.686959773682397633e-06,2.588770445482863346e-06
-2.735848527669494505e-06,2.778580369488452354e-06
-2.560810258773011852e-06,2.531848039771064611e-06
-5.756257570200913180e-08,-3.774414565361424323e-07
-2.108792428424475770e-08,-1.859661335549507267e-07
-5.806306629646516093e-08,2.088715763955796227e-07
-1.073809210736218159e-08,9.387056539464022471e-08
4.345796449768727716e-07,1.653995690316900804e-07
3.363877554324295025e-07,7.123196145944275702e-08
4.330899607401640537e-07,-1.421129460709802619e-07
3.310832274295882477e-07,-7.033000564333024529e-08
-2.437881127403118466e-07,1.020454233940923596e-08
-9.330505529961317078e-08,2.080324135181829294e-08
-8.803144383539235365e-08,3.429610322352312866e-08
-1.933130617367545133e-07,1.138558519420438912e-07
1.413032140395422378e-07,-1.976228140031761708e-07
1.733867169483136742e-07,-3.756107143083515537e-07
3.580617459515213386e-07,1.884239934379865506e-08
4.793699261248207670e-07,8.043390845033070903e-09
2.399631734213785708e-07,1.466319212047472296e-07
2.959799367069737864e-07,2.669151250466699355e-07
-5.941702792241517440e-08,-8.638990952296909560e-08
-1.859116026979673672e-07,-1.726957717338517330e-07
-2.311639789315442062e-09,1.112188555156108107e-08
1.947617953553876596e-07,2.371414494202844605e-08
-1.919484243577413168e-06,2.221035864079505973e-06
-2.112803415351206667e-06,2.498542064745629128e-06
-3.035011117443992376e-06,-1.247261889942838762e-06
-3.376566080823001121e-06,-1.344768635548529288e-06
2.270670998307357615e-07,-3.387371869624076810e-06
2.092924282883410893e-07,-3.720754264842728880e-06
2.931545166313570700e-06,-7.146409399209574999e-07
3.239940875342091022e-06,-8.270315517795349856e-07
1.640020733148919512e-06,2.284454671815414797e-06
1.827338733226545592e-06,2.533554887206268317e-06
3.122500055534920420e-06,-1.169602623535069949e-06
2.816941516134987741e-06,-1.075043872949391148e-06
-1.810055002748521611e-06,2.724287577841445544e-06
-1.595558655241545917e-06,2.453466029592991891e-06
-1.520375021040805710e-07,-3.717796438228041388e-06
-1.648485705898546047e-07,-3.388715558686112946e-06
-3.501014910192202474e-06,-9.756347312624979633e-07
-3.163174429498258178e-06,-8.474761042946418580e-07
2.112982140055705061e-06,2.326548504546550826e-06
1.934279541530289274e-06,2.070463522070661967e-06
-1.086644769619456550e-10,1.829620277493391180e-08
1.361466601960363183e-07,3.277046368224922571e-08
-1.421229559865002874e-07,3.681792014344274413e-07
-1.739634739479407525e-07,2.236690240780286721e-07
-3.267275073093230626e-07,2.372457516920956417e-07
-9.027462909025356768e-08,-6.141847252793238831e-07
5.630951832129122161e-08,-4.849849439784973607e-07
1.995841910226021216e-07,-6.123024566557419504e-07
5.843091733975792529e-07,-2.263483274925155968e-07
5.270504276213390713e-07,-9.257132114423601477e-08
6.482585485448683260e-07,-2.172907073667542474e-08
5.540231447443131594e-07,2.917485054691937627e-07
4.114156148525358942e-07,2.796018005150141972e-07
3.787440322466735472e-07,4.191331800185548022e-07
-4.526468783013368654e-07,-2.434771626197602721e-08
-3.026416604090802283e-07,-1.115872835774966735e-07
-3.733148483444258401e-07,-2.739451162243483289e-07
2.669435276031789010e-07,8.338857842315952627e-08
2.071969792553394078e-07,8.271533721011590750e-08
-3.076296737837388743e-08,4.472983460966843216e-08
2.131440665416395895e-09,4.669764531710191293e-08
-9.394918153538003980e-09,6.350463034180904648e-09
-2.062142207260530050e-08,1.401679420689564357e-08
3.022332944693912072e-07,1.562333805679449768e-08
2.977752793495594702e-07,8.382345716000691826e-09
-2.927850220607229244e-06,-2.877327793918060351e-06
-3.044096814868012985e-06,-2.725498821131269624e-06
-3.062949357981335670e-06,-2.867163139641520795e-06
2.551153710970691958e-06,-2.869815698334067270e-06
2.708013927169743250e-06,-2.855458336587297573e-06
2.686901109955546078e-06,-2.686544394818670815e-06
-2.815595533195310110e-06,-3.007397000402401974e-06
-2.817525190073619683e-06,-3.134419517149309436e-06
-2.692258515094415806e-06,-3.130321185326113613e-06
2.423237503872345819e-06,-3.025956000461654523e-06
2.287944439503185528e-06,-3.171178667562108885e-06
2.425124708179240356e-06,-3.173166326297766801e-06
2.814747315362594611e-06,-2.496583554764132358e-06
2.984747768261194513e-06,-2.460070591390806290e-06
2.943437451048757827e-06,-2.276340237068082682e-06
-3.152172484595174688e-06,-2.567279733509619948e-06
-3.260655102943565848e-06,-2.380828328339915157e-06
-3.297842673476648419e-06,-2.538004977711719266e-06
-3.549789119267831638e-08,1.867213499488096637e-08
-4.204442384816795982e-08,2.815476705557179498e-08
3.122000860999109746e-07,1.894206425754622640e-08
3.182455179318121288e-07,2.618327551221040716e-08
-2.574161297121904515e-06,-3.238303114226619906e-06
-2.563164807547091173e-06,-3.354605753981983976e-06
-2.444532643345337018e-06,-3.339841607643009002e-06
2.164670108899657610e-06,-3.295062401672616893e-06
2.037345998668004226e-06,-3.407315141429652959e-06
2.153635944379923034e-06,-3.419548250441061434e-06
3.064170311452706299e-06,-2.055366075497253356e-06
3.231518899832260214e-06,-2.017715676742997690e-06
3.172688008470784132e-06,-1.829478866882451640e-06
-3.363220757761375108e-06,-2.189055049470450810e-06
-3.456553248317339512e-06,-1.986336439317775935e-06
-3.512424611246844511e-06,-2.157134478211177581e-06
-2.316399987624679621e-06,-3.430989470452905529e-06
-2.305222448789398792e-06,-3.536971476505091306e-06
-2.186088884594324517e-06,-3.512134575479028012e-06
1.919591357098787015e-06,-3.503249171843555814e-06
1.807869685313782002e-06,-3.584289194578086974e-06
1.909841810456586925e-06,-3.603847360279275630e-06
2.704182531971657892e-06,2.216335239149084463e-06
2.847229719161812885e-06,2.081706240500062513e-06
2.853533964339794720e-06,2.228725372917099585e-06
-2.760195353515586663e-06,2.362437244716239234e-06
-2.934121223752601910e-06,2.375675159277232365e-06
-2.928383877198912191e-06,2.204193142451011066e-06
2.616542980803344165e-06,-6.037046638228945334e-07
2.717355450207143588e-06,-8.416801268289874768e-07
2.499567025057791248e-06,-9.714369995955003610e-07
-1.711463897744632013e-06,1.933354998241280309e-06
-1.652422222135215876e-06,2.196331649704967708e-06
-1.378885495992986727e-06,2.171954996877351149e-06
2.407272278234036514e-07,-3.033874616301802614e-06
3.260794247157536738e-08,-3.214981019642484652e-06
-1.725152408345128775e-07,-3.035468391117041950e-06
-2.672926750344270728e-06,-1.136535975422401774e-06
-2.922528758000051139e-06,-9.885577227704388293e-07
-2.806973463435223273e-06,-7.187567466369223090e-07
1.451982163236129301e-06,2.027966941443067835e-06
1.694219646257256955e-06,2.049118262215021395e-06
1.749182905258834687e-06,1.811744059741801176e-06
2.027747866694582552e-06,-3.636892830746904229e-06
1.910913813490229018e-06,-3.712065578734381661e-06
-2.434690744416565348e-06,-3.573977941116657110e-06
-2.306419252767458452e-06,-3.657578567877620792e-06
2.866117780413590186e-06,2.413548325613517526e-06
2.998880338921320945e-06,2.266176456783052462e-06
-2.946119812808637711e-06,2.586213196056205634e-06
-3.106250447952372656e-06,2.418520327647598142e-06
2.044863089865157272e-06,2.532378960387973285e-06
-2.039488834801518121e-06,2.721220742114335845e-06
-3.581287772905756498e-06,-2.326591026987340719e-06
-3.687152297691843064e-06,-2.132405000832376355e-06
3.307141931270206709e-06,-2.209792866894105702e-06
3.421571625509392351e-06,-1.988219039544251286e-06
2.296567030220393105e-06,-3.437553936564506912e-06
2.160502608759334161e-06,-3.540769526823145601e-06
-2.701303293636421020e-06,-3.373488087039417165e-06
-2.570535315743354936e-06,-3.473976138156669070e-06
1.571568956486836112e-07,9.993853556098461354e-08
1.782101881448649209e-07,5.774272095224710481e-08
1.446493420306034669e-09,3.276338955309657500e-08
5.225915456635724227e-09,6.142869456237630421e-08
-3.336801076422663571e-06,-2.700560963961115139e-06
-3.456920607103556335e-06,-2.522558836296882471e-06
3.028847453130122252e-06,-2.652534161983634535e-06
3.167580138564049526e-06,-2.439814991977307654e-06
2.584502855979984796e-06,-3.178677468708973941e-06
2.438263404827540426e-06,-3.313822265057875347e-06
-2.958537095014068918e-06,-3.141140384863677825e-06
-2.830343697047609011e-06,-3.259703484814699832e-06
-1.496773682673710145e-06,1.644182064846712364e-06
-1.280086029819703288e-06,1.360326643390252965e-06
-1.222448535459132433e-06,1.619733012488618188e-06
-1.163176819974581940e-06,1.883758477339856415e-06
-9.529828728683458214e-07,1.595166673051163236e-06
1.670508007949923380e-06,-2.956840687331021432e-07
1.376242597542097160e-06,-2.082412552152102834e-07
1.466579171813525175e-06,-4.171382935672806132e-07
1.560945465106925229e-06,-6.401361262832724768e-07
1.274258151584244939e-06,-5.295042174846384977e-07
1.266325684665583506e-06,1.769358132739820079e-06
1.086375647114421819e-06,1.513143559151547219e-06
1.321048279598048292e-06,1.534032747652997331e-06
1.561319222735838318e-06,1.554775843266402938e-06
1.373883372461106652e-06,1.304033067797542843e-06
-1.174329046557122383e-07,-8.954790524935551641e-07
-1.392756267247311859e-07,-1.212836547948210365e-06
5.022217949622916877e-08,-1.047061992473339461e-06
-7.115600327647181372e-07,-8.089912239880998618e-08
-1.011297863018474570e-06,-1.565737411663703964e-07
-8.012821952590348057e-07,-2.804749770988193878e-07
2.208061956182533365e-07,-8.939823148226890534e-07
2.368039191733894225e-07,-1.211351032797883850e-06
-6.139665572747924061e-07,-3.866278001710944369e-07
-8.989187130917938028e-07,-5.076708778032221242e-07
1.865030706557193875e-06,-7.520424241089353271e-07
-6.639848671254674635e-07,6.028948669048645354e-07
-8.591278397040630372e-07,8.335303648679585490e-07
-1.740402442337403039e-07,-2.293008089912813440e-06
-1.674907853196462411e-07,-1.920167583121875007e-06
1.103384926651885291e-06,-1.319924513173369793e-07
6.115836568104111620e-07,8.025620558568267107e-07
7.559973695138843326e-07,1.025479947326017014e-06
-2.065105076630963868e-06,-4.688661121099955600e-07
-1.697042973993962610e-06,-3.535002418225021416e-07
4.437080126422480769e-08,-1.735101370129002495e-06
-1.559329437811563916e-07,-1.557284363695566969e-06
4.848984758061334134e-07,5.991031736579368455e-07
-1.066005261647977838e-06,1.088042579972280088e-06
9.664660494003572817e-07,1.044868094239179479e-06
9.152511956110225031e-07,1.263745637555810658e-06
-1.452096621694994726e-06,-4.985060049206611192e-07
-1.342791328439171305e-06,-2.484235443347598501e-07
-4.850414481736853955e-07,4.021429473837863100e-07
-2.438067048617642349e-06,-5.915896698275933120e-07
-8.087251660012561537e-07,1.065572684414074624e-06
2.180023222977562045e-06,-8.631434288206146573e-07
8.585121873812121228e-07,-6.910103863042950666e-08
-1.756773375921777769e-07,-2.667486615155379851e-06
2.476042542785446603e-07,-1.555788008326673196e-06
-1.219121008830587039e-06,-6.341398871287413314e-07
1.190121827538959576e-06,1.063847454695914503e-06
6.921654889356387092e-07,4.484215983957546655e-07
2.533024480087904661e-07,-1.918670956876875653e-06
-2.577611125812413773e-07,5.643232731832306713e-07
-1.565558844476207521e-06,-7.631319820528807117e-07
-2.301319728307778192e-06,-1.017164464412594650e-06
-7.528936469650164359e-07,1.312678921689499671e-06
2.497746635006965475e-07,-2.665987493069474301e-06
1.013198884195763576e-06,8.384496344826344396e-07
2.297186511265715600e-06,-4.955514284694997274e-07
7.793214348791170004e-07,-3.204783831361514729e-07
-4.475275554315217913e-07,5.840472933155497030e-07
6.553521105136654817e-07,6.158621789688788715e-07
2.539934591614451820e-07,-2.291514898207591301e-06
-1.929263109313435444e-06,-8.917618276029842224e-07
8.462058462589524487e-07,6.319650242199080858e-07
-5.674018419642378158e-07,1.042597584206655607e-06
1.979653836359294555e-06,-3.921692801692599263e-07
2.079175117353611039e-06,-6.253211926482181943e-07
1.011518600226609158e-06,-4.222462167065542243e-07
-2.182990469258991913e-06,-7.422168660560322338e-07
-4.009152489544510054e-07,7.911161893019758208e-07
3.851449275447174241e-08,-2.479970372016860685e-06
9.316267284824020726e-07,-2.338414477037118123e-07
-3.085500794319656744e-06,-3.007150014304565019e-06
-3.210208687638178392e-06,-2.862198862462142653e-06
2.732972837398498894e-06,-3.021027755997468066e-06
2.880146229205522007e-06,-2.847247933153778992e-06
9.784878093714425709e-08,-3.460098613949279583e-08
3.227825435348594798e-07,-1.599839925309316689e-08
-4.921085066848248649e-08,-2.213064191349641597e-08
3.282990634025959722e-06,-1.039291718552199806e-06
-3.547012787756017557e-06,-1.204529721738985842e-06
6.980437390167588709e-08,-1.647890513075805666e-07
-4.365478684421913599e-10,-1.039162728421574881e-07
1.326276404279966750e-07,-1.248874149030211814e-07
2.995206310453960796e-08,-3.826670924742309304e-06
1.218857250299638355e-07,-8.288458601842747748e-08
4.104349490016016161e-08,-5.073618159418408333e-08
