Size 899,2
0.000000000000000000e+00,0.000000000000000000e+00
0.000000000000000000e+00,0.000000000000000000e+00
1.514175371516533423e-08,-2.687384465684028409e-06
-1.049169158855647359e-07,2.146128316706555809e-06
1.146260408038595287e-07,-9.000226168393038198e-08
1.793833557364759865e-07,-4.197332354129906030e-08
2.146778816990178872e-07,-2.372829009480966541e-06
1.890762751582357437e-06,-8.329287080530881668e-07
1.958930682315152549e-07,2.059459396407225356e-08
1.933352801929745801e-07,1.082405883544679895e-08
2.031412467654575791e-06,-4.471059713243082501e-07
1.314000125873269122e-06,1.278007924061970023e-06
1.120949730289926079e-07,7.311474277139197239e-08
5.895217540284843820e-09,4.190493631794928484e-08
9.892840729330567955e-07,1.517036939705786919e-06
-9.808501117817152495e-07,1.635866339510621164e-06
-4.028462456964844296e-08,2.713388713233584380e-09
-3.656068527218372874e-08,2.359799883739081054e-08
-1.319334827756812751e-06,1.377286907487280237e-06
-2.187225033993878457e-06,-5.309031137301618151e-07
-1.602376086185112495e-08,-5.015217232500625724e-08
-3.652184879178473251e-08,-7.052330646510220521e-08
-2.042008726269882263e-06,-9.388453957700410841e-07
-1.828785118023644850e-07,-2.368904970453164234e-06
7.753417532381130972e-08,0.000000000000000000e+00
1.220120311830979250e-07,0.000000000000000000e+00
1.461459525728538632e-07,0.000000000000000000e+00
1.584114730494665356e-07,0.000000000000000000e+00
1.613810108876308567e-07,0.000000000000000000e+00
1.681088173965717844e-07,0.000000000000000000e+00
1.764084670627910822e-07,0.000000000000000000e+00
1.773151485924386437e-07,0.000000000000000000e+00
1.717799188367865094e-07,0.000000000000000000e+00
1.587432531737632227e-07,0.000000000000000000e+00
1.278897974417521869e-07,0.000000000000000000e+00
8.857445981543670618e-08,0.000000000000000000e+00
4.811626799100234447e-08,0.000000000000000000e+00
0.000000000000000000e+00,0.000000000000000000e+00
0.000000000000000000e+00,0.000000000000000000e+00
0.000000000000000000e+00,0.000000000000000000e+00
0.000000000000000000e+00,0.000000000000000000e+00
0.000000000000000000e+00,0.000000000000000000e+00
0.000000000000000000e+00,0.000000000000000000e+00
0.000000000000000000e+00,0.000000000000000000e+00
0.000000000000000000e+00,0.000000000000000000e+00
0.000000000000000000e+00,0.000000000000000000e+00
0.000000000000000000e+00,0.000000000000000000e+00
0.000000000000000000e+00,0.000000000000000000e+00
0.000000000000000000e+00,0.000000000000000000e+00
0.000000000000000000e+00,0.000000000000000000e+00
1.689995166629201544e-07,-2.672760816559576019e-06
3.078760496173732937e-07,-2.644276241942360928e-06
4.207102608716272405e-07,-2.614741718295315137e-06
5.210314807748893739e-07,-2.584138030716513274e-06
6.112899400930238157e-07,-2.553159070435187252e-06
6.936813925041860606e-07,-2.521966712301634899e-06
7.707879625371255626e-07,-2.490356018392530131e-06
8.444870147978219556e-07,-2.457860231696474169e-06
9.167450742092217683e-07,-2.423733799664373762e-06
9.893502053679052708e-07,-2.387005212504292110e-06
1.064001598358269921e-06,-2.347455751348477901e-06
1.141882841425470725e-06,-2.303176117527387175e-06
1.224262459343231467e-06,-2.252062310269246653e-06
1.310881507811639421e-06,-2.192884014328708534e-06
1.401946856122645931e-06,-2.124107721191806453e-06
1.496529026660887327e-06,-2.044639977250550168e-06
1.593887832226791600e-06,-1.953462860241299327e-06
1.692410781176490034e-06,-1.850171047605025248e-06
1.790591750729147974e-06,-1.734480756079218274e-06
1.886420894945237352e-06,-1.606955561227779311e-06
1.977869776061016227e-06,-1.468345209916588726e-06
2.062822850161370848e-06,-1.320347962901584417e-06
2.139322674544542533e-06,-1.164779360388810079e-06
2.205283627416790065e-06,-1.003992042676270021e-06
2.259267551459423303e-06,-8.410101951346224444e-07
2.296948347377347801e-06,-6.797130138974950548e-07
2.320144225037910490e-06,-5.285761929268418104e-07
2.329064132592172783e-06,-3.951440801922794504e-07
2.331235602385164082e-06,-2.828102032121641487e-07
2.329217591735859070e-06,-1.846670265279969125e-07
2.324442523649973188e-06,-9.732530311391527098e-08
2.317821219997077277e-06,-1.855413323048063415e-08
2.309917856782053747e-06,5.434170349677593545e-08
2.300931962020751852e-06,1.234178526304221575e-07
2.290744162676474228e-06,1.908260163594019519e-07
2.278988973342415432e-06,2.582817100740549952e-07
2.265058647116756871e-06,3.272872919587820383e-07
2.248203125674202791e-06,3.990928562663801021e-07
2.227537331339249672e-06,4.745078076348846693e-07
2.202120610396113334e-06,5.542532135683767217e-07
2.170998115074024422e-06,6.384638714286742962e-07
2.133228204328343846e-06,7.273292010106664232e-07
2.087975627124839903e-06,8.203842032389136808e-07
2.034464149016393089e-06,9.173623384893553531e-07
1.972063550911374263e-06,1.017543025781037122e-06
1.899857411851119880e-06,1.121018072657634537e-06
1.819975780927485156e-06,1.228065272832563255e-06
1.728144311667214982e-06,1.336916196593966133e-06
1.623723640771924212e-06,1.446650428067729619e-06
1.507751185078613388e-06,1.554082887628487800e-06
1.380122091300374520e-06,1.656538206330239127e-06
1.245079679317822673e-06,1.748188782676029715e-06
1.108325324752430382e-06,1.828923833424015723e-06
9.737897120484109513e-07,1.897768235329940438e-06
8.436057543355520736e-07,1.956311292578219525e-06
7.175721021581087988e-07,2.005413472204627970e-06
5.960137378826638694e-07,2.045750946275939725e-06
4.796938112632981103e-07,2.077976617906409149e-06
3.687335859020682529e-07,2.102892528918208931e-06
2.635361826746969572e-07,2.121285768739320809e-06
1.638530828404437832e-07,2.134010344350398961e-06
6.963567054930564046e-08,2.141879733348011371e-06
-1.977013134162658866e-08,2.145681359074958485e-06
-1.867800967347548521e-07,2.143555408477385364e-06
-2.662454020830975207e-07,2.138168677580956929e-06
-3.444612483964833405e-07,2.130232429047126539e-06
-4.226917506263508780e-07,2.119817686282627799e-06
-5.023267520552091798e-07,2.106734051219146108e-06
-5.849880653330840808e-07,2.090534642636092756e-06
-6.721509686992248619e-07,2.070484689440794845e-06
-7.656554902441578162e-07,2.045523369061360450e-06
-8.668847589382085189e-07,2.014325560257439888e-06
-9.779963004061149438e-07,1.975117987708279286e-06
-1.103315887263627165e-06,1.924912511604167583e-06
-1.241428545186497156e-06,1.858161786602957152e-06
-1.387319710204396638e-06,1.775115199159526087e-06
-1.530095534117750148e-06,1.673517223969939179e-06
-1.664401530045584712e-06,1.560968108942305837e-06
-1.788086620959579314e-06,1.441295276630506429e-06
-1.899157619014876929e-06,1.318437815284647547e-06
-1.996786667890488816e-06,1.194736282844758322e-06
-2.085178290952976631e-06,1.073227490476779530e-06
-2.161668619058194313e-06,9.544515327232601243e-07
-2.227001470348336432e-06,8.390310233625231347e-07
-2.281753248517132392e-06,7.283686690987876983e-07
-2.326809315544205028e-06,6.231496021853518295e-07
-2.363177687423669512e-06,5.243117918022863139e-07
-2.392073671540480958e-06,4.318406483913772932e-07
-2.414751910678057061e-06,3.458292919540477675e-07
-2.432489981391958120e-06,2.654951691304280261e-07
-2.446501143478672096e-06,1.900141276408539915e-07
-2.457844930581655547e-06,1.178771413179637136e-07
-2.467400707773249604e-06,4.736106481938965340e-08
-2.475746331531214492e-06,-2.364129171705972836e-08
-2.483155040667194475e-06,-9.764468343649176113e-08
-2.489502048372275919e-06,-1.771466472175635438e-07
-2.494230405071312817e-06,-2.652662186452957830e-07
-2.496364905403049616e-06,-3.646395690433078281e-07
-2.494346157704108023e-06,-4.791423435598481902e-07
-2.485252440853454311e-06,-6.172718837293923222e-07
-2.459963446563901934e-06,-7.746125123392933730e-07
-2.416572693697412009e-06,-9.407480749037229083e-07
-2.355409286205675214e-06,-1.102194485690896838e-06
-2.285316197205447154e-06,-1.251404892868981219e-06
-2.209608641210084385e-06,-1.390397941115656742e-06
-2.130418170304669724e-06,-1.518674074876783009e-06
-2.048338788966946589e-06,-1.636918183187357066e-06
-1.964572774114356568e-06,-1.744850704194839094e-06
-1.880025460684972068e-06,-1.843056714078129345e-06
-1.795469660985218174e-06,-1.932068050889541755e-06
-1.711182786794078825e-06,-2.012858014680963438e-06
-1.627430738055359306e-06,-2.086327247093374464e-06
-1.543916442560455107e-06,-2.153547005520477552e-06
-1.460345701940956083e-06,-2.215499680758565342e-06
-1.375970844431475562e-06,-2.273150026012315738e-06
-1.289974396248462307e-06,-2.327396648342669362e-06
-1.201099212342880977e-06,-2.379172868821734048e-06
-1.108517490343660937e-06,-2.427288239846869725e-06
-1.011392348520563315e-06,-2.472616414286133536e-06
-9.091549380645131302e-07,-2.515091229662287136e-06
-8.008676734914369488e-07,-2.554540684447687879e-06
-6.859278140898105459e-07,-2.590615903196963119e-06
-5.634631367152828864e-07,-2.622775737327830211e-06
-4.331617676621920408e-07,-2.650331634486014840e-06
-2.946219584168484012e-07,-2.672366277167200904e-06
-1.419502483548629678e-07,-2.687712200744291991e-06
1.347327790638988009e-07,-7.809328228572560113e-08
1.578233011961617693e-07,-6.107509471213191861e-08
1.731962134887040660e-07,-4.379553620185199612e-08
1.808333125984052015e-07,-3.144544022854465235e-08
1.836037352345059939e-07,-2.765208961036745215e-08
2.180376896952472042e-07,-1.064062152446200239e-07
2.870741156132122423e-07,-1.726206702696455686e-07
3.848885497432620192e-07,-2.423443933007275987e-07
5.074786002212498687e-07,-3.145819072420083088e-07
6.507474491069236535e-07,-3.880873404378786737e-07
8.106276939690990730e-07,-4.616047383935892502e-07
9.831010260168304104e-07,-5.338898946966079005e-07
1.164196220738666790e-06,-6.037163833631745519e-07
1.350039729401582351e-06,-6.698909145644667847e-07
1.536931099186021884e-06,-7.311432435674890252e-07
1.719119432741797953e-06,-7.850449090971027590e-07
1.826721376444033150e-06,-9.789306504156169058e-07
1.757712294549303663e-06,-1.125727306503153695e-06
1.685016782694719122e-06,-1.268383726658582353e-06
1.609518631119242267e-06,-1.404536888228644728e-06
1.532109768704442129e-06,-1.532713362427145306e-06
1.454190550711586248e-06,-1.651384010834038399e-06
1.376501790158686334e-06,-1.760075959718201593e-06
1.300251006517562551e-06,-1.858024252073831762e-06
1.225809374021224206e-06,-1.945629109577342828e-06
1.153904958990102386e-06,-2.022739387792255293e-06
1.084316990654478586e-06,-2.090226805365404138e-06
1.017104655410372236e-06,-2.148547278591760118e-06
9.515431851857362949e-07,-2.198379557492296241e-06
8.861941391528385214e-07,-2.240709643797623749e-06
8.206410923897795872e-07,-2.275761191153091700e-06
7.528226730070020994e-07,-2.305556874057679181e-06
6.815054758904129086e-07,-2.330273089934757241e-06
6.051622337178752998e-07,-2.349988293240543106e-06
5.217353010299803734e-07,-2.364559719809877296e-06
4.295149773170307085e-07,-2.373581893091417607e-06
3.257155034211737130e-07,-2.376260478003773543e-06
2.428924072767644382e-07,-2.182212173722982906e-06
2.634546313481518334e-07,-1.979358164814370848e-06
2.780349427952955818e-07,-1.763369522477682437e-06
2.866025749635864332e-07,-1.538914157072321790e-06
2.889498380655955529e-07,-1.311077362460081904e-06
2.848965489389454865e-07,-1.085173206692327890e-06
2.742576542859035127e-07,-8.666492969380711836e-07
2.568499165289150465e-07,-6.611093891137988523e-07
2.324928525305878259e-07,-4.742504754991323001e-07
2.008587064685465494e-07,-3.118650473586826979e-07
1.611111482045312194e-07,-1.819089237527145876e-07
1.853750244680508306e-07,7.154698568020761681e-09
1.845621395763299886e-07,2.367305918877441244e-09
1.851144293901154170e-07,1.427094590234955748e-09
1.868438962473538124e-07,2.660313833114838541e-09
1.891814587075729683e-07,6.771469553110892950e-09
2.554688441648213745e-07,4.195171705276641029e-08
3.246383041904129165e-07,9.186814784677794040e-08
4.031958596767976659e-07,1.593971401959212481e-07
4.903761608509848005e-07,2.432277758993030497e-07
5.848099854444821327e-07,3.417354431414651709e-07
6.850004515098908065e-07,4.531091569531853607e-07
7.893820672730662422e-07,5.754476727383606916e-07
8.963151637318093069e-07,7.067497157909852775e-07
1.004087512868667506e-06,8.449162902598326108e-07
1.110931661787101766e-06,9.878069063770092318e-07
1.214456017593535032e-06,1.132733338971119877e-06
1.426949382767288432e-06,1.188999524646575334e-06
1.532503724802986282e-06,1.098590258212409581e-06
1.628793566090450341e-06,1.009246566437843558e-06
1.716418639398422434e-06,9.213108360446716683e-07
1.791022522588678207e-06,8.356592467496048596e-07
1.857860199935897472e-06,7.515568040238215723e-07
1.916773624915024753e-06,6.703105393441328317e-07
1.968109887746907961e-06,5.920618469751968624e-07
2.012177056858932249e-06,5.173532419761128419e-07
2.049473278490802098e-06,4.459067002463055286e-07
2.080410523998768494e-06,3.777841604123901016e-07
2.105462899717876294e-06,3.122928921649992202e-07
2.124985942983719523e-06,2.489235475971609647e-07
2.139265739310703033e-06,1.865953176285153042e-07
2.148420731682050803e-06,1.241869904196058704e-07
2.152386629228738302e-06,6.031279439163492045e-08
2.150855315791703726e-06,-6.743692705269371634e-09
2.143267845879346849e-06,-7.853519320172347069e-08
2.128709835671832062e-06,-1.572961955998698718e-07
2.106025468830491973e-06,-2.445447906929563336e-07
2.073643186259760965e-06,-3.425842632346632718e-07
1.852667486367496750e-06,-3.699389288945856069e-07
1.672508155878092074e-06,-2.997370953881355432e-07
1.487927676526902559e-06,-2.325156100572276937e-07
1.301108236974230974e-06,-1.694248296467533156e-07
1.115918103174550306e-06,-1.119090110509492567e-07
9.363109188931218555e-07,-6.130386616124245696e-08
7.662207068429891142e-07,-1.894497750041592264e-08
6.096261731555670516e-07,1.381380179473724881e-08
4.705515892162222942e-07,3.559997701903374065e-08
3.530722697946774137e-07,4.499857670279156304e-08
2.613448913009673136e-07,4.044354753899491641e-08
8.535815889828592472e-08,7.484263725074108590e-08
5.217724887263210696e-08,7.320897064120470968e-08
2.358759610026272694e-08,6.409904297695422627e-08
3.849002935196398930e-09,5.115767855250693612e-08
-5.286948671074758973e-10,3.986945360172388761e-08
7.677045049625123555e-09,1.016836213975945001e-07
-1.258199796957989775e-08,1.845621638261969865e-07
-5.359802336263000363e-08,2.883258408790726955e-07
-1.125915439663926776e-07,4.095709581159394496e-07
-1.875267502691380241e-07,5.453714571414354543e-07
-2.763370186661375542e-07,6.926281002390429866e-07
-3.768685636321817044e-07,8.481186528624906441e-07
-4.868944707028528020e-07,1.008517368475950634e-06
-6.040853823396011133e-07,1.170348653118417144e-06
-7.259786024067811184e-07,1.330127878495909513e-06
-8.505420398022637384e-07,1.485128837010140971e-06
-8.861009373451031243e-07,1.711188992027271187e-06
-7.927066999987633345e-07,1.775352223322768035e-06
-7.056200767644058883e-07,1.827517340526775383e-06
-6.235777107773511273e-07,1.869391947238353967e-06
-5.459031363805099425e-07,1.902342951238728227e-06
-4.710750848210364621e-07,1.927678455444272243e-06
-3.981675291049530544e-07,1.946327010103946446e-06
-3.258780986633987318e-07,1.959044812455583166e-06
-2.532199289365946547e-07,1.966320821115413912e-06
-1.792319560680983775e-07,1.968448795715299151e-06
-1.030354052816935345e-07,1.965535733755965037e-06
-2.404365453061287994e-08,1.957498488249025906e-06
5.860268811216887260e-08,1.944113793859248543e-06
1.452283615434167082e-07,1.925081434974313403e-06
2.364520292366389343e-07,1.899984064608072693e-06
3.321412536449508978e-07,1.868396009255702521e-06
4.325970687236989159e-07,1.829784949675944968e-06
5.372967863333938769e-07,1.783715407878788479e-06
6.462369052440006431e-07,1.729648190205916918e-06
7.585833002617449468e-07,1.667240445336626741e-06
8.739401145690630375e-07,1.596107642861138202e-06
8.794869856015770045e-07,1.375797306818373157e-06
7.727788698899407135e-07,1.232642901053821896e-06
6.690121876956315507e-07,1.087573809857676489e-06
5.698641562433353439e-07,9.431008815173631059e-07
4.768955617893354253e-07,8.015882402492108455e-07
3.915841696220798416e-07,6.653311972664129223e-07
3.153258144957881976e-07,5.365085086747622404e-07
2.494408981987858385e-07,4.171958971624305280e-07
1.951739983836854546e-07,3.093594222686309735e-07
1.537514307488716320e-07,2.148937438744206054e-07
1.267156002626819497e-07,1.362131841194159053e-07
-2.646603043056884664e-08,1.007832281786552593e-08
-2.250671465227927318e-08,9.410548323113185533e-09
-2.180694879642949627e-08,7.130529991492672584e-09
-2.267967891518790010e-08,5.157937400901212113e-09
-2.411640460531634501e-08,8.415048615218654383e-09
-1.176518942070340028e-07,4.990839882425230098e-08
-2.305874997556095403e-07,5.716086922118605701e-08
-3.747107467029905521e-07,4.686867091147100026e-08
-5.444532352689054491e-07,2.103226335152578070e-08
-7.343190749847110089e-07,-1.847096457695161715e-08
-9.388808394016377977e-07,-6.981140091331834172e-08
-1.152758183080972360e-06,-1.311797994196178981e-07
-1.370615716308093939e-06,-2.007847791053376791e-07
-1.587105579710210900e-06,-2.768377249043410641e-07
-1.796978173701512083e-06,-3.574695063139694830e-07
-1.996163909486598294e-06,-4.410509878100510941e-07
-2.231450899595796641e-06,-4.255332996778985487e-07
-2.265600724509002894e-06,-3.259345324755229562e-07
-2.289390282054497840e-06,-2.376855091629251138e-07
-2.304408457673166717e-06,-1.582253940753133544e-07
-2.311823021500596060e-06,-8.569857880622560948e-08
-2.312529305438361350e-06,-1.753745044207040739e-08
-2.307026582786887435e-06,4.818913909051736549e-08
-2.295527508159042429e-06,1.134563920664785598e-07
-2.277965321819914264e-06,1.800004960084174922e-07
-2.254078515334615533e-06,2.490694247902353858e-07
-2.223413536819970818e-06,3.219991692186501746e-07
-2.185478723802288517e-06,3.992565233571891118e-07
-2.139657275698958193e-06,4.816395575644104498e-07
-2.085478952159890671e-06,5.688653314614949843e-07
-2.022408081866861449e-06,6.611341056235316108e-07
-1.950233081642608342e-06,7.575274134143717672e-07
-1.868763990075215924e-06,8.576360855740525271e-07
-1.778479319820079981e-06,9.596742952963922130e-07
-1.674430838392930817e-06,1.063926464736316804e-06
-1.562317829169750104e-06,1.169271728105726556e-06
-1.442654239200783961e-06,1.274670705973862137e-06
-1.215330041910620406e-06,1.221737853677300542e-06
-1.103293585648265876e-06,1.060719072665300341e-06
-9.834959472209011111e-07,8.990947612931947886e-07
-8.602040173689579168e-07,7.416546235694786355e-07
-7.360439484413800740e-07,5.915948220988746198e-07
-6.135392076166254360e-07,4.521345765439318311e-07
-4.951603561199407281e-07,3.264216859440220894e-07
-3.833050709316105826e-07,2.175030402237540746e-07
-2.803089719622749822e-07,1.283499193990393177e-07
-1.884703532525239767e-07,6.181705793995083225e-08
-1.094855344160963017e-07,1.993323575354525186e-08
-2.268931593560513780e-08,-3.066996116482574278e-08
-2.303665933149373914e-08,-3.004665507220670352e-08
-2.168266378955433183e-08,-3.475133623442990665e-08
-2.046942892371371530e-08,-4.448605628634806743e-08
-2.186392692806592183e-08,-5.484092921292431173e-08
-9.095039306597677270e-08,-1.808032315190554624e-07
-1.327704017545093042e-07,-3.141520543707596389e-07
-1.676261253237791896e-07,-4.760854184667977648e-07
-1.954187321538918493e-07,-6.628351735215486107e-07
-2.162363639772464468e-07,-8.683851614237537274e-07
-2.302784258916931818e-07,-1.086912458801637916e-06
-2.377354155016622519e-07,-1.312815321895706365e-06
-2.387945221859690234e-07,-1.540650151527640156e-06
-2.336400096000260159e-07,-1.765137509902712505e-06
-2.224171615092932245e-07,-1.981190409902949426e-06
-2.050773025667271804e-07,-2.182794550832441125e-06
-3.131624949494327991e-07,-2.366127359971924065e-06
-4.413439095843432004e-07,-2.357813639928596430e-06
-5.620692929449015452e-07,-2.343523082823707956e-06
-6.758069355546879034e-07,-2.323703716130426361e-06
-7.826732193980168481e-07,-2.298699247480548504e-06
-8.834018133021391882e-07,-2.268763694107626125e-06
-9.784106862607803063e-07,-2.234038895301714275e-06
-1.068566535202202722e-06,-2.194525269956385313e-06
-1.153963805178010727e-06,-2.151428826835337135e-06
-1.235288809492007994e-06,-2.102776528064701450e-06
-1.313262751864383433e-06,-2.048446671881377748e-06
-1.388556248444812400e-06,-1.987909820392439788e-06
-1.461730718236204201e-06,-1.920620711229526169e-06
-1.533353076926761237e-06,-1.845800145483291980e-06
-1.603560293751535751e-06,-1.763038725700199227e-06
-1.672608931190103396e-06,-1.671530243678549962e-06
-1.740181938211307190e-06,-1.571114104686080596e-06
-1.806240451567997690e-06,-1.461244446917114079e-06
-1.870057488319116749e-06,-1.342207679149302101e-06
-1.931352827679558365e-06,-1.213878532396601350e-06
-1.989684857353766066e-06,-1.077505011999032083e-06
-1.849494975215770970e-06,-8.955327255748091157e-07
-1.643050116101764321e-06,-8.424400349163308660e-07
-1.427387308518904243e-06,-7.786902330923985806e-07
-1.209439954713957402e-06,-7.071013540669932258e-07
-9.943121010154307292e-07,-6.293830352556986397e-07
-7.872899062545347579e-07,-5.471904486023166606e-07
-5.937456769188526766e-07,-4.622059380855184480e-07
-4.190994740277890716e-07,-3.761288963990139140e-07
-2.688194210015429351e-07,-2.906695448472469108e-07
-1.483849452220441291e-07,-2.075121102328318483e-07
-6.320223783081456772e-08,-1.279938459570108793e-07
-4.492144760876759778e-08,5.338919552909894698e-08
3.608535762747662718e-08,-1.701211621204837900e-07
1.875224216672115799e-07,8.322214307236112962e-08
2.301622356326632272e-07,-3.006006849795183745e-08
-7.861760572015527934e-08,-3.559806885007211540e-08
-1.035392550902385010e-06,1.355328451791942923e-06
1.788389986354612240e-06,-5.795860815573699556e-07
1.885387325603300680e-08,-2.188412728296861426e-06
-1.927530116076725673e-06,-6.709541884182496833e-07
1.048003384264462487e-06,1.255133431259479115e-06
1.384788867795752058e-07,2.095597601777447170e-08
-6.322822989292936529e-09,9.144275420511143492e-09
1.233392527225461341e-06,1.510713719183355843e-06
-1.231482946389102113e-06,1.625951824560093466e-06
2.220619047970614934e-08,-1.766770007216679190e-06
-1.508612801971969463e-06,-5.282223834410780769e-07
2.959634031214554925e-07,2.298953219056274122e-07
3.240672902221419004e-08,-4.675912836946469180e-07
-3.133026381568283819e-07,-1.191829867161170484e-07
-1.625732089215551933e-07,2.022681515759264605e-07
4.206417976507375024e-07,-1.011020184937572235e-07
8.360255968190264529e-07,9.654993946494636061e-07
1.419173686642841202e-06,-4.512754234232818142e-07
-1.071673516779665991e-06,-3.797029889882101833e-07
4.476472381380707657e-07,4.357633535663553114e-07
-6.588967113237248597e-07,-2.386959204570004898e-07
2.560728956192166225e-08,-1.311284873728276726e-06
6.316198861600181265e-07,6.864011766900100156e-07
2.901106881748889070e-08,-8.634917657569036208e-07
1.047325228874778302e-06,-3.222162199366228067e-07
7.038792602975659461e-07,-2.020458980582881574e-07
-3.382724705641339856e-07,4.316442405057074099e-07
-7.936242188763677991e-07,1.034484891106233327e-06
-5.547947863272795585e-07,7.175433693172353291e-07
1.729617079009715353e-07,-3.607627365298619675e-09
-7.723494562832875448e-09,-6.062297384782428211e-09
4.196184040641851546e-08,-6.207794298768232787e-08
2.071130486805714052e-06,-6.809182568802612675e-07
-2.226877466234309654e-06,-7.786142445384714953e-07
1.815548458342492683e-07,8.486212491999749589e-09
-1.532753246158992273e-08,8.987687001263919036e-09
-1.695837890280361493e-06,-1.849349023672367424e-06
1.480708433588179105e-06,-1.859470300047738132e-06
1.929296176519868903e-08,-2.481375714415508484e-06
1.660787952903055461e-06,-1.631495813178701846e-06
-1.851667049330213464e-06,-1.656170085501742008e-06
-1.440025706604872328e-08,-2.082910053204374745e-08
1.577745848033968221e-07,-2.219055584097077918e-08
-1.535524908799557694e-06,-2.004608055213972315e-06
1.303246422812287567e-06,-2.037036510344743496e-06
1.829948321419392583e-06,-1.356582840708634190e-06
-1.998421961533821488e-06,-1.420806749132358468e-06
4.723879039681034908e-10,2.326053272424684808e-08
7.546046788000477877e-08,3.911983730535842140e-08
-1.568998007314318049e-06,1.387299048725282313e-06
1.539299062078755653e-06,1.289494482698465480e-06
-1.374894399956721670e-06,-2.130643794878258206e-06
1.141420099952007383e-06,-2.170622777936438922e-06
1.967814238746747433e-06,-1.078371400920097093e-06
-2.122331775439301521e-06,-1.171831744832435504e-06
-1.773333989197700219e-06,1.185355888865937645e-06
1.713256851448730145e-06,1.113117324237624014e-06
-1.221671759546755144e-06,-2.229398969457732539e-06
1.005952983706812995e-06,-2.264576396164656239e-06
1.028421681286977122e-07,-3.929561885564165473e-08
-3.721404010097087292e-09,-3.226011065717053960e-08
-1.747392242181528053e-08,-3.102415829707020195e-08
1.810676491102495051e-07,-5.519449723536903164e-11
1.782613939355416501e-07,-1.645147679414292749e-10
-1.652368521335982567e-08,6.007515151687806678e-09
-1.549549802362436503e-08,5.344419249886360486e-09
-1.977775921942040973e-06,9.573669877424135041e-07
-2.055411317556235227e-06,8.529345001551350572e-07
1.945890133849243249e-06,8.320175796789996770e-07
1.882333294706359653e-06,9.197750046857400106e-07
-1.040320198596800162e-06,-2.330696880369984934e-06
-9.485692475927268141e-07,-2.370952036122212361e-06
8.654888277003084538e-07,-2.349771399072103729e-06
7.990358567180454360e-07,-2.381931068648676947e-06
-2.124629909445109806e-06,7.423082600112234734e-07
-2.182547607018128484e-06,6.452671928275505396e-07
2.002485586259113634e-06,7.390486385710571983e-07
2.050025040951586513e-06,6.572173954247116685e-07
-8.432278965177052719e-07,-2.407113291636905923e-06
-7.401399954605669030e-07,-2.439919035576866118e-06
7.242253197189046365e-07,-2.410738533833570177e-06
6.512092075727719917e-07,-2.437058290330882440e-06
-1.502783836389378008e-08,-2.707424816922154029e-08
-1.887602591307449789e-06,1.074800355766675547e-06
1.808293936125636942e-06,1.018897350970900948e-06
-1.135331588419496435e-06,-2.286788640186565936e-06
9.369662636658284611e-07,-2.313801014853260180e-06
-2.232311857829193079e-06,5.452608978822706014e-07
-2.272809480113915080e-06,4.586337791791428311e-07
2.091092896739260541e-06,5.722690786643363768e-07
2.124879038729487390e-06,4.978888941004869910e-07
-6.215726867193455123e-07,-2.467680561013211387e-06
-5.046558691800743513e-07,-2.491831583993480621e-06
5.658107050494281033e-07,-2.460347660415964394e-06
4.786798049383942114e-07,-2.481690824088705586e-06
-1.619639003181177501e-08,4.512302421369995810e-09
1.821520843166594449e-07,1.668205624133040295e-09
9.823602895734880570e-07,1.713021433919415810e-06
8.630722788474477453e-07,1.781265479337142433e-06
-8.795759198922108374e-07,1.872916140071355530e-06
-9.817242934113541269e-07,1.817231043978585422e-06
-2.306298135301532674e-06,3.709028731119483330e-07
-2.332830674854569868e-06,2.950468231417118957e-07
2.153159499337793908e-06,4.214539895520904333e-07
2.175969521681899935e-06,3.541702870091988140e-07
-3.706319879873527816e-07,-2.509412150908163619e-06
-2.377247022494471503e-07,-2.522757850484210198e-06
2.618596962397944973e-07,-2.514127655395747601e-06
3.736065805792428491e-07,-2.499223867497171501e-06
1.718408682052260851e-07,8.352227072868515324e-10
-1.939219978229681953e-08,2.573377422326002253e-09
7.371335904556953446e-07,1.842426463555413793e-06
6.242851700712344015e-07,1.892811584503698513e-06
-6.908488921288309846e-07,1.955368013537488420e-06
-7.778548991493727551e-07,1.919302864258636217e-06
-2.353858410701834703e-06,2.182234180422337929e-07
-2.370029647259807707e-06,1.505689184576067143e-07
2.208864970603485905e-06,2.219373706895971067e-07
2.194379106287664167e-06,2.845966844774109392e-07
5.070578754463209926e-07,1.936420558808663662e-06
4.029100722641399148e-07,1.970987809319959485e-06
-5.259733260198793725e-07,2.007588439937173500e-06
-6.030406793480371097e-07,1.984922658554620308e-06
-2.381979477771751843e-06,8.019188955933030751e-08
-2.390490773417290052e-06,1.532042005696988664e-08
2.219792361381459212e-06,1.552973383769168496e-07
2.227755282960342103e-06,9.264330556797978153e-08
1.117213357005142480e-06,1.632665585970727121e-06
-1.110494061085271390e-06,1.746737369671646167e-06
2.961177929256028945e-07,1.999511078111673494e-06
2.017946426201342742e-07,2.020781877409618780e-06
-3.736950767035302630e-07,2.038848407658589518e-06
-4.461979242327123481e-07,2.025635624244643636e-06
-2.395253165381180924e-06,-5.589588186497745753e-08
-2.396906578765739610e-06,-1.258384744412738482e-07
2.232297635442530029e-06,2.282255032080549413e-08
2.233939146343795245e-06,-4.639031053659879335e-08
-1.522482769958538599e-08,-1.975619838087334959e-08
-1.135109745624575526e-08,-2.308357637401338064e-08
1.716115135542679423e-07,-1.867643787891273120e-08
1.710755836483203269e-07,-1.672694688419544660e-08
5.474435369175758589e-09,3.027679703326739622e-08
3.032111327746660953e-08,3.960567999308006639e-08
1.057449550668530883e-07,2.036938312648375761e-06
2.090392133676930932e-08,2.047494318849601806e-06
-2.232678498608299950e-07,2.053907684596958609e-06
-2.961929007197878912e-07,2.048334359277795210e-06
-2.393925504955626217e-06,-2.074067101266675362e-07
-2.386770175750759265e-06,-2.919851124659959300e-07
2.231150746966765895e-06,-1.273630151260796914e-07
2.224368442804842996e-06,-2.112019106937150127e-07
2.190565326746928945e-06,-4.201568507136144386e-07
2.210590361138875852e-06,-3.125953044282095575e-07
-2.372268264092210338e-06,-3.947639339428477216e-07
-2.351157930490067535e-06,-5.045044507611229948e-07
-6.573697520394400410e-08,2.053803477636218246e-06
-1.430745912428198360e-07,2.055760125900403180e-06
2.161280469921396665e-06,-5.611730647623707723e-07
-2.320527934669455412e-06,-6.515435692433308596e-07
-3.905321953376154332e-09,-8.562909531691868003e-09
-1.067818212884852592e-08,-2.895465598661767988e-08
1.747283013718598067e-07,-2.344924945805857684e-08
1.662376916520003290e-07,-6.882259225130660968e-09
1.198267328422397852e-07,-2.426013498624884779e-06
1.735221080506215791e-07,-2.568600846524926815e-06
-1.426532367332543824e-07,-2.577408745241891801e-06
-8.311983837231390154e-08,-2.425427205625120909e-06
-2.344882213956029516e-06,-7.751754675220231806e-07
-2.206355364987639605e-06,-6.514926415155757373e-07
2.050175098463739062e-06,-5.609740125188632353e-07
2.186269405170627601e-06,-6.790182972491196603e-07
-2.458859048224771385e-10,3.632645470133419752e-08
5.019795305397893569e-10,1.221697907924104997e-08
4.169730268497684659e-08,2.065983645675195044e-08
6.314712422185200030e-08,5.740830599953291945e-08
1.765859551846712938e-08,-2.582540177117218980e-06
1.586934830339241812e-07,-8.205692596535514915e-09
1.718251446693819591e-07,-2.797620199087566518e-08
-1.980210020240913020e-08,-2.689646081223257793e-08
-8.214618731138354213e-09,-1.064965559933202566e-08
-3.290408497055262198e-09,-7.603050212764764579e-10
1.696402395252032777e-07,8.238890883175381207e-10
-8.679695820994050356e-09,-1.257739635618433695e-08
-1.869547916058559841e-08,-3.277490187754474049e-08
1.584595213148552626e-07,-4.013296522161914776e-08
1.353885066654240577e-07,-2.862694195712177299e-08
1.348542117454019064e-07,-5.252122110439960189e-08
-2.104924584750076497e-08,6.372223456893876262e-09
-8.541078959806048851e-09,3.009679798940969999e-09
1.796837744434111437e-07,2.298859704626131620e-09
1.841509010149546088e-07,4.658847561140814190e-09
1.682525180261374414e-07,1.500468442732111687e-08
1.482382361983970757e-07,2.645682972762974018e-09
-6.346432340560927774e-09,1.549114272148755120e-09
-2.334812228975684973e-08,4.617942081913673704e-09
1.425084595379752073e-07,-1.279481280808211836e-08
1.132368087802620962e-07,-1.737450605202159363e-08
-2.199849736398787866e-06,-1.018586820036110837e-06
-2.134988434873682370e-06,-8.593878869298870391e-07
-2.289182689169493227e-06,-9.414970009495267164e-07
2.047602124016287776e-06,-9.163630513381236256e-07
2.135156148572950522e-06,-8.400749398479698191e-07
1.981959669426979102e-06,-7.568725938139868136e-07
9.976847874749938139e-07,-2.327064473006832069e-06
9.449242847335702859e-07,-2.251998474004583684e-06
-1.145754412505749730e-06,-2.212246330091189345e-06
-1.211550635369118476e-06,-2.303667068646098984e-06
1.809475172388028689e-06,1.117249149800007755e-06
1.713945624763685249e-06,1.014134603386489710e-06
-1.775046972804007357e-06,1.069458675335984519e-06
-1.887881708487364431e-06,1.190054938507806057e-06
-1.235792090163013173e-06,1.745926958935875951e-06
-1.103589630393844253e-06,1.630691923966863479e-06
1.110614911001681986e-06,1.513862403699457269e-06
1.238876929097788436e-06,1.630459766629384709e-06
-2.237428484362259843e-06,-1.137488343005150041e-06
-2.083069362415874165e-06,-1.054916663389235188e-06
1.928719105091088240e-06,-9.538243672231180732e-07
2.086999427724853341e-06,-1.040937222629402850e-06
1.070580915180910547e-07,-6.322104378198275376e-08
-1.423646431525211239e-06,1.526189658220354629e-06
-1.275692272420774462e-06,1.502718485456027566e-06
-1.379033822036742094e-06,1.648212226495249194e-06
1.411163212817245018e-06,1.416466303736632327e-06
1.371516412967230042e-06,1.532164030249172196e-06
1.273959858400198366e-06,1.393915097876535667e-06
1.428336276037976333e-06,1.284563660156763403e-06
1.523537876100644952e-06,1.419521319959353396e-06
-1.549477114855937105e-06,1.530072523374745940e-06
-1.443857488578571579e-06,1.382666171223258945e-06
-3.707713025770464253e-08,-2.358099609834427387e-07
-1.413863802736682273e-08,-1.153349896791426460e-07
-3.290190851347357908e-08,1.088335664056326378e-07
-7.230554245974622874e-09,4.878245269041852548e-08
2.480786161395613744e-07,8.806683500662584979e-08
1.952535912695543202e-07,3.833825871901764692e-08
2.560432985939976907e-07,-9.009119319835708487e-08
1.950942759369498669e-07,-4.556396818910850297e-08
-1.440956093666263592e-07,1.476238145210213032e-09
-5.484231682386029351e-08,9.369759685445629760e-09
-4.872673034897534763e-08,1.709402741115329595e-08
-1.057205135507296168e-07,5.843900084700867253e-08
8.703902256161392265e-08,-1.223390262175143910e-07
1.074426214241352904e-07,-2.347475785473996313e-07
2.107593144860415232e-07,7.890580528317829733e-09
2.830043820422336387e-07,-6.980167956822904691e-11
1.429123531535677478e-07,7.916909233711890317e-08
1.734660713206136362e-07,1.421246570724486970e-07
-3.515302656229034041e-08,-5.466224895170659519e-08
-1.103933251172139303e-07,-1.076411275571225554e-07
-1.676579904657387069e-09,5.758068002798919803e-09
1.165805272722527690e-07,1.285857092670343834e-08
-1.067796333567766507e-06,1.209873126864558037e-06
-1.179462879709779533e-06,1.366786078528301952e-06
-1.788682157163624202e-06,-7.528574093619598407e-07
-1.986368061341146569e-06,-8.099637216453983222e-07
1.356568225841506584e-07,-2.086658911280926940e-06
1.236181827795045829e-07,-2.283125206360361231e-06
1.730537544429883006e-06,-4.425034932674666576e-07
1.910921536231103597e-06,-5.100003528894271519e-07
9.110960117402011101e-07,1.243284466067513185e-06
1.018085526397160464e-06,1.386417296844730958e-06
1.841163437772842474e-06,-7.085895296726423163e-07
1.664331174213842042e-06,-6.531827039009471116e-07
-1.005782378600290126e-06,1.497520491174169627e-06
-8.830478679015100311e-07,1.341832177447069867e-06
-8.729220784292544118e-08,-2.281404669546416908e-06
-9.644733205788379965e-08,-2.087439727534647963e-06
-2.060181272269669903e-06,-5.959954071469001348e-07
-1.862745577245845619e-06,-5.193608627504315561e-07
1.181897464907961484e-06,1.266522416544370569e-06
1.078675602653427635e-06,1.121988659950125813e-06
-2.833593404448241273e-10,9.600290150884334440e-09
8.245891920721855849e-08,1.798645202063693359e-08
-7.840321410853745131e-08,1.931869673858980537e-07
-9.545751955814468012e-08,1.163571669484488978e-07
-1.780932544581099876e-07,1.232421748682938269e-07
-5.735331016060046138e-08,-3.848184006857038695e-07
3.424665704503707472e-08,-3.036100024433447846e-07
1.239222845584401805e-07,-3.837193737601315486e-07
3.462457200841425646e-07,-1.419446499328600847e-07
3.117659432286758594e-07,-6.114582889968817652e-08
3.836861862011642354e-07,-1.949417331841925393e-08
3.122843731683356441e-07,1.544710360348604670e-07
2.356336282320183167e-07,1.484199802616013961e-07
2.181196667335602609e-07,2.222727905766101354e-07
-2.680345644155649362e-07,-2.075795794823811389e-08
-1.793695476423215170e-07,-7.194612819213227392e-08
-2.216488244410777680e-07,-1.693735181884398337e-07
1.575770496995657035e-07,4.511478899504571709e-08
1.243389708418115810e-07,4.510885901035296791e-08
-1.790658037042541589e-08,2.289211405091416518e-08
2.581127524286475977e-11,2.437521745431223040e-08
-5.201231904767409163e-09,3.458393244066419525e-09
-1.165899646675838149e-08,7.362860028090139927e-09
1.772800068135717099e-07,8.001853022626806584e-09
1.745177555244003602e-07,4.505525019249527564e-09
-1.684661063338827622e-06,-1.762498216775506468e-06
-1.759758332966403514e-06,-1.663623484867338129e-06
-1.771640561686099200e-06,-1.755457714975873531e-06
1.468341512966565188e-06,-1.758490113531572684e-06
1.567931480306690414e-06,-1.749016878755548232e-06
1.554737994186065491e-06,-1.641379304470368156e-06
-1.612666030984390191e-06,-1.847124330299916813e-06
-1.613790824612087685e-06,-1.928819779404211245e-06
-1.534520565462691579e-06,-1.926660422170518232e-06
1.387280741679952476e-06,-1.858230167051398073e-06
1.302229092791529707e-06,-1.950685305285658230e-06
1.388382044208611508e-06,-1.951618273183813121e-06
1.636204880284837719e-06,-1.520322306295917205e-06
1.743737862446427070e-06,-1.496829854207506863e-06
1.718102468608395567e-06,-1.380836052569035563e-06
-1.829762597707627410e-06,-1.560982902700649121e-06
-1.899939295525598279e-06,-1.441109337915456211e-06
-1.923181189440256722e-06,-1.541691254073595972e-06
-2.046089716226012348e-08,9.315130277227320236e-09
-2.411817574416692770e-08,1.576903137270800671e-08
1.833181691949232503e-07,9.112876524989401539e-09
1.866032843043121948e-07,1.437610228704783425e-08
-1.460877950990826866e-06,-1.995784886267100442e-06
-1.454087010402477101e-06,-2.068571543550374678e-06
-1.381587763581704122e-06,-2.059893839676317011e-06
1.225619175421957679e-06,-2.029013274577438930e-06
1.147713099158350920e-06,-2.099311554792432087e-06
1.218811414724801633e-06,-2.106515295063699179e-06
1.794591143891022645e-06,-1.242179528517138395e-06
1.898554016389557202e-06,-1.218375269769951916e-06
1.862940671675630143e-06,-1.102271298113468196e-06
-1.965886613129677070e-06,-1.319407293500885000e-06
-2.025422262714245909e-06,-1.192958373035776485e-06
-2.059314193324840998e-06,-1.298930340287194264e-06
-1.304797240629903599e-06,-2.116426774364071388e-06
-1.298205002960102585e-06,-2.180177342884152550e-06
-1.228301749296617649e-06,-2.165818400686481578e-06
1.076995970056692353e-06,-2.158592161703021053e-06
1.011343090957225781e-06,-2.207893120877787967e-06
1.071238109128681323e-06,-2.219179167461658572e-06
1.535567878076762689e-06,1.191887726716725105e-06
1.625073456799181696e-06,1.106320545324550826e-06
1.628499640839167950e-06,1.198946113969637109e-06
-1.565643413835590513e-06,1.277113921311958861e-06
-1.672827824825311660e-06,1.284661823506228459e-06
-1.669731750055607136e-06,1.177842143355009146e-06
1.546643177612428082e-06,-3.757705452107114638e-07
1.605924569373363468e-06,-5.161115311097742281e-07
1.478792454652945383e-06,-5.916068794505993423e-07
-9.484508029297903396e-07,1.048246198389694083e-06
-9.153547971050343995e-07,1.196067276218571725e-06
-7.605156767916491369e-07,1.182434464176146829e-06
1.451503922966874167e-07,-1.875619986465102574e-06
2.047542515991244152e-08,-1.984211806293175299e-06
-1.024588098470110169e-07,-1.876545990963549864e-06
-1.577232561966873466e-06,-6.871632071232085723e-07
-1.722803687865678236e-06,-6.011054533881227093e-07
-1.654978521015095552e-06,-4.423191189035761383e-07
8.051584993320979540e-07,1.098359950810651109e-06
9.418654987026973984e-07,1.110126682626813470e-06
9.726013390349332275e-07,9.771269002933926186e-07
1.141861312766850986e-06,-2.238960453964484741e-06
1.071903198508361875e-06,-2.283274461967724362e-06
-1.375588374547507885e-06,-2.202270316051505500e-06
-1.298941659402023641e-06,-2.251508946950613652e-06
1.635347060776357436e-06,1.313487628193248889e-06
1.719940110568453403e-06,1.221852872625507615e-06
-1.679332352069790643e-06,1.414113532652102611e-06
-1.779808694365252969e-06,1.310696621482308741e-06
1.142987402582470827e-06,1.385842925789558476e-06
-1.137549555612475117e-06,1.495845970835531970e-06
-2.102090598896731491e-06,-1.405666856716169524e-06
-2.166947130450154419e-06,-1.283042194753386676e-06
1.945255977779998873e-06,-1.338247172883685513e-06
2.015090515512258411e-06,-1.199718529617020419e-06
1.307421699409611170e-06,-2.117545075999146705e-06
1.222957588621811200e-06,-2.181010034712116412e-06
-1.539958518088268831e-06,-2.080114935156672578e-06
-1.458526980482472007e-06,-2.142031248446552645e-06
9.506059940552543550e-08,5.506238967531348991e-08
1.072643195746858938e-07,3.156586914305777094e-08
8.341296577213415819e-11,1.719993128821164537e-08
2.086778270283213460e-09,3.271012133408797444e-08
-1.947873356085359251e-06,-1.646548752804247258e-06
-2.024272831410665772e-06,-1.531293341489792718e-06
1.771412407817654352e-06,-1.619040037676952490e-06
1.858614885573110092e-06,-1.483640443490839005e-06
1.489136164412313577e-06,-1.954854143446285466e-06
1.396488563578795621e-06,-2.040262496828319536e-06
-1.703914181926238987e-06,-1.932758570703154453e-06
-1.621713927394831371e-06,-2.008571842119563204e-06
-8.264739657761917156e-07,8.871704607662920167e-07
-7.044320138118740507e-07,7.303675879446689294e-07
-6.726216240297704671e-07,8.737903965005654476e-07
-6.395527520967259843e-07,1.020801669065900700e-06
-5.225303875189099416e-07,8.603304651301955494e-07
9.903466763388157033e-07,-1.890969952337390570e-07
8.162588505367619619e-07,-1.355618026140034132e-07
8.700816912906495218e-07,-2.603796178615883018e-07
9.261909412122067236e-07,-3.932245485581694109e-07
7.564440712298507149e-07,-3.264629783731020547e-07
7.016208492895324990e-07,9.538570272188830095e-07
6.021451674879687656e-07,8.121451827121658427e-07
7.320546663197623812e-07,8.234755469762944654e-07
8.661656199658045121e-07,8.347089221554185766e-07
7.610790523296901430e-07,6.971035039473705282e-07
-7.391388387516070955e-08,-5.612960748395080945e-07
-8.693309575047644764e-08,-7.595297273569533835e-07
3.070841897365397057e-08,-6.561940426034746050e-07
-4.215106947582162984e-07,-5.604085011079450074e-08
-5.989130077409978257e-07,-1.026098596967520260e-07
-4.749831038001898700e-07,-1.753689212280490542e-07
1.370325034812550608e-07,-5.604265838763745282e-07
1.466561881378725390e-07,-7.586669094614983449e-07
-3.643462340592069685e-07,-2.377245457785820278e-07
-5.330761255275977962e-07,-3.108475264579330432e-07
1.105763434449884807e-06,-4.604891682190851402e-07
-3.624134763428709799e-07,3.182415679964440959e-07
-4.699912180121748409e-07,4.427146835291219663e-07
-1.057887534193182864e-07,-1.426507414836701286e-06
-1.027801825997743251e-07,-1.197742246280641204e-06
6.544352904858531651e-07,-8.856103899189404416e-08
3.434587643221233967e-07,4.262511991051576087e-07
4.216053273097939003e-07,5.462075767825862472e-07
-1.220210399223053537e-06,-2.921520112893201650e-07
-1.003653379219915580e-06,-2.224457616189789467e-07
2.730921236088690513e-08,-1.083723100417945155e-06
-9.652561539812411325e-08,-9.735755053277988520e-07
2.752103051770308210e-07,3.176437362072900625e-07
-5.847895662883250899e-07,5.811368377569184243e-07
5.363108837252995323e-07,5.564670527954972451e-07
5.083076448721818388e-07,6.755333104587009031e-07
-8.595936926444526123e-07,-3.073924241638829355e-07
-7.947654940676595909e-07,-1.586736174729832463e-07
-2.643628497737481110e-07,2.107581651104076775e-07
-1.439107541249536172e-06,-3.660261743039679845e-07
-4.425604326512340742e-07,5.690828365098218006e-07
1.291232948429704369e-06,-5.270092588601640893e-07
5.088888187576034203e-07,-4.942634643950799224e-08
-1.056464317755500570e-07,-1.654506166842301976e-06
1.528460828216358528e-07,-9.727061992163052773e-07
-7.223649683958153595e-07,-3.869807452086951449e-07
6.590202983725752803e-07,5.664971925895715410e-07
3.868036441556195198e-07,2.371270277912081242e-07
1.556964375862129908e-07,-1.196872766464394732e-06
-1.410715117776359685e-07,2.980060263924408367e-07
-9.267796591047798533e-07,-4.643867128392641484e-07
-1.359491611931181885e-06,-6.161503706002448031e-07
-4.118764332802372349e-07,7.045324560674026319e-07
1.517571588719558240e-07,-1.653635240415271952e-06
5.616047800617938341e-07,4.449859910069319378e-07
1.359493564078141559e-06,-3.105030510118938621e-07
4.624169745858434715e-07,-1.995293046415319319e-07
-2.442095743464804989e-07,3.083608092027086555e-07
3.670747349375585191e-07,3.262774542789878339e-07
1.553014989873239723e-07,-1.425639935906718993e-06
-1.140932674593039634e-06,-5.413440739216723327e-07
4.703753846546768388e-07,3.345642566110197429e-07
-3.099261073035075053e-07,5.567441101981061048e-07
1.172734559931599778e-06,-2.478477055007973498e-07
1.231657889887072642e-06,-3.862680673617300323e-07
6.005089714130998161e-07,-2.614706258996861188e-07
-1.289782034285071657e-06,-4.538849934617261748e-07
-2.189326604571672959e-07,4.201937982539350965e-07
2.390694689274648121e-08,-1.540729614242860210e-06
5.527167243673207246e-07,-1.485149607977635195e-07
-1.785896490460939974e-06,-1.846099336285132592e-06
-1.866487519304585616e-06,-1.751771989887412739e-06
1.583581873918875490e-06,-1.854488210627464216e-06
1.677200128747647234e-06,-1.743447726469604828e-06
5.980668219511342927e-08,-2.104271887755785540e-08
1.899118827930326999e-07,-1.270774615003154339e-08
-2.885699525880445839e-08,-1.592893873298715075e-08
1.935177780334833383e-06,-6.326070720178012621e-07
-2.086143276356220225e-06,-7.282331872154168602e-07
4.254092315328523851e-08,-1.018372436383246332e-07
-1.015589139541910169e-09,-6.397166051262593730e-08
8.145860209685259325e-08,-7.657969398707094524e-08
1.893323144212167048e-08,-2.344571349233192094e-06
7.465813050215895742e-08,-5.057974961059597838e-08
2.501243503857172869e-08,-3.094903855911835561e-08
