Size 955,2
0.000000000000000000e+00,0.000000000000000000e+00
0.000000000000000000e+00,0.000000000000000000e+00
1.205302482849097567e-08,-5.654943083110539877e-06
-1.081319139664743937e-07,4.556035682147796799e-06
1.007281791405748332e-07,-7.693018785759341461e-08
1.156543859897483422e-07,-5.419052580012233972e-08
2.172753399629511570e-07,-5.267311051052438025e-06
4.391170123645072898e-06,-1.734199666549919105e-06
1.313343930939017279e-07,1.321591365756262659e-08
1.293997406152628594e-07,1.386382860017084346e-08
4.546243741190685694e-06,-1.300125204972752121e-06
2.661812143271922751e-06,3.088164063815926623e-06
4.601662203223168781e-08,7.064394934710611530e-08
2.392026669440188887e-09,5.713059951949586641e-08
2.259757673262040266e-06,3.388986270734925208e-06
-2.281481043243354727e-06,3.476039697958752942e-06
-4.830113794030940409e-08,1.579524799102417364e-08
-5.132853651333423955e-08,1.539424504857565282e-08
-2.683466849220650109e-06,3.170543411826599124e-06
-4.682762166992916221e-06,-1.368945751544390383e-06
-3.438218087911087334e-08,-5.699249851434689201e-08
-4.282909314052954793e-08,-7.178282935539864323e-08
-4.531122068888059540e-06,-1.797002755934193325e-06
-1.931622420834647445e-07,-5.265364218531097309e-06
6.324257978286905078e-08,0.000000000000000000e+00
9.041715230461013779e-08,0.000000000000000000e+00
9.479350275032361075e-08,0.000000000000000000e+00
8.793874590326864810e-08,0.000000000000000000e+00
5.502105790863010478e-08,0.000000000000000000e+00
0.000000000000000000e+00,0.000000000000000000e+00
0.000000000000000000e+00,0.000000000000000000e+00
0.000000000000000000e+00,0.000000000000000000e+00
0.000000000000000000e+00,0.000000000000000000e+00
0.000000000000000000e+00,0.000000000000000000e+00
2.586668047938882206e-07,-5.640384780590540870e-06
4.892225316646473832e-07,-5.611784338612004957e-06
7.035454867394239300e-07,-5.577022070865266117e-06
9.090682142068779571e-07,-5.535459043170791872e-06
1.108421505850946691e-06,-5.487104331141038702e-06
1.304185277280503855e-06,-5.431484206790661309e-06
1.498564187334544491e-06,-5.367786498703035256e-06
1.693329577349262797e-06,-5.294950197611561801e-06
1.889740311073504139e-06,-5.211642136483175293e-06
2.088536212177465324e-06,-5.116648011975217883e-06
2.290177808457664263e-06,-5.008470214491743432e-06
2.495269422873339988e-06,-4.885719845090098435e-06
2.705501549182663695e-06,-4.748700997890141070e-06
2.917830641989829062e-06,-4.594694880458030828e-06
3.134913528865665334e-06,-4.419032544103462383e-06
3.349904167252871391e-06,-4.225506320775039893e-06
3.565008519166008981e-06,-4.010138794239550930e-06
3.773635036334063654e-06,-3.776742543612402322e-06
3.972930782132543469e-06,-3.525086795661785137e-06
4.161087109307458131e-06,-3.258656599758047089e-06
4.335321948453896386e-06,-2.980292128748093045e-06
4.493061242777217983e-06,-2.693189873481924802e-06
4.631778864319110183e-06,-2.401237272327403305e-06
4.749443506530343273e-06,-2.109298186968887377e-06
4.844709806230781499e-06,-1.822207406146587810e-06
4.917153836118685356e-06,-1.543310088250159609e-06
4.963431086413926464e-06,-1.285319592547010622e-06
4.991150194089779693e-06,-1.055718566804157535e-06
5.008034335683177693e-06,-8.518623046903931553e-07
5.016853200052974971e-06,-6.655772966993313056e-07
5.019370083711929249e-06,-4.922376274894508290e-07
5.016858426757864889e-06,-3.272018635236006690e-07
5.009679942259076837e-06,-1.661120482371596308e-07
4.997580277319982518e-06,-5.051073261358583003e-09
4.979706845637892145e-06,1.593414471911310828e-07
4.954790032790208713e-06,3.297851908438263575e-07
4.921156301756273556e-06,5.082667066048671805e-07
4.877119169421807839e-06,6.960435606842842760e-07
4.820683688453946532e-06,8.936026300419249735e-07
4.750341853141519893e-06,1.100702114417361874e-06
4.664297214430453484e-06,1.316795456355102542e-06
4.561184242714329844e-06,1.541495022203992984e-06
4.442086036880247605e-06,1.775485554317684251e-06
4.303570508555324890e-06,2.014037221533416807e-06
4.142003119432352182e-06,2.259252670587430221e-06
3.961323941868849135e-06,2.502437794956727577e-06
3.759597263246796066e-06,2.744497420325401368e-06
3.540469223494458532e-06,2.978140456647381483e-06
3.305666324197857354e-06,3.201697742239767761e-06
3.058050873291102758e-06,3.410788074352073227e-06
2.802731689764288353e-06,3.602285557487909852e-06
2.540954017402461629e-06,3.773476793906543310e-06
2.286385618120962618e-06,3.918344842720670099e-06
2.037985850642722176e-06,4.043505103965754672e-06
1.798847021489246479e-06,4.153863640907618225e-06
1.565742795843813604e-06,4.248440782737763767e-06
1.338052628730456277e-06,4.328257357402989399e-06
1.115761868460212833e-06,4.394527873907848025e-06
8.990411840579173494e-07,4.448010949422439291e-06
6.878587031071719290e-07,4.489805017980043031e-06
4.820209508478621688e-07,4.520691800196645986e-06
2.811491745429347463e-07,4.541577040627753478e-06
8.467751601407258241e-08,4.553145522308385465e-06
-2.981681064687529441e-07,4.550614558246111961e-06
-4.864190725819443044e-07,4.537081553597965916e-06
-6.739835224350658424e-07,4.515523369315986246e-06
-8.620750749156664113e-07,4.485806911799776638e-06
-1.051979850681613143e-06,4.447507695072922597e-06
-1.245018115398523607e-06,4.400029341622090469e-06
-1.442494585402019946e-06,4.342325973970781923e-06
-1.645612943615693861e-06,4.273372751030231847e-06
-1.855889995953763029e-06,4.191471156017730513e-06
-2.075680312208302378e-06,4.094779429708609953e-06
-2.311200935034223201e-06,3.983893703340324087e-06
-2.559838569842271856e-06,3.851862028301970026e-06
-2.824781588405954685e-06,3.686891253846313122e-06
-3.086115825110623878e-06,3.497363303257770908e-06
-3.343466859960702654e-06,3.285692458098896290e-06
-3.589298837919798586e-06,3.056440864467543633e-06
-3.820999902552834891e-06,2.813463223630084027e-06
-4.035006579335858466e-06,2.559884497998102363e-06
-4.227633938603030763e-06,2.303332062472038420e-06
-4.400010579533412811e-06,2.043673601914012787e-06
-4.547952208889032838e-06,1.790390813164253523e-06
-4.674930996152250056e-06,1.541685032430147168e-06
-4.784672622372268556e-06,1.302921043585459480e-06
-4.875912218594236219e-06,1.073600214488057963e-06
-4.950076208101113216e-06,8.543397169732825607e-07
-5.009105224217016120e-06,6.459117205516464962e-07
-5.054632206984934147e-06,4.487450740258654377e-07
-5.088858356926930833e-06,2.624781344149657944e-07
-5.113649400066869964e-06,8.591175639806187320e-08
-5.130890667553551700e-06,-8.293444836047992821e-08
-5.142036890641720472e-06,-2.468277875621821331e-07
-5.148116704665181246e-06,-4.092105930813404978e-07
-5.149541164773636934e-06,-5.741114539895772371e-07
-5.146069312329998333e-06,-7.460132594503706584e-07
-5.136543879669875482e-06,-9.296822502664700602e-07
-5.119274950460059411e-06,-1.129852780578479876e-06
-5.091619234766058909e-06,-1.355049584802142981e-06
-5.045597462499749361e-06,-1.608119392618816590e-06
-4.972636754063982925e-06,-1.880669183216350180e-06
-4.877446680698345648e-06,-2.157617554042178258e-06
-4.763119112590901254e-06,-2.435315433819892081e-06
-4.630188765686621799e-06,-2.711534264808674204e-06
-4.480296329870426973e-06,-2.982481197800972682e-06
-4.315396490031569747e-06,-3.245212185073765894e-06
-4.137446258097337068e-06,-3.497332267840206929e-06
-3.948507149800741715e-06,-3.736758586029037418e-06
-3.749949039566065759e-06,-3.961018720580994296e-06
-3.543825822165543406e-06,-4.170212676776064435e-06
-3.334630659534631689e-06,-4.361725070840053169e-06
-3.120980363341651036e-06,-4.538150367603528839e-06
-2.907384819694513643e-06,-4.696963011489855945e-06
-2.692202510951491412e-06,-4.841127822179638357e-06
-2.477441743544777397e-06,-4.972194828563131955e-06
-2.262144547395894553e-06,-5.089891307559998133e-06
-2.046066635997187298e-06,-5.194967163192261890e-06
-1.829091652854777356e-06,-5.288198159213843027e-06
-1.610987975400811770e-06,-5.370160564950132468e-06
-1.391288789287038304e-06,-5.441471469972160958e-06
-1.169316164529940392e-06,-5.502564359957348444e-06
-9.442576834464983027e-07,-5.553722080779531540e-06
-7.152159207078542020e-07,-5.595038272986764297e-06
-4.814772445908079183e-07,-5.626365919776518905e-06
-2.386793994294688463e-07,-5.648283753849395772e-06
1.107112218080903946e-07,-6.091335634762584722e-08
1.699662436616345704e-07,-1.159413978325744289e-07
2.582174271196883255e-07,-1.857129413494029580e-07
3.912628071471887985e-07,-2.668533906263107718e-07
5.519545215503669146e-07,-3.527949155532554642e-07
7.479134788926098266e-07,-4.471946244753642746e-07
9.654880635570363018e-07,-5.445937026990547730e-07
1.209598180584701755e-06,-6.477192764777038182e-07
1.469465835104352892e-06,-7.520991530270936883e-07
1.747474734387868705e-06,-8.595930363563134468e-07
2.035622537607154438e-06,-9.666726191269294596e-07
2.333863792915209524e-06,-1.074365944444441320e-06
2.636861348136168681e-06,-1.180053773295043873e-06
2.942252350093124841e-06,-1.283965769715439106e-06
3.247235613986671755e-06,-1.384342402703103095e-06
3.547247644981495332e-06,-1.480723985898684107e-06
3.842362889250844785e-06,-1.572392008206370887e-06
4.124626819980443447e-06,-1.656363434697603689e-06
4.266838511093445524e-06,-2.014648203297482839e-06
4.126602771585865167e-06,-2.301747613733825880e-06
3.971398584936950310e-06,-2.589132678949704852e-06
3.802473549370903119e-06,-2.871765686160631765e-06
3.621451155918582165e-06,-3.145537982586744514e-06
3.429947214224475944e-06,-3.407548066880755515e-06
3.233962885393195465e-06,-3.653728563378945404e-06
3.032285278994240841e-06,-3.884265610358082116e-06
2.830985463224701721e-06,-4.093445153756200791e-06
2.628030070570008808e-06,-4.284713342585632800e-06
2.429373735897763972e-06,-4.453762672275147367e-06
2.230716155571178385e-06,-4.605633396896934218e-06
2.035430667724081450e-06,-4.735662981049184347e-06
1.841098284978952569e-06,-4.850039743371861022e-06
1.648054579811954167e-06,-4.949380310383221779e-06
1.455630790099567213e-06,-5.034229335991992701e-06
1.262608993765258164e-06,-5.105412187817834577e-06
1.067278653266227851e-06,-5.163470181458027058e-06
8.674496877809787552e-07,-5.208791558211382238e-06
6.605791484459943288e-07,-5.241448304825729442e-06
4.436046231059648438e-07,-5.261140158291045282e-06
2.377481541994208796e-07,-5.005796983423283710e-06
2.560151218163334246e-07,-4.729249302776978117e-06
2.725168066456011161e-07,-4.429078237862918431e-06
2.861107566390966837e-07,-4.115010225587522085e-06
2.974116655437213732e-07,-3.784219219175440494e-06
3.053359208884567523e-07,-3.444798952276497858e-06
3.106237292574473386e-07,-3.096884818606349523e-06
3.120496535262190632e-07,-2.746338832452547375e-06
3.104863317666943617e-07,-2.396704658446505818e-06
3.045773083941766491e-07,-2.051241627779354871e-06
2.953266137596124573e-07,-1.717274454817427380e-06
2.812464753451488581e-07,-1.395083145239684644e-06
2.634714171499095532e-07,-1.096150035634933462e-06
2.403805668880794501e-07,-8.174072346577869241e-07
2.132613826102279220e-07,-5.748536145381922109e-07
1.803556211448682621e-07,-3.615544485595293649e-07
1.428497679488266542e-07,-1.993307571213305796e-07
1.287763604986170585e-07,1.028486320444235050e-08
1.927558108193014935e-07,5.801873241038712432e-08
2.635869081721112718e-07,1.198960478473917075e-07
3.488498952605062468e-07,2.024453189874006526e-07
4.440527709320306905e-07,2.991922953839728279e-07
5.536571510253203404e-07,4.164653273900275030e-07
6.723649058880733598e-07,5.475350024695553279e-07
8.042304888314664064e-07,6.979009726516959807e-07
9.440087197363371289e-07,8.610896777704077358e-07
1.095147958004096900e-06,1.041587136574642436e-06
1.252626392716876278e-06,1.233407587643731077e-06
1.419108609271263668e-06,1.439777358074692203e-06
1.589975592261525444e-06,1.655445727463882704e-06
1.766928159580813614e-06,1.882133775627166026e-06
1.945919920969660578e-06,2.115565351717729882e-06
2.127542306326173653e-06,2.355700067572549468e-06
2.308679125606679725e-06,2.599659534266337046e-06
2.487583089929265950e-06,2.845135412417129638e-06
2.908100727239897880e-06,2.878148670701282473e-06
3.147378593723852216e-06,2.657599555506064865e-06
3.374112145363354187e-06,2.429468059338250387e-06
3.587383766174072400e-06,2.196028571785089648e-06
3.781712420913084461e-06,1.963210621974396624e-06
3.959224329404070066e-06,1.730774255946056931e-06
4.114866729653552086e-06,1.506106510700938158e-06
4.253442756334997608e-06,1.285461092291397666e-06
4.368575879675326074e-06,1.074359251365195002e-06
4.467106011621117261e-06,8.705181170414655857e-07
4.549744527253530606e-06,6.755024518571260107e-07
4.617075292390217031e-06,4.896639195675210021e-07
4.670274046114981410e-06,3.125853636728546335e-07
4.710144055073569313e-06,1.431069905708447811e-07
4.737529979859128123e-06,-2.074153725003995971e-08
4.752842595013147729e-06,-1.816513595287341603e-07
4.756080016701990851e-06,-3.429893962991798808e-07
4.746627793511361336e-06,-5.086903530104385637e-07
4.723277372977319984e-06,-6.830665665312033971e-07
4.683864460309595195e-06,-8.707522975770894293e-07
4.625913181878551361e-06,-1.076476331073111642e-06
4.272927515114881556e-06,-1.192859288234125796e-06
3.995571882769469063e-06,-1.088471840100917579e-06
3.706406263162172244e-06,-9.812380932856042977e-07
3.409612017300544026e-06,-8.747333544269580103e-07
3.106439824115768293e-06,-7.685036856330609430e-07
2.800944070249965067e-06,-6.647631090299185602e-07
2.496383493565386957e-06,-5.637291393522824119e-07
2.194532160499724979e-06,-4.669858756360979140e-07
1.901250411774316985e-06,-3.755465168051505684e-07
1.615969288888815648e-06,-2.902739006521256140e-07
1.347238101616569079e-06,-2.130126136496741138e-07
1.092034095468477615e-06,-1.438710940693901320e-07
8.617070186972163114e-07,-8.556059008873198458e-08
6.506663302300078963e-07,-3.739733342614744157e-08
4.731792988649875051e-07,-3.007890662725744254e-09
3.210312641554629871e-07,1.911256398463425370e-08
2.110429465353147197e-07,2.452337191820267688e-08
2.067279680293753075e-08,6.692657122127766283e-08
-1.294076656961018824e-08,1.116255374825800259e-07
-4.315645785626311446e-08,1.870627534310753324e-07
-9.337884831400883459e-08,2.886125128025398368e-07
-1.567026861962966524e-07,4.067861194808984645e-07
-2.383442046094164941e-07,5.489185423801501598e-07
-3.324642437392106688e-07,7.060899013674334725e-07
-4.433000686266327915e-07,8.844941403346095502e-07
-5.654722352927147887e-07,1.075704624217350529e-06
-7.021772663507148790e-07,1.284659635600640344e-06
-8.487024196684630591e-07,1.503667715721691328e-06
-1.007017656909670552e-06,1.736160024647064388e-06
-1.173255013324091350e-06,1.975426594094981915e-06
-1.347977581815609869e-06,2.223145951030911066e-06
-1.528346475573323960e-06,2.473852688049489220e-06
-1.713369211768283228e-06,2.727181240895802607e-06
-1.901241556812716972e-06,2.978816542600529251e-06
-2.089073382311609278e-06,3.227699071725263222e-06
-2.061342754275057795e-06,3.639159010525092234e-06
-1.844471786071124952e-06,3.779166312377222676e-06
-1.638980737324502772e-06,3.890667647488796381e-06
-1.438427015404438031e-06,3.984465509400617637e-06
-1.242703159545247709e-06,4.062298429497159389e-06
-1.050803840870021546e-06,4.125358448462164434e-06
-8.615474385615379043e-07,4.175027918489645708e-06
-6.737601751842806656e-07,4.212155310598476185e-06
-4.862390330682712042e-07,4.237466056621713064e-06
-2.978656881649163437e-07,4.251348007746305098e-06
-1.076219538464150076e-07,4.253958341550463658e-06
8.539726723499007024e-08,4.245206660338995763e-06
2.820007233074068775e-07,4.224804757666356561e-06
4.828543543815929790e-07,4.192252822762476866e-06
6.884013415109562579e-07,4.146989975923354018e-06
8.989153101993065736e-07,4.088170136781130577e-06
1.114425952915364141e-06,4.015100842054659232e-06
1.334826292299536253e-06,3.926687128411801084e-06
1.559762617915714299e-06,3.822265662160647396e-06
1.788176727984987563e-06,3.700806705183873775e-06
2.023660188322018842e-06,3.554714746717597792e-06
2.074946822809841472e-06,3.143643630280437723e-06
1.894309373792315283e-06,2.898606097228199216e-06
1.715443922555623332e-06,2.653502960166412991e-06
1.540128917638808588e-06,2.408732045903726983e-06
1.370345977890612002e-06,2.168550362561690009e-06
1.206283680929729708e-06,1.932460982992712711e-06
1.050749390832643306e-06,1.705615589175139450e-06
9.026363803059949789e-07,1.485861868934153031e-06
7.655086499455751191e-07,1.279217898777472578e-06
6.371236741163467682e-07,1.082150713995017257e-06
5.216197829599790583e-07,9.012877699730741492e-07
4.157985742628910413e-07,7.319613728963466744e-07
3.241942954808408668e-07,5.811626183133925205e-07
2.428314903497761309e-07,4.433365246071576520e-07
1.764506032377142235e-07,3.255791516540163452e-07
1.205375515235121306e-07,2.216902809145317903e-07
8.000809283711977693e-08,1.392760776419001995e-07
-4.761252414304913243e-08,1.489213255433508519e-08
-1.380613746624625239e-07,2.674002415399054110e-08
-2.572367236728492675e-07,2.130157963905487876e-08
-4.218688734573559624e-07,-2.128540444352759285e-09
-6.134928782234791948e-07,-3.886304199404120475e-08
-8.406614186956104227e-07,-9.036274057394956120e-08
-1.088051186261124131e-06,-1.527862923747246788e-07
-1.361272586159040465e-06,-2.266958704809845741e-07
-1.648245934009593204e-06,-3.092714897359890098e-07
-1.951681245537619786e-06,-4.001745728461742983e-07
-2.262632381535797666e-06,-4.975601235266227099e-07
-2.581022588893992167e-06,-6.002269709576432631e-07
-2.900927727407440143e-06,-7.072696736019198083e-07
-3.219595005779412233e-06,-8.166578660554338560e-07
-3.534032457789816574e-06,-9.283899273897339049e-07
-3.838879134948724874e-06,-1.039691825965799954e-06
-4.133534180761079649e-06,-1.151351265840413417e-06
-4.411943151115539100e-06,-1.259194880135149621e-06
-4.760592236856955090e-06,-1.150312670284335652e-06
-4.817188123105404382e-06,-9.483229466316531188e-07
-4.855480236196450890e-06,-7.633499505868541715e-07
-4.877821035762777185e-06,-5.905223744943646971e-07
-4.886223991864029729e-06,-4.250786899107448078e-07
-4.881760011044148516e-06,-2.625764107169664985e-07
-4.864883099924153175e-06,-9.897071963269722199e-08
-4.835430223365463750e-06,6.918996264251320979e-08
-4.792833954477471851e-06,2.446384736194356892e-07
-4.736078499610138475e-06,4.293373633919542475e-07
-4.664244341553307305e-06,6.243781075613654729e-07
-4.576022868630972045e-06,8.300470866396474275e-07
-4.470801297138145546e-06,1.045798376630484573e-06
-4.347849092061534297e-06,1.269768033023811875e-06
-4.199893367986637094e-06,1.504212799259756718e-06
-4.034050925020197304e-06,1.743063248478955808e-06
-3.845512847543777768e-06,1.989858905209469663e-06
-3.639948631862753869e-06,2.236759648671448595e-06
-3.415935581124104288e-06,2.483125409131861586e-06
-3.179555978270998232e-06,2.723090808895168486e-06
-2.933304001442092273e-06,2.952922273811784877e-06
-2.509475444464365206e-06,2.924337619621219772e-06
-2.328032279269739208e-06,2.672120757794751554e-06
-2.141465587778581625e-06,2.418721722671028866e-06
-1.952906115511087634e-06,2.168024228004971281e-06
-1.765403885158342093e-06,1.922572093459202301e-06
-1.578902822738162006e-06,1.683445294674014429e-06
-1.397747510622230985e-06,1.455054023249364202e-06
-1.220520703937168300e-06,1.236339766827815851e-06
-1.052405138365650019e-06,1.033055918784484517e-06
-8.907488068227969147e-07,8.422668643342936663e-07
-7.414079076225224152e-07,6.708334510824545320e-07
-6.006761963137331367e-07,5.141882793310501529e-07
-4.749045540858975052e-07,3.800522542933004995e-07
-3.595085214038451951e-07,2.624643831849774372e-07
-2.611417954149052927e-07,1.697845799968086377e-07
-1.746117609649014250e-07,9.506159382735285186e-08
-1.065194259837592939e-07,4.615297629861654420e-08
-3.679959673344931202e-08,-5.632881220781891220e-08
-9.341148855882913845e-08,-1.987828073852234660e-07
-1.323007647075255146e-07,-3.623676223914068158e-07
-1.667431112127578468e-07,-5.753861572173688790e-07
-1.953780488397099831e-07,-8.179325757010307677e-07
-2.199480716553693476e-07,-1.096688657966836077e-06
-2.392069950309824941e-07,-1.395621077579231770e-06
-2.547725154739005496e-07,-1.717811901027505663e-06
-2.655083325889726975e-07,-2.051779123800668655e-06
-2.729024275237705831e-07,-2.397242169862408790e-06
-2.759508268099622968e-07,-2.746876336259829514e-06
-2.760100013676317262e-07,-3.097422297577114542e-06
-2.722074129903596131e-07,-3.445336631695158108e-06
-2.657677229175433301e-07,-3.784757339822733795e-06
-2.559487988774967978e-07,-4.115542376684662881e-06
-2.438542317627289212e-07,-4.429608514668881676e-06
-2.288823570379091670e-07,-4.729921849543726730e-06
-2.117935633890145454e-07,-5.006177285789974376e-06
-4.318172307618514712e-07,-5.253543389667250551e-06
-6.671948957226431441e-07,-5.228594255441357766e-06
-8.970383281402699934e-07,-5.190523893499912771e-06
-1.122342549142975679e-06,-5.139383686338391129e-06
-1.343905154664786416e-06,-5.075103602781397270e-06
-1.562460556409865408e-06,-4.997474050346605567e-06
-1.778587292654960885e-06,-4.906226051347890284e-06
-1.992669868740725190e-06,-4.800936062770277161e-06
-2.204845095903052578e-06,-4.681353401409567988e-06
-2.414684196135013870e-06,-4.547194511161839569e-06
-2.623536870870159568e-06,-4.394700007268059839e-06
-2.829087696322470939e-06,-4.226821060506372046e-06
-3.034014255787285173e-06,-4.040459348318907085e-06
-3.234310762904824278e-06,-3.838469243980442430e-06
-3.431299373645682022e-06,-3.618708083534949128e-06
-3.620796387386337914e-06,-3.385107720711955382e-06
-3.803592379720495418e-06,-3.137714443042738345e-06
-3.975502925353197293e-06,-2.879488672558257934e-06
-4.135310375069150155e-06,-2.612674793040800231e-06
-4.281789215100724684e-06,-2.340421592172728699e-06
-4.413996487079920173e-06,-2.066575723118245763e-06
-4.263300673032701949e-06,-1.723068877409188421e-06
-3.977797769547667903e-06,-1.641801583647867360e-06
-3.675467895141561979e-06,-1.551324826955673744e-06
-3.365864226371697402e-06,-1.454877567656862275e-06
-3.048277073866255777e-06,-1.353105747430906626e-06
-2.728658098630194696e-06,-1.246798530554713865e-06
-2.409461993027797987e-06,-1.137730705675554966e-06
-2.094105897086501223e-06,-1.025886374647752471e-06
-1.787915378025500933e-06,-9.140095764794792660e-07
-1.491657130287641982e-06,-8.011780887607085150e-07
-1.213654785229686230e-06,-6.911531371199444072e-07
-9.519129748975513624e-07,-5.820726750630759885e-07
-7.178637158025452154e-07,-4.787500097801440277e-07
-5.066424447420237985e-07,-3.783469919915035619e-07
-3.328943548677392797e-07,-2.867740013745854726e-07
-1.886961870906975098e-07,-2.001711762399326200e-07
-9.227950527023439462e-08,-1.253646449228973906e-07
-5.762511332190278265e-08,7.676213055071082327e-08
1.859211433962857973e-07,-4.412913443552816910e-08
2.456405796208675838e-08,-1.934029426070700513e-07
-1.102366742092026905e-07,-4.799812918565632973e-08
1.354295264492230668e-07,9.622955709034075212e-08
-1.669438035398934497e-08,2.308937003148414978e-08
8.602102696947497586e-08,2.789924786387042356e-08
-3.347243534586839417e-08,-1.629376188195353166e-08
1.158310992988481546e-07,-1.244713982361717491e-08
-3.180516348766990334e-06,-4.196464508037817453e-06
2.978777059271556719e-06,-4.251818435359880324e-06
3.561446916977908691e-06,2.581246432099918796e-06
-3.612578095198786978e-06,2.642366808879458405e-06
-4.030417417582892878e-06,2.140655364396896740e-06
3.956100820012362577e-06,2.105553355485828557e-06
2.282327414652513385e-06,2.994292960932595290e-06
-2.301038667260008885e-06,3.076019494510355194e-06
3.393344156093634686e-06,-3.827719930688391177e-06
-3.584772449335977181e-06,-3.785479085736848204e-06
2.149036796523708775e-06,3.730212071229445281e-06
-2.179376085192460507e-06,3.805390236277466573e-06
-4.339452538296600562e-06,-1.493436779610554980e-06
1.269752739296306750e-08,-5.008952841679552675e-06
4.200027681297544418e-06,-1.426927573535302393e-06
1.921262861987513350e-06,2.504346886308315263e-06
-1.755363439335878737e-07,2.267598464152925753e-07
3.627726793255686325e-06,-1.231191178597921550e-06
4.284765167909317818e-07,-1.337100795758823413e-07
-3.758419993566400220e-06,-1.295840867429689713e-06
1.434533049456693203e-08,-4.431269724705532817e-06
2.612294768918778053e-07,2.620430264510004174e-07
2.322974565988188941e-08,-5.709432813151831760e-07
-3.733857771437983127e-07,-1.431492277393585258e-07
-1.927327359093159214e-06,2.572930953079912808e-06
2.176290385477796166e-08,-1.093542987382752132e-06
1.582143829531892100e-08,-3.785679576353986979e-06
1.568103063308092207e-06,2.024594544545718518e-06
3.024530222656667537e-06,-1.026307875458273945e-06
-3.550235817335818096e-07,4.622743073833502004e-07
4.375729246813089252e-07,4.969426903787478364e-07
8.019152218907172409e-07,-2.654475015047239298e-07
-3.134369419454056814e-06,-1.085035572121139752e-06
-7.762160496378679675e-07,-2.835769076272394967e-07
-1.556235687310285099e-06,2.072218671320261787e-06
1.234108691979693389e-06,1.571557553305813400e-06
-5.909591665679623103e-07,7.757340487486462507e-07
2.027700787566219014e-08,-1.715853575331625046e-06
-1.201559122013852177e-06,1.594463806823580022e-06
-2.494856383255785206e-06,-8.688633106178682387e-07
1.730688031558625388e-08,-3.097497781764616946e-06
1.276343186595340835e-06,-4.297016851574657683e-07
6.616961917712143955e-07,7.978929661977955528e-07
2.414588768105077880e-06,-8.188835994171221329e-07
-1.285337361034880079e-06,-4.582435628290787172e-07
-8.761551766537697834e-07,1.157284175905836940e-06
1.879195283853034289e-08,-2.396357339182264107e-06
9.292767896435360536e-07,1.158945240785569937e-06
-1.868558814540065332e-06,-6.566992345794583873e-07
1.823074274064777081e-06,-6.171610824634981853e-07
-2.760483658954103723e-06,-4.540425584281393056e-06
2.561998901479131733e-06,-4.596012172643798638e-06
3.101251414356745714e-06,3.033819610451567511e-06
-3.132005250733575452e-06,3.112992312614362473e-06
-4.367244660172244248e-06,1.641430461390402071e-06
4.272218582264634488e-06,1.635272552368108658e-06
9.303291702254619064e-08,-3.271898790090343787e-08
1.874917883552387898e-08,-6.407783095531910022e-08
-2.325474251602105025e-08,-3.202392639804996385e-08
2.627520805613971217e-06,3.417363081591242023e-06
-2.648275137299546461e-06,3.502236888790931507e-06
4.149153889146082623e-06,-2.782290896988950812e-06
3.981827224042661883e-06,-3.065528788253975576e-06
-4.145449806359388229e-06,-3.062557066635035020e-06
-4.303830040472882300e-06,-2.795366157064074554e-06
1.223348901250580341e-06,4.167404935533386721e-06
1.448247522748203657e-06,4.086659571877900700e-06
-1.539857565651519936e-06,4.127951779087719370e-06
-1.339958162142512598e-06,4.198474509372566891e-06
4.309053090402293052e-06,-2.496023136833857323e-06
-4.455380384863609951e-06,-2.524916827894707255e-06
1.005342720213528848e-06,4.239927006118909636e-06
-1.146381689663452861e-06,4.261609155252146734e-06
4.786598888644965862e-06,-1.172756274912795114e-06
4.730460659920326262e-06,-1.419686966781714089e-06
-4.862993797663043111e-06,-1.486916563180307218e-06
-4.918088077983505441e-06,-1.244618985270117385e-06
1.106772880032983643e-07,5.934704438325040446e-09
1.022320872423748083e-07,4.187443554059204355e-10
1.230436247850627851e-07,1.428428906433193582e-09
-2.755382649899915684e-08,8.978787849575629780e-09
-4.222663495384839507e-08,1.358348022211920288e-09
-1.488292302106541849e-08,1.312290933446309915e-09
-2.904637267396444752e-06,3.141115549569659151e-06
-3.155922007617451477e-06,2.918662168129014646e-06
3.124337337077337614e-06,2.845542804147206659e-06
2.880071558236972840e-06,3.060669664318998797e-06
4.832920962655669090e-06,-9.582979890284920798e-07
-4.963792079056444984e-06,-1.034377827775015169e-06
4.286451921884171039e-06,1.820485295549560373e-06
4.420451075303612127e-06,1.587912456327990161e-06
-4.525102141345333770e-06,1.591038648647692323e-06
-4.382110485976999739e-06,1.838204987707032609e-06
-2.126329966138440274e-06,-4.944979863526226411e-06
-1.910352546635248003e-06,-5.047367271112379797e-06
1.963029334248569007e-06,-4.982667575273237125e-06
1.766371642118859244e-06,-5.077247342806696668e-06
-1.695041894384170527e-06,-5.142386978295908500e-06
1.573236971948130348e-06,-5.163877039912165599e-06
4.566495215648361722e-06,-1.916889858771717394e-06
4.444633955496734223e-06,-2.204142045140740608e-06
-4.701289387832184386e-06,-1.973222203306601132e-06
-4.584424023160840652e-06,-2.247945995003056293e-06
2.736183399513194580e-06,-4.594448284088423284e-06
2.528561292315628200e-06,-4.744016229743010655e-06
-2.726292919261664455e-06,-4.692740783862480506e-06
-2.938358270996430639e-06,-4.538715716354020912e-06
-4.802391404591417583e-06,7.351555138774656257e-07
-4.724016883950273923e-06,9.483656811431149160e-07
4.607003221131652463e-06,9.825050309634586303e-07
4.680874675424887903e-06,7.807850953745497508e-07
-4.869765610574825278e-06,5.340409721816422601e-07
4.744658138453725108e-06,5.897158651573722610e-07
-2.363334783265458392e-06,3.827011679936896861e-06
-2.126995265429663184e-06,3.955577111619174688e-06
2.093079502642625573e-06,3.890881052589258555e-06
2.340782695535075486e-06,3.750712543160671364e-06
-3.564583160087197848e-06,-3.979918030255361137e-06
-3.765132258161506397e-06,-3.760992726950684527e-06
3.581272574393806958e-06,-3.802044217675100897e-06
3.372061028031542188e-06,-4.029712698102864360e-06
4.663781481000914989e-06,-1.635667289623747539e-06
-4.797079168296553029e-06,-1.699444092408527217e-06
1.027241064584801685e-07,-7.270734954327139055e-09
-1.767239423139323896e-08,-1.094452757408907159e-08
3.957953426603800113e-06,2.301294336322093689e-06
4.132930776173378009e-06,2.059712248289286647e-06
-4.218343000171322620e-06,2.092063090582021742e-06
-4.031976084995376963e-06,2.347726032226328446e-06
-3.825646157478796270e-06,2.601150280362794195e-06
-3.600758405340598825e-06,2.848869322356898015e-06
3.550699546451341922e-06,2.778619211022900256e-06
3.763569137291001574e-06,2.541910835069411584e-06
7.915477207878634128e-07,4.293857556768676753e-06
-9.553685865709749211e-07,4.308472541504745814e-06
5.836186507523832696e-07,4.339326662036917561e-06
-7.671947502614806077e-07,4.348279385765562370e-06
3.161301210060519300e-06,-4.238130435260970530e-06
2.948541422589839368e-06,-4.426474667864379758e-06
-3.150895716648238869e-06,-4.369389318051581388e-06
-3.360170997009095190e-06,-4.182991203803659752e-06
-1.476600416915271828e-06,-5.220474569407037240e-06
1.379515042464055492e-06,-5.234504826511396100e-06
4.860041606360610298e-06,-7.635331062402578243e-07
-4.990648252030797519e-06,-8.428380355355020785e-07
-3.207668735486674631e-06,-4.019620123445033506e-06
-3.002493784461763773e-06,-4.211155919340109447e-06
2.799819954871367812e-06,-4.267510468028296485e-06
3.005933422758912083e-06,-4.071304887922230766e-06
-1.256744432289117120e-06,-5.290378934682630013e-06
1.185722401743369224e-06,-5.297550525116685457e-06
4.878483192387410826e-06,-5.843888515835780346e-07
-5.009004198058321615e-06,-6.658081238737145627e-07
2.584106755468630723e-06,3.598057443769191263e-06
2.841239071243196673e-06,3.413482848573929248e-06
-2.864303926315005935e-06,3.498760429690889403e-06
-2.603830246890492284e-06,3.681196349080789790e-06
3.573982989175570893e-06,2.386595225551230500e-06
3.355593659122475119e-06,2.619559902700474120e-06
-3.396570745477052221e-06,2.682794614726465125e-06
-3.625908670643606326e-06,2.437844583044973875e-06
-3.837775508352828619e-06,2.188791099844809608e-06
-4.031092853712149356e-06,1.938117772262296257e-06
3.956541182852587614e-06,1.914485678467445698e-06
3.774476373956714588e-06,2.150878615960970796e-06
-4.919455326665667119e-06,3.432565876906295032e-07
4.791953941303847369e-06,4.074645622500516985e-07
3.210144959162961635e-06,-3.855652292069762839e-06
3.412211898051765025e-06,-3.620050878081233188e-06
-3.603160354516798564e-06,-3.586944089757730760e-06
-3.407761328543300607e-06,-3.811746005120236522e-06
2.204537097721422220e-06,3.563500768838358999e-06
1.964812676413184414e-06,3.713616734985602285e-06
-2.006805143791430017e-06,3.789707133219624044e-06
-2.230653431707814862e-06,3.646393653450706330e-06
-4.959294490155328289e-06,1.630225720697003288e-07
4.830146733133304924e-06,2.341111716454365210e-07
1.076119121631464695e-07,5.920297850748064152e-09
-2.739569780886587622e-08,1.023935740992383769e-08
4.469327599227238172e-06,-1.513487880600630502e-06
-4.607333954175568807e-06,-1.579665800803557626e-06
-2.794862903866864023e-06,-4.385604427390138354e-06
-2.585435778034409264e-06,-4.543083030560026236e-06
2.392902712601344778e-06,-4.599649345249846486e-06
2.595151830780592651e-06,-4.443474438425788768e-06
-5.750629879987863096e-07,-5.425701904987313161e-06
-3.376125310073902431e-07,-5.447382821646750288e-06
3.555929806190683564e-07,-5.444352267062592858e-06
5.768027728470503381e-07,-5.422597778845540221e-06
1.142832840097807585e-07,-5.459998214773626433e-06
-8.901908868569922981e-08,-5.460872602242983284e-06
3.805341408435066594e-07,4.369974638473496702e-06
-5.798503426536948355e-07,4.375161547187170151e-06
-4.204148292892952682e-06,1.692092261420381237e-06
-4.355447461334941340e-06,1.450909434334805309e-06
4.260882764437696536e-06,1.455995559655037046e-06
4.119062760514510357e-06,1.682875894250293604e-06
3.079584783610767173e-06,3.222796566972556365e-06
3.321324618305975843e-06,3.005948179082422929e-06
-3.360202105164153230e-06,3.084527129833646347e-06
-3.109030464579458392e-06,3.306525810292305402e-06
1.820229378229669127e-07,4.391826885895285068e-06
-3.922540783028168774e-07,4.394375735384527950e-06
-1.033524319666396133e-06,-5.345954381547470157e-06
9.887859637721833676e-07,-5.348015684158270662e-06
4.884967307535403510e-06,-4.161336674018694041e-07
-5.015536449705037258e-06,-4.984345075802364032e-07
-8.065175832924039977e-07,-5.391992481688709298e-06
7.866586535836890956e-07,-5.390498696398156972e-06
4.884138424777446656e-06,-2.538888239075855569e-07
-5.014746991465689740e-06,-3.357071390773828433e-07
3.846517086467163439e-09,3.251685990445565067e-08
2.966102310076117735e-08,3.966041746479471487e-08
-4.986527192593388921e-06,-8.488842484050407852e-09
-5.005061594860761622e-06,-1.738376350086350748e-07
4.856473081672119032e-06,6.780637001241268283e-08
4.874569516187872594e-06,-9.398527660136082097e-08
-1.222469862994081655e-08,4.402058719884405342e-06
-2.035561190151315633e-07,4.402825517812805758e-06
-1.988170413995577060e-08,6.638346492571622853e-08
-3.394872617239720517e-08,4.621769233292318154e-08
-7.612748119767584272e-09,3.922642332195834409e-08
-5.649445596233177245e-08,3.855529646151918107e-08
-3.321739699147171138e-08,1.862038915070119913e-08
1.358963128599961065e-07,4.747609391433415616e-08
1.073899262439112703e-07,5.778437120672811076e-08
1.104930428096334141e-07,1.934448749771369521e-08
8.706824611402526076e-08,8.349929346864860214e-08
6.547264684045542509e-08,4.943271207755587605e-08
-2.289903122634280274e-06,3.276379528407569751e-06
-2.101762636212484489e-06,3.027157431890016330e-06
2.088256366452131244e-06,2.946250638428067098e-06
2.270282800015577747e-06,3.191546701952591634e-06
-2.313980681099341196e-06,2.875343412824230985e-06
-2.494422341390282117e-06,3.124393836764692642e-06
1.280922817205767748e-08,-5.265650756084291559e-06
2.525563826826631179e-06,-9.987414206593952154e-07
2.223614801960843248e-06,-8.937814364898006346e-07
-5.975367536946659241e-07,6.394887003793045964e-07
-7.356581093569274885e-07,8.090132776588374649e-07
5.337642410704927967e-07,7.648825234902226452e-07
6.508525894953714989e-07,9.355922078697025011e-07
-3.335544627201171461e-06,-1.005838915520362827e-06
-3.017738628194426958e-06,-8.966594955308242765e-07
-3.592187230632663034e-07,3.562028678174776887e-07
-4.717970990485144353e-07,4.882348790097130743e-07
-6.349266039282987647e-07,-3.355721953026018336e-07
-8.620916324831636898e-07,-4.264891287391794639e-07
3.136252829270960156e-06,-1.206229736133432535e-06
2.830628101985063560e-06,-1.103157624782825411e-06
7.238896819918879822e-07,-1.443075228576847148e-07
9.418689879583512686e-07,-2.084624428195421417e-07
1.369724747335307601e-07,-9.510585235561292058e-07
1.468110853480605230e-07,-1.241050075385809657e-06
2.114501457219724509e-06,2.552018039358870269e-06
1.933905395770084248e-06,2.308749251676826818e-06
3.735811606276715335e-06,-1.404098530809774715e-06
3.438736925686593269e-06,-1.306777845455567059e-06
-1.111505185105553681e-07,-4.583508928557985940e-06
-1.175633320324686177e-07,-4.275710559655114200e-06
3.716935809832285707e-07,-4.820771221914786289e-08
5.328228113770315788e-07,-9.055000613352722220e-08
7.788457568118754946e-07,1.120496066875356490e-06
9.171760879147267133e-07,1.318690534807938078e-06
-8.848725290169141600e-07,9.951999640172217609e-07
-1.044208859858048553e-06,1.196834454869318557e-06
1.852388405055303963e-07,2.418445517419355263e-07
2.537258580259100954e-07,3.474222663940212887e-07
1.718338348060531631e-06,-4.503128463085148775e-07
2.006781816483227317e-06,-5.436348663783889148e-07
-1.279501358846683062e-07,-2.571290980096306534e-06
-1.249734690167999166e-07,-2.222800327162431002e-06
-1.677163473886083035e-06,-7.309795574525333137e-07
-1.980686668339349635e-06,-8.390415992148512351e-07
-9.430915093425165436e-08,-5.140345523420719366e-06
-1.036100462706745208e-07,-4.872483588728173590e-06
2.473199519054514981e-06,3.041936503848821041e-06
2.295263041841385296e-06,2.797344908757149354e-06
4.298214037958341314e-06,-1.583785722654611694e-06
4.024051610074059216e-06,-1.497470260130183635e-06
-4.513417581147085569e-06,-1.427781904063104499e-06
-4.237408490888321951e-06,-1.326025864648585517e-06
-3.948979639307184283e-06,-1.221576632631602210e-06
-3.646929786819215563e-06,-1.114467601107332395e-06
-2.726906740050275095e-07,-1.776142098452240640e-07
-4.373435814167038842e-07,-2.522610447565817256e-07
-1.914239020354505641e-06,2.776319129592148278e-06
-1.727178445170942057e-06,2.523314795055608597e-06
-1.771943099983427846e-07,1.541826665405481880e-07
-2.608086993847092452e-07,2.446033941607416375e-07
1.101307453973422788e-07,-4.600701480936290340e-07
1.247728594854199109e-07,-6.892232065486914358e-07
-1.226630129448997247e-07,-3.952613503539487596e-06
-1.263609181418182195e-07,-3.616777519547714497e-06
3.347997310062789863e-07,4.701021250103986396e-07
4.282871258939488108e-07,6.095049462597619167e-07
-1.212097641618987352e-06,1.411921998262493765e-06
-1.387377738101612587e-06,1.638987026854004504e-06
-2.293217967285292529e-06,-9.482017084217809385e-07
-2.611737730651122045e-06,-1.057507541799962875e-06
1.755252218286366219e-06,2.070110517702585688e-06
1.579746710093987118e-06,1.837638139923759053e-06
1.409109197170658288e-06,1.613521711000488498e-06
1.244404914103127251e-06,1.399105724541898314e-06
-1.463222634824265517e-06,-3.864552434888810896e-07
-1.184845126301353226e-06,-3.001116388262312653e-07
1.371615416854402495e-06,-5.866987468018813630e-07
1.116387211873827882e-06,-4.903435316112678175e-07
1.644654032635407921e-07,-2.921995195281486598e-06
1.624104992846868141e-07,-3.272062442695910732e-06
1.064856111700344730e-06,1.528650911963725701e-06
1.221128123677344611e-06,1.749212096742431959e-06
1.182408407693367621e-06,-2.815640370261925561e-07
1.442624986845551240e-06,-3.626466076499757169e-07
-2.697668099963632566e-06,-7.883336069341758791e-07
-2.378213366636062391e-06,-6.818253851965414482e-07
-1.113934627930615590e-06,-5.234598317172834073e-07
-1.387200466903825478e-06,-6.254554774829368352e-07
-1.542762047957446385e-06,2.271727064903910063e-06
-1.362487272600752689e-06,2.023744857047681792e-06
-1.200589051411719930e-07,-1.882098283770513649e-06
-1.131175999625273409e-07,-1.552972245603182121e-06
1.544141516341834812e-07,-1.552703462709142375e-06
1.598704268059186546e-07,-1.881829569582258847e-06
1.587469172038103434e-07,-3.616508288148754245e-06
1.535634036859365876e-07,-3.952345326926163331e-06
-1.188326122860847858e-06,1.782227865645786418e-06
-1.021510181985245286e-06,1.548994519467008687e-06
-1.285392749615318155e-07,-3.272331203280984754e-06
-1.291091207392637874e-07,-2.922263932559003191e-06
-4.162217656760513009e-06,-1.564843347026827274e-06
-4.438019160788234198e-06,-1.649369621978609411e-06
-1.568199659128088118e-06,1.875648487019215056e-06
-1.753210295665369128e-06,2.120165291249358483e-06
5.497848517479004577e-07,5.222312390258096031e-07
4.424540261492630749e-07,3.929035456841655311e-07
1.299722963948951071e-07,-4.872057638313148267e-06
1.193351307233320154e-07,-5.140910042631256374e-06
-1.940257033941034727e-06,2.369760134945093709e-06
-2.127876422033150974e-06,2.622539488871021316e-06
1.384723539025571714e-06,1.978462097500668290e-06
1.554696741494380364e-06,2.214976457736444337e-06
4.098422595396831890e-06,-1.260337877364555671e-06
4.374551065167310453e-06,-1.360584823774593681e-06
-1.681905773510536532e-07,3.103955936034779686e-07
-1.024178103447903827e-07,2.068883343069557271e-07
-7.902870772446346321e-08,-6.894712567230790415e-07
-6.290491548054285018e-08,-4.604026517425700692e-07
-4.862614993313623588e-07,-9.632387167230505005e-08
-3.120294170652753483e-07,-5.117620340947405999e-08
-3.564018531644085209e-06,-1.373910096906665631e-06
-3.869177066972778137e-06,-1.472003097582503880e-06
1.729499684193885670e-06,2.456471705718714090e-06
1.907948468479288547e-06,2.701192740217439283e-06
-8.637327631051941167e-07,1.326541663681851957e-06
-7.160387071265102134e-07,1.116429583124974703e-06
1.632999177651538223e-07,-2.222531572622826789e-06
1.647914982815470710e-07,-2.571022224677452475e-06
1.087059039945664960e-06,1.196186943609231036e-06
9.379456199950787896e-07,1.005845825394235888e-06
3.519145109203816405e-06,-1.054583462175146478e-06
3.813927385777141026e-06,-1.158332406191495954e-06
-2.063731324947531239e-06,-5.785888056414784867e-07
-1.757224713959593731e-06,-4.796285341843501465e-07
3.471274855051395805e-07,2.806028975799420036e-07
2.641041019987021269e-07,1.856394483957210042e-07
1.469827223705574963e-07,-4.275452646082480193e-06
1.390907589109824063e-07,-4.583215094384154349e-06
4.877012484334631620e-07,-2.352756513445889376e-07
3.355374500220707802e-07,-1.652889142001195518e-07
1.928635708590861794e-06,-7.894905580253491251e-07
1.643292778129865038e-06,-6.867063036993428224e-07
-1.040291109116626596e-07,-1.241319873406621836e-06
-9.270447097017383456e-08,-9.513256109223820795e-07
2.912671945136142609e-06,-8.455368867873299024e-07
3.217867026009166762e-06,-9.500318078265106968e-07
-9.267952736624423056e-07,-2.221648310379808252e-07
-6.923096649006315333e-07,-1.536955601727381758e-07
8.818111412459810572e-07,-3.989673561956331873e-07
6.707892824419387811e-07,-3.134842043875348601e-07
-2.931868484727607933e-06,-1.165576279213986715e-06
-3.250702682413711061e-06,-1.271492917152686641e-06
-3.456243906797699702e-07,5.784112435878216600e-07
-2.494039528392059780e-07,4.344786386344455639e-07
-5.798401396191630427e-07,9.207674565946760395e-07
-4.559918133528617045e-07,7.408539669612253303e-07
7.982094647720708093e-07,8.294926505307002106e-07
6.685345934303337685e-07,6.679465550713484366e-07
2.303948984756523560e-06,-6.412718283262016901e-07
2.607190477750556184e-06,-7.423338800973355702e-07
-7.733726675662975443e-08,-3.291478930954555551e-09
-6.417100664580603779e-08,-3.002163091410379893e-08
-6.124766633640182135e-08,-6.082596709125214741e-08
-3.319480543398787989e-08,-3.865558213612860845e-08
1.415606157217057531e-07,-5.558061022506117508e-08
1.437292387392483150e-07,-2.649612417042746034e-08
1.155392390451113534e-07,-3.356832473069086489e-08
1.552811451543269372e-07,-2.795064845568653622e-09
-2.320447907771943299e-08,-1.247309004251962606e-07
2.304987412308347340e-08,-1.189084895720161943e-07
-1.495510771094549226e-08,-6.676318334104953360e-08
7.318472537750310107e-08,-1.274465315422960716e-07
6.394311258986430952e-08,-7.128690266972488727e-08
5.220965956852187969e-08,1.863964463971188839e-08
-2.413170762910250447e-09,1.283611046897150272e-08
-1.268843896844906183e-08,-4.057088326367156817e-08
-3.367501815281800627e-08,-4.950957355643720904e-08
9.634734283070795446e-08,-5.343385660901090641e-08
6.204928606884663327e-08,-4.583171259790823304e-08
8.681975613018515981e-08,7.009775986222689128e-09
-1.108931196314572825e-08,8.581489744202738415e-09
1.244103452587558577e-08,-3.394012313818381782e-08
-5.457115684261072507e-09,-1.207446245775806125e-08
5.737821182750569166e-08,-1.808334111382887338e-08
1.048736018132371914e-07,-2.231471169720047411e-08
1.068045637850599526e-07,-4.406077949492995936e-08
-3.016847244316232498e-08,-4.598043902637819725e-08
-2.323531036169328796e-08,-2.754767086847886222e-08
-1.071257990948723104e-07,1.385297684871215963e-07
-1.090248794702950689e-07,8.585522722646115357e-08
-5.254101544048907027e-08,1.249319915179822106e-07
1.905498216164366793e-07,1.688699937615944582e-07
1.296533377075974089e-07,1.539066072190986576e-07
1.935947290336490228e-07,1.080237384939758018e-07
2.854383916298730029e-07,-8.195840848285607757e-08
2.449594881537832124e-07,-1.877843253365054941e-08
2.189034549324887420e-07,-1.050180625655155727e-07
-2.184896608453815809e-07,-8.794850305908426640e-08
-1.459623822329710682e-07,-1.132810143817215832e-07
-1.746847057293312283e-07,-1.998125588751705301e-08
2.401405704649384772e-08,-3.570912284451690555e-07
9.300847368266641891e-08,-2.707507194761414925e-07
-4.416942234051330523e-08,-2.710847335151985582e-07
-3.384400930423877240e-06,2.889749624142679376e-06
3.344248562233165589e-06,2.817811487655853586e-06
4.406477414604140841e-06,1.410909869161225760e-06
-4.510452131464500533e-06,1.402938769377838180e-06
-1.142524058526722210e-08,-1.391074241283847034e-08
9.042545476442253515e-08,-1.063641531480765143e-08
2.361180081392808989e-06,-4.745422228426462534e-06
-2.552308677915059574e-06,-4.693973053654856260e-06
-1.957495332491421311e-06,3.936578301352062138e-06
1.911125838538306939e-06,3.871886761651500348e-06
-3.784611377403340809e-06,-3.561637036332345669e-06
3.601773397944135036e-06,-3.593205826554067040e-06
4.131320977506992327e-06,1.870662599942375930e-06
-4.216919799587688984e-06,1.891550682315823705e-06
-2.882331839886058617e-06,3.332864921773680328e-06
-2.666056329937386861e-06,3.337961965766309061e-06
2.858648817103194012e-06,3.248867525660192060e-06
2.644811092141428742e-06,3.253625107666331369e-06
2.771519647095499016e-06,-4.440029958474338756e-06
-2.974116052846455090e-06,-4.382668121437744366e-06
-3.388659618355554469e-06,-4.004983532312889485e-06
3.190506274744164485e-06,-4.055892062635493880e-06
3.774911384080808488e-06,2.348532869691454334e-06
-3.837953185867422981e-06,2.397669391919230611e-06
-2.480055777699084847e-06,3.323397401407354254e-06
2.459150163816590851e-06,3.238358731880926227e-06
-2.114690572814284485e-06,2.825821195389957480e-06
-1.568271862018603257e-06,-5.546889958596427861e-07
1.541039173565557180e-06,-5.206511490719454755e-07
7.894207587743859299e-07,9.700336765042082255e-07
-7.268398756781813617e-07,9.572269022538454918e-07
1.804940859919798842e-08,-2.746482639840759084e-06
-2.177559625472497518e-06,-7.614702122951887355e-07
2.718731266065579865e-06,-9.223618469716273991e-07
1.076690281299419161e-06,1.358329392542934863e-06
-1.033626640472184035e-06,1.368638081232606556e-06
-4.650679066879903839e-07,6.080609374698582989e-07
5.427858051519264579e-07,6.379545200363145821e-07
1.953449835515781916e-08,-2.050368518118618739e-06
-5.565470481185800360e-07,-2.074737189154105868e-07
1.656437363831277782e-08,-3.445846531583672641e-06
-3.450774847111170939e-06,-1.191927320733691653e-06
3.328950586456786150e-06,-1.129735832336070829e-06
5.979916861585926766e-07,-1.940295810388740078e-07
-1.375433036077520432e-06,1.828537995002261386e-06
2.250572013619916559e-08,-8.141545406687585838e-07
-2.564203867114782279e-07,3.323056555785096895e-07
1.397446365171763359e-06,1.793003595040333425e-06
-1.740384325314408561e-06,2.320574223137989343e-06
3.920223183240981819e-06,-1.330643344430844066e-06
1.359368103021007036e-08,-4.731821881201669462e-06
2.101396698610305023e-06,2.749176402993192746e-06
-4.057313205619450056e-06,-1.396936197916975034e-06
1.742659879062720566e-06,2.261623415931767580e-06
1.507848687971095938e-08,-4.116845466479815881e-06
3.420506799855352720e-07,3.693369730668711089e-07
2.101948604509824158e-08,-1.393080112029046785e-06
1.026279454065655463e-06,-3.434358594391715189e-07
-2.814820497924791688e-06,-9.770522575753531237e-07
-1.017399004103255412e-06,-3.665999856473878232e-07
2.114168949108027972e-06,-7.165440816281161867e-07
2.400662369339828264e-06,3.582217667041654975e-06
-2.421221527401801571e-06,3.665306569985678567e-06
2.442358957014677164e-06,3.402595978799922097e-06
-2.462906104456596364e-06,3.488186639487935698e-06
2.159057113110846088e-06,-4.868120375220092123e-06
3.792455535309464192e-06,-3.333005571089822854e-06
4.511778937918038747e-06,1.191232900499843081e-06
1.675427163902277542e-06,3.983163994307821808e-06
-1.743258964504489549e-06,4.036413743082644577e-06
-4.622707760261141105e-06,1.169633977159492386e-06
-3.965965852473660001e-06,-3.315089555220750916e-06
-2.338038820936263313e-06,-4.822783635851498341e-06
