Size 899,2
0.000000000000000000e+00,0.000000000000000000e+00
0.000000000000000000e+00,0.000000000000000000e+00
3.999133599331618722e-08,-7.908906092699468230e-06
-3.367307765034173373e-07,7.330915434045837462e-06
3.300139925397059984e-07,-2.600928140861818820e-07
5.524706192608404530e-07,-1.148308678554974120e-07
6.767259515783678890e-07,-6.880578263804044602e-06
5.851022110267732208e-06,-2.484769093902041729e-06
6.083214074001137000e-07,7.253058027712283089e-08
6.120058813102828588e-07,3.787279228274167990e-08
6.274876787953580820e-06,-1.251743126208156833e-06
4.392269278474929690e-06,4.491757910071490346e-06
3.318608243427355566e-07,2.543351970324103201e-07
2.727025382184557546e-08,1.548713219734450813e-07
3.352611974955333643e-06,5.239507882012150672e-06
-3.337541189031911158e-06,5.614235351269208652e-06
-1.386717217690634648e-07,1.179304477451180536e-08
-1.151344260365881447e-07,8.034837415380525437e-08
-4.421484930967041535e-06,4.804144940794771283e-06
-6.780469177891662292e-06,-1.518537058709290897e-06
-4.737503527054612204e-08,-1.411422678583902793e-07
-9.935523918930958603e-08,-2.013623065427619821e-07
-6.342019653910292378e-06,-2.822038847817586942e-06
-5.919375040535975884e-07,-6.868197305529634895e-06
2.262199654924174709e-07,0.000000000000000000e+00
3.601019981255831662e-07,0.000000000000000000e+00
4.377449313612194183e-07,0.000000000000000000e+00
4.806688881100709968e-07,0.000000000000000000e+00
4.966045372321940517e-07,0.000000000000000000e+00
5.227006784334590652e-07,0.000000000000000000e+00
5.510718771947226606e-07,0.000000000000000000e+00
5.540202268107080516e-07,0.000000000000000000e+00
5.357224461534980543e-07,0.000000000000000000e+00
4.917754830756234190e-07,0.000000000000000000e+00
3.880841789048493317e-07,0.000000000000000000e+00
2.614051950898615630e-07,0.000000000000000000e+00
1.398165383337001229e-07,0.000000000000000000e+00
0.000000000000000000e+00,0.000000000000000000e+00
0.000000000000000000e+00,0.000000000000000000e+00
0.000000000000000000e+00,0.000000000000000000e+00
0.000000000000000000e+00,0.000000000000000000e+00
0.000000000000000000e+00,0.000000000000000000e+00
0.000000000000000000e+00,0.000000000000000000e+00
0.000000000000000000e+00,0.000000000000000000e+00
0.000000000000000000e+00,0.000000000000000000e+00
0.000000000000000000e+00,0.000000000000000000e+00
0.000000000000000000e+00,0.000000000000000000e+00
0.000000000000000000e+00,0.000000000000000000e+00
0.000000000000000000e+00,0.000000000000000000e+00
0.000000000000000000e+00,0.000000000000000000e+00
5.373650872795398440e-07,-7.864267918805123572e-06
9.932609719095385426e-07,-7.778892402109974881e-06
1.376597710772064426e-06,-7.686760869795605415e-06
1.722914859880074284e-06,-7.587711809219719670e-06
2.037870972942440358e-06,-7.484169991425346430e-06
2.326570453212900206e-06,-7.377170824600556849e-06
2.595524940626302742e-06,-7.266855681206800023e-06
2.849220588978015060e-06,-7.152692185123120539e-06
3.092675531668405469e-06,-7.033452679663029918e-06
3.329757881597846305e-06,-6.907510261442627434e-06
3.564392371546292716e-06,-6.772848839260334311e-06
3.799821376352538140e-06,-6.628473584379723215e-06
4.039834058926180911e-06,-6.469697486623780112e-06
4.285325271553926676e-06,-6.293233993061288880e-06
4.537731856415016629e-06,-6.095357440670582325e-06
4.796214901913263806e-06,-5.872965360640790645e-06
5.060293640696808557e-06,-5.622918456902331511e-06
5.327471721314231900e-06,-5.343153488986899883e-06
5.595528870688480187e-06,-5.031525095556458399e-06
5.860848036954594317e-06,-4.687647859636036074e-06
6.119729101508879225e-06,-4.310988635808419531e-06
6.367943644561579431e-06,-3.903579686964328790e-06
6.602606257250962563e-06,-3.465228612178688279e-06
6.817472159556320086e-06,-2.999673857049100152e-06
7.005308217885632375e-06,-2.505863596826783872e-06
7.150091075642676374e-06,-2.000187825837290921e-06
7.251812575835012862e-06,-1.507209047861260605e-06
7.311777724453727710e-06,-1.048145293990028464e-06
7.345910897851194715e-06,-6.340285663002637100e-07
7.359791826495463480e-06,-2.529361466668715634e-07
7.357043290963194354e-06,9.989016805612112454e-08
7.340449307206124921e-06,4.267665174566686226e-07
7.312396441613290579e-06,7.318832365367410607e-07
7.274620085581975690e-06,1.017985195185718762e-06
7.228338279286632929e-06,1.289097800300990335e-06
7.174240710626205038e-06,1.548140164396055511e-06
7.112467673050754245e-06,1.798712935886654869e-06
7.042739764489413271e-06,2.043642434046747950e-06
6.964269117018859252e-06,2.285883987235886859e-06
6.875939485833982365e-06,2.527943476463042128e-06
6.776226241367016225e-06,2.771960644504448626e-06
6.663351245983249904e-06,3.019944318204473034e-06
6.535278295275788490e-06,3.273104523054360083e-06
6.389764005838467730e-06,3.532909122675534120e-06
6.224283442876447575e-06,3.800289058449481179e-06
6.034893619785710576e-06,4.078638204302736665e-06
5.826078616366532693e-06,4.372301517602353021e-06
5.583941134726771576e-06,4.680165875907432833e-06
5.299706136633454092e-06,5.005782677233640643e-06
4.970847481112117185e-06,5.339991501404498989e-06
4.586979913702036748e-06,5.672459079191271693e-06
4.166269108386593027e-06,5.974821572520138224e-06
3.731872640671031855e-06,6.241179092147222401e-06
3.298588090389875136e-06,6.471273954861765762e-06
2.874161720616702661e-06,6.669119060395390238e-06
2.458850443602487114e-06,6.836674731350338799e-06
2.054671240476753195e-06,6.975556661241160431e-06
1.664756925282312536e-06,7.087500213951858504e-06
1.290179500631257143e-06,7.174855032671662449e-06
9.326891607617631391e-07,7.240018578571562142e-06
5.919072055332001299e-07,7.285673694269672470e-06
2.679447167623234159e-07,7.314401703134430634e-06
-4.106287691894995076e-08,7.328724922766832701e-06
-6.220339162837332035e-07,7.322043840019571700e-06
-8.996643200823250359e-07,7.302744176745236241e-06
-1.173118634286411784e-06,7.273831898931554991e-06
-1.446189991422287245e-06,7.235495977104904743e-06
-1.723005442497968027e-06,7.187122412336575066e-06
-2.008285209797591982e-06,7.127312710321795524e-06
-2.306215353350936912e-06,7.053832297303052157e-06
-2.621924035000842256e-06,6.963510601214075857e-06
-2.959061192765233716e-06,6.852484656480303537e-06
-3.323457751237959696e-06,6.715667504468782543e-06
-3.727898596492524154e-06,6.544368229433908110e-06
-4.166898704301572774e-06,6.322052869249205590e-06
-4.622214380718049783e-06,6.046685716421568636e-06
-5.054240767527451654e-06,5.716689465055828839e-06
-5.441271966823508358e-06,5.366067508921959411e-06
-5.786568201618144269e-06,5.008812695167241790e-06
-6.089634387491082189e-06,4.656486582790907741e-06
-6.354619171245833828e-06,4.310025346528522791e-06
-6.595223702426926398e-06,3.974555739523513462e-06
-6.805268303630310874e-06,3.648311695951209997e-06
-6.988157350042569273e-06,3.330152623189872689e-06
-7.146250412490860453e-06,3.021302827463216875e-06
-7.282140425517833292e-06,2.721615014969982274e-06
-7.398413891351211901e-06,2.431372324914746990e-06
-7.497717906519263981e-06,2.149114604676709369e-06
-7.582528110354515836e-06,1.873418811671468724e-06
-7.655028432730288289e-06,1.601579727423171401e-06
-7.717046128465544994e-06,1.330590272102770388e-06
-7.769839927573284833e-06,1.056800256891010755e-06
-7.814128416316993634e-06,7.759052860653332034e-07
-7.849892574693925353e-06,4.837430481541096059e-07
-7.876399249695451970e-06,1.751347096185833864e-07
-7.892147050813579803e-06,-1.540655322432934531e-07
-7.894769185336691911e-06,-5.093927414054173656e-07
-7.881274649228481294e-06,-8.944466345706805449e-07
-7.847635117698101111e-06,-1.315527652281142604e-06
-7.787117439038318710e-06,-1.789601014377452979e-06
-7.678740062436029389e-06,-2.302385314050444260e-06
-7.515816841261752344e-06,-2.823544105180597541e-06
-7.305162758692416996e-06,-3.312621957009487382e-06
-7.077130678497609068e-06,-3.741583115210334951e-06
-6.844912713988552831e-06,-4.127464104268163954e-06
-6.614909521506472440e-06,-4.472393254328586142e-06
-6.385689457294903722e-06,-4.784490704776572349e-06
-6.158592550780800130e-06,-5.066218981741108951e-06
-5.933764723568733374e-06,-5.322344502174226760e-06
-5.710907892598788839e-06,-5.556726416871364595e-06
-5.488351101474781671e-06,-5.773700525356997689e-06
-5.264326800304409622e-06,-5.976904568941547377e-06
-5.036028462093247161e-06,-6.169653651180886522e-06
-4.800418005215266446e-06,-6.354704792615371056e-06
-4.554341265910269714e-06,-6.533989087291580447e-06
-4.293490420063214951e-06,-6.709748492393100832e-06
-4.014104820599096603e-06,-6.882969767282372958e-06
-3.714062403521162254e-06,-7.044831159576193244e-06
-3.392162418577892191e-06,-7.199427185238022068e-06
-3.048391321061218535e-06,-7.345100895835862864e-06
-2.680981115203168936e-06,-7.480175926071057695e-06
-2.289474797907163614e-06,-7.602602401789459679e-06
-1.872765595989356627e-06,-7.709875914134005009e-06
-1.431707162824500523e-06,-7.799291569908036506e-06
-9.671208635054959231e-07,-7.867713349460919866e-06
-4.676099154767898158e-07,-7.911548088013258957e-06
3.973727184965687543e-07,-2.292884552966434229e-07
4.710140563525462064e-07,-1.808902902707655367e-07
5.210483037241384809e-07,-1.299910406927215192e-07
5.477668320618665818e-07,-9.221284950187322984e-08
5.601955092316887778e-07,-7.852859891304967494e-08
6.704784804550776071e-07,-2.986529690964895606e-07
8.795528801398009642e-07,-4.905736975700904384e-07
1.176250865739741642e-06,-6.946070485436053467e-07
1.548882114084873365e-06,-9.075801763458654507e-07
1.985630576516309831e-06,-1.125790220441331458e-06
2.474733121027355324e-06,-1.345489965974999712e-06
3.004480297533464937e-06,-1.562937229374881269e-06
3.563211175205381372e-06,-1.774408588217852141e-06
4.139381356108606824e-06,-1.976217030561179203e-06
4.721755145863853825e-06,-2.164576321784861966e-06
5.295623169999142531e-06,-2.333629417878947741e-06
5.681273549651518903e-06,-2.922751673292204473e-06
5.495433441319215811e-06,-3.349864181836458039e-06
5.300084470692961120e-06,-3.754175824859062042e-06
5.097371165047597330e-06,-4.131812310012385269e-06
4.889007968809727296e-06,-4.482082082297310099e-06
4.678166455265657828e-06,-4.803113297090995131e-06
4.465917298115762884e-06,-5.095740005007257735e-06
4.254484184394520737e-06,-5.359499285306375148e-06
4.044013946776559098e-06,-5.596487541152062877e-06
3.835363998736764297e-06,-5.807250026410801721e-06
3.627362452170241286e-06,-5.994316066495936078e-06
3.419215093252715908e-06,-6.159193220860055032e-06
3.208803438152729428e-06,-6.303661851630824497e-06
2.992752433910227633e-06,-6.429241491651747013e-06
2.769096952339219591e-06,-6.539418201172305852e-06
2.534420820663071753e-06,-6.635158425832003911e-06
2.284973340904144565e-06,-6.716638664374604405e-06
2.017183472201371187e-06,-6.783582386474756884e-06
1.725756430025716962e-06,-6.835137350371358052e-06
1.406854798012324715e-06,-6.869747867776759442e-06
1.053343952298441812e-06,-6.884838582326801522e-06
7.462049767724694802e-07,-6.285580079550766083e-06
7.937381339788877764e-07,-5.665279631114093759e-06
8.245330735352804749e-07,-5.017705159607888460e-06
8.387825207731784836e-07,-4.355605484728727273e-06
8.362233859587733782e-07,-3.692849937262026062e-06
8.166863957017646147e-07,-3.043672499759613697e-06
7.799891856526555022e-07,-2.422394244264080062e-06
7.259550447230604560e-07,-1.843491751501638797e-06
6.544168910151307657e-07,-1.321406036082232333e-06
5.647681563563687593e-07,-8.705512710392672048e-07
4.549161848937736822e-07,-5.115958979062339271e-07
5.767072250798833325e-07,2.507971645114062915e-08
5.763217839581515179e-07,8.518918309617508690e-09
5.796117830114208589e-07,5.445084818783399655e-09
5.866807737118300327e-07,9.881749687704717923e-09
5.959683548116968175e-07,2.417490020023095978e-08
8.346787262561154907e-07,1.508505266918840198e-07
1.083096648587313767e-06,3.352926023217958062e-07
1.363383920447090514e-06,5.856989731576743796e-07
1.671200143845579199e-06,8.945212581138876060e-07
2.000661533576826339e-06,1.253884316638336140e-06
2.345619031932639326e-06,1.655555657666898320e-06
2.699863592829039258e-06,2.091236285860556464e-06
3.057109152165030477e-06,2.552533176335205011e-06
3.410957204576348971e-06,3.030914539786717823e-06
3.755094716734328171e-06,3.517853733075726446e-06
4.082665484162118340e-06,4.004634034841942447e-06
4.728423554813775058e-06,4.252868104253520239e-06
5.033091880128352930e-06,4.008893535758728715e-06
5.301510709286850852e-06,3.770926031317513537e-06
5.538275958857494877e-06,3.537201755184888131e-06
5.734954587494683178e-06,3.309213903598317969e-06
5.909329888911272250e-06,3.082356099867882675e-06
6.062157540250482769e-06,2.858438022941816453e-06
6.195217801464510414e-06,2.636267129891676397e-06
6.309896672903736013e-06,2.415425808838376070e-06
6.407615459317148331e-06,2.194176050672653258e-06
6.489390177798749862e-06,1.971184883699198359e-06
6.556021292776054280e-06,1.744392289852879232e-06
6.607926332634712380e-06,1.511624672939967694e-06
6.645140355601334182e-06,1.270683461300081752e-06
6.667288898426014222e-06,1.018690612608154325e-06
6.673544371834110455e-06,7.535375807484217083e-07
6.662583827126668113e-06,4.718321884892484602e-07
6.632676631640715705e-06,1.718146169755047541e-07
6.581449159469611499e-06,-1.501854821870747894e-07
6.506309861767903927e-06,-4.952754378696103887e-07
6.404023106132467242e-06,-8.664509523246803733e-07
5.718728367922479094e-06,-1.027336132742523148e-06
5.153128723939266319e-06,-8.184086200564782555e-07
4.574726106137290540e-06,-6.197467787672352830e-07
3.993103129021053596e-06,-4.349741442428509972e-07
3.419786125260051209e-06,-2.680890939007810052e-07
2.866459449516579738e-06,-1.229316550714418271e-07
2.344745725672518676e-06,-3.334308007176564422e-09
1.866313126597777195e-06,8.684896517865496279e-08
1.442875702003526556e-06,1.437380508520853490e-07
1.086157484544564058e-06,1.633759311161159693e-07
8.076546831283626052e-07,1.413552356970047673e-07
2.560911243308053425e-07,2.469491705198319328e-07
1.573948959956867039e-07,2.385439496417983419e-07
6.988423684360251817e-08,2.095818772708751617e-07
9.511988363599797054e-09,1.706004705103042006e-07
-9.682770631715329158e-10,1.377787496379940255e-07
3.693813194867050353e-08,3.813673976732361997e-07
-3.434018276674307161e-08,6.860043438730494119e-07
-1.803525907882740024e-07,1.061492969600467514e-06
-3.899777705589574249e-07,1.494670748010921474e-06
-6.546612764395361796e-07,1.973938177600269125e-06
-9.658973891432409922e-07,2.487342830336247549e-06
-1.315070515162005214e-06,3.022766817679961101e-06
-1.693493520889037486e-06,3.567989019431875899e-06
-2.092349926606370043e-06,4.110583853323768874e-06
-2.502713159653467039e-06,4.638292183530420755e-06
-2.916170597970990384e-06,5.139319500066176227e-06
-3.026132823995466448e-06,5.853717685115437094e-06
-2.715765064858323274e-06,6.060741625605429463e-06
-2.422516832612382546e-06,6.231520412195032198e-06
-2.143145697058734037e-06,6.370521232420558820e-06
-1.875896246003373782e-06,6.481425026911151058e-06
-1.616489784401314154e-06,6.567851756387806573e-06
-1.362295732578819163e-06,6.632379550297111157e-06
-1.109516841563696959e-06,6.677140414197317437e-06
-8.552188155638621506e-07,6.703504841232845490e-06
-5.965300697971834114e-07,6.712295811202975601e-06
-3.307793074334399167e-07,6.703788065695076394e-06
-5.620586388433834936e-08,6.677705702637964217e-06
2.298124877951131229e-07,6.633358851439991062e-06
5.281981845409042900e-07,6.569864955420038149e-06
8.407399546809718616e-07,6.486013467133662718e-06
1.166836001150830347e-06,6.380636704651906732e-06
1.507117569160823851e-06,6.252313445974361279e-06
1.859637860708597761e-06,6.100026777654522771e-06
2.223855031575986253e-06,5.922590414294401557e-06
2.596751857980679098e-06,5.719562850916532814e-06
2.976326260556967106e-06,5.490661851447428641e-06
2.996366606859635957e-06,4.794961654327643211e-06
2.639612824459363792e-06,4.331748523752428164e-06
2.286771384370000746e-06,3.850913356030351316e-06
1.945115135512452575e-06,3.363543325757187738e-06
1.620702818506259792e-06,2.878332290558013092e-06
1.319641869462276893e-06,2.403951336372026034e-06
1.047975133578161256e-06,1.948972228648388842e-06
8.116668437072112046e-07,1.521864811441230399e-06
6.166106344876673451e-07,1.130979259418116101e-06
4.687825191771537896e-07,7.846416223646329380e-07
3.752711898989712306e-07,4.927650033044942261e-07
-9.075941773558755467e-08,3.536155770293968961e-08
-7.624044500847293609e-08,3.244110357494449979e-08
-7.281304783713375593e-08,2.440994249249812175e-08
-7.456065884673324839e-08,1.757031639877107706e-08
-7.733798656253742658e-08,2.839113937708098981e-08
-3.637482738179619759e-07,1.695516521256359932e-07
-7.090782758897026390e-07,2.003272603601516143e-07
-1.150011548540628694e-06,1.780668132875543305e-07
-1.670537188625929971e-06,1.084991089842235839e-07
-2.254393336162532848e-06,-2.947007796166227409e-09
-2.885403647358987953e-06,-1.509374891532656857e-07
-3.547444351540278021e-06,-3.301708190870017228e-07
-4.224437853300090791e-06,-5.353655820747708509e-07
-4.900267446409200960e-06,-7.612419369732620199e-07
-5.559015442425417593e-06,-1.002450539333862671e-06
-6.185103287042605799e-06,-1.253846109790413706e-06
-6.915988994650654323e-06,-1.130468770234947268e-06
-7.023921926864922195e-06,-7.542776820799765968e-07
-7.102601996865707927e-06,-4.059670252696268226e-07
-7.155321921619973191e-06,-8.172441457203530080e-08
-7.184713092983456562e-06,2.206259570595636837e-07
-7.193090883469886305e-06,5.058120514975168482e-07
-7.181998602107357006e-06,7.767929815445086419e-07
-7.152458268225969274e-06,1.037783892343814329e-06
-7.104883381008480606e-06,1.292005099953029429e-06
-7.039195740327207649e-06,1.542740023097637792e-06
-6.954829812520033370e-06,1.792998388342843048e-06
-6.850936210228859598e-06,2.044823084783040647e-06
-6.726261153901693982e-06,2.300611496237807285e-06
-6.579602041574929291e-06,2.561000427056359968e-06
-6.409415852455225473e-06,2.827485787506826226e-06
-6.214618861245957499e-06,3.099297554137199366e-06
-5.993924178584614248e-06,3.376784302338023772e-06
-5.747587958077307402e-06,3.656619659466872824e-06
-5.458766582842865809e-06,3.941993545691590859e-06
-5.140154731006340613e-06,4.230636968664712543e-06
-4.790670448581876999e-06,4.522112599466016289e-06
-4.097531355787396398e-06,4.284156722982261674e-06
-3.742781497643017953e-06,3.746147143455718579e-06
-3.357408193794971551e-06,3.199664704979683299e-06
-2.954213625432401216e-06,2.660093639060934343e-06
-2.542242215143505930e-06,2.139321145605158817e-06
-2.130474012643107582e-06,1.649443698137522945e-06
-1.727838621004706134e-06,1.202501976461614000e-06
-1.343192497357733887e-06,8.104400352928078195e-07
-9.853550784077362660e-07,4.851855813896969129e-07
-6.631768576651422243e-07,2.385292418684772857e-07
-3.838875035586751651e-07,8.015165423392571526e-08
-6.477225762115677402e-08,-8.675767075689628929e-08
-6.525782266719935966e-08,-8.495370827396783755e-08
-6.111940459951451727e-08,-9.826634477667081210e-08
-5.756886857172787855e-08,-1.261350878485787117e-07
-6.086080494968223165e-08,-1.559914948732380314e-07
-2.485870096213879037e-07,-5.085620734741534249e-07
-3.651468411765765509e-07,-8.777237302180434117e-07
-4.650105707883363790e-07,-1.327198719980183864e-06
-5.474132894691317083e-07,-1.848953850586010943e-06
-6.122348653401826088e-07,-2.427886833456533888e-06
-6.596993705919235135e-07,-3.049175278517644559e-06
-6.900053162122480056e-07,-3.698348643053710545e-06
-7.033418221280277482e-07,-4.361098003824474882e-06
-6.998910696869203895e-07,-5.023298701671338080e-06
-6.797191843283742976e-07,-5.671075433070852546e-06
-6.423845661752949560e-07,-6.287425981857573689e-06
-1.029404174168293529e-06,-6.852862450519999470e-06
-1.459982134821540630e-06,-6.819998186472273293e-06
-1.868964548237407409e-06,-6.768781751337484897e-06
-2.256158825054427082e-06,-6.700695376177164798e-06
-2.620362879634839396e-06,-6.617101106109701059e-06
-2.962687294272689016e-06,-6.519204364526029839e-06
-3.283196255177239777e-06,-6.407979316226545134e-06
-3.584486142627794211e-06,-6.283808562929359695e-06
-3.863749317872844605e-06,-6.155950684135078306e-06
-4.123810403580740988e-06,-6.015371932826881476e-06
-4.365779216510350668e-06,-5.863287074499464580e-06
-4.591607523958358998e-06,-5.698384573328006933e-06
-4.804058225622458955e-06,-5.518869943457916735e-06
-5.005403138340431563e-06,-5.322501040954125687e-06
-5.197525258587502620e-06,-5.106953984080288903e-06
-5.382267686432301903e-06,-4.868840275660704717e-06
-5.560225402333488058e-06,-4.605688823703468925e-06
-5.732551257199047314e-06,-4.313433371559406921e-06
-5.898202643450418320e-06,-3.990008505584523628e-06
-6.057401297356158466e-06,-3.631037617069657898e-06
-6.209400496321490827e-06,-3.236864426518745638e-06
-5.720283682911394735e-06,-2.685339027823145084e-06
-5.069351983471539961e-06,-2.518787400553439002e-06
-4.395616066709100771e-06,-2.322435644284165694e-06
-3.717547858361313072e-06,-2.103380601088498732e-06
-3.050844967484962188e-06,-1.866805475847611810e-06
-2.411542388209756844e-06,-1.617865543867765825e-06
-1.815755150716864720e-06,-1.361733547500096571e-06
-1.279649219692659631e-06,-1.103598701053416182e-06
-8.194388570184186988e-07,-8.486518569124807232e-07
-4.513180723704182958e-07,-6.019774892572688851e-07
-1.914486280193849146e-07,-3.677657849885053130e-07
-1.520220932729164537e-07,2.039907436090633396e-07
1.062898493622281365e-07,-4.792635086431516781e-07
5.912480127623324503e-07,2.999813024667660569e-07
7.105128055151645766e-07,-6.938427405952710230e-08
-2.417241628921106972e-07,-8.836186274411703769e-08
-3.515767464492940989e-06,4.721429698708095155e-06
5.514244547451060708e-06,-1.684829279789067900e-06
5.174356182724816244e-08,-6.300444527555358117e-06
-5.966751188345538360e-06,-1.975740910160038353e-06
3.543927125129955710e-06,4.406238090059518624e-06
4.217138824815257192e-07,7.369910771858240729e-08
-1.742339289538451193e-08,3.517733253688481703e-08
4.133290893106814864e-06,5.216784305422305108e-06
-4.139408775930208919e-06,5.580137236007797067e-06
6.234858636509703977e-08,-5.024883707131303905e-06
-4.651254495537526727e-06,-1.542933720952704338e-06
9.786799053832039511e-07,8.426715701384023169e-07
9.462476310219582460e-08,-1.302382931188125631e-06
-9.585793371404062213e-07,-3.268357107577867860e-07
-5.678353708931062135e-07,7.525996456830126257e-07
1.287835757950004185e-06,-2.684032882224046044e-07
2.848728652594298327e-06,3.440683129232704558e-06
4.356644293788470342e-06,-1.297854701302743126e-06
-3.292675567860969002e-06,-1.096413087429219901e-06
1.516611683234938078e-06,1.590791817355097327e-06
-2.018788717134296324e-06,-6.770754547862981955e-07
7.310928921412495195e-08,-3.691392570401460028e-06
2.156306199925870267e-06,2.479284563673706857e-06
8.387854540042022451e-08,-2.412168235906343924e-06
3.204655771903359966e-06,-9.131106263888342824e-07
2.150607803128186403e-06,-5.598506208557174168e-07
-1.181457633901554111e-06,1.574717805448967524e-06
-2.725865706876017492e-06,3.656489870268879967e-06
-1.924209576535402055e-06,2.574896401117148550e-06
5.365093588936188379e-07,-9.202900437752487028e-10
-2.486227276228367641e-08,-1.060223996193444356e-08
1.223183057011913092e-07,-1.796408889117190578e-07
6.411263815129099315e-06,-2.008542928498318580e-06
-6.916679096220188514e-06,-2.319612082242834379e-06
5.668052772454629462e-07,2.896683387096270363e-08
-5.044597776314102720e-08,2.985166247076216455e-08
-5.444943401994151929e-06,-5.335902006939632170e-06
4.751272043407173033e-06,-5.366252748984616392e-06
5.312045661319262931e-08,-7.232997521971012991e-06
5.240375652227801916e-06,-4.751664228584188470e-06
-5.857042795999154469e-06,-4.831741605761082699e-06
-4.047655554490127080e-08,-5.868655331487489736e-08
4.723610908563101410e-07,-6.490826312128766919e-08
-5.010784564781832446e-06,-5.749762099451676337e-06
4.262461214529047008e-06,-5.851070394408110369e-06
5.704934714265896916e-06,-4.001991726000097222e-06
-6.250563991860794963e-06,-4.207424302574612758e-06
3.397308168879478852e-09,8.386078065840888257e-08
2.226937085236714179e-07,1.334675558848218282e-07
-5.161395148387432039e-06,4.849712485043522878e-06
5.054693313178157136e-06,4.541933969241575026e-06
-4.550555797424141325e-06,-6.104159576290660035e-06
3.797986036314403441e-06,-6.229723814746859475e-06
6.096293223921213613e-06,-3.216793988334913500e-06
-6.597733145229941294e-06,-3.514767505197244719e-06
-5.736963910515765175e-06,4.280540443246670598e-06
5.533944067338055452e-06,4.053842185394137216e-06
-4.080456018838785870e-06,-6.401125035217667855e-06
3.383614866273811471e-06,-6.511796978225109918e-06
3.000369909456596823e-07,-1.147664135336410926e-07
-8.691887761339973664e-09,-9.302063027379098997e-08
-4.832951489844600146e-08,-8.804304369416365713e-08
5.666387583125859599e-07,3.394035765416310232e-11
5.579809681157259708e-07,-2.659312492562140992e-10
-5.576962767258055539e-08,2.032531585902744946e-08
-5.186302616354837156e-08,1.799519603043893259e-08
-6.296749410252191861e-06,3.653614543615316470e-06
-6.508653748839406662e-06,3.366465263973451097e-06
6.149104616840957961e-06,3.302241797365119708e-06
5.981749109720550595e-06,3.536626952774186935e-06
-3.490010884642088805e-06,-6.726913953855634595e-06
-3.182639262878184006e-06,-6.860539519753226269e-06
2.922061577365648246e-06,-6.786913505959763238e-06
2.694524946259141536e-06,-6.895022228465972947e-06
-6.698950822394482996e-06,3.059040141970188662e-06
-6.860758074213676536e-06,2.784531649819522706e-06
6.299471905326044623e-06,3.050667637192789031e-06
6.428461192943282349e-06,2.824249982447441173e-06
-2.826014573643098281e-06,-6.982067125375477528e-06
-2.474881329221122338e-06,-7.093112842896445148e-06
2.434290520278088595e-06,-6.993361578557763568e-06
2.178130524272741358e-06,-7.083947714691119726e-06
-4.209781173566576355e-08,-7.644184671660083292e-08
-6.051145723723186057e-06,3.975840722738740874e-06
5.787215771113004335e-06,3.800886439771376748e-06
-3.803111090203812912e-06,-6.583437191207638543e-06
3.160938635424358589e-06,-6.668436382028482773e-06
-7.002848301191453885e-06,2.493918385765784328e-06
-7.122168017390841856e-06,2.233138793777579064e-06
6.543061259480398390e-06,2.581228506241472384e-06
6.641172810639311126e-06,2.359139116063232290e-06
-2.070536082019165959e-06,-7.187389641347102251e-06
-1.672974661841657463e-06,-7.269207471273228581e-06
1.878568878109453888e-06,-7.164120114672115198e-06
1.575126460928035151e-06,-7.237086028152336605e-06
-5.363683764787061657e-08,1.499653200761676338e-08
5.694849663186974197e-07,5.663916371753495286e-09
3.328023059777348021e-06,5.867815289805555273e-06
2.939507592986771773e-06,6.091912261881488947e-06
-3.003022183805449967e-06,6.381277723296973962e-06
-3.337597571045587530e-06,6.196746125165649817e-06
-7.224448511748515525e-06,1.957051610911113830e-06
-7.309118673786627120e-06,1.705680358944806317e-06
6.727001898870706705e-06,2.118720538080178341e-06
6.799918419602784969e-06,1.894401980999264890e-06
-1.220502334130485002e-06,-7.328452230300727133e-06
-7.771678494891866166e-07,-7.372912747278528079e-06
8.377118197233318677e-07,-7.345602614460505534e-06
1.214153358173732765e-06,-7.296200168314858551e-06
5.367056467301381933e-07,3.147179907644684782e-09
-6.536213895253193073e-08,8.851891132807182984e-09
2.525046191227930129e-06,6.294782354385110735e-06
2.150260137825154622e-06,6.463270669812456880e-06
-2.371582716215264811e-06,6.660863035230630866e-06
-2.664877175214237072e-06,6.537556915095791356e-06
-7.379098385269455334e-06,1.436257239825339707e-06
-7.435260259616352559e-06,1.184961993578259197e-06
6.912480820480165804e-06,1.412287644010779850e-06
6.861635303392092749e-06,1.647842508978238095e-06
1.757866213479977444e-06,6.610232505307344535e-06
1.406759524992492379e-06,6.727433950776921355e-06
-1.806338622401231558e-06,6.843088426842678260e-06
-2.071994913866678495e-06,6.763463312598364004e-06
-7.477695288786785456e-06,9.095579147144201488e-07
-7.508084618107602041e-06,6.450084078277794335e-07
6.951692575703231883e-06,1.148648420073620919e-06
6.980354432855023846e-06,8.910733660258443305e-07
3.761695995784933890e-06,5.606668710564874662e-06
-3.752337000994802946e-06,5.966606298081467153e-06
1.044423909357562170e-06,6.824697305298650189e-06
7.224586008432341393e-07,6.897525480572017998e-06
-1.276171756996912452e-06,6.954639430332387978e-06
-1.529266364239945456e-06,6.907266442935874793e-06
-7.523420346221159187e-06,3.475468823100971513e-07
-7.526048395966588185e-06,5.394472867717552812e-08
6.994998902194885747e-06,5.980014997321623286e-07
6.997593056125990158e-06,3.067047964523229461e-07
-4.255302494587956633e-08,-5.537478368852369295e-08
-3.154484919235930668e-08,-6.420686119391977507e-08
5.239413490104600513e-07,-4.990383932202978322e-08
5.173688497372466647e-07,-4.700749021625188161e-08
1.540278264329968820e-08,1.036897657259831563e-07
8.979938919516358144e-08,1.318683118329124480e-07
3.927528012383428581e-07,6.952996053212458038e-06
9.996816122078779391e-08,6.989212670934216717e-06
-7.498384690817146462e-07,7.009495736275502724e-06
-1.005010133161215282e-06,6.989030665191953845e-06
-7.509334506310313759e-06,-2.832767807464036849e-07
-7.476676010002973864e-06,-6.222827705189016220e-07
6.981494316629254968e-06,-2.861066095595241239e-08
6.950025038221720122e-06,-3.652306088356422904e-07
6.815288531961002714e-06,-1.147720521639658788e-06
6.892660988063344119e-06,-7.549823018432831691e-07
-7.417004504437463423e-06,-1.016497199872488650e-06
-7.336172314497158685e-06,-1.416232444551560163e-06
-2.004691116218437050e-07,7.010638679260002343e-06
-4.697528426048543364e-07,7.016827511183501903e-06
6.706949484467423738e-06,-1.622888255567245066e-06
-7.223540680991456864e-06,-1.910622407828111543e-06
-1.075373871970237609e-08,-2.242934412837772863e-08
-3.237534191383068999e-08,-7.729539411499126540e-08
5.397823557878393729e-07,-5.843056824483070790e-08
5.106661762317795064e-07,-1.598574506194793637e-08
3.726507782660850324e-07,-7.053218999572337269e-06
5.500504839734704921e-07,-7.522971313917314053e-06
-4.682168237153393976e-07,-7.550831527447603865e-06
-2.723471449697629818e-07,-7.051377888688748949e-06
-7.298284932387110196e-06,-2.307983017679556623e-06
-6.847960806604341738e-06,-1.912338326838024116e-06
6.341189039750645787e-06,-1.624132749027880875e-06
6.783686921226897514e-06,-2.001796213454858564e-06
-1.616189593692485878e-09,1.255687691647356131e-07
1.206386131756113472e-09,4.386495590357248740e-08
1.220496302497817234e-07,6.941573654330732690e-08
1.887659727615208572e-07,1.909933649406661847e-07
4.795025460013148300e-08,-7.566353546221656596e-06
4.777503363479942230e-07,-2.321417533968713970e-08
5.173974079903303067e-07,-8.167540479643666983e-08
-5.569224209620550358e-08,-7.582199938008577108e-08
-2.302636539322041235e-08,-2.981458050289454939e-08
-1.098636912770625425e-08,1.053507216440656959e-09
5.263961096026522117e-07,7.522778540348041681e-09
-2.433882399671608692e-08,-3.537503836953034863e-08
-5.258686263786012169e-08,-9.259114913342911276e-08
4.732541252603592012e-07,-1.181139237723722009e-07
4.006146575449052856e-07,-8.390981388032134033e-08
3.980995353467666647e-07,-1.537907449810210409e-07
-6.890387268584235738e-08,2.112627472878323496e-08
-2.840614627197101310e-08,9.899295077944547097e-09
5.616322504415767411e-07,7.659497675533730383e-09
5.748471434477531583e-07,1.589883304056054193e-08
5.237551656372605363e-07,5.284295260409301561e-08
4.560724270837482085e-07,9.667566185257305497e-09
-2.006316781892631885e-08,5.677901106075245738e-09
-7.733399234919125845e-08,1.916470792461237308e-08
4.239909968649850562e-07,-3.745576343535229851e-08
3.324571929477769602e-07,-5.086477662915878904e-08
-6.831185439270589901e-06,-3.065467752900111034e-06
-6.628519887322429841e-06,-2.574175538741521705e-06
-7.111310966007167771e-06,-2.829192138173488459e-06
6.336885876516770840e-06,-2.739835121143487631e-06
6.611300058504638215e-06,-2.506168896702328876e-06
6.131797206498942771e-06,-2.247758018135911375e-06
3.357074798729284215e-06,-6.710573289466781807e-06
3.187477465724974091e-06,-6.470019871268265152e-06
-3.837416598789964269e-06,-6.344908629203619818e-06
-4.048087475306017578e-06,-6.636973671664216173e-06
5.793919916524393389e-06,4.067387063279305291e-06
5.533025678482644859e-06,3.785713272039604183e-06
-5.739288898447906373e-06,3.958827760739316629e-06
-6.055002774997106592e-06,4.295885593140970387e-06
-4.150381423194020684e-06,5.960160324215052122e-06
-3.731997464366420232e-06,5.597628788582277786e-06
3.742336925968284179e-06,5.229234193296128327e-06
4.147972184150555692e-06,5.595819054909022781e-06
-6.942036280105222756e-06,-3.416833277295820705e-06
-6.476939137715474087e-06,-3.173247564349100520e-06
5.976059869602792962e-06,-2.851169816037001047e-06
6.453476910469995305e-06,-3.109089774742299418e-06
3.103469767605306722e-07,-1.840300419375633826e-07
-4.735350027451520759e-06,5.264550697264961801e-06
-4.282267243994015538e-06,5.193378022553116126e-06
-4.597745510950433817e-06,5.644661975198144889e-06
4.683328552000156633e-06,4.918844626637314489e-06
4.561515157600160219e-06,5.278707702605888755e-06
4.264536741348781671e-06,4.850627707074131065e-06
4.733050694593533479e-06,4.521511187715407268e-06
5.013803676238706971e-06,4.927268804460575169e-06
-5.108591462807822353e-06,5.275596176962752514e-06
-4.794715902265229203e-06,4.830211882945010568e-06
-9.853346848158198827e-08,-6.607044607152208159e-07
-3.498649743947298883e-08,-3.272284278263666246e-07
-1.083853841850169740e-07,4.089476056097527740e-07
-1.775316815391006295e-08,1.840467949650643157e-07
8.075817198669837210e-07,3.200650442202262387e-07
6.186560967859555011e-07,1.370193699766353999e-07
7.871833013752713252e-07,-2.461564566182351973e-07
6.030611429676964583e-07,-1.198620828378699280e-07
-4.431731286900671890e-07,2.766115153349689958e-08
-1.702305358015254320e-07,4.367020573996185078e-08
-1.666408744363541407e-07,6.870025643614735147e-08
-3.684981661942714156e-07,2.246895592475170006e-07
2.498316020044020258e-07,-3.481903965237744732e-07
3.052749140838182690e-07,-6.573369988330087265e-07
6.526666224796340564e-07,4.074603798569731788e-08
8.721010324160503203e-07,2.426977664314520791e-08
4.340648229155429099e-07,2.815575851673434446e-07
5.410076787886727936e-07,5.164960725142346465e-07
-1.079450328824189150e-07,-1.498452335942009455e-07
-3.369481648303914696e-07,-3.028050660923535823e-07
-3.581759617252536355e-09,2.184952114420723680e-08
3.511243387383947745e-07,4.542529397473178216e-08
-3.622860142214058053e-06,4.243361431847508408e-06
-3.979484572788575092e-06,4.762054141650077553e-06
-5.527669153050464366e-06,-2.236070896741930511e-06
-6.156962248112669721e-06,-2.414378512721396044e-06
4.098876627617762907e-07,-5.988797906376180858e-06
3.806409272144031767e-07,-6.596012514511678530e-06
5.333560520943197441e-06,-1.258915858348321821e-06
5.897979676242784709e-06,-1.461093978824169457e-06
3.097870243251733712e-06,4.366795179419244716e-06
3.445845221585627288e-06,4.827830173818969732e-06
5.685173409336312530e-06,-2.091628853814981609e-06
5.122162306372088143e-06,-1.918766249987311788e-06
-3.418600325285538182e-06,5.177821864416045124e-06
-3.020580295691848171e-06,4.676733836497195603e-06
-2.815280966028833059e-07,-6.590580108181288238e-06
-3.016510539677609894e-07,-5.991267341106804644e-06
-6.382682319037283661e-06,-1.734913414537318591e-06
-5.764032254042658805e-06,-1.503706617670617656e-06
3.975151576297485769e-06,4.446600778399479356e-06
3.645487498262854061e-06,3.967413333863265800e-06
2.407252661294410475e-10,3.568802882573295781e-08
2.435221471294670328e-07,6.233848837015218908e-08
-2.695624456242488974e-07,7.181636856846176023e-07
-3.309753899742371978e-07,4.382927482428996199e-07
-6.239960267318352617e-07,4.652529158631078325e-07
-1.561172699884505678e-07,-1.072917395638843077e-06
1.004352429103717848e-07,-8.477348437911076234e-07
3.509080109351019186e-07,-1.069468643546942046e-06
1.060436101999547611e-06,-3.951556904029364668e-07
9.576194162790853592e-07,-1.554223085341470292e-07
1.177403297654346442e-06,-2.619886577948658134e-08
1.037500710210625807e-06,5.663034570096292050e-07
7.629796043196084668e-07,5.419654531309336101e-07
6.999927780997726747e-07,8.128539770741748902e-07
-8.218715231140168345e-07,-3.152723322081382618e-08
-5.491858973215611844e-07,-1.908695980074085327e-07
-6.766469101510612605e-07,-4.830883219489267400e-07
4.856764935057786483e-07,1.599361608123532561e-07
3.729130037308318421e-07,1.579282970810099946e-07
-5.647574258101440792e-08,8.840527774296727556e-08
6.342699640129168881e-09,9.134250310321376692e-08
-1.778229103818876511e-08,1.213460288137014389e-08
-3.854627411160005952e-08,2.732466317871592485e-08
5.521398813151859473e-07,3.086630882865143778e-08
5.442903383775007940e-07,1.613598746736339440e-08
-5.414228649899940140e-06,-5.106987051110512510e-06
-5.612773897225539821e-06,-4.849249591678393016e-06
-5.645567069769529086e-06,-5.090574091591776338e-06
4.716778206930845400e-06,-5.092466970522955798e-06
4.988178926134233491e-06,-5.068341354383851736e-06
4.951227446001876131e-06,-4.776874671992049304e-06
-5.221454648656785667e-06,-5.327942447709465246e-06
-5.224994032110610120e-06,-5.545619103925636174e-06
-5.007734521225965207e-06,-5.537642822744450316e-06
4.495151123883916585e-06,-5.361407775072242559e-06
4.259375223915612808e-06,-5.612165504775935162e-06
4.498610131819831350e-06,-5.616262545283953284e-06
5.171832294306646910e-06,-4.449106141816978985e-06
5.466767694445494254e-06,-4.386552154671926183e-06
5.394107529037332390e-06,-4.067348688728094712e-06
-5.796992380438859239e-06,-4.579873488016497179e-06
-5.982086843384029170e-06,-4.260266395932119806e-06
-6.047165768441248909e-06,-4.530632516955383794e-06
-6.557188064154501867e-08,3.738614529391173535e-08
-7.789692171090059521e-08,5.292623956459797725e-08
5.699639318066842900e-07,3.860044062996942828e-08
5.815299973384093914e-07,4.979762305242858912e-08
-4.800728092148658824e-06,-5.723339684839652188e-06
-4.781320504212711272e-06,-5.926674293556055285e-06
-4.570422500990571351e-06,-5.899737261725418482e-06
4.042772062536693785e-06,-5.827160772729046641e-06
3.816611879807278741e-06,-6.023322435442882782e-06
4.023285089981672748e-06,-6.045614282398825580e-06
5.603328763768002697e-06,-3.681739244520854002e-06
5.897448789760575784e-06,-3.616396564474352890e-06
5.792182802960845670e-06,-3.283894071547266932e-06
-6.157889176009456767e-06,-3.928350641684752807e-06
-6.318815351627921467e-06,-3.573092645116665700e-06
-6.418645581224113811e-06,-3.873542833277977686e-06
-4.339605574992925079e-06,-6.060114983974824428e-06
-4.319257433403425221e-06,-6.250559868989502651e-06
-4.101663243600840082e-06,-6.204767049339459130e-06
3.604782208961020744e-06,-6.192563316246808596e-06
3.400922947552436409e-06,-6.337081469030627308e-06
3.587049290521977272e-06,-6.373183873730032787e-06
5.041411947633580597e-06,4.265230358578197878e-06
5.291542356701511824e-06,4.032477720886697385e-06
5.303602724421149505e-06,4.288283985868579684e-06
-5.149299343141916801e-06,4.533083991708499765e-06
-5.456708138034267855e-06,4.557701931528171542e-06
-5.445688247668802440e-06,4.256895235383116001e-06
4.756342685945168740e-06,-1.059572922087335254e-06
4.940217314468331782e-06,-1.492817348319902915e-06
4.541116260092840456e-06,-1.731097274946547137e-06
-3.237490157806296275e-06,3.703572679646811398e-06
-3.126557140232573874e-06,4.196860489009862569e-06
-2.615625191475956285e-06,4.150996153620123476e-06
4.318809076993117062e-07,-5.350383982891007691e-06
5.687297821482429960e-08,-5.676519559950560807e-06
-3.126281092762658676e-07,-5.353313298401470552e-06
-4.864315228240056686e-06,-2.035281553501347069e-06
-5.321979009012634786e-06,-1.763462297299891443e-06
-5.110963454613459857e-06,-1.271632027620928996e-06
2.745629550751008063e-06,3.887181008517783148e-06
3.198928010814468077e-06,3.927101508067590712e-06
3.302346109391105176e-06,3.480978455680209477e-06
3.799521056324197987e-06,-6.432757713351654067e-06
3.588935120901104124e-06,-6.569647944156106500e-06
-4.552895581917955039e-06,-6.317393317866125990e-06
-4.321374532496239524e-06,-6.469717939522676961e-06
5.327659333297673224e-06,4.613669821998124228e-06
5.556760913683087900e-06,4.354823721497250029e-06
-5.479694851220563445e-06,4.930412631058232692e-06
-5.759134077567388726e-06,4.634167842238834126e-06
3.848614547680610693e-06,4.825451135418903627e-06
-3.843367476435544011e-06,5.171970397783468068e-06
-6.539682257465074187e-06,-4.168439452538056656e-06
-6.727562772501844814e-06,-3.831130691393065739e-06
6.030913963963174796e-06,-3.952884335365314635e-06
6.234533975332686043e-06,-3.565220132183370299e-06
4.274857783147688026e-06,-6.077571779542197926e-06
4.035592735577006006e-06,-6.260288636561463285e-06
-5.023992951933764927e-06,-5.960234510193198213e-06
-4.794552088912022039e-06,-6.137866040525661637e-06
2.813494938669701195e-07,1.896908314747415290e-07
3.201019318340772386e-07,1.100964269869512547e-07
4.172654455196565568e-09,6.389030751949385657e-08
1.150419011910717999e-08,1.188658436698989821e-07
-6.114656645305970583e-06,-4.808585483568283689e-06
-6.322216290733735320e-06,-4.505089917412484742e-06
5.543717659825991555e-06,-4.719522505996452192e-06
5.785510765373497383e-06,-4.352164177212501496e-06
4.775236340226105004e-06,-5.626324232202655647e-06
4.521813183488869852e-06,-5.860941919076346670e-06
-5.467783037001061082e-06,-5.557904124727665573e-06
-5.247603347918973914e-06,-5.761966885694047893e-06
-2.837373178342568118e-06,3.158205342885551135e-06
-2.431394114972658267e-06,2.620244812431492402e-06
-2.322102409071114264e-06,3.111618313320968982e-06
-2.210425004064826512e-06,3.609672173545326267e-06
-1.813887883301296073e-06,3.064839156724137383e-06
3.030830733956268276e-06,-5.088582255706364468e-07
2.496210143243579543e-06,-3.536001671264976607e-07
2.659574187920585880e-06,-7.306556594486982688e-07
2.830454571489092813e-06,-1.133959304525317592e-06
2.309886360091259512e-06,-9.355867144499798675e-07
2.395735407544301253e-06,3.400360419058726674e-06
2.054836651065541156e-06,2.915140376737858213e-06
2.499035560523277000e-06,2.955147214596303830e-06
2.951626492443946698e-06,2.994909751956094175e-06
2.599492069290506235e-06,2.517892251522161099e-06
-2.044709502339556705e-07,-1.563845038649310964e-06
-2.439606935048588951e-07,-2.119450230974432079e-06
8.924970234264954937e-08,-1.828797928293189515e-06
-1.291658735551504188e-06,-1.306156692694495451e-07
-1.836067611639718052e-06,-2.645015090868870390e-07
-1.453880408296638393e-06,-4.906870985424554801e-07
3.883535876252056545e-07,-1.561093807505079662e-06
4.170993895657515198e-07,-2.116719321256883589e-06
-1.113207226747837497e-06,-6.844343227010324751e-07
-1.630603921990268587e-06,-9.013175986621069627e-07
3.383565320858028361e-06,-1.335148962801245610e-06
-1.267127676528021842e-06,1.172201490997397051e-06
-1.637401119008146889e-06,1.615161763620927992e-06
-3.105432321627225446e-07,-4.026009520049709706e-06
-2.969119967326765816e-07,-3.365018323489757041e-06
2.001284240425460639e-06,-2.188552799772767992e-07
1.147833466536985750e-06,1.555183804096555683e-06
1.424781484789034762e-06,1.984024732653409594e-06
-3.754894509437053039e-06,-8.222943300634147334e-07
-3.083822227547243285e-06,-6.156092143268837247e-07
7.849398064581625538e-08,-3.037857969678342164e-06
-2.747476060309737645e-07,-2.724702134311922687e-06
9.042748364201781611e-07,1.162022074540104925e-06
-2.028436696787195208e-06,2.101854111194306209e-06
1.826776420457116829e-06,2.021670222209720945e-06
1.729138334652736959e-06,2.440170346046558599e-06
-2.637102534488651828e-06,-8.807331840754688174e-07
-2.438843047769189172e-06,-4.279234063429203921e-07
-9.263986653438943824e-07,7.849125295968340467e-07
-4.435986155565494688e-06,-1.042716681696086422e-06
-1.541054666501125269e-06,2.058552426052416178e-06
3.957603854115463957e-06,-1.535411799769287046e-06
1.557758956901361977e-06,-1.084504248283992791e-07
-3.157391556898255900e-07,-4.693447605287412286e-06
4.371206059392699749e-07,-2.721951680370346519e-06
-2.212633135554530260e-06,-1.128458193783520449e-06
2.252324934896499293e-06,2.058548024817859861e-06
1.302889206682934363e-06,8.710107591089650340e-07
4.485144778637296857e-07,-3.362267404329360612e-06
-4.911403249598006670e-07,1.096957791347943907e-06
-2.843117274183289164e-06,-1.360622548056596619e-06
-4.184976047998943003e-06,-1.819192689053973932e-06
-1.434928105813090438e-06,2.528971909070294745e-06
4.458096818059466618e-07,-4.690692091825772465e-06
1.916387134149325665e-06,1.625376957753763912e-06
4.172572492197143776e-06,-8.656482004661019627e-07
1.413130384718388725e-06,-5.623765512899219802e-07
-8.541635363694200616e-07,1.135420286989218085e-06
1.231906888276109036e-06,1.195031655079560901e-06
4.513773886197134550e-07,-4.023264902736252085e-06
-3.505924051523182467e-06,-1.592597367311857505e-06
1.597866804159556921e-06,1.226766586890066003e-06
-1.082353335052691618e-06,2.014304577071771124e-06
3.593492463699546154e-06,-6.808124428281786661e-07
3.774209650519054028e-06,-1.103427465287638509e-06
1.833537895792982961e-06,-7.437974131611149996e-07
-3.969407421656834433e-06,-1.318880637859890427e-06
-7.648804427474127333e-07,1.532961005637050809e-06
6.772958582631014233e-08,-4.358451974264002728e-06
1.689446771688876878e-06,-4.044944293919007207e-07
-5.684709522000550988e-06,-5.329251477517341476e-06
-5.897651148341153228e-06,-5.083052710112543006e-06
5.031754870455381667e-06,-5.354106954418048598e-06
5.286038541162455651e-06,-5.054848448411373262e-06
1.739329819327854879e-07,-6.171752191489546013e-08
5.885238772835024173e-07,-2.257970576296911240e-08
-8.991856336665606743e-08,-3.453404884697973520e-08
5.978616465821716546e-06,-1.852661049161118916e-06
-6.468751945405095485e-06,-2.157122834751952750e-06
1.243312779150839736e-07,-2.906926724570302015e-07
7.215347272074878493e-10,-1.838055011884169350e-07
2.349657218135817449e-07,-2.215028611940973288e-07
5.198972744649432020e-08,-6.790870212569730039e-06
2.163409184450450982e-07,-1.474942618160763325e-07
7.310561610312766718e-08,-9.031046949082177777e-08
