Size 899,2
0.000000000000000000e+00,0.000000000000000000e+00
0.000000000000000000e+00,0.000000000000000000e+00
6.320071933354941155e-10,-6.501992415560267272e-06
-3.171464430732864209e-07,5.997492370000441119e-06
2.303144564986934204e-07,-1.748862368090685377e-07
3.813455429341555122e-07,-1.000633398188813172e-07
5.209467375021317041e-07,-5.640165947097654476e-06
4.734085645720158039e-06,-2.056518178758359400e-06
4.366482028596717624e-07,5.891643520592924656e-08
4.307237201153747047e-07,3.806088049070313423e-08
5.083444606642426768e-06,-1.046052607454152127e-06
3.520205154882356383e-06,3.665847639095893690e-06
1.987806391962402747e-07,1.963576485168197045e-07
2.925892836106156900e-08,1.021385497897777460e-07
2.662821979116931571e-06,4.281357838745121274e-06
-2.753645796084234344e-06,4.591312020541611043e-06
-1.036079143308663185e-07,-1.838043219874417301e-08
-7.180721844094261386e-08,7.925510977758140947e-08
-3.647113297237447523e-06,3.918076519799581177e-06
-5.593163364661944136e-06,-1.256271161899943749e-06
-1.312125174908676333e-08,-1.062658023538761675e-07
-9.442757092776669369e-08,-1.289567810651052892e-07
-5.231435886527986504e-06,-2.333805064377155978e-06
-5.365818992447144469e-07,-5.627428280880414298e-06
1.530564270055083922e-07,0.000000000000000000e+00
2.432569013997569916e-07,0.000000000000000000e+00
2.992735481830362613e-07,0.000000000000000000e+00
3.355150065734722408e-07,0.000000000000000000e+00
3.593614216676379099e-07,0.000000000000000000e+00
3.813401610685110428e-07,0.000000000000000000e+00
3.931212347486536624e-07,0.000000000000000000e+00
3.905831782488384620e-07,0.000000000000000000e+00
3.773544339873173407e-07,0.000000000000000000e+00
3.462843964753100630e-07,0.000000000000000000e+00
2.768799878807372693e-07,0.000000000000000000e+00
1.844413084473938916e-07,0.000000000000000000e+00
9.537803826337815940e-08,0.000000000000000000e+00
0.000000000000000000e+00,0.000000000000000000e+00
0.000000000000000000e+00,0.000000000000000000e+00
0.000000000000000000e+00,0.000000000000000000e+00
0.000000000000000000e+00,0.000000000000000000e+00
0.000000000000000000e+00,0.000000000000000000e+00
0.000000000000000000e+00,0.000000000000000000e+00
0.000000000000000000e+00,0.000000000000000000e+00
0.000000000000000000e+00,0.000000000000000000e+00
0.000000000000000000e+00,0.000000000000000000e+00
0.000000000000000000e+00,0.000000000000000000e+00
0.000000000000000000e+00,0.000000000000000000e+00
0.000000000000000000e+00,0.000000000000000000e+00
0.000000000000000000e+00,0.000000000000000000e+00
4.130161338172104822e-07,-6.463179635270657667e-06
7.868394317329589149e-07,-6.392837669517341649e-06
1.109126444962860783e-06,-6.312988161256384265e-06
1.395825441097882391e-06,-6.228499755055868406e-06
1.653799600001071898e-06,-6.141312395297420517e-06
1.888947761759692801e-06,-6.052292929261680378e-06
2.106482499944931969e-06,-5.961433443193317147e-06
2.311051606209187267e-06,-5.868207968372645465e-06
2.506786299838389225e-06,-5.771492431155119577e-06
2.697176376931818455e-06,-5.669737319011416801e-06
2.885725877662110745e-06,-5.561609727902944386e-06
3.075535955751853669e-06,-5.445106704852062987e-06
3.269471507686891073e-06,-5.316676603598132526e-06
3.468295127658205698e-06,-5.173606328152890278e-06
3.673025532515500970e-06,-5.012836777628897818e-06
3.883171579383654117e-06,-4.831784129025556229e-06
4.098087989761602199e-06,-4.627892265338631472e-06
4.315935110541449013e-06,-4.399348111199323046e-06
4.534691398848208098e-06,-4.144530198830738937e-06
4.751464859100322432e-06,-3.862911660826590918e-06
4.963210219373549244e-06,-3.554310087607186105e-06
5.166691215028573827e-06,-3.220030274068613060e-06
5.359109463971062487e-06,-2.859922612488196969e-06
5.535422247319147929e-06,-2.476094637375523823e-06
5.688666180425308779e-06,-2.070454479902369248e-06
5.807520171959392176e-06,-1.655679653229699531e-06
5.890839732141273364e-06,-1.252613970957064796e-06
5.941010247025371987e-06,-8.775695087589130438e-07
5.967989564836919499e-06,-5.362540748364760671e-07
5.978139319407311462e-06,-2.237034008723553909e-07
5.974860989397887806e-06,6.377758837798540019e-08
5.960652410404563591e-06,3.294754213997670155e-07
5.937428021624187900e-06,5.764291123065534416e-07
5.906659891790393556e-06,8.078063820058197352e-07
5.869297242589278090e-06,1.026661516815561018e-06
5.825851891665577807e-06,1.236030205635275650e-06
5.776364550575919537e-06,1.438782919487979146e-06
5.720475104999621714e-06,1.637609782739353157e-06
5.657440300124877543e-06,1.834991767261772885e-06
5.586169404936123404e-06,2.033099629761162327e-06
5.505297628912380601e-06,2.233863647124244766e-06
5.413177894137091191e-06,2.438811587596557733e-06
5.308012398585115238e-06,2.649219579159453062e-06
5.187773514639315872e-06,2.865950676824870728e-06
5.050297693332477956e-06,3.089716346556097500e-06
4.892969962122941413e-06,3.320754854695257731e-06
4.717576039815267894e-06,3.565064737169228137e-06
4.514551418698585022e-06,3.821468535365136911e-06
4.277179558101825285e-06,4.090715525584816910e-06
4.002151123520418979e-06,4.366750490499481810e-06
3.685765719438846272e-06,4.639237880706627670e-06
3.339766604181272003e-06,4.888950089679347329e-06
2.982850900960103416e-06,5.109164948682339719e-06
2.627088336980285471e-06,5.299088870635348696e-06
2.277816556091883538e-06,5.461465735122151509e-06
1.937063717156438561e-06,5.598328370091303839e-06
1.607036639780998530e-06,5.711228511946992398e-06
1.289578274042112648e-06,5.801844227578625681e-06
9.861675219484268173e-07,5.872183763063066628e-06
6.975142334394047534e-07,5.924418047417329226e-06
4.238121805530084367e-07,5.960854500852344355e-06
1.644196788953546508e-07,5.983762989802028066e-06
-8.187159660594223453e-08,5.995324446870173002e-06
-5.438412172536415797e-07,5.991139999176943543e-06
-7.645661156412512283e-07,5.976717795492071252e-06
-9.822151797163207271e-07,5.954909282285328918e-06
-1.200210685847125984e-06,5.925803603142226703e-06
-1.422342743657065335e-06,5.888811414929819786e-06
-1.652559026956884528e-06,5.842632305998174493e-06
-1.895011719058486899e-06,5.785229260485082162e-06
-2.153709991952170648e-06,5.713787271958521462e-06
-2.432878404547190105e-06,5.624717217646014029e-06
-2.736951544555591564e-06,5.513093373351330833e-06
-3.071490609624390200e-06,5.370787723531583410e-06
-3.433790357623005560e-06,5.185904905503645030e-06
-3.810184806620246340e-06,4.956815976215458983e-06
-4.169040787549437302e-06,4.685046904202323064e-06
-4.493287970139535143e-06,4.394375099948844827e-06
-4.781794044737797564e-06,4.098307714615136537e-06
-5.035416699213297942e-06,3.805226478112831694e-06
-5.257683481539331476e-06,3.517746127872524341e-06
-5.457222805995637741e-06,3.240238228158260999e-06
-5.631318027956108814e-06,2.968791667587879203e-06
-5.782112412540015486e-06,2.705047213081436283e-06
-5.911710909548730128e-06,2.449901901080752364e-06
-6.022442265929403975e-06,2.203782590079901600e-06
-6.116641457832848482e-06,1.966372847300768908e-06
-6.196703021872275536e-06,1.736776004724620833e-06
-6.264831631043177296e-06,1.513331181975804092e-06
-6.323021675883744438e-06,1.293838050426196450e-06
-6.372888506657370438e-06,1.075452413923836578e-06
-6.415598640304964232e-06,8.548848976707350221e-07
-6.451791968782873043e-06,6.284113893434894456e-07
-6.481474190956073492e-06,3.919943945365798171e-07
-6.504032880026438180e-06,1.414414619594061949e-07
-6.518119186705498230e-06,-1.275974256163232027e-07
-6.521760722480619623e-06,-4.193550938219484423e-07
-6.512188312469692521e-06,-7.383336874390834588e-07
-6.485423466111509328e-06,-1.089709812947292149e-06
-6.433301197526844213e-06,-1.480686326017089333e-06
-6.342153828914461679e-06,-1.904153960846346830e-06
-6.206789506354758007e-06,-2.334501180354989700e-06
-6.033737153156105550e-06,-2.738567639818118157e-06
-5.844578544931848058e-06,-3.096908480123100781e-06
-5.652178158650152455e-06,-3.416148212649543166e-06
-5.461576227846809958e-06,-3.700662478960719209e-06
-5.272558891454815386e-06,-3.957138260116525546e-06
-5.085674498183717101e-06,-4.188255590659136728e-06
-4.901042015939703230e-06,-4.397677536753625632e-06
-4.718367560006484527e-06,-4.588762996391299608e-06
-4.536441014033558818e-06,-4.765052927078267055e-06
-4.353738251134919937e-06,-4.929624058199005325e-06
-4.168032297673277163e-06,-5.085296744953646744e-06
-3.976840334409152245e-06,-5.234396619967206525e-06
-3.777460247812159060e-06,-5.378710995313965496e-06
-3.566393619121113959e-06,-5.519945358539669971e-06
-3.340408234027503410e-06,-5.658598982023190313e-06
-3.096635383902516836e-06,-5.789667859099072578e-06
-2.835673067163996208e-06,-5.915313236740105288e-06
-2.555801818870748368e-06,-6.034308545885363680e-06
-2.255629074898282952e-06,-6.145256353885705736e-06
-1.934071672200496918e-06,-6.246293126274061395e-06
-1.590589355040964519e-06,-6.335367401236108905e-06
-1.224975201913445899e-06,-6.410028937788833182e-06
-8.370914261639838032e-07,-6.467457173662468584e-06
-4.234637253696339758e-07,-6.502717610606786183e-06
2.642827265262203536e-07,-1.433751970660381545e-07
3.069881562376354697e-07,-1.157748990611183177e-07
3.383263667530295342e-07,-8.797064626169161029e-08
3.552706871246364329e-07,-6.922675891314227801e-08
3.662555191228340674e-07,-6.884971049999218460e-08
4.719662555459312941e-07,-2.538028533217546591e-07
6.464838162459048098e-07,-4.130100895599647157e-07
8.918859225435923455e-07,-5.816039088507998699e-07
1.199355630713256472e-06,-7.575094050631072075e-07
1.559242891778903424e-06,-9.376108067882235044e-07
1.961874499347065549e-06,-1.118808617593333249e-06
2.397613456490172279e-06,-1.298024892205409073e-06
2.856882983949788543e-06,-1.472192609836676107e-06
3.330159038178554718e-06,-1.638192863340826037e-06
3.807676376725471275e-06,-1.792718405309978443e-06
4.278645132610322627e-06,-1.932643085259785687e-06
4.597188044851421470e-06,-2.420594454400989800e-06
4.446057903695945093e-06,-2.771584237431391932e-06
4.286980647057449575e-06,-3.103558791097310891e-06
4.121906958467275379e-06,-3.413529852672740553e-06
3.952491644400497962e-06,-3.700818420261672731e-06
3.781225213657743302e-06,-3.963929455246171579e-06
3.609073091887227413e-06,-4.203523551624697023e-06
3.437839463616393541e-06,-4.419311937532636105e-06
3.267643195883781418e-06,-4.612914980619291242e-06
3.099240944863786611e-06,-4.784942354413092707e-06
2.931690512799759317e-06,-4.937401363560984324e-06
2.764407126687670441e-06,-5.071660547046177065e-06
2.595624286055647928e-06,-5.189069686383020195e-06
2.422423030237988930e-06,-5.291019851968665127e-06
2.242498148738709479e-06,-5.380096392121783852e-06
2.053184375223976536e-06,-5.457071144974791094e-06
1.851247337611173485e-06,-5.522266242482506167e-06
1.632956798306148264e-06,-5.575429726873115271e-06
1.394250072216091106e-06,-5.615978198472646079e-06
1.130899331319981999e-06,-5.642443798226633220e-06
8.394521662261598996e-07,-5.652554547071308599e-06
5.860485249443291101e-07,-5.151635258097022266e-06
6.264776227232546315e-07,-4.633210181792189618e-06
6.523126109143480195e-07,-4.093228297763370328e-06
6.642201221767550971e-07,-3.541722610736901271e-06
6.619315225626532430e-07,-2.990276700993178907e-06
6.452254455037604131e-07,-2.450909910343334071e-06
6.139326489665371359e-07,-1.935798163496997392e-06
5.678719578551747543e-07,-1.457203504092089003e-06
5.067069181784686303e-07,-1.027531968747513599e-06
4.298322397047792700e-07,-6.600762870040207558e-07
3.371691828867771542e-07,-3.699758845114625081e-07
3.982570525527219470e-07,2.845728241212944100e-08
3.942591586449804384e-07,1.115555984057581573e-08
3.965882543546817578e-07,5.109719197059322220e-09
4.025826450997012391e-07,6.302324292628313550e-09
4.124173990448882177e-07,1.629287755969958163e-08
6.068339286275446842e-07,1.161511132410018692e-07
8.096397884195044634e-07,2.639074620007812195e-07
1.038537160909803808e-06,4.668654745847416157e-07
1.290133329228043747e-06,7.180696858841665467e-07
1.559748709496879323e-06,1.011015622388227874e-06
1.842381112066204328e-06,1.339068274645861694e-06
2.132915368563602379e-06,1.695438617451614151e-06
2.426174836527479543e-06,2.073225551782284847e-06
2.716945585085026291e-06,2.465432779790325088e-06
3.000048509450620434e-06,2.865058123279681519e-06
3.270351110320344428e-06,3.265707493117385105e-06
3.804808670474616153e-06,3.466153924180595145e-06
4.058069913332674489e-06,3.262872656060493869e-06
4.281168991849264501e-06,3.064505173733741096e-06
4.477105355378453399e-06,2.871358663656258494e-06
4.643588697238969882e-06,2.680416765820909532e-06
4.790248355204480177e-06,2.491906344004113566e-06
4.918422806193421806e-06,2.306299645260999790e-06
5.029617460393378518e-06,2.123199886267845864e-06
5.125138487037710566e-06,1.941826998659017131e-06
5.206217615619375339e-06,1.761056984599949823e-06
5.273821907483028341e-06,1.579504164868069797e-06
5.328681717997958941e-06,1.395494840436092311e-06
5.371235976550590455e-06,1.207146852481483354e-06
5.401557945497513589e-06,1.012355784009084799e-06
5.419406015292735067e-06,8.088870683600582384e-07
5.424075154791172559e-06,5.943698792003424353e-07
5.414525743802501350e-06,3.664023162458177318e-07
5.389203784811717780e-06,1.225478536656849032e-07
5.346222975966491450e-06,-1.395154811531884894e-07
5.283196637452335986e-06,-4.218451756045765450e-07
5.197268977132922127e-06,-7.252431125318136201e-07
4.635835665235269155e-06,-8.560543574114569165e-07
4.171216317565847422e-06,-6.827893680587773353e-07
3.696423822946261695e-06,-5.187258979123390080e-07
3.219060875651633324e-06,-3.659209145721405444e-07
2.748248030757958707e-06,-2.276249307444141771e-07
2.293505242120636444e-06,-1.070649044937201876e-07
1.864419257032603324e-06,-7.417972383026880954e-09
1.470603515438188664e-06,6.813926209124939996e-08
1.121715696571837838e-06,1.164127298388581210e-07
8.274910152391298247e-07,1.342264828739450651e-07
5.965662396355639357e-07,1.182687788061307855e-07
1.403131143102545735e-07,1.670397594704599046e-07
8.160451092567073613e-08,1.479472566066760956e-07
3.273965323928279668e-08,1.211759610442161953e-07
6.177049182361651058e-09,9.210008584232954681e-08
9.359507547191238870e-09,7.257283840414001798e-08
4.213495345531832035e-08,2.837867976829042765e-07
-1.720594968464128182e-08,5.343556117272396607e-07
-1.370996385384974777e-07,8.430630182764105900e-07
-3.100500541359438491e-07,1.200032100090502427e-06
-5.287744215982094875e-07,1.595282287095193175e-06
-7.861512709024790190e-07,2.018886786684469520e-06
-1.075036300481867563e-06,2.460793351325068726e-06
-1.388197725953159197e-06,2.910836578560043850e-06
-1.718289471958029577e-06,3.358813576082936007e-06
-2.058017224115073069e-06,3.794791437967942063e-06
-2.401667297501804420e-06,4.209644742260704238e-06
-2.491720144022592506e-06,4.801749411481739720e-06
-2.236831313511753058e-06,4.975915322867485797e-06
-1.995924437909597179e-06,5.118747433872605950e-06
-1.768436841710929365e-06,5.234169875127358068e-06
-1.551931989648903063e-06,5.325658916639080578e-06
-1.343508287154121481e-06,5.396280145650308467e-06
-1.140164890040716044e-06,5.448497517962235997e-06
-9.389213948165281347e-07,5.484179357149553322e-06
-7.369553166721502950e-07,5.504649195146957291e-06
-5.316733457813196082e-07,5.510654564794343641e-06
-3.207984504136026970e-07,5.502497930768968856e-06
-1.022936766114839160e-07,5.479988794734558675e-06
1.256691310293924508e-07,5.442607279953933620e-06
3.645706217088240810e-07,5.389557292013316746e-06
6.153512128017398890e-07,5.319837938402591855e-06
8.784103426764584701e-07,5.232358400017561484e-06
1.153559771181644446e-06,5.125951970495624995e-06
1.440105388260824786e-06,4.999594709002208777e-06
1.736800446846484882e-06,4.852346225189855210e-06
2.041879707054907283e-06,4.683667871512798581e-06
2.352518165456415298e-06,4.493324396482280035e-06
2.368440752073174408e-06,3.917355350274928254e-06
2.075549855267387103e-06,3.535031002860007003e-06
1.786468531787788975e-06,3.140066461258596624e-06
1.506698070586322240e-06,2.739866103899935006e-06
1.241382248945164538e-06,2.341784696646794925e-06
9.955260759696709013e-07,1.952979350266741296e-06
7.740802200622335862e-07,1.580491867494124488e-06
5.819521161787198683e-07,1.231277115260649258e-06
4.240273563074844048e-07,9.122705033437038153e-07
3.050286241146846186e-07,6.305887582543680490e-07
2.284052601902788606e-07,3.923958522611706262e-07
-4.918369337417297656e-08,-1.541603604271919226e-08
-2.500097898352179781e-08,-6.923708231820701915e-09
-1.492677959855874811e-08,2.622048966297462878e-09
-1.286654507698672620e-08,1.441497760869861628e-08
-2.015338102532602462e-08,3.840203034405771408e-08
-2.721884013713609234e-07,1.596527338142330435e-07
-5.603894520675104595e-07,1.842801259271057080e-07
-9.270650073325908706e-07,1.653200360945574367e-07
-1.360127020815177183e-06,1.070265157149359592e-07
-1.845841023218331658e-06,1.377946446441465994e-08
-2.370606270123449856e-06,-1.099479351737252948e-07
-2.920896088785148356e-06,-2.597021185080346218e-07
-3.483219747816964668e-06,-4.310406230786625309e-07
-4.044136965295424872e-06,-6.194978843666610901e-07
-4.590448943972630468e-06,-8.205724451028571401e-07
-5.110243091177434279e-06,-1.030687338447551409e-06
-5.716330650413107944e-06,-9.296263754167337774e-07
-5.808699376622839665e-06,-6.198757204814648578e-07
-5.876077526341963670e-06,-3.328913980530821790e-07
-5.921455299828722344e-06,-6.761990581890200915e-08
-5.947307205289788171e-06,1.788418271650253268e-07
-5.955498564915121972e-06,4.097724662227571659e-07
-5.947486885136501885e-06,6.285733333052667998e-07
-5.924089484261128536e-06,8.385469452542909741e-07
-5.885708726663852680e-06,1.042874963472279443e-06
-5.832213911838004420e-06,1.244448457010991117e-06
-5.763117192812899674e-06,1.445862984636871344e-06
-5.677595436216467349e-06,1.649269066456044707e-06
-5.574560102908698073e-06,1.856393099363429419e-06
-5.452842028086513517e-06,2.068416996736964613e-06
-5.311127405612957142e-06,2.286030118096508811e-06
-5.148316141863741000e-06,2.509332573423975725e-06
-4.963345187243006231e-06,2.737832007706386117e-06
-4.755726735367648878e-06,2.969961728049664104e-06
-4.516691976799076485e-06,3.204373789385195723e-06
-4.251549398186847544e-06,3.443365326588673222e-06
-3.960495799035951608e-06,3.684743139264153528e-06
-3.380615003919672565e-06,3.488350261740291780e-06
-3.085338256130760915e-06,3.043900134241716570e-06
-2.766798089555000209e-06,2.593155455250939749e-06
-2.432980154458417244e-06,2.147699542145665130e-06
-2.091780586151785461e-06,1.717913466693811922e-06
-1.750754839285215271e-06,1.313841546706533859e-06
-1.417328948858459364e-06,9.454648262552065605e-07
-1.098878791514839766e-06,6.227024446008678704e-07
-8.027687589721549889e-07,3.553527144667709660e-07
-5.362498797452056494e-07,1.528010395202312270e-07
-3.042872319998545731e-07,2.311881443172339606e-08
-5.196996287487520738e-09,-5.227764039502241537e-08
-1.236472774123604485e-08,-3.203868824125208255e-08
-2.558460264331184806e-08,-2.796074747764738479e-08
-4.331542803574606608e-08,-4.079310746866487597e-08
-6.395861741648967112e-08,-6.829645083220184645e-08
-2.341685499223751672e-07,-3.566654403567828828e-07
-3.353644807658480739e-07,-6.569686546193438474e-07
-4.206607974540490885e-07,-1.025264620358012597e-06
-4.916338196983628349e-07,-1.454562715856469290e-06
-5.478778799072337910e-07,-1.933008569139309834e-06
-5.893743168115288487e-07,-2.448102681536627767e-06
-6.162698405193934042e-07,-2.987483110464155969e-06
-6.287234454789876397e-07,-3.538977330726119893e-06
-6.268459305385915486e-07,-4.090528864646777990e-06
-6.107530396762930739e-07,-4.629927675116059651e-06
-5.810550204039747127e-07,-5.144936214697270682e-06
-9.038488792593027193e-07,-5.621928888053447024e-06
-1.259390266092408557e-06,-5.597570882601901221e-06
-1.597282732054105477e-06,-5.558038905688514089e-06
-1.915783697361846953e-06,-5.504779158557811217e-06
-2.214537160394674417e-06,-5.439078234260790191e-06
-2.493872741537250625e-06,-5.361856341012020442e-06
-2.754634205806271761e-06,-5.274010254015537930e-06
-2.998350248672712195e-06,-5.175974388999156598e-06
-3.225352424337130830e-06,-5.072955488733134825e-06
-3.435285521697929582e-06,-4.960237617293064020e-06
-3.630223649980436097e-06,-4.837870297701422075e-06
-3.812353927319636319e-06,-4.704705673904397162e-06
-3.983872033012037788e-06,-4.559329317912312143e-06
-4.146679736738422796e-06,-4.399783846198731561e-06
-4.302286074846636078e-06,-4.224114165769480687e-06
-4.452190684156396162e-06,-4.029484100243659666e-06
-4.596886829736072011e-06,-3.813797303849024615e-06
-4.737221809548974714e-06,-3.573669386684891671e-06
-4.872508096804858411e-06,-3.307339256324304956e-06
-5.002527105602789649e-06,-3.011522758037722674e-06
-5.126099592695851263e-06,-2.685782399380306332e-06
-4.718186959269694243e-06,-2.225801537461299969e-06
-4.177546759563278735e-06,-2.087233014744659497e-06
-3.618777285651654270e-06,-1.924958388056705496e-06
-3.055497029217379074e-06,-1.743349258065658671e-06
-2.501267714433668239e-06,-1.546845822963349149e-06
-1.969541666753121241e-06,-1.339806239820232554e-06
-1.473819617490039356e-06,-1.126569262373458552e-06
-1.027648276892553888e-06,-9.114887341866032423e-07
-6.445855383266110247e-07,-6.989262938025489725e-07
-3.381496138219712734e-07,-4.931794737375595178e-07
-1.211310510428210104e-07,-2.970787192529857351e-07
-1.405358054444892370e-07,1.688422576149505552e-07
5.519941337521698022e-08,-3.811787822093236572e-07
4.271799802681913548e-07,2.636418567083939360e-07
5.494549680482207473e-07,-7.279064893260892422e-08
-2.157336060573437515e-07,-7.589343356959887177e-08
-2.888749405978181535e-06,3.843725194447703346e-06
4.453120573941260878e-06,-1.394526173409394444e-06
2.184343190918024762e-09,-5.141254688581667870e-06
-4.906717032919452484e-06,-1.626712542397811772e-06
2.817337093177047135e-06,3.589116067523310528e-06
2.874710713893858500e-07,7.439440265098699964e-08
-2.117060677467603612e-08,2.913116623291979120e-08
3.303936222672042012e-06,4.261458670276589276e-06
-3.412603628236607408e-06,4.556824893567147557e-06
1.261644319909347385e-08,-4.089962086665724400e-06
-3.829877719853632735e-06,-1.271756289714773609e-06
7.362435601455987998e-07,6.966226170379662574e-07
4.325543250864389159e-08,-1.036506192788879859e-06
-7.975602536603055076e-07,-2.705443786864799550e-07
-4.765992667640047698e-07,6.085306839750934229e-07
1.016376059016685699e-06,-2.356716098833143119e-07
2.251785784722002707e-06,2.802953875163662611e-06
3.513391626049038137e-06,-1.078587834888172970e-06
-2.713920172564911982e-06,-9.041768741554947385e-07
1.170372234005975945e-06,1.300529553885440630e-06
-1.667099616676397501e-06,-5.587424114963245108e-07
2.283766330091810361e-08,-2.990882145005854643e-06
1.688960801562197629e-06,2.021113483734731948e-06
3.300381192061962101e-08,-1.940420082090006026e-06
2.576185358145476676e-06,-7.638582933615342163e-07
1.718231833132062687e-06,-4.745810157358827241e-07
-9.774452211201206899e-07,1.276420029424677428e-06
-2.242209789690608131e-06,2.975327235718256335e-06
-1.585396843685316125e-06,2.092120882765168052e-06
3.963289140526175086e-07,-1.239700728252207479e-08
-2.828283542851868912e-08,-1.059110739476749847e-08
8.133354341247190729e-08,-1.345828003731953023e-07
5.190307478523431961e-06,-1.666304578274368711e-06
-5.698856061113677264e-06,-1.916008418973042010e-06
4.013462874923886248e-07,1.889594472134974321e-08
-2.389492405179320812e-08,2.515145570099020405e-08
-4.505436756904073014e-06,-4.406771365226117233e-06
3.848836486050739713e-06,-4.415870817048621234e-06
-6.809350652742927462e-10,-5.925251115105999037e-06
4.246469853812796441e-06,-3.912531798835161529e-06
-4.843462505982571052e-06,-3.992125890827053949e-06
-1.992294787486263042e-08,-2.423479584629625602e-08
3.091808129139605150e-07,-4.898601777579866902e-08
-4.150632256784409077e-06,-4.745298809872331633e-06
3.451836728880390760e-06,-4.812852262488503336e-06
4.624299354923109968e-06,-3.298344759489092585e-06
-5.167039250463484263e-06,-3.476418096199201263e-06
6.494647351059587436e-09,5.024674027262370471e-08
1.390004393125201826e-07,9.194180316971280882e-08
-4.259003208557729689e-06,3.967287171891968316e-06
4.066085297044649908e-06,3.714920208870604003e-06
-3.775895656335151079e-06,-5.033314736464493213e-06
3.075195169391290212e-06,-5.122703427122764650e-06
4.942981625691754537e-06,-2.654614759456783935e-06
-5.453407164629558406e-06,-2.901856422210791147e-06
-4.738500374931687445e-06,3.495528181199618858e-06
4.467134974703122046e-06,3.307389855874852502e-06
-3.394074933618658311e-06,-5.273425942798500146e-06
2.739712649703054115e-06,-5.353185020826020734e-06
1.962381663184400314e-07,-7.545981651422047696e-08
-5.749957712903243269e-09,-6.971584242108471778e-08
-3.621789998781125711e-08,-4.853744513958339916e-08
3.929878487656952877e-07,3.651799161894714811e-09
3.868952734440016566e-07,5.724271674526617605e-09
-2.986899282871474647e-08,-2.491352595175431530e-09
-1.990902908011141574e-08,3.088128773720862984e-09
-5.208069034639662617e-06,2.976362677325487261e-06
-5.385021072688896448e-06,2.738395041648330050e-06
4.985586480088786252e-06,2.678611424333638661e-06
4.845091721737593252e-06,2.874843390933373181e-06
-2.914365176468343880e-06,-5.534320248437262410e-06
-2.664142279193797102e-06,-5.641747287583931626e-06
2.366360860357146590e-06,-5.576676512913367312e-06
2.181795685123444391e-06,-5.664444387349798035e-06
-5.543493943633690865e-06,2.484433367744675267e-06
-5.677616593558220140e-06,2.258564506996821469e-06
5.111371496662702309e-06,2.468836516804898443e-06
5.218731916230723147e-06,2.280774853845273643e-06
-2.372906395039515976e-06,-5.739597086412322809e-06
-2.084957840993240048e-06,-5.829268192096106957e-06
1.969919518224832877e-06,-5.744572332103680251e-06
1.760253922239050104e-06,-5.818459205893798905e-06
-3.009121718296541735e-08,-3.329160787510852436e-08
-5.001806817305499976e-06,3.243599186179199104e-06
4.680777382084359871e-06,3.096058027567923085e-06
-3.168578552425209431e-06,-5.419600044228311284e-06
2.559688697091639017e-06,-5.480414637923196161e-06
-5.795090996973022911e-06,2.020322039266976698e-06
-5.893237724053814344e-06,1.807350181918158584e-06
5.313758077002559862e-06,2.079829226699234070e-06
5.394658423456072023e-06,1.896934768305690079e-06
-1.752300411572583310e-06,-5.905290732302751462e-06
-1.423959268540097104e-06,-5.971288748771183007e-06
1.513529694724876532e-06,-5.884090345563032267e-06
1.261802291168889987e-06,-5.943747407750827865e-06
-1.820379504848816573e-08,1.098930816784518239e-08
3.967128498463461309e-07,7.940594906417814463e-09
2.651979393941250410e-06,4.799653305510046282e-06
2.332885785444819071e-06,4.985371008422514033e-06
-2.483103674328999859e-06,5.232080241658153981e-06
-2.763746580387147305e-06,5.075852728349836058e-06
-5.977171868194704227e-06,1.582629868599541595e-06
-6.046305001083363143e-06,1.378572288730291985e-06
5.465155301345010235e-06,1.699793781976806872e-06
5.524717234907555423e-06,1.516475290154277679e-06
-1.049074048624285440e-06,-6.018357186987157783e-06
-6.809800480916059408e-07,-6.053325813938335966e-06
6.444713951486783477e-07,-6.031812324852700257e-06
9.600426582177112567e-07,-5.991646221097544530e-06
3.709943949508990057e-07,1.684995008911518754e-08
-4.369632734516431598e-08,-4.240290819860576204e-09
1.993364470365803797e-06,5.153036623284905478e-06
1.687326491048454505e-06,5.291935290406980701e-06
-1.959201873599209039e-06,5.465063148568632838e-06
-2.201648180709968710e-06,5.362949294030609464e-06
-6.103351542334894444e-06,1.160263238876405067e-06
-6.148922675181676598e-06,9.567207355296662449e-07
5.616136625224048349e-06,1.124053115102630781e-06
5.574953128627071408e-06,1.315610725049159670e-06
1.367844188284205861e-06,5.412981098806943229e-06
1.082960500360261871e-06,5.509361235750551893e-06
-1.497066957775198542e-06,5.613891403431483658e-06
-1.713486208310157136e-06,5.549266439432232740e-06
-6.183294699067392576e-06,7.334999422238618595e-07
-6.207738678858769219e-06,5.185506741628029131e-07
5.647774439983772524e-06,9.099093502860539295e-07
5.670752550914487281e-06,7.006240240716382568e-07
3.004739105078738999e-06,4.582106941206118071e-06
-3.101460836185327522e-06,4.877838274545457713e-06
7.899111249277837329e-07,5.589413022992310345e-06
5.303988692315964481e-07,5.649373662701892190e-06
-1.069194203637701361e-06,5.702988450321552869e-06
-1.272908191976476400e-06,5.665436126314825176e-06
-6.219838094283043315e-06,2.760703576531081233e-07
-6.221410436259621112e-06,3.561134833487853762e-08
5.682270654261214224e-06,4.622679355138608453e-07
5.683917445153293886e-06,2.248179008329597626e-07
-1.302426207775499958e-08,-3.019066604961677623e-08
-9.780593764461688386e-09,-4.190697343297067221e-08
3.623715797600845309e-07,-4.269734484610816487e-08
3.450166941203049631e-07,-4.149425662049109673e-08
1.574998469149838871e-08,6.195380826076648294e-08
5.635905841237597924e-08,7.993728862802938471e-08
2.654705726123533813e-07,5.695300148192377731e-06
3.085171754858752198e-08,5.725538290662358854e-06
-6.479551533156515196e-07,5.745260443404124973e-06
-8.519194126615628601e-07,5.729786112965357722e-06
-6.206849901358054466e-06,-2.419213949450360483e-07
-6.178803326559292071e-06,-5.225003642481816300e-07
5.670153622972721676e-06,-4.924599232269217701e-08
5.643616186232843120e-06,-3.253698095129549504e-07
5.529648337929411000e-06,-9.712476916531583356e-07
5.595260180955515423e-06,-6.462901338515628314e-07
-6.127546054110254652e-06,-8.505348633954256765e-07
-6.057490233164809383e-06,-1.185308211564940416e-06
-2.093832090758459837e-07,5.743957080327035749e-06
-4.244147621591289986e-07,5.750019363631662161e-06
5.435613416204061735e-06,-1.356044985389441016e-06
-5.956569778818653237e-06,-1.587831395674440590e-06
-6.061481216119664827e-09,-1.772785319971988142e-08
-2.789001125736870824e-08,-5.901161779113593905e-08
3.930650239945562919e-07,-5.558236112139653066e-08
3.654161925518350329e-07,-1.702282882675205133e-08
2.619422666719349740e-07,-5.775840456860092544e-06
4.105806362012722258e-07,-6.177746724110393627e-06
-4.254428321770327772e-07,-6.199929445561507997e-06
-2.677642248218444439e-07,-5.774406914069351271e-06
-6.020951640005764429e-06,-1.910076642217590386e-06
-5.639522794800619202e-06,-1.584017598062880855e-06
5.131324940393156006e-06,-1.353647053067762800e-06
5.500755463765959014e-06,-1.661812543408325139e-06
6.442601450299800560e-09,7.111704143374189903e-08
4.521841691561127270e-09,2.704743487175845438e-08
7.884649591778763333e-08,4.290406721174103452e-08
1.080997388181076036e-07,1.245741531913755934e-07
-8.605717085158509598e-10,-6.211325403867540535e-06
3.212852480345751513e-07,-2.032547626257016958e-08
3.372399629936162757e-07,-6.199063567753220659e-08
-1.957444766087922669e-08,-3.005276166217779149e-08
-9.004492943988794016e-09,-1.511321391353816210e-08
-1.216690666087393423e-08,3.895064080894576980e-10
3.843218065576893806e-07,-5.279708084469347724e-10
-1.443045058415385375e-08,-1.583638891367569456e-08
-3.177884323772552980e-08,-3.366903707433469541e-08
3.070674605036276392e-07,-8.083910478628015119e-08
2.612649440225635673e-07,-5.783610632226060324e-08
2.607388937035174537e-07,-1.003875376556798665e-07
-2.268084407841456112e-08,2.355164345209407164e-08
-1.155028955396407583e-08,9.106957441034509218e-09
3.957729982350351513e-07,6.561412539837903343e-09
4.001091864647512148e-07,1.738445396181872050e-08
3.648669909115761672e-07,6.323640658051072331e-08
3.159495855158894369e-07,1.826825531342221198e-08
-1.792864266501395083e-08,2.568866758287453735e-09
-6.396684282998559086e-08,1.227785871958556113e-08
2.801471678118120707e-07,-2.808244923722193032e-08
2.178309993226126248e-07,-3.418019149779151264e-08
-5.641737089143494040e-06,-2.527487405714459472e-06
-5.462180054116815845e-06,-2.122865068594944037e-06
-5.870541793135056270e-06,-2.334670610166955881e-06
5.137662938250965677e-06,-2.262928844188990828e-06
5.361915909191282349e-06,-2.071926209305218698e-06
4.962047256977723770e-06,-1.860018560450190566e-06
2.718709970766308875e-06,-5.512529135177638554e-06
2.580104716047917325e-06,-5.321835404817006177e-06
-3.199453642898062237e-06,-5.227411348376961215e-06
-3.366505546966496652e-06,-5.462731015941089792e-06
4.686401177241752591e-06,3.316923657183389524e-06
4.468806849388468854e-06,3.081922745597697268e-06
-4.743655194589998143e-06,3.225411421515081471e-06
-5.004060803910201579e-06,3.509320505677839982e-06
-3.424944987269770518e-06,4.876427471772054262e-06
-3.079106791744394207e-06,4.567953430689874434e-06
2.983811844815979767e-06,4.269427062108512820e-06
3.321246484417556454e-06,4.574793229614812636e-06
-5.735023773307714246e-06,-2.819883751996770926e-06
-5.351501843815406793e-06,-2.621974152508088788e-06
4.841629679565185412e-06,-2.356826412017130946e-06
5.235861631665494697e-06,-2.565322382223207485e-06
2.064390641036448643e-07,-1.237792251319142461e-07
-3.903065318094985989e-06,4.306492245689234000e-06
-3.527215635007964595e-06,4.238488482618124507e-06
-3.790579135889682311e-06,4.619595507795736315e-06
3.755341119603373800e-06,4.023100216444685106e-06
3.658348988617105451e-06,4.316810558131439482e-06
3.409246808479812269e-06,3.960882468449467857e-06
3.800412562503528163e-06,3.696554533498082507e-06
4.032000003191818033e-06,4.030228229753975141e-06
-4.213294907263435945e-06,4.319278299206050544e-06
-3.956719078650209298e-06,3.947070876612109730e-06
-1.139486970858461766e-07,-5.097604513930018749e-07
-5.502718168169547278e-08,-2.530685948461383323e-07
-9.642282607240496531e-08,3.287170308733604461e-07
-2.391022123900790016e-08,1.480421245262851775e-07
5.976273124932145552e-07,2.707589031370234230e-07
4.477779661898881475e-07,1.298983772863592150e-07
5.982399176333107641e-07,-2.174416331203450792e-07
4.501990811900139443e-07,-1.131268169682789890e-07
-3.696389009379394877e-07,2.810961526780022089e-08
-1.485402062059682221e-07,3.879656964902095487e-08
-1.466859895202475639e-07,4.987177792210282035e-08
-3.106398152665740252e-07,1.699060336749195847e-07
1.724710053650787984e-07,-2.695687494791890502e-07
2.168456811636499840e-07,-5.134755426360597424e-07
4.964713286825639225e-07,2.285189754538884662e-08
6.738879719820979685e-07,1.001639779674731861e-08
2.936065065624640474e-07,2.407809539696564037e-07
3.786488667581528619e-07,4.305545727437195601e-07
-9.433388765342428714e-08,-1.257480877658738436e-07
-2.772648555297302941e-07,-2.521149661477606761e-07
-4.550917023657610894e-09,1.768878293728416594e-08
2.380573625323308408e-07,4.239129080347653318e-08
-2.981499436596726905e-06,3.450557215133940008e-06
-3.276075129134586498e-06,3.875776721589465433e-06
-4.548682837570413651e-06,-1.847539835891232472e-06
-5.065493844105620925e-06,-1.993975124811956743e-06
3.039032314916345811e-07,-4.890947628949986013e-06
2.774621467576673186e-07,-5.390806571957721867e-06
4.312597412950205312e-06,-1.044623287076737379e-06
4.769365573739712999e-06,-1.210948823031213898e-06
2.450974850536241683e-06,3.560403403389741453e-06
2.735175589564645661e-06,3.938245404785976908e-06
4.592431442105212278e-06,-1.731590440260306053e-06
4.133310442584639359e-06,-1.588974561333005598e-06
-2.809435195351206147e-06,4.224450665153079218e-06
-2.482384431715627754e-06,3.816685917243440523e-06
-2.788421764990019120e-07,-5.385208643839926161e-06
-2.943309753013910571e-07,-4.888462089185837217e-06
-5.254068446228603510e-06,-1.426496219611495496e-06
-4.748763471698668679e-06,-1.235366790596484922e-06
3.174259605962420586e-06,3.622426428702933563e-06
2.905789469734182332e-06,3.231275819667991716e-06
2.020618774421245321e-09,2.358360140924353153e-08
1.610888738179366607e-07,4.627175797266608927e-08
-2.260559512688633224e-07,5.792010842066417473e-07
-2.841205535904386360e-07,3.548043282707998253e-07
-5.200505406415088215e-07,3.635646823585595795e-07
-1.643515933107893792e-07,-8.417546691482580027e-07
4.893305572482349005e-08,-6.706620247241017666e-07
2.558401053206925008e-07,-8.428888282265688555e-07
8.207856708925904514e-07,-3.404603604329880506e-07
7.481568245609929557e-07,-1.429484766705522531e-07
9.227597302247890038e-07,-3.138978870720340871e-08
7.832953409259239181e-07,4.673801551360301827e-07
5.631821200074555893e-07,4.552899204885283403e-07
5.050425747094063934e-07,6.693024572188569124e-07
-6.799768689307510358e-07,-1.939841447046047788e-08
-4.632098500415678922e-07,-1.589628728227134709e-07
-5.548147763241059242e-07,-4.016837053831680335e-07
3.392396338228890187e-07,1.496141006230251294e-07
2.458206218444948557e-07,1.333368947798562836e-07
-5.816039497947968339e-08,7.451430621487747502e-08
-1.653415161259900103e-09,6.726653165571916962e-08
-1.153132026821671855e-08,1.091388385166103941e-08
-2.869972925781452029e-08,2.194458878772404108e-08
4.012649074881962208e-07,1.579938811509507443e-08
3.921729123474246707e-07,8.494179361840842237e-09
-4.480588166350431493e-06,-4.220941480278414877e-06
-4.642908782546660596e-06,-4.009169243951594936e-06
-4.669912271969210784e-06,-4.205303875423396166e-06
3.817985449749788231e-06,-4.194845835752250369e-06
4.041315040217103108e-06,-4.171987880598015541e-06
4.008400816412863362e-06,-3.936308223419831649e-06
-4.323287762664942930e-06,-4.402076268046062132e-06
-4.325575604697203566e-06,-4.578620822964064972e-06
-4.149168511999058243e-06,-4.573470878484691680e-06
3.638201113081849079e-06,-4.415187080671790540e-06
3.446880363424931447e-06,-4.620581691430298706e-06
3.643507315998054575e-06,-4.620714023398884137e-06
4.187576079509102891e-06,-3.667632775315246004e-06
4.430453653628210125e-06,-3.613522704913185362e-06
4.368205433438843185e-06,-3.354825909193926408e-06
-4.793648445120038562e-06,-3.787239508253684765e-06
-4.945355676598811482e-06,-3.523622905740396581e-06
-4.999717811818450759e-06,-3.743728962335028708e-06
-5.489113162867659216e-08,2.925035443523962556e-08
-4.178908878593383309e-08,4.614546493580367727e-08
4.210108612912627965e-07,1.914460151293644707e-08
4.134402258970410815e-07,3.442954452462654986e-08
-3.980826457875914876e-06,-4.724732727785349972e-06
-3.963703460465041531e-06,-4.889331460081671039e-06
-3.793879569224601487e-06,-4.867956096670134988e-06
3.271457848113437110e-06,-4.796568350414509674e-06
3.088314843880057799e-06,-4.957073242597291707e-06
3.257754878709667892e-06,-4.972211301235901039e-06
4.538307322046300844e-06,-3.038569922685691341e-06
4.780816050033354062e-06,-2.982428352798035859e-06
4.691801269566626888e-06,-2.712548558552103735e-06
-5.089479844203444059e-06,-3.249151993812933073e-06
-5.221344800330417576e-06,-2.955583130010330968e-06
-5.305366022357774695e-06,-3.200005632974121304e-06
-3.606702038014207394e-06,-4.997705408890943719e-06
-3.588008036336560205e-06,-5.151777023968640342e-06
-3.414023793374583449e-06,-5.114408342734034182e-06
2.917117834026925579e-06,-5.095411948732235515e-06
2.752474806185217935e-06,-5.213429666323871270e-06
2.904303012850679213e-06,-5.240081272150758164e-06
4.058920916736586911e-06,3.482110437291143158e-06
4.267429601062955849e-06,3.287783031048087814e-06
4.274463727782358311e-06,3.503189381185137787e-06
-4.252989520153455981e-06,3.700540461740630044e-06
-4.505214646897471700e-06,3.725101999285020945e-06
-4.499522820668785086e-06,3.471817236626682198e-06
3.842142397511684535e-06,-8.807524123811822532e-07
3.987836107553954432e-06,-1.237965873655958856e-06
3.660474928685673637e-06,-1.435972167846084521e-06
-2.665672581445367924e-06,3.008836950392643700e-06
-2.570613380577104557e-06,3.416663489207119302e-06
-2.149015636154437884e-06,3.386194554330113957e-06
3.232914433819791675e-07,-4.362502866632700757e-06
7.353312740929630570e-09,-4.627755486555773540e-06
-3.031209177012765450e-07,-4.361067400348505736e-06
-4.003469421352751754e-06,-1.683211529259274492e-06
-4.380162418823159163e-06,-1.453053031832450522e-06
-4.211997155946010891e-06,-1.043219187575175032e-06
2.163635257016110372e-06,3.168940760089197125e-06
2.536879250673576397e-06,3.199189045270457804e-06
2.625717586139859712e-06,2.833961992398977161e-06
3.076542081724079098e-06,-5.286416940211406661e-06
2.906048833910726656e-06,-5.397872603189830519e-06
-3.776238519055828384e-06,-5.205038701982602926e-06
-3.588192067300778784e-06,-5.328095620370394444e-06
4.294639939177205716e-06,3.772208348835284035e-06
4.486718613750628987e-06,3.556614195014715821e-06
-4.523128652138263846e-06,4.035538404162184493e-06
-4.756428963252928305e-06,3.789833801228459417e-06
3.067485166748496799e-06,3.935678700638139896e-06
-3.163300533730231323e-06,4.215317023702946426e-06
-5.403657786355345995e-06,-3.444512735535264623e-06
-5.559237799135849333e-06,-3.164737416800461539e-06
4.891469419581129627e-06,-3.257978185933844866e-06
5.057796641699036047e-06,-2.939982783327599021e-06
3.461943638061108720e-06,-4.996822466472008400e-06
3.267814773430073342e-06,-5.145859570297692930e-06
-4.159639561856738031e-06,-4.915815151856212265e-06
-3.972779505316567533e-06,-5.059850938823911644e-06
1.716954330777128499e-07,1.382087790545297670e-07
2.090501649061136758e-07,8.869273590915985303e-08
2.046177491930172861e-09,4.400004851931267628e-08
1.288992567838366402e-08,7.220725536640908008e-08
-5.053302856381967552e-06,-3.973118413939570349e-06
-5.224342460737605156e-06,-3.722839116126050545e-06
4.494159530075170408e-06,-3.886133050183658955e-06
4.691309827231228612e-06,-3.585241399604476944e-06
3.868492643090162414e-06,-4.628227985228496649e-06
3.662462749396051384e-06,-4.819896052104003661e-06
-4.522227922308259796e-06,-4.588128706817650971e-06
-4.342171211564541930e-06,-4.754578293026390268e-06
-2.337089253218969361e-06,2.562344010431241197e-06
-2.003510294584908682e-06,2.121861712895800855e-06
-1.911366614846668135e-06,2.530368304658252763e-06
-1.816071150299096676e-06,2.942847528112393699e-06
-1.490422648073715317e-06,2.496700018852313373e-06
2.435198719214055926e-06,-4.286760262192238081e-07
1.998943959302443218e-06,-3.010481567196241508e-07
2.132513307356627560e-06,-6.144885451060109989e-07
2.265333709880498297e-06,-9.470495770129205885e-07
1.840447338140789765e-06,-7.843610570956824695e-07
1.878611273178668918e-06,2.771711094031830525e-06
1.601189360796758750e-06,2.376087317989378580e-06
1.967405322076423161e-06,2.407891646491867201e-06
2.339482577251240996e-06,2.437559604896753110e-06
2.052349036619680650e-06,2.048997754585286528e-06
-2.063247450026611569e-07,-1.240444337566136299e-06
-2.407120523368250024e-07,-1.694391832526305029e-06
3.808108779498985325e-08,-1.463940346314581581e-06
-1.066101894367481154e-06,-1.006436964398931080e-07
-1.514325061791303274e-06,-2.109499904835987802e-07
-1.203386923907292869e-06,-4.052886759841778080e-07
2.875510057719970481e-07,-1.241638710515849972e-06
3.118087648010729401e-07,-1.695753054153507240e-06
-9.133675056597893074e-07,-5.682612047611928360e-07
-1.339197007640272493e-06,-7.476036017467671002e-07
2.716676282370489575e-06,-1.111930706760203704e-06
-1.047251885678486274e-06,9.381857297500381231e-07
-1.351217305217012663e-06,1.299751378256654845e-06
-2.997421145698664572e-07,-3.263927057436502332e-06
-2.873468995838493977e-07,-2.718471839586726928e-06
1.595019531823365144e-06,-1.901822392585609053e-07
8.654475790065240759e-07,1.269919657980162974e-06
1.089599223908567935e-06,1.618184480296642426e-06
-3.095631549612707259e-06,-6.718102273046165610e-07
-2.542626738945194984e-06,-5.009569405869808336e-07
2.792330326183324832e-08,-2.453504491222447983e-06
-2.676947044894966882e-07,-2.191208227460888168e-06
6.689667672923263292e-07,9.513321069500873157e-07
-1.672418968454508832e-06,1.697640020485639531e-06
1.421594913116252460e-06,1.649669237775960490e-06
1.336504879032279843e-06,1.989228191651982682e-06
-2.175123623346716815e-06,-7.265036990936850452e-07
-2.011020102523343717e-06,-3.458639629020944038e-07
-7.678115269685118396e-07,6.228566460684600249e-07
-3.656556904175950567e-06,-8.540160569192941819e-07
-1.271649408800931596e-06,1.670778513882976832e-06
3.184919696198284560e-06,-1.275923524328558711e-06
1.233063825431969502e-06,-9.923675070272591292e-08
-3.049625643680035051e-07,-3.815471079973193372e-06
3.286306596505642443e-07,-2.192610533520409809e-06
-1.818740840378862983e-06,-9.353618959391795683e-07
1.769529594978161641e-06,1.675306488391063998e-06
9.981351630514282337e-07,7.127898284193183966e-07
3.381072176953635100e-07,-2.719873345350273296e-06
-4.063946223789190895e-07,8.874987605810204780e-07
-2.338442073966797870e-06,-1.127162548944206335e-06
-3.444277092366032703e-06,-1.505432974393992071e-06
-1.179356162269909478e-06,2.057970702568046820e-06
3.353776837333323684e-07,-3.816816959145796216e-06
1.496178232768006242e-06,1.323465645479325684e-06
3.366319806355755024e-06,-7.216288186912805663e-07
1.108508918491230627e-06,-4.779623097331618459e-07
-7.100417065536929093e-07,9.190325684224596836e-07
9.402831964428780051e-07,9.805811573612359656e-07
3.403290084727253612e-07,-3.265311215038703498e-06
-2.884779247371889494e-06,-1.318637538444103368e-06
1.237380776170539644e-06,1.000365148432132895e-06
-8.901815893433541106e-07,1.636831183054050102e-06
2.894181098969733298e-06,-5.699160172179043226e-07
3.039663222787199053e-06,-9.195777620370149833e-07
1.451622185704422784e-06,-6.269624398098712863e-07
-3.269991724809246041e-06,-1.087377543600060289e-06
-6.301396222061890565e-07,1.243351490117923323e-06
1.774740734143208639e-08,-3.540379030599083504e-06
1.342965445002960812e-06,-3.472638876900213803e-07
-4.700002977280192568e-06,-4.401004461889686844e-06
-4.874905563585666181e-06,-4.198979534710493387e-06
4.077154794045346574e-06,-4.405562689036582802e-06
4.284266043873674212e-06,-4.160719130031440563e-06
1.159162531854551722e-07,-3.931557199764221963e-08
4.459446016387369005e-07,-3.257450968005370063e-08
-8.804149842755666920e-08,-3.036730714856339012e-08
4.832842146189423585e-06,-1.535488057762147051e-06
-5.322544162725307719e-06,-1.778983150331418479e-06
7.600001596428480027e-08,-2.305718549477161618e-07
-1.027644435750374646e-08,-1.403168575907728790e-07
1.583192170111454939e-07,-1.606630506612603414e-07
-5.043625880888673979e-10,-5.551520911963480773e-06
1.434906197934920925e-07,-1.028138341843980569e-07
5.350778994632700059e-08,-6.415631788236002534e-08
