Size 955,2
0.000000000000000000e+00,0.000000000000000000e+00
0.000000000000000000e+00,0.000000000000000000e+00
2.205744082913475549e-08,-1.028521863134512499e-05
-2.069142171156186627e-07,9.172291804786078509e-06
1.817363965639558473e-07,-1.385488406123881257e-07
2.178218075782887338e-07,-9.540076238979501202e-08
4.353295121646226510e-07,-9.496355864986396364e-06
8.254391899098113155e-06,-3.195270592149543006e-06
2.516925574698071521e-07,2.780925351200588550e-08
2.535829031286659662e-07,2.810847927783737786e-08
8.543687197193454780e-06,-2.349790771408632428e-06
5.315329836105709690e-06,6.323261233444029458e-06
8.478595284276306765e-08,1.477447783710566718e-07
7.612043969497937985e-09,1.218526892500828342e-07
4.568908307611556260e-06,6.872197233275438653e-06
-4.610503780101096663e-06,7.038735484669576599e-06
-9.849835933089932848e-08,3.201519026308016839e-08
-9.925284402528353511e-08,3.158357757841711525e-08
-5.356859490211253110e-06,6.480802506957752272e-06
-8.805222181581485457e-06,-2.481564140954538823e-06
-6.355258329783270199e-08,-1.004809047353970694e-07
-7.325367619451949306e-08,-1.285151574496858445e-07
-8.522441899772793448e-06,-3.315677003789372009e-06
-3.911987050902738828e-07,-9.492644738579587212e-06
1.170282119259599060e-07,0.000000000000000000e+00
1.704988152227905374e-07,0.000000000000000000e+00
1.817582617122209031e-07,0.000000000000000000e+00
1.693378049522374116e-07,0.000000000000000000e+00
1.044673505881206550e-07,0.000000000000000000e+00
0.000000000000000000e+00,0.000000000000000000e+00
0.000000000000000000e+00,0.000000000000000000e+00
0.000000000000000000e+00,0.000000000000000000e+00
0.000000000000000000e+00,0.000000000000000000e+00
0.000000000000000000e+00,0.000000000000000000e+00
5.231296043189955124e-07,-1.025777830594332348e-05
9.958779738130314569e-07,-1.020215825595668242e-05
1.438813339468654535e-06,-1.013157977642567389e-05
1.863145767739950091e-06,-1.004549596550995479e-05
2.272424743197403691e-06,-9.944503313857249737e-06
2.670238434291440900e-06,-9.828453327345640898e-06
3.059740968909664329e-06,-9.696769366218332170e-06
3.443546601440600387e-06,-9.548380552725269947e-06
3.823639267176612663e-06,-9.381905997337098318e-06
4.201338234679208938e-06,-9.195909908834284531e-06
4.577575064074074917e-06,-8.988647546325513176e-06
4.953381530732398473e-06,-8.758360864504470154e-06
5.331048664812428898e-06,-8.505199423520573351e-06
5.707317731938421473e-06,-8.226124530586022014e-06
6.085852705926554415e-06,-7.914804757210795383e-06
6.458354167647175675e-06,-7.575947448055919342e-06
6.828396772740570504e-06,-7.203391106633685742e-06
7.187549652755178489e-06,-6.802082519862797360e-06
7.531334364291213245e-06,-6.370513385595283735e-06
7.858028348814276388e-06,-5.913132517466644303e-06
8.164216205130821622e-06,-5.433059272269538781e-06
8.446522039516997092e-06,-4.933535407933780635e-06
8.701815835610494134e-06,-4.418515632216410228e-06
8.927131857213740598e-06,-3.893156190453199001e-06
9.121349396072588454e-06,-3.359911857171792610e-06
9.277832178643992343e-06,-2.825376500993844901e-06
9.389319156857268143e-06,-2.311838278017772215e-06
9.466718621212445210e-06,-1.832399225195963261e-06
9.520069798869944814e-06,-1.385263803854877514e-06
9.552821183988219485e-06,-9.612893927100472506e-07
9.567367728610208369e-06,-5.561767998848226638e-07
9.565751584225557765e-06,-1.654116881826439994e-07
9.548960225807879272e-06,2.153673556218784239e-07
9.517355960384273484e-06,5.901891913114320412e-07
9.470607247358048595e-06,9.626345416357483537e-07
9.407856907570847499e-06,1.335712308224778982e-06
9.327780512965579769e-06,1.711764064000075328e-06
9.228879847606886520e-06,2.092433050942160997e-06
9.109296494422918002e-06,2.478604471114371992e-06
8.967501924738117958e-06,2.870421654886746578e-06
8.801614481147360916e-06,3.267734182215804701e-06
8.610021830438631282e-06,3.670609047101848884e-06
8.393712658102766866e-06,4.080412774379153016e-06
8.149000628888460886e-06,4.492431137899968426e-06
7.870489588272610139e-06,4.910218768605964316e-06
7.562903312239574153e-06,5.323839110471296285e-06
7.221474968953444909e-06,5.736365772084902953e-06
6.851258913799404584e-06,6.138143681466255318e-06
6.450242018973819639e-06,6.530380742223736130e-06
6.022836470124756635e-06,6.905649580659910099e-06
5.567577705173029114e-06,7.262354478460555910e-06
5.090757045142204510e-06,7.586122788005695621e-06
4.616127435069467967e-06,7.867258116406340493e-06
4.144982044061180130e-06,8.114612343851213667e-06
3.682001792589035822e-06,8.334997338942243801e-06
3.223817411706613205e-06,8.526555442780263633e-06
2.770639009002238858e-06,8.690354505245198545e-06
2.323319507182716428e-06,8.827928994030892709e-06
1.882863354872738125e-06,8.940252883743182529e-06
1.449893965088889019e-06,9.028924892206574552e-06
1.024702771822935605e-06,9.095131930201603114e-06
6.072050315554813712e-07,9.140333887533984996e-06
1.969367909017582548e-07,9.165681029821372801e-06
-6.054577589135775926e-07,9.160837959715115798e-06
-9.999932162136565592e-07,9.131732021008822872e-06
-1.392023681554896583e-06,9.085243360120877124e-06
-1.783253208189197965e-06,9.021277531967604113e-06
-2.175503581869384809e-06,8.939295574857456899e-06
-2.570640430664277880e-06,8.838465106948820480e-06
-2.970476990355373038e-06,8.717287618825996179e-06
-3.376639748226845772e-06,8.574279246991887974e-06
-3.791151496213564995e-06,8.406978515318193251e-06
-4.217121967296049444e-06,8.212745650732136688e-06
-4.663647004621107614e-06,7.992704407729470003e-06
-5.126961874208249589e-06,7.736124561535653450e-06
-5.609885624338324240e-06,7.424239228533190722e-06
-6.076701530083723307e-06,7.071274270918515336e-06
-6.522783718610014554e-06,6.691031964557004087e-06
-6.944948924900995943e-06,6.287858801058964845e-06
-7.339262520279593471e-06,5.868177581836709185e-06
-7.704221571188410062e-06,5.433567111101160905e-06
-8.034695220779963548e-06,4.994330797838548636e-06
-8.333907555300414989e-06,4.548872344838259619e-06
-8.596665096716586289e-06,4.108640965913899617e-06
-8.828056146630412922e-06,3.670661878019222835e-06
-9.032331456361773360e-06,3.240866974055886827e-06
-9.208154066977868426e-06,2.818244853069782324e-06
-9.357254037704328432e-06,2.403167383941477625e-06
-9.481790357796851396e-06,1.996216388065747747e-06
-9.583531836634308766e-06,1.597605865358569328e-06
-9.664733024152259597e-06,1.206689074388719503e-06
-9.727236310203091836e-06,8.219328434532682330e-07
-9.772772461401054643e-06,4.410051069126900028e-07
-9.802553606854623650e-06,6.080301836601138469e-08
-9.817248487425235973e-06,-3.224142144222802553e-07
-9.816794450115240271e-06,-7.128924117676203103e-07
-9.800434399129857947e-06,-1.115235984560853988e-06
-9.766346988338247122e-06,-1.534202194445319080e-06
-9.712275880399743564e-06,-1.974301719989895092e-06
-9.635011848699671095e-06,-2.445357046302594215e-06
-9.524017872682743525e-06,-2.949552893891226683e-06
-9.366531126481850427e-06,-3.472036503528787343e-06
-9.172429553835572167e-06,-3.985969402631392975e-06
-8.953461586471733090e-06,-4.484168623795264397e-06
-8.709198803274578838e-06,-4.969164085520134826e-06
-8.441863089199013625e-06,-5.437845001430667050e-06
-8.153494323617441067e-06,-5.888059198931097593e-06
-7.846291538046768247e-06,-6.318096695468711708e-06
-7.522295008449857143e-06,-6.726284894526377535e-06
-7.182388212325628324e-06,-7.110107496679097649e-06
-6.829527015183562901e-06,-7.470827834925882894e-06
-6.468138807020022815e-06,-7.805783624932144271e-06
-6.096215235840826383e-06,-8.118502376630908686e-06
-5.717596824835248627e-06,-8.406694638944530406e-06
-5.330554558766004036e-06,-8.673442754757625781e-06
-4.936369331600548582e-06,-8.919555035865091433e-06
-4.534146135959622779e-06,-9.144942994806573781e-06
-4.123538391382563725e-06,-9.350145939842320424e-06
-3.704269392638919262e-06,-9.535531190177006457e-06
-3.275987825505646317e-06,-9.701316973895452133e-06
-2.838219605320670643e-06,-9.847517022577498879e-06
-2.390435758399782108e-06,-9.974003989576447102e-06
-1.932138118663513192e-06,-1.008034316958931478e-05
-1.462948912177018429e-06,-1.016595645133005936e-05
-9.829774428724744984e-07,-1.022998261133681674e-05
-4.868735044247251599e-07,-1.027285214702498206e-05
2.051299213377458007e-07,-1.099122222009327684e-07
3.195723932135716755e-07,-2.030488537993537042e-07
4.815404138883152406e-07,-3.261473721943447101e-07
7.252183836039282865e-07,-4.706487873930682228e-07
1.019734367755331253e-06,-6.245929336521092868e-07
1.379786058443688924e-06,-7.947419930976194468e-07
1.780335683767755828e-06,-9.711564896439846887e-07
2.231376499440049199e-06,-1.158990842933770882e-06
2.712753794867809382e-06,-1.349947205926438488e-06
3.229906689809565506e-06,-1.547657252504346883e-06
3.767475174781757916e-06,-1.745422679885496765e-06
4.326450476092260866e-06,-1.945387748392192840e-06
4.896156357814006918e-06,-2.142419157916076670e-06
5.473248000146752709e-06,-2.337206665932738468e-06
6.051603222866308711e-06,-2.526132056775935195e-06
6.623658024328581007e-06,-2.708542924068881406e-06
7.188205992586293955e-06,-2.882528152764540393e-06
7.732172549276926100e-06,-3.044159720990377186e-06
8.037194221554188245e-06,-3.718600913771513702e-06
7.793632552635865662e-06,-4.239471914888642804e-06
7.525515812908926875e-06,-4.749438610479539111e-06
7.234917260153257380e-06,-5.243276699963058376e-06
6.923977012484207390e-06,-5.716728051869820723e-06
6.594907868280859515e-06,-6.167101645227916805e-06
6.257067461792341942e-06,-6.589338793758322516e-06
5.907045228280364199e-06,-6.984522674318403585e-06
5.553505653878184626e-06,-7.345262304606053189e-06
5.192946021641885639e-06,-7.676693151289989302e-06
4.832922854348568488e-06,-7.973806951751740167e-06
4.467692793647993783e-06,-8.242939341479698241e-06
4.101201102691375169e-06,-8.479035305564235861e-06
3.730334595758426013e-06,-8.689343856029862806e-06
3.355149342220543152e-06,-8.874510216423714797e-06
2.974462239792766501e-06,-9.035102044312367443e-06
2.586383916807435024e-06,-9.171831602896014402e-06
2.188415398111487575e-06,-9.285082801555351244e-06
1.777469156089991589e-06,-9.374846437445443834e-06
1.350049968717133230e-06,-9.440712463569700898e-06
9.019712427761748047e-07,-9.481668264967264473e-06
4.674244173572309255e-07,-8.976634470064961976e-06
4.947468155275701239e-07,-8.434859213195881111e-06
5.185406672844507307e-07,-7.858961779681195760e-06
5.367831179606708319e-07,-7.264039873754155299e-06
5.508082056562057354e-07,-6.648153339386347370e-06
5.588268751271771547e-07,-6.022935428674198995e-06
5.622929836695906182e-07,-5.391391551815826678e-06
5.592662151102739876e-07,-4.760872032863560889e-06
5.513337798716792216e-07,-4.139840046518917317e-06
5.364247023056293845e-07,-3.530996875539252878e-06
5.162575662725378836e-07,-2.948632994118625762e-06
4.886301722273261107e-07,-2.390423733087174119e-06
4.553907270637634692e-07,-1.876863636994789792e-06
4.142022937578270334e-07,-1.400240893350818978e-06
3.670865359209362716e-07,-9.875968170273323474e-07
3.115647307805791603e-07,-6.251774924587316021e-07
2.493488075982263955e-07,-3.487438138415200325e-07
2.494166215950614417e-07,2.130735693931506710e-08
3.922160446851237612e-07,1.234158156799858628e-07
5.474289651027451792e-07,2.603137307021603602e-07
7.346204103915184819e-07,4.454925759309584782e-07
9.419030414247304342e-07,6.629588338242816461e-07
1.178171652052163761e-06,9.240724311985424246e-07
1.431272252371145797e-06,1.213791601048957289e-06
1.708602060209936158e-06,1.541083613020740776e-06
1.999185296762004689e-06,1.892720982865182943e-06
2.308690569969074733e-06,2.275112696252004512e-06
2.627486594368476813e-06,2.677061407873821251e-06
2.959337240503771332e-06,3.102173603277476755e-06
3.296134993978890429e-06,3.541529989096746557e-06
3.639559036919339396e-06,3.995688661090174255e-06
3.983197700092499340e-06,4.458249329084054940e-06
4.326491624286170187e-06,4.926467783526468133e-06
4.665041887410487649e-06,5.396845231380164488e-06
4.995042744800002793e-06,5.862851629127616517e-06
5.755136387141348761e-06,5.962848581042210030e-06
6.174302513150318301e-06,5.584904400165284465e-06
6.563926358391340297e-06,5.197796287939225920e-06
6.926107850468436274e-06,4.801085044784559220e-06
7.254588111661577343e-06,4.403378073010822148e-06
7.553849923477056089e-06,4.002088336381159126e-06
7.818546060341228477e-06,3.606283331672312374e-06
8.054888303810000009e-06,3.210389107110020878e-06
8.256387582664803451e-06,2.820481384769687569e-06
8.430863944762808759e-06,2.433525757451483617e-06
8.579079477596020383e-06,2.050895577428651688e-06
8.701624587377750625e-06,1.672639366861154208e-06
8.799549156193946193e-06,1.298017060526127264e-06
8.873480511547775327e-06,9.255591035338150521e-07
8.923928697573154620e-06,5.530212605798093812e-07
8.950914247230220847e-06,1.774990031066830100e-07
8.953937085584224564e-06,-2.044950526085729323e-07
8.931792689836232248e-06,-5.969191639560692838e-07
8.882691243327840068e-06,-1.003962651406497232e-06
8.803739965262758206e-06,-1.430023367593313784e-06
8.691928803272464384e-06,-1.879476159208316512e-06
8.020011089410451169e-06,-2.150876221720883540e-06
7.485308969364174155e-06,-1.955175906884022016e-06
6.929942823662293729e-06,-1.755799371701396148e-06
6.362615582736882091e-06,-1.558616813716063545e-06
5.786351810546544287e-06,-1.362970552416696825e-06
5.207750780927871337e-06,-1.172677866097225596e-06
4.633848602374505787e-06,-9.884046886931751252e-07
4.066943445625064492e-06,-8.126847562955667894e-07
3.518692663081418120e-06,-6.476356156233391389e-07
2.987032623792335179e-06,-4.944136170438844954e-07
2.488328306448862178e-06,-3.566236385728127950e-07
2.016043766076185526e-06,-2.340118373516833770e-07
1.591362936138394953e-06,-1.317053436827079208e-07
1.203162341077534488e-06,-4.800226629442979138e-08
8.775702942039596015e-07,1.039442244513635515e-08
5.988168506809084183e-07,4.669273175547858889e-08
3.971918934075936402e-07,5.263140669027744368e-08
3.939190279025106941e-08,1.396482911421611966e-07
-2.082508769770589335e-08,2.481940708328869094e-07
-8.549943494439576103e-08,4.201480419581998817e-07
-1.956770319244565686e-07,6.488305044906972464e-07
-3.354774217353017829e-07,9.118553988048320678e-07
-5.141214891702572244e-07,1.223417068346826836e-06
-7.189986403342329105e-07,1.563848716002999203e-06
-9.568511011956608707e-07,1.944180064416002077e-06
-1.216868815216030042e-06,2.347127901509939494e-06
-1.503391437266439761e-06,2.780587239079700383e-06
-1.807645463314489063e-06,3.229893795809149638e-06
-2.131374613551509675e-06,3.699551003744112458e-06
-2.468019221908387011e-06,4.177760402760817042e-06
-2.816546839555008412e-06,4.665388430846903356e-06
-3.172796789405545857e-06,5.153768375745330390e-06
-3.532816611844746052e-06,5.639830248169147627e-06
-3.894822028704014223e-06,6.117892159414916914e-06
-4.251553540480356309e-06,6.582528798589909045e-06
-4.190237747044899468e-06,7.338436400555680530e-06
-3.770336739853373519e-06,7.600379389529275937e-06
-3.364352901739237061e-06,7.815074054950069471e-06
-2.963099035571672751e-06,7.998043775114416779e-06
-2.566641557416476779e-06,8.151694272469706660e-06
-2.173693254438139150e-06,8.277653214508327628e-06
-1.782667124277569584e-06,8.377842630595156180e-06
-1.391959408503279556e-06,8.453420583519581920e-06
-9.999164100323405353e-07,8.505354254054209464e-06
-6.050200659713564974e-07,8.534128277372951291e-06
-2.059379942046919759e-07,8.539876281605980081e-06
1.984558644935786683e-07,8.522374136034386271e-06
6.091030540552566001e-07,8.481121542855133547e-06
1.026661529070204364e-06,8.415329307185917204e-06
1.451356836517553970e-06,8.324181874971517951e-06
1.883063499291266323e-06,8.206481513495704299e-06
2.321195137773119947e-06,8.061369135045363664e-06
2.764871956481088360e-06,7.887473341320523239e-06
3.212779598663183464e-06,7.684178905471534006e-06
3.662620448755358089e-06,7.450437439301235228e-06
4.118122429305631036e-06,7.176867657566602090e-06
4.224534030493230618e-06,6.421770436043402799e-06
3.881606444898359232e-06,5.964535962060041118e-06
3.536873463482887079e-06,5.499020464907327193e-06
3.195465381803865858e-06,5.029382082687690469e-06
2.859504726121075201e-06,4.561188958011789449e-06
2.531404692856001434e-06,4.095860299128628851e-06
2.215263554663424924e-06,3.641458640311639609e-06
1.911073499862988837e-06,3.196211932330411960e-06
1.624809483861797452e-06,2.770589469961088913e-06
1.354207207078093348e-06,2.359895352848186318e-06
1.106936973808665229e-06,1.976751303655384468e-06
8.786574871952900079e-07,1.613783773129098426e-06
6.785564815444069772e-07,1.285521112604802644e-06
5.003957462087532101e-07,9.821613802999190982e-07
3.546770603355609159e-07,7.198722649200850461e-07
2.335252187655119206e-07,4.866352257460053277e-07
1.490186519655043987e-07,3.012293611735808368e-07
-9.457066149615050977e-08,3.009103051730866768e-08
-2.579044431716294389e-07,5.641475754336904614e-08
-4.767339577167631598e-07,5.057455126863173504e-08
-7.791097379797562788e-07,1.192450360492308105e-08
-1.131547862539686478e-06,-5.083623098884403039e-08
-1.550475202840834635e-06,-1.408292137616715361e-07
-2.007714509346830208e-06,-2.509318527752451901e-07
-2.514442103645962109e-06,-3.826166069471209984e-07
-3.048053050049414029e-06,-5.305421835337218814e-07
-3.614494855602756637e-06,-6.945235377508288713e-07
-4.196623522534506766e-06,-8.709503657680958830e-07
-4.795272560432164733e-06,-1.058018931812142423e-06
-5.398647396208663869e-06,-1.253814719232447328e-06
-6.002577969651256473e-06,-1.454948596695536159e-06
-6.600528061403743964e-06,-1.661166057488114047e-06
-7.183394610024447327e-06,-1.867575335302264465e-06
-7.749390183115189220e-06,-2.075472498870099188e-06
-8.286220789890331038e-06,-2.277838195029404521e-06
-8.949974389135661668e-06,-2.020809304477187940e-06
-9.059211933716171015e-06,-1.578483012463229406e-06
-9.136030965599279891e-06,-1.157613935531111662e-06
-9.183207757680711771e-06,-7.535502969094128834e-07
-9.203348711848620105e-06,-3.616465564839398996e-07
-9.197981624754353257e-06,2.253960495317476317e-08
-9.168004896301547234e-06,4.031808730991915598e-07
-9.113603368250279405e-06,7.839299685091030076e-07
-9.034456683707623348e-06,1.167774075638933832e-06
-8.929726900890022398e-06,1.556944876592236778e-06
-8.798563686222008723e-06,1.952782925670197418e-06
-8.639662081671091961e-06,2.355779257467335599e-06
-8.452375795735107846e-06,2.765514207411721123e-06
-8.235905422696063484e-06,3.180041632170059946e-06
-7.981597561646352945e-06,3.602348151940729697e-06
-7.697361762019816527e-06,4.025305985663025447e-06
-7.376971679263221547e-06,4.454096533161019558e-06
-7.026957841168776055e-06,4.878780732901734941e-06
-6.644181941006598686e-06,5.300262269088272825e-06
-6.236056936711365328e-06,5.710052780967179482e-06
-5.803500196568592753e-06,6.105797904784962447e-06
-5.036998130127316681e-06,6.014269389281186968e-06
-4.702105471888653915e-06,5.535316828389550266e-06
-4.353128777101051429e-06,5.046828257278137686e-06
-3.996522812389154821e-06,4.558350885299540369e-06
-3.636561827386165454e-06,4.072745011277143144e-06
-3.274829614527447872e-06,3.594745171537929162e-06
-2.918311476635963975e-06,3.131011330286810422e-06
-2.565869915934245255e-06,2.682252926983738400e-06
-2.226695149179617869e-06,2.258355660458225277e-06
-1.897045454130133414e-06,1.856267677785726055e-06
-1.588153727910023886e-06,1.488866701021003943e-06
-1.293854991192363626e-06,1.149585013474733089e-06
-1.027246768109984812e-06,8.540441593026602133e-07
-7.799138203874906672e-07,5.923898480787166285e-07
-5.666111917558724510e-07,3.827920794034796705e-07
-3.770392029131447791e-07,2.126910941971340859e-07
-2.271346131698162897e-07,1.007486478342631987e-07
-6.559795281580087123e-08,-1.007222541881899571e-07
-1.569064515334675280e-07,-3.477038232247917654e-07
-2.217204668597369848e-07,-6.267424311830505332e-07
-2.801809121201397496e-07,-9.886125406473977756e-07
-3.301916203371536504e-07,-1.401243335140017293e-06
-3.742035814991485441e-07,-1.877891958952391033e-06
-4.102757679422877735e-07,-2.391450691240277262e-06
-4.407388550358124904e-07,-2.949659007655472590e-06
-4.637411776487013772e-07,-3.532022986454045630e-06
-4.814853429927203342e-07,-4.140866187230605441e-06
-4.922528777789975515e-07,-4.761898158972149434e-06
-4.981147865509527941e-07,-5.392417630550681563e-06
-4.974840493002434828e-07,-6.023961889753066051e-06
-4.922995023358845901e-07,-6.649180641809893288e-06
-4.811036163014784296e-07,-7.265055790502526061e-06
-4.657235488702153093e-07,-7.859974129682272109e-06
-4.448500806899648108e-07,-8.436142888067263881e-06
-4.197775127096942760e-07,-8.977360500209818618e-06
-8.813570441895881780e-07,-9.467185777180857774e-06
-1.364541603004771396e-06,-9.416210047941682388e-06
-1.835777557541628518e-06,-9.340028640032733655e-06
-2.295305921115088541e-06,-9.239179982486470509e-06
-2.743291504923812830e-06,-9.114078429038033588e-06
-3.180044817620055106e-06,-8.965074710867697050e-06
-3.605905898585430709e-06,-8.792304767863923324e-06
-4.021175336899900543e-06,-8.595823298144653274e-06
-4.426022948572534428e-06,-8.375623206889712836e-06
-4.820216784846470445e-06,-8.131694391728076579e-06
-5.204831238612783171e-06,-7.861422833592534223e-06
-5.577941382490505737e-06,-7.566595051608095593e-06
-5.942196941922486072e-06,-7.244579482324009543e-06
-6.293760395407149469e-06,-6.897609699621810660e-06
-6.634781700204097343e-06,-6.523033742644870595e-06
-6.960195026432564729e-06,-6.124842119606005701e-06
-7.272611778445205383e-06,-5.702391711097130886e-06
-7.566135771163898889e-06,-5.258628451124543395e-06
-7.839314049250030667e-06,-4.794986546411137877e-06
-8.090766038117845518e-06,-4.313890171752390068e-06
-8.318998901041855739e-06,-3.818288422667891481e-06
-7.997671260446134826e-06,-3.172011533093192777e-06
-7.447388241764807287e-06,-3.015524160856997597e-06
-6.868904936806158218e-06,-2.843779095066209036e-06
-6.278365162381553128e-06,-2.661196428121554092e-06
-5.675764544388476483e-06,-2.469551689764367211e-06
-5.071328010866869410e-06,-2.270127462513994380e-06
-4.470524300591387676e-06,-2.066576027080554323e-06
-3.878715742541585619e-06,-1.858614955814584405e-06
-3.306570512370908104e-06,-1.651622692747617047e-06
-2.754473065923172390e-06,-1.443654274974705779e-06
-2.238416858629503438e-06,-1.241861512609907619e-06
-1.753696883379138574e-06,-1.042603584172472276e-06
-1.321742510877449505e-06,-8.548403135984338271e-07
-9.326532667947286287e-07,-6.731986467317255364e-07
-6.133957407577278603e-07,-5.084940891121121483e-07
-3.486643439397889094e-07,-3.535689944755936598e-07
-1.714523803803064057e-07,-2.208487965923230947e-07
-1.190696370321879537e-07,1.694638721634037730e-07
3.501944440702553627e-07,-7.205733716744783852e-08
4.597403135664873996e-08,-3.389707352469788626e-07
-2.057860480983149315e-07,-7.964765055945419780e-08
2.679141678359362297e-07,2.067621184678194600e-07
-3.244484667504198838e-08,4.890754782959860190e-08
1.651482509081179172e-07,5.805727947612848380e-08
-6.381114763137313638e-08,-2.641598272992333067e-08
2.205744347010321675e-07,-1.857707280660822504e-08
-6.198959032431590291e-06,-7.516762262806079199e-06
5.812770922168911750e-06,-7.622008191878836281e-06
6.883715771026731069e-06,5.457111941231541360e-06
-6.981814706918517015e-06,5.573883854934312272e-06
-7.695115631712829763e-06,4.714311034417740468e-06
7.552585135020324008e-06,4.647398226071943473e-06
4.611481078530633098e-06,6.143469304569605262e-06
-4.647312325661956339e-06,6.299744498615579779e-06
6.532135159300810047e-06,-6.888869712746215326e-06
-6.898541656212229627e-06,-6.808751853380267478e-06
4.356999534689727244e-06,7.509978840430573522e-06
-4.415074255645868318e-06,7.653833153480440240e-06
-8.145633235936921730e-06,-2.727729935228609967e-06
2.328995232389137007e-08,-8.981580582662171164e-06
7.878667004986673745e-06,-2.600342898843320700e-06
3.931776459593897613e-06,5.212917626879981556e-06
-3.774385584647457830e-07,5.105846933624954662e-07
6.778192486289164998e-06,-2.232537279879703466e-06
7.944966352068460247e-07,-2.278791057394614130e-07
-7.028205627442277491e-06,-2.356277666031863981e-06
2.643534209382239317e-08,-7.862110306787203180e-06
5.415255551643939296e-07,5.783563511474180346e-07
4.339541944374783939e-08,-9.809493102155727878e-07
-6.888669264649361397e-07,-2.458767631360866286e-07
-3.943334871402442269e-06,5.343950709781332647e-06
4.059596875347784530e-08,-1.872138356943988626e-06
2.925333500731720814e-08,-6.649957813352372514e-06
3.248975387097197787e-06,4.277661000976083199e-06
5.629867024730005080e-06,-1.850123853144211065e-06
-7.674836777157304906e-07,1.034320047083445846e-06
9.256396406992051442e-07,1.101038495693853297e-06
1.480133113000511154e-06,-4.614664661587391697e-07
-5.839714414830022993e-06,-1.962439362002256394e-06
-1.430371218978802780e-06,-4.959810837130999746e-07
-3.226148622467969501e-06,4.368493567303226611e-06
2.586120722070149254e-06,3.370182544251213174e-06
-1.269920934144157416e-06,1.712960334203293467e-06
3.775927552305370330e-08,-2.945708967690759646e-06
-2.523656732007726037e-06,3.413638537626013411e-06
-4.631922078564403790e-06,-1.561990131148508300e-06
3.208912978570208586e-08,-5.391732687019115912e-06
2.355838475500107606e-06,-7.565129805225608298e-07
1.405506640389314850e-06,1.755792988962168191e-06
4.478890395682586162e-06,-1.466496962152668213e-06
-2.372312263288208303e-06,-8.109112568112737606e-07
-1.863132527841455596e-06,2.516831441495743189e-06
3.492421983690528789e-08,-4.138605262695006089e-06
1.965001873958235824e-06,2.520434900216547372e-06
-3.458002514584459704e-06,-1.172260881050847238e-06
3.371679750609239743e-06,-1.096805041249026412e-06
-5.453193265335619197e-06,-8.124241685343224089e-06
5.073083086421319720e-06,-8.230040002835239737e-06
6.094246777006994575e-06,6.235630540237630322e-06
-6.153266982242361431e-06,6.387025125788533023e-06
-8.277514193418364052e-06,3.846260876711823493e-06
8.095317204099470004e-06,3.834781668790171732e-06
1.716725715948761460e-07,-5.822305648293308462e-08
3.501906786851007871e-08,-1.156171591460004916e-07
-4.061897250406039219e-08,-5.656997093039537561e-08
5.249322313962407116e-06,6.924108861372731950e-06
-5.289121755261822261e-06,7.086477913457698983e-06
7.838081174846255446e-06,-5.088578304734733257e-06
7.546771163462563848e-06,-5.579615963956021845e-06
-7.860024615177108826e-06,-5.574546104779278048e-06
-8.134249735812125530e-06,-5.114148788279483851e-06
2.541165577568271737e-06,8.367865688996583399e-06
2.991410287489555827e-06,8.205705874037100021e-06
-3.166694233991645445e-06,8.284732176111397005e-06
-2.764284925317790879e-06,8.427329708787592791e-06
8.119937768905617729e-06,-4.586462973460482144e-06
-8.400169674308514340e-06,-4.642224362336279983e-06
2.100110022954760454e-06,8.514999271025841497e-06
-2.369977786910219341e-06,8.556498300162131764e-06
9.027796549356613856e-06,-2.084682183376927525e-06
8.909309638208174440e-06,-2.585643434965207252e-06
-9.163268531857847321e-06,-2.714410367441705897e-06
-9.279766377431061816e-06,-2.222252796518662164e-06
2.137044531674899602e-07,1.223883776239408387e-08
1.963399848332486951e-07,1.856527068684685607e-09
2.353538265867157229e-07,6.663307342665008387e-09
-5.486023549113036417e-08,1.789223434079926684e-08
-8.140607588092267121e-08,6.087026347955784721e-09
-2.944318541706987503e-08,3.361090384735314591e-09
-5.752810439311532437e-06,6.433838083887823830e-06
-6.194527764932752752e-06,6.047966586382720054e-06
6.133912611220377592e-06,5.908188489756822765e-06
5.705672169279011393e-06,6.280002100206475723e-06
9.129026647004424014e-06,-1.624620062917900182e-06
-9.379817830411007546e-06,-1.770231469316459475e-06
8.120387185727678166e-06,4.158429388645911913e-06
8.356950354593329532e-06,3.752193262917468142e-06
-8.557574961343243308e-06,3.757867580530524451e-06
-8.303795565280610073e-06,4.192047173432944555e-06
-4.277272022922752664e-06,-8.870196881122990263e-06
-3.862665606270809404e-06,-9.065854023658522875e-06
3.964090419773449455e-06,-8.941977581581307690e-06
3.586283658690522948e-06,-9.122769341971380549e-06
-3.442475244175652245e-06,-9.250481599212413467e-06
3.208349152730877890e-06,-9.291415755577085421e-06
8.587992083644875783e-06,-3.540141294967148860e-06
8.363348884453734286e-06,-4.065510482734280992e-06
-8.846227661422284433e-06,-3.648225137754638686e-06
-8.631108740816260434e-06,-4.149714356951382574e-06
5.385531012292174475e-06,-8.226958593741420011e-06
5.013170988531194611e-06,-8.497905916743112440e-06
-5.391855966648565219e-06,-8.400283867562035890e-06
-5.772625134369083086e-06,-8.120883687168874068e-06
-9.070829976589991417e-06,2.173094178286546006e-06
-8.921787737258726799e-06,2.583282535260774940e-06
8.697503680542860831e-06,2.648921397603763143e-06
8.837931917297229116e-06,2.260705133937114583e-06
-9.202980602297193750e-06,1.773070366511528794e-06
8.963216386178918710e-06,1.879880563698381100e-06
-4.761738274618536711e-06,7.692763201586925312e-06
-4.315317942748866141e-06,7.941407102330852374e-06
4.250404333321782249e-06,7.817598100828690243e-06
4.718543300376495727e-06,7.546759350633387977e-06
-6.864412836219196304e-06,-7.142385121106494201e-06
-7.208086066805372191e-06,-6.767367050462432034e-06
6.856159247692882029e-06,-6.845208701977883684e-06
6.495914422763007218e-06,-7.236962018438536473e-06
8.776520260992598914e-06,-3.006444611964706434e-06
-9.031923116146879193e-06,-3.128676845826243342e-06
1.949992940584999524e-07,-1.106569495877144224e-08
-3.333495796485711279e-08,-1.846265059809178937e-08
7.556610225607740980e-06,4.981439448424910074e-06
7.854951565388005176e-06,4.569844948047152477e-06
-8.018737297682754366e-06,4.631486801035773079e-06
-7.698578151092540377e-06,5.070059016638062663e-06
-7.346325658771270064e-06,5.503849288388012875e-06
-6.962944428744565341e-06,5.928993128189213567e-06
6.866900002844580854e-06,5.794717591669010915e-06
7.227246749818899688e-06,5.390683650317758156e-06
1.663525350286327511e-06,8.625476633246942381e-06
-1.976990087289967351e-06,8.653450275703761948e-06
1.235431099439575062e-06,8.719330342289752873e-06
-1.586701933183805843e-06,8.736466923055249094e-06
6.131342593737984959e-06,-7.598252026478199218e-06
5.760374192659649272e-06,-7.928260531672393438e-06
-6.147744950186638020e-06,-7.819659353703482997e-06
-6.512004705621805291e-06,-7.493421169646861420e-06
-3.009589204959300986e-06,-9.404557191294500606e-06
2.822579255582360255e-06,-9.431278066395347198e-06
9.192038646595168593e-06,-1.188992473815551570e-06
-9.442322097836704445e-06,-1.340767904689163345e-06
-6.246633502620955853e-06,-7.209599565343894088e-06
-5.886222861816354570e-06,-7.541196628937148730e-06
5.498198340785562549e-06,-7.648356418665381220e-06
5.860462349538590717e-06,-7.307794684744229753e-06
-2.568004871380808868e-06,-9.544370471450367181e-06
2.430683878578576909e-06,-9.558020563476152752e-06
9.237086751654836881e-06,-7.747703947942425139e-07
-9.487202463946115181e-06,-9.306020180614402195e-07
5.169614608582500395e-06,7.257679347891708565e-06
5.636894196218571658e-06,6.914399033039772023e-06
-5.681151864921464914e-06,7.077540200524943299e-06
-5.207432964798596257e-06,7.416755180421300974e-06
6.904081885175598329e-06,5.125371944775105411e-06
6.532504595227269497e-06,5.521384379666024087e-06
-6.611136282634651517e-06,5.642208581454125337e-06
-7.003704639072136668e-06,5.223223573818044184e-06
-7.364953377023161657e-06,4.796662426054297384e-06
-7.694698097061029968e-06,4.364823607846901544e-06
7.551715848387500574e-06,4.319882267702897664e-06
7.243532142527899837e-06,4.724365869511366279e-06
-9.303562836965097938e-06,1.379412654546681239e-06
9.059222820054180250e-06,1.502521127676627384e-06
6.215658498309960336e-06,-6.936171079904567224e-06
6.564474893129722122e-06,-6.531942178799476696e-06
-6.929959387152521719e-06,-6.469294484521692617e-06
-6.593914575498249894e-06,-6.852869642125632620e-06
4.463330803841352889e-06,7.195333043004295374e-06
4.005001564195150401e-06,7.477737981851091953e-06
-4.085359785751152216e-06,7.623336586254165656e-06
-4.513328700940190456e-06,7.353932612247076275e-06
-9.386860824377150789e-06,9.930270116754896136e-07
9.139375402851516750e-06,1.129266032050486928e-06
2.087634014024964776e-07,1.179482750753622618e-08
-5.517616051727741121e-08,2.030339264935692347e-08
8.399039352557078315e-06,-2.768451176439096131e-06
-8.663393665767018961e-06,-2.895237875084656388e-06
-5.515616201001716912e-06,-7.847134315747752929e-06
-5.135134920765179718e-06,-8.127443227872596928e-06
4.766323965051018498e-06,-8.235112835346184286e-06
5.133178192566083048e-06,-7.957239657275233180e-06
-1.175283104401466416e-06,-9.819463673296813480e-06
-6.877985674136308525e-07,-9.863956600781697941e-06
7.202262079728779986e-07,-9.858168912890948854e-06
1.176727979444330036e-06,-9.813531425404765815e-06
2.283961081424520395e-07,-9.888595706267477712e-06
-1.820703165701936982e-07,-9.890265619607157343e-06
8.144317609032800638e-07,8.783019931132492896e-06
-1.195825485822833496e-06,8.792948676602255765e-06
-7.991846012826455041e-06,3.935575873982119560e-06
-8.254217846965223094e-06,3.507584425335303740e-06
8.072902031368327713e-06,3.517631049688732522e-06
7.828684664544265638e-06,3.918241091929024154e-06
6.058452336803159599e-06,6.569029391842592498e-06
6.475841604554189563e-06,6.187299409033247641e-06
-6.550447587730244823e-06,6.337552666761869003e-06
-6.114964379869800731e-06,6.729176049934305852e-06
4.006535081681261379e-07,8.828618770633041678e-06
-8.029362180031164005e-07,8.833497956172118787e-06
-2.114826640643404248e-06,-9.656731350938123527e-06
2.027624337748097755e-06,-9.660641737781218893e-06
9.254943784255558850e-06,-3.775465042484407058e-07
-9.505147728995307944e-06,-5.350887631659932272e-07
-1.650504279976007981e-06,-9.750517651737052328e-06
1.610750877332356563e-06,-9.747652574896020235e-06
9.255479968969254628e-06,7.935871594751455789e-09
-9.505756528434664663e-06,-1.487161949333368517e-07
8.134894128991693522e-09,7.000646806155696995e-08
5.568160751831581779e-08,8.361942128546256493e-08
-9.445229013159552956e-06,6.114971741036924058e-07
-9.485441004620155956e-06,2.317119859232704412e-07
9.196012589917728386e-06,7.576597695377679093e-07
9.235388059208579013e-06,3.846406980065818424e-07
-5.825109500171384590e-09,8.849986358329997083e-06
-4.070786754779368854e-07,8.851454247439732523e-06
-3.739004520960121820e-08,1.446453806202585215e-07
-6.788670886971288034e-08,9.998614587240174550e-08
-1.290624425417611479e-08,8.412735115716201243e-08
-1.167091092351276390e-07,8.313283193819594328e-08
-6.696661483117431608e-08,3.860002896042265109e-08
2.686089483204016108e-07,1.001188262754929552e-07
2.083684718648373330e-07,1.220840300295895073e-07
2.148502476961643794e-07,3.981153830846395966e-08
1.658134128373093692e-07,1.774433708700663158e-07
1.234001928949210285e-07,1.037069426862817820e-07
-4.626423684924728124e-06,6.672261626899800533e-06
-4.274452194496916453e-06,6.208363406834381830e-06
4.248618321588658398e-06,6.053665898418042013e-06
4.588853447003928986e-06,6.510006899666044102e-06
-4.673094420429379501e-06,5.921495742521573227e-06
-5.007311671609289423e-06,6.391535869189769381e-06
2.350210428169225579e-08,-9.493065664311079379e-06
4.687007664877303400e-06,-1.802462449356412986e-06
4.119905735096991504e-06,-1.608186943259991553e-06
-1.285110231795806448e-06,1.420948585954539405e-06
-1.574140041586207762e-06,1.784683082052173497e-06
1.132698598813610689e-06,1.684686418246875809e-06
1.382467232756263449e-06,2.049968804790366636e-06
-6.222113464377073479e-06,-1.810539986239989276e-06
-5.619138795407202969e-06,-1.608439735844125891e-06
-7.776466125279246901e-07,8.008172232273833793e-07
-1.018868741743525206e-06,1.092010206440928561e-06
-1.169338646132586464e-06,-5.932269300450283307e-07
-1.588268410113906314e-06,-7.572555870205359685e-07
5.841203596185348592e-06,-2.189151569882796067e-06
5.262339501314046393e-06,-1.996616130478398211e-06
1.337162439009256479e-06,-2.414184784531847937e-07
1.738405570257970698e-06,-3.549277577028309139e-07
2.379637504813733955e-07,-1.628305810676661000e-06
2.558540369018612650e-07,-2.125122840849450001e-06
4.299564401587276978e-06,5.304955610765022947e-06
3.957492591960435973e-06,4.835167534951114727e-06
6.984512286413996346e-06,-2.561338243059961321e-06
6.416729011466500225e-06,-2.377858162134898244e-06
-2.146939872492812231e-07,-8.153266579009395642e-06
-2.230767405090693320e-07,-7.566560712235566111e-06
6.910597139916401192e-07,-7.393082434357919396e-08
9.863228647718788043e-07,-1.471785425376862216e-07
1.652160683627022950e-06,2.440057756246847224e-06
1.940021494485028744e-06,2.852412146928242455e-06
-1.882520082967994524e-06,2.178646084287153142e-06
-2.207826008844035049e-06,2.599623219938322464e-06
3.748450644321297264e-07,5.324222469324662722e-07
5.246299209751687375e-07,7.690515779055290136e-07
3.176994106976345908e-06,-7.887776859344151089e-07
3.715076255721054331e-06,-9.579799762657228895e-07
-2.262435930620515725e-07,-4.448687962596637752e-06
-2.184121143411305027e-07,-3.832238004530646370e-06
-3.100347444738709223e-06,-1.312051540311604231e-06
-3.666965006668673334e-06,-1.510683902112708790e-06
-1.901332261470958725e-07,-9.242058196309234334e-06
-2.041006707212048560e-07,-8.713321017470175683e-06
4.966640320827172307e-06,6.233853303123220692e-06
4.637249281676409789e-06,5.772390523546385829e-06
8.069923823577659675e-06,-2.903301518262171955e-06
7.537949060229782200e-06,-2.737861139852619800e-06
-8.480439815311730417e-06,-2.599327526102529892e-06
-7.949205549895449948e-06,-2.408205096141816120e-06
-7.393800049255314272e-06,-2.212484116603294106e-06
-6.815458904704395364e-06,-2.012477201871607481e-06
-5.033886126329451621e-07,-3.106895039742844888e-07
-8.057754754164709097e-07,-4.437517763676735735e-07
-3.918398261315590056e-06,5.733553703663407982e-06
-3.558737494035299434e-06,5.248722929741993122e-06
-3.818468706199689007e-07,3.469428420632271924e-07
-5.645993893784812873e-07,5.515267464600357344e-07
1.916010258539698635e-07,-7.926269426397836213e-07
2.165709237589290529e-07,-1.181926840262524543e-06
-2.290076261522456505e-07,-6.959929400478045048e-06
-2.323978349448959254e-07,-6.338078238859156928e-06
7.019032537081696776e-07,1.041502832113432963e-06
9.053208863648095672e-07,1.347770752331716769e-06
-2.546339090324106361e-06,3.042661453120638177e-06
-2.895444937001260498e-06,3.504285228190439948e-06
-4.252472280467893986e-06,-1.712195645838860850e-06
-4.851379250575209647e-06,-1.914831736780963317e-06
3.614621313914473077e-06,4.368036946852436510e-06
3.273357886776496899e-06,3.906752913702121907e-06
2.937179103783568285e-06,3.455925860423137023e-06
2.608339689971873698e-06,3.018537241166398643e-06
-2.703174701721075586e-06,-6.759961086082918754e-07
-2.186465592394780313e-06,-5.205266776266810641e-07
2.531746818431724693e-06,-1.044986070655546353e-06
2.059409143777249242e-06,-8.699661655474189832e-07
2.967163273741604360e-07,-5.075399572047761086e-06
2.958925432553691025e-07,-5.707838814744353273e-06
2.243302317475760636e-06,3.283084903364232994e-06
2.560055638465720388e-06,3.729273336061488100e-06
2.182529337765419496e-06,-4.852260328759084232e-07
2.664508719903406418e-06,-6.306516665083462484e-07
-5.014346510162319409e-06,-1.408767615903739168e-06
-4.413087397896348966e-06,-1.213290588350040014e-06
-2.054005846623010917e-06,-9.330989349414490185e-07
-2.560825337701277226e-06,-1.118925498895652799e-06
-3.199801143666178988e-06,4.760464795302498205e-06
-2.844550590433413167e-06,4.272986484787712788e-06
-2.075059076148866660e-07,-3.235081528316338925e-06
-1.934361428453285298e-07,-2.663177968983996364e-06
2.703722375951902726e-07,-2.662664846559816037e-06
2.816069957848247268e-07,-3.234568538658839514e-06
2.923231680470143689e-07,-6.337564261281310605e-06
2.860968474592948790e-07,-6.959417434942846085e-06
-2.497106918663147271e-06,3.792102254994962169e-06
-2.160154305950852322e-06,3.321629974040920357e-06
-2.331318287906593419e-07,-5.708351894364808237e-06
-2.311205501964994983e-07,-5.075912607200312772e-06
-7.802434707933472496e-06,-2.866928438980176424e-06
-8.337657429144205103e-06,-3.028977001045215078e-06
-3.251144943504110141e-06,3.979155153361897584e-06
-3.610632488411287758e-06,4.463529448297002583e-06
1.168323141556894392e-06,1.157451272148447593e-06
9.371213075600536249e-07,8.713851927884574414e-07
2.525264769969256715e-07,-8.712508249693698572e-06
2.360079848219051851e-07,-9.243134486214966392e-06
-3.969602036610894823e-06,4.951670964633618422e-06
-4.325150300061911574e-06,5.439705688985563570e-06
2.887253040170710371e-06,4.186643368362442488e-06
3.222758588964292801e-06,4.652132438384227735e-06
7.683121828178432738e-06,-2.282458848496397275e-06
8.214473985320212176e-06,-2.470645792600809568e-06
-3.608482302603555248e-07,6.978825111799525758e-07
-2.163236549660023122e-07,4.652908069909393633e-07
-1.311444005132965345e-07,-1.182399337841951733e-06
-1.033466746233190663e-07,-7.932637081228396312e-07
-8.968645322829930996e-07,-1.582201267271180996e-07
-5.767712094336286580e-07,-7.970950112606212036e-08
-6.656304322649673763e-06,-2.506379785768132770e-06
-7.239687460898567434e-06,-2.691382510702823102e-06
3.563263990769719453e-06,5.121031013233291005e-06
3.906408915034014123e-06,5.589963509092060126e-06
-1.837535436804828462e-06,2.867024968992796070e-06
-1.531748308528605937e-06,2.431847554361306644e-06
2.896781120578086397e-07,-3.831724936416790100e-06
2.946744742922373859e-07,-4.448174892800967918e-06
2.290024782325998414e-06,2.598806275270801941e-06
1.984298375203117159e-06,2.199451033278912286e-06
6.571060140928439912e-06,-1.897933361317081349e-06
7.135364660227951422e-06,-2.091462435829229592e-06
-3.823372134710665330e-06,-1.024649677471642768e-06
-3.250673626984009929e-06,-8.446522378827837708e-07
7.299403190122412433e-07,6.206854278712139539e-07
5.482710419199194868e-07,4.073210239825308778e-07
2.773386384030864656e-07,-7.566068318620299936e-06
2.661320842589288174e-07,-8.152705671099385576e-06
9.024347749209763507e-07,-4.114425251158934148e-07
6.236878498487143350e-07,-2.872501789779700979e-07
3.568057403163271469e-06,-1.416032225905923528e-06
3.036271610533596220e-06,-1.227532046324934641e-06
-1.760821716385781253e-07,-2.125637943502511743e-06
-1.553549165125590554e-07,-1.628815655345082610e-06
5.418470792242224967e-06,-1.510749223795572664e-06
5.997186234684648877e-06,-1.703843560635909706e-06
-1.708903270052977953e-06,-3.809981692971001537e-07
-1.276194179620435024e-06,-2.592939258320612014e-07
1.626630729845488381e-06,-7.048288174229791792e-07
1.238456750591879416e-06,-5.511841306255384266e-07
-5.455654723813706753e-06,-2.116022072698737983e-06
-6.059921236213641773e-06,-2.314049206924267294e-06
-7.469492677213573880e-07,1.287862522089690607e-06
-5.383380150538207259e-07,9.729636063377825018e-07
-1.246354394538624643e-06,2.021165336877600098e-06
-9.836615610781864413e-07,1.638276941772960919e-06
1.694065080633643929e-06,1.824304032223654456e-06
1.421198768667973595e-06,1.475822048555221898e-06
4.271579652259336276e-06,-1.135887993471992131e-06
4.841712378897088742e-06,-1.320915647690270268e-06
-1.460491812746491969e-07,-7.023510261681684496e-11
-1.209975940443788806e-07,-4.902319794837097139e-08
-1.148342362556658476e-07,-1.050848132961107152e-07
-6.223887742246575192e-08,-6.666632979929905255e-08
2.678096574312668652e-07,-9.502202800853242538e-08
2.726178764463922791e-07,-4.195479144378241554e-08
2.187429705732421854e-07,-5.688109442285068765e-08
2.946261731017227008e-07,1.277987013260713681e-09
-3.719079773155092710e-08,-2.209185587907798274e-07
4.312260410806109637e-08,-2.112508821823921726e-07
-2.408598068990780117e-08,-1.199319249633304456e-07
1.306868901905061360e-07,-2.261405699688145912e-07
1.155443967191769231e-07,-1.286292631423055927e-07
9.920974334739269004e-08,3.887531920397618263e-08
-4.490622890356543174e-09,2.773908986940429476e-08
-2.103248209245568846e-08,-7.298170389689435491e-08
-5.819297256899531012e-08,-8.839423101718549924e-08
1.757549559783043367e-07,-9.620648548878739699e-08
1.129909567843296607e-07,-8.309684678114195329e-08
1.671651375500305544e-07,1.444165851289500117e-08
-2.193191976718581957e-08,1.755219687660328456e-08
2.318091923881875728e-08,-6.167019418189536032e-08
-9.264322107290551091e-09,-2.149741041312369918e-08
1.055140380468652807e-07,-3.286634319535357579e-08
1.974308226192095186e-07,-3.776906978337434268e-08
1.990206291522755831e-07,-7.767887561827167560e-08
-5.420283548297920831e-08,-8.105757021314977848e-08
-4.269764375889753948e-08,-4.769088564992811549e-08
-2.273579544713769407e-07,3.107886128922554407e-07
-2.321228560481147806e-07,1.910533346495481197e-07
-1.072162032107006836e-07,2.791326918014600927e-07
3.870391772571272629e-07,3.690113954302596217e-07
2.547278625048612615e-07,3.347204013587957393e-07
3.940059403319088630e-07,2.335486612952507081e-07
5.325237325495841906e-07,-1.373102684693773481e-07
4.588835518095536524e-07,-2.412980167762281526e-08
4.101220762975362401e-07,-1.811580119096667722e-07
-4.044821486575854947e-07,-1.487924496097606362e-07
-2.708163142157125129e-07,-1.968940472207039911e-07
-3.246203907524465677e-07,-2.667507048454246260e-08
4.489294694063706904e-08,-6.178038516387584841e-07
1.630909991029877821e-07,-4.708324172126294839e-07
-7.174659769736992264e-08,-4.714915808240252124e-07
-6.591214262331324514e-06,5.998812771404525903e-06
6.514163694154641156e-06,5.861300096889361334e-06
8.331528065147555080e-06,3.437644578085727834e-06
-8.530858392001721782e-06,3.422075377669167212e-06
-2.011057746034994094e-08,-2.425412339265309062e-08
1.686238263767875378e-07,-1.825876292614601162e-08
4.708442511556053668e-06,-8.500350129755273660e-06
-5.074585129047921980e-06,-8.402394953714437584e-06
-3.989979122606629104e-06,7.906002915685871244e-06
3.901248659529656931e-06,7.782205439406576384e-06
-7.241131939359110559e-06,-6.426706423093219286e-06
6.891159206091487835e-06,-6.486414057978361083e-06
7.851342561416172088e-06,4.245033482652218890e-06
-8.015485874802328201e-06,4.284718939643604450e-06
-5.714089515294234930e-06,6.776091555388886570e-06
-5.323075261555101194e-06,6.785904779783681852e-06
5.668645046101578265e-06,6.615427208279814610e-06
5.282332728470361997e-06,6.624589528044413522e-06
5.448333516393728892e-06,-7.951829754800801865e-06
-5.836219852562284754e-06,-7.842695858900832569e-06
-6.561146618625481394e-06,-7.184972164841758536e-06
6.181860047531221444e-06,-7.281681580402596222e-06
7.245438539653885984e-06,5.061295430589716068e-06
-7.366366269858067918e-06,5.155097920599376677e-06
-4.980274041745024506e-06,6.759255334887182936e-06
4.940212092246075746e-06,6.596598725085325026e-06
-4.299157521942799999e-06,5.827883884587852001e-06
-2.897942617445958755e-06,-9.860293467110387427e-07
2.846579531266559107e-06,-9.211137242389104901e-07
1.674685542236928348e-06,2.123530673107915667e-06
-1.554705792689782933e-06,2.098589112434833266e-06
3.350665957751534586e-08,-4.760436197772313734e-06
-4.035919545697445911e-06,-1.364224043172391187e-06
5.051361498331833122e-06,-1.657365183538224448e-06
2.267810931898704569e-06,2.934604527529078633e-06
-2.185203980817494252e-06,2.953924753989117754e-06
-1.003532108362988145e-06,1.352721742016432517e-06
1.152466416274378236e-06,1.410338776047189603e-06
3.634178265917748930e-08,-3.528928468397884975e-06
-1.025538580784120363e-06,-3.598986517717999211e-07
3.067164118743407075e-08,-6.024019096607482787e-06
-6.440733150669997332e-06,-2.161623420772450447e-06
6.207822608590676674e-06,-2.042633702883398827e-06
1.105279820335592009e-06,-3.343046449100287269e-07
-2.870621533057678035e-06,3.885138906864070772e-06
4.201410129170118386e-08,-1.394555842836268925e-06
-5.542006245199583346e-07,7.473231429531193902e-07
2.912895868230917630e-06,3.817482749275369010e-06
-3.584674465281264253e-06,4.856045040909821465e-06
7.338803552074285754e-06,-2.419312431249445863e-06
2.500040027209251010e-08,-8.438753453476428103e-06
4.273728524696205999e-06,5.681378567314731403e-06
-7.601185472537837108e-06,-2.546242886220159323e-06
3.589111820596069122e-06,4.743493171174443353e-06
2.783499862491237419e-08,-7.266524326647709317e-06
7.182180876023606288e-07,8.185133370850826300e-07
3.917670617169207585e-08,-2.386609956817046982e-06
1.893465493259089839e-06,-6.010589120981680290e-07
-5.234774899256877087e-06,-1.761911149193031309e-06
-1.875781664235805376e-06,-6.451775423908191373e-07
3.915272946484055962e-06,-1.278434577494509984e-06
4.830831592008018667e-06,7.229658075755029988e-06
-4.870220440823507459e-06,7.388635821604971366e-06
4.908516934862151967e-06,6.897640666587812659e-06
-4.947889704683969379e-06,7.061380184430276608e-06
4.333943039313240488e-06,-8.726892752382093391e-06
7.219509426635295219e-06,-6.039985366245631343e-06
8.521491154972118067e-06,3.038516722622418968e-06
3.441053868102376552e-06,8.000361392683282222e-06
-3.570842521183497569e-06,8.102267908302736741e-06
-8.734131851931865384e-06,2.996867967463060635e-06
-7.551653331314183427e-06,-6.006369114170358845e-06
-4.676978487422273730e-06,-8.640557237168067117e-06
