Size 899,2
0.000000000000000000e+00,0.000000000000000000e+00
0.000000000000000000e+00,0.000000000000000000e+00
2.979663582637932089e-08,-5.766743427477976746e-06
-2.416276565762359790e-07,5.203823336519846988e-06
2.416497068571837790e-07,-1.903120763836226262e-07
3.994091816414826097e-07,-8.494059401231391585e-08
4.871677738027184687e-07,-5.031245282622781757e-06
4.226300362707163166e-06,-1.807091003829039323e-06
4.391200417148242006e-07,5.122350950188153491e-08
4.402435877100576268e-07,2.677587627409505534e-08
4.533968392379263056e-06,-9.216355837392651615e-07
3.129389657697517781e-06,3.173296410311172873e-06
2.417004773398223494e-07,1.799883458609198316e-07
1.850100838710314986e-08,1.085261392734095330e-07
2.383041577852114972e-06,3.712340354116934667e-06
-2.370693591767126570e-06,3.982084002633574449e-06
-9.830778546558139723e-08,8.068057765573500680e-09
-8.289904601605036261e-08,5.706616947784426081e-08
-3.148807997364388416e-06,3.398254500738960699e-06
-4.896061371095077932e-06,-1.113353911924356679e-06
-3.451297429622276525e-08,-1.038129988292081552e-07
-7.357743864502654617e-08,-1.476847693913013467e-07
-4.577912650775881942e-06,-2.049446681676989444e-06
-4.241184345049775900e-07,-5.022333829593576093e-06
1.652206684866895219e-07,0.000000000000000000e+00
2.624240654116398198e-07,0.000000000000000000e+00
3.181145840798277067e-07,0.000000000000000000e+00
3.484607211340012009e-07,0.000000000000000000e+00
3.590769401187677576e-07,0.000000000000000000e+00
3.772270980551643492e-07,0.000000000000000000e+00
3.973638153422715891e-07,0.000000000000000000e+00
3.994745575591608358e-07,0.000000000000000000e+00
3.864126950896403976e-07,0.000000000000000000e+00
3.551468793521118690e-07,0.000000000000000000e+00
2.813377686655705973e-07,0.000000000000000000e+00
1.905002798268216011e-07,0.000000000000000000e+00
1.021959155438773872e-07,0.000000000000000000e+00
0.000000000000000000e+00,0.000000000000000000e+00
0.000000000000000000e+00,0.000000000000000000e+00
0.000000000000000000e+00,0.000000000000000000e+00
0.000000000000000000e+00,0.000000000000000000e+00
0.000000000000000000e+00,0.000000000000000000e+00
0.000000000000000000e+00,0.000000000000000000e+00
0.000000000000000000e+00,0.000000000000000000e+00
0.000000000000000000e+00,0.000000000000000000e+00
0.000000000000000000e+00,0.000000000000000000e+00
0.000000000000000000e+00,0.000000000000000000e+00
0.000000000000000000e+00,0.000000000000000000e+00
0.000000000000000000e+00,0.000000000000000000e+00
0.000000000000000000e+00,0.000000000000000000e+00
3.862407543944204999e-07,-5.734418904463438474e-06
7.120774210756760108e-07,-5.672383260857791902e-06
9.844387667707318651e-07,-5.605932551970047544e-06
1.229834511548546796e-06,-5.534963643716603306e-06
1.452606974097357084e-06,-5.461191202619244156e-06
1.656667265567161512e-06,-5.385292264223610580e-06
1.846914917048557495e-06,-5.307266124939409863e-06
2.026765809875716210e-06,-5.226607329305343387e-06
2.199986135540847375e-06,-5.142286006942755441e-06
2.369590653815386544e-06,-5.052944133883368377e-06
2.538591054344960184e-06,-4.957303002428738052e-06
2.709385081592086447e-06,-4.853992616699771111e-06
2.884727790539039804e-06,-4.739385662659209926e-06
3.065040681038566638e-06,-4.611039172046390078e-06
3.251255991021071877e-06,-4.466126827256215093e-06
3.442497653601376377e-06,-4.302370370822495644e-06
3.638178472774812377e-06,-4.117500813856329401e-06
3.836164706232710747e-06,-3.910135087322363757e-06
4.034529065627601392e-06,-3.678891554202149186e-06
4.230313865611550771e-06,-3.423774127783339882e-06
4.420504805344213680e-06,-3.144775977418372381e-06
4.601740285885810797e-06,-2.843792339484555829e-06
4.771515602430726869e-06,-2.521454583756682078e-06
4.925292296239474946e-06,-2.180932620339037123e-06
5.058214659824018256e-06,-1.822846833720805232e-06
5.159058211258369193e-06,-1.458454583200194108e-06
5.228564072243058132e-06,-1.105718655874143582e-06
5.267587584025536388e-06,-7.802473668217338097e-07
5.288608263964363606e-06,-4.899389850458473813e-07
5.295966551010233101e-06,-2.249283032075299027e-07
5.292386617528034816e-06,1.898125882959749125e-08
5.279883989608855215e-06,2.440708704601003764e-07
5.260097586323333834e-06,4.539174863412829849e-07
5.234132701286992903e-06,6.509832176714152700e-07
5.202658692344970945e-06,8.385247719995356865e-07
5.165932355794411564e-06,1.018967478416346851e-06
5.123787096743563384e-06,1.195051148341124341e-06
5.075750423380983572e-06,1.368955444645053164e-06
5.020994586860368981e-06,1.542755316747024595e-06
4.958475379744792458e-06,1.718224414492821305e-06
4.886901929095305892e-06,1.896679938970762704e-06
4.804839275356856245e-06,2.079384293638961035e-06
4.710743912929785212e-06,2.266860314440023119e-06
4.602974365658126695e-06,2.459864314963732366e-06
4.479783017990464837e-06,2.658649688972639973e-06
4.338468551248810848e-06,2.865255616526487994e-06
4.182549289069512337e-06,3.082358475073578524e-06
4.002075810966917228e-06,3.308576298171133864e-06
3.791610791418283623e-06,3.545625893566929948e-06
3.550090061848073055e-06,3.786798262787762395e-06
3.271345968171687874e-06,4.024901839206447125e-06
2.967832449498780496e-06,4.240818420036737962e-06
2.655545563612598822e-06,4.431023133822371971e-06
2.344824676965663006e-06,4.594963962987230855e-06
2.041113139891670891e-06,4.735659511678683046e-06
1.744479859843539657e-06,4.854618879713751942e-06
1.456247664629505175e-06,4.953072315920102782e-06
1.178577198352075924e-06,5.032311097723197575e-06
9.121504168597477047e-07,5.094049954946782514e-06
6.581648689224804370e-07,5.140025683447900871e-06
4.162952621521087015e-07,5.172170834319849043e-06
1.865871613755356870e-07,5.192341460888944430e-06
-3.232739177228325361e-08,5.202348129283434731e-06
-4.434682511893197466e-07,5.197535818653429078e-06
-6.398001550920673245e-07,5.183944024929899096e-06
-8.331566383178014258e-07,5.163637297374862983e-06
-1.026293287747016064e-06,5.136756217954005998e-06
-1.222214197400210006e-06,5.102860572702641363e-06
-1.424368447179306995e-06,5.060942272674104537e-06
-1.635829981535514017e-06,5.009382047752871307e-06
-1.860377984395730172e-06,4.945874864105137784e-06
-2.100732420858523302e-06,4.867598923036657258e-06
-2.361217180080912403e-06,4.770826725700878666e-06
-2.651146742702032189e-06,4.649206956677663337e-06
-2.966705848515594402e-06,4.490712983690654813e-06
-3.295078138813933981e-06,4.294246573663506072e-06
-3.608437630991631175e-06,4.057952176847999514e-06
-3.891786698164572973e-06,3.805001127444146759e-06
-4.146165542870855693e-06,3.545215842101068430e-06
-4.370464474172402973e-06,3.287030712409353721e-06
-4.566790496616286229e-06,3.031958070302252788e-06
-4.744948708079111355e-06,2.784267256851297317e-06
-4.900201813996624700e-06,2.543138323281898969e-06
-5.034862679000386775e-06,2.308154043682460832e-06
-5.150559318188796331e-06,2.080611914215595139e-06
-5.249184123532055035e-06,1.860706149196446207e-06
-5.332676013178239357e-06,1.648988536017947286e-06
-5.403094682996119184e-06,1.444591973557331484e-06
-5.462414850669576870e-06,1.246715434634469966e-06
-5.512448608822657117e-06,1.053442486442399492e-06
-5.554771316886781112e-06,8.626616091499453558e-07
-5.590559983289495207e-06,6.716010396192299102e-07
-5.620599154829593517e-06,4.770153566161711077e-07
-5.645114683900471796e-06,2.755853754621903034e-07
-5.663786296178678357e-06,6.322521782962715312e-08
-5.675677361634025410e-06,-1.635347073806200360e-07
-5.679163587284636027e-06,-4.092382730333304413e-07
-5.672080963401743444e-06,-6.770898951728566867e-07
-5.651414060811228418e-06,-9.723952265122548668e-07
-5.611993391596994824e-06,-1.308645485622652214e-06
-5.537703555604151988e-06,-1.675606744402515775e-06
-5.423819294560942022e-06,-2.051114983864917173e-06
-5.274494718182508249e-06,-2.405779940165221804e-06
-5.111258119934824415e-06,-2.719971562354175152e-06
-4.943249552185128923e-06,-3.004565193611407701e-06
-4.775118243931291158e-06,-3.260611057155740078e-06
-4.606263586569090196e-06,-3.493178933330461848e-06
-4.437969095676830068e-06,-3.703606389120777778e-06
-4.270692247039393782e-06,-3.894944419665961077e-06
-4.104574299274645031e-06,-4.069687124413781165e-06
-3.938743626499816085e-06,-4.230790815960091133e-06
-3.772266914631945360e-06,-4.380770322958478100e-06
-3.603367156562999466e-06,-4.522020196716177434e-06
-3.430131966334243127e-06,-4.656569404563405654e-06
-3.250394458927901567e-06,-4.785952593031774622e-06
-3.061278748790664398e-06,-4.911860601319614384e-06
-2.860051266576095460e-06,-5.035258265388750434e-06
-2.645120927402652026e-06,-5.150454624482556157e-06
-2.415436260408428720e-06,-5.260222814866081037e-06
-2.170755903823971898e-06,-5.363558518226296145e-06
-1.909652543014906950e-06,-5.459402544129530502e-06
-1.631609385095400079e-06,-5.546402864028304633e-06
-1.335615882536429760e-06,-5.622860509158148449e-06
-1.022047523768634156e-06,-5.686897803057573994e-06
-6.912238836998863524e-07,-5.736288962831167189e-06
-3.340059528181485326e-07,-5.768435982711495803e-06
2.896230024487032691e-07,-1.672596679198069078e-07
3.425255446288059923e-07,-1.317353394755843502e-07
3.783397574516735465e-07,-9.462878332411341196e-08
3.972300073274562039e-07,-6.728263093607082940e-08
4.056963237619902461e-07,-5.765618536196477277e-08
4.848617504247953451e-07,-2.197825079495353309e-07
6.364846751286740030e-07,-3.601314332207078741e-07
8.515894108833628734e-07,-5.090633997492209989e-07
1.121639657539832471e-06,-6.642988412570852633e-07
1.437986230244593109e-06,-8.231428926214826381e-07
1.792023219301971698e-06,-9.828703944942690422e-07
2.175196514566427240e-06,-1.140763974420176962e-06
2.578999936439704099e-06,-1.294124618746109362e-06
2.995036101965638843e-06,-1.440288380986383831e-06
3.415160697840373128e-06,-1.576501227474482624e-06
3.828339622165396940e-06,-1.698312712210338672e-06
4.099918851459243691e-06,-2.125286658202539442e-06
3.962009419441525985e-06,-2.437397794254967921e-06
3.816979815258481621e-06,-2.734363707502888737e-06
3.666457340747272592e-06,-3.012930113662909008e-06
3.511818998068056637e-06,-3.272084689010769836e-06
3.355509706976567314e-06,-3.510096186336649010e-06
3.198464813717123614e-06,-3.727262482177535077e-06
3.042491116078160442e-06,-3.922996743482514972e-06
2.887827484294417930e-06,-4.098699504104579064e-06
2.735278266342843390e-06,-4.254630316049460964e-06
2.584061776092447931e-06,-4.392638460945869255e-06
2.433733912621093127e-06,-4.513800054910459909e-06
2.282747972907403240e-06,-4.619443516653816335e-06
2.128523411512922856e-06,-4.710869494465770455e-06
1.969730465677457629e-06,-4.790225625407064968e-06
1.803508778359024915e-06,-4.858911679766662107e-06
1.627140387087925115e-06,-4.917104114720987032e-06
1.437892722177591781e-06,-4.964672034723229837e-06
1.231799056119991715e-06,-5.001054265736680513e-06
1.005894881597228678e-06,-5.025167001199866548e-06
7.548297243244705765e-07,-5.035165560128417914e-06
5.397177739364124856e-07,-4.602147134630327654e-06
5.761859332102124981e-07,-4.153106759667255868e-06
6.003287178111659534e-07,-3.682593136727149188e-06
6.122471640531412878e-07,-3.200039840733194639e-06
6.117009103848919007e-07,-2.715712495105054328e-06
5.985162076122999945e-07,-2.240185630383287412e-06
5.725095882276458985e-07,-1.784139922855923586e-06
5.335016636085924878e-07,-1.358411820084909425e-06
4.813198539130014291e-07,-9.738550455574283446e-07
4.154719755194109446e-07,-6.413466721824759970e-07
3.343807882397772465e-07,-3.763397067631179615e-07
4.161606852527934747e-07,1.772586314447615199e-08
4.155998825887837037e-07,5.995179955996938214e-09
4.177667189052158198e-07,3.796678612383779817e-09
4.226451357760113758e-07,6.919109411169696007e-09
4.290814272488432084e-07,1.703503139529383210e-08
5.970541651849133641e-07,1.061740930850542061e-07
7.719342586650770800e-07,2.354261619569105988e-07
9.694606233124839905e-07,4.108059178533832288e-07
1.186759547548550731e-06,6.273239387570666395e-07
1.419799374505618954e-06,8.796694035334525554e-07
1.664339631355286247e-06,1.162244285091490453e-06
1.916076319887931010e-06,1.469374306280049035e-06
2.170629589328769162e-06,1.795288698632788529e-06
2.423523509587239693e-06,2.134094767529513966e-06
2.670309900798671173e-06,2.479885830122884808e-06
2.905964193961766339e-06,2.826418394196482181e-06
3.373972646296998014e-06,2.995896410710859570e-06
3.596953185641924704e-06,2.814922990204373489e-06
3.794754995900806811e-06,2.637929356102052175e-06
3.970334533662563289e-06,2.464015763905728671e-06
4.116931216701775344e-06,2.294422274876327705e-06
4.247188519603113859e-06,2.126130771632360267e-06
4.361487258527051667e-06,1.960744718779969890e-06
4.461019726371214649e-06,1.797618829661378108e-06
4.546729695015810567e-06,1.636729390618703811e-06
4.619659737523183407e-06,1.476937360736398369e-06
4.680578057357519948e-06,1.317482039206155379e-06
4.730151228450219765e-06,1.156864346515280780e-06
4.768771346961895708e-06,9.935934549808788448e-07
4.796576456670555422e-06,8.259293621947022754e-07
4.813394312263033438e-06,6.517147767821190595e-07
4.818710472520702492e-06,4.691376755069170457e-07
4.811618330289027142e-06,2.754933703435559640e-07
4.790867945065886698e-06,6.910700511151044784e-08
4.754684354349899333e-06,-1.531026978732407329e-07
4.701065027745217106e-06,-3.924115851892463612e-07
4.627457029573202477e-06,-6.515312903786915223e-07
4.132652148474903316e-06,-7.576347225218012188e-07
3.725181859920534102e-06,-6.056203075635315968e-07
3.308347294879678423e-06,-4.608827135244738835e-07
2.888694995791533789e-06,-3.260308384141876606e-07
2.474609524444133066e-06,-2.040152153591061856e-07
2.074603661877709993e-06,-9.764846025318239933e-08
1.697145734137583466e-06,-9.738685075061737952e-09
1.350749261151607795e-06,5.688582197535780662e-08
1.043973511858212539e-06,9.937371397840396375e-08
7.854045834480482752e-07,1.148108638529818590e-07
5.835275946485053043e-07,9.995556979537735444e-08
1.860468325711342764e-07,1.763413637643738049e-07
1.142286828705112658e-07,1.707142163629386015e-07
5.089074368014630368e-08,1.498966134116540233e-07
7.188712348490488863e-09,1.215983006757488871e-07
-7.879356539101801864e-10,9.761083431961924660e-08
2.493358377738100404e-08,2.666253384799859124e-07
-2.541374820132419135e-08,4.802844802788757598e-07
-1.283507182726721001e-07,7.442962067728915340e-07
-2.761782958275077637e-07,1.049501614567849617e-06
-4.630163474171632069e-07,1.387859537705022106e-06
-6.830008339686386275e-07,1.751049626139597243e-06
-9.301671600544056592e-07,2.130603490315339502e-06
-1.198478538316234999e-06,2.517949394008642585e-06
-1.481779872427845219e-06,2.904333544934243889e-06
-1.773796436441849076e-06,3.281096605138461603e-06
-2.068733261959499911e-06,3.640164393727195792e-06
-2.148171046293082539e-06,4.154218776592382125e-06
-1.926818063101156386e-06,4.302633196826792918e-06
-1.718148950386515764e-06,4.424749966423471106e-06
-1.519733205451688892e-06,4.523904135947133893e-06
-1.330258060824696164e-06,4.602827299241255556e-06
-1.146576073244430716e-06,4.664190962566596637e-06
-9.667559666831656757e-07,4.709896504946608895e-06
-7.880240320008958958e-07,4.741511497770921037e-06
-6.082449195321514687e-07,4.760044779001941476e-06
-4.253308479318984616e-07,4.766102212478260179e-06
-2.373459140147129017e-07,4.759889721702135503e-06
-4.301111165883354828e-08,4.741210483608731703e-06
1.595725717324650719e-07,4.709566055399123600e-06
3.710823636493151885e-07,4.664312789542650050e-06
5.928269658247072207e-07,4.604565554159363442e-06
8.243971389401541526e-07,4.529461081025164673e-06
1.066288656925284388e-06,4.437942826185559959e-06
1.317138971963288299e-06,4.329232413811261621e-06
1.576627098492274067e-06,4.202409032031867428e-06
1.842631442897710154e-06,4.057071649163980124e-06
2.113808888894089905e-06,3.892896062227967840e-06
2.127903194208932887e-06,3.392227598110141234e-06
1.873732246859941337e-06,3.060320607764338446e-06
1.623075320275475883e-06,2.717235621839915695e-06
1.380909619661023708e-06,2.370541322176154664e-06
1.151448571071692877e-06,2.026334752756902547e-06
9.389002585335518829e-07,1.690671297135055093e-06
7.474010614689716164e-07,1.369499947761398863e-06
5.810100513163247311e-07,1.068667319477299428e-06
4.437135573315344988e-07,7.939044628605803076e-07
3.395389989504824045e-07,5.508989088275998400e-07
2.732996684949078040e-07,3.464873375521724693e-07
-6.438264411602487297e-08,2.498894877863470880e-08
-5.419583823397019257e-08,2.299267088732708559e-08
-5.188746926665095535e-08,1.732095292572063183e-08
-5.327615479154520477e-08,1.247805847566938366e-08
-5.550349194646296040e-08,2.019582029504610956e-08
-2.627856590657493065e-07,1.204672417419222632e-07
-5.127743726397237336e-07,1.415923321304877829e-07
-8.319394326616061337e-07,1.242419357096550401e-07
-1.208554039823909576e-06,7.261527577559697811e-08
-1.630773142039060818e-06,-9.315810418807130407e-09
-2.086830207648516022e-06,-1.176549922458628417e-07
-2.565009024938373722e-06,-2.485334797259313067e-07
-3.053639057137450564e-06,-3.981016663394222548e-07
-3.541021586359996430e-06,-5.625120087850293454e-07
-4.015615575892920531e-06,-7.378429426588404107e-07
-4.466564098188240933e-06,-9.203917091091894328e-07
-4.994127260110594934e-06,-8.412644818519067809e-07
-5.071790200342715783e-06,-5.785471635585915817e-07
-5.127951086309437744e-06,-3.369284562851480277e-07
-5.165203627189631020e-06,-1.131094310195211306e-07
-5.185578754661164024e-06,9.495435574359730230e-08
-5.190809260488362405e-06,2.911045688899917647e-07
-5.182010131360219512e-06,4.778785921131690706e-07
-5.159871339551656293e-06,6.585726196590369738e-07
-5.124609354950801974e-06,8.357980943552875208e-07
-5.076070774023763992e-06,1.012003380650196666e-06
-5.013736004349925098e-06,1.189511544302140627e-06
-4.936902417494453672e-06,1.369718871332091913e-06
-4.844577558604207524e-06,1.554366616976638433e-06
-4.735859281754645201e-06,1.743714254423954563e-06
-4.609617837721625585e-06,1.938726145363440280e-06
-4.465127303094700267e-06,2.138571366576758548e-06
-4.301550810223431729e-06,2.343287623862017140e-06
-4.119235736936999198e-06,2.550180563365602780e-06
-3.906218623933517846e-06,2.761248106100372707e-06
-3.672324243871710759e-06,2.974692285987850845e-06
-3.417125371379547090e-06,3.189828779032743158e-06
-2.915089820681043469e-06,3.027779782369139686e-06
-2.659914689024535119e-06,2.644433090674297527e-06
-2.383495501599581391e-06,2.255841161934662091e-06
-2.095132782062883489e-06,1.873041754945866186e-06
-1.801237816560052646e-06,1.504356515938234960e-06
-1.508141800498242589e-06,1.158239968225374414e-06
-1.222124473694836440e-06,8.430844303629125158e-07
-9.493925373868882258e-07,5.671838382689600391e-07
-6.961054009434049616e-07,3.387914673097926185e-07
-4.684254761082375958e-07,1.660319374538219068e-07
-2.713123395453297905e-07,5.544666265447113550e-08
-4.750746146383242409e-08,-6.374732893540799117e-08
-4.793632019328076496e-08,-6.242773829280482158e-08
-4.494022928708713430e-08,-7.220890602616176211e-08
-4.234858601971628461e-08,-9.263805009637148607e-08
-4.486208616129479571e-08,-1.144938279474739691e-07
-1.839155788051848031e-07,-3.740969109054857471e-07
-2.698129196944615672e-07,-6.465148433429701276e-07
-3.430066987760513599e-07,-9.780240409091881815e-07
-4.030052695653883489e-07,-1.362341072160783350e-06
-4.497739457656302226e-07,-1.788091291694386748e-06
-4.835266797346091356e-07,-2.244144398247109735e-06
-5.044586949183663358e-07,-2.719668330635388720e-06
-5.127583192240793737e-07,-3.203991221553450025e-06
-5.086085882794862628e-07,-3.686617220516637781e-06
-4.921081027339008722e-07,-4.157276487052075515e-06
-4.629764625133923978e-07,-4.603474667638361890e-06
-7.355614413220076114e-07,-5.012150664518079045e-06
-1.042079283633338887e-06,-4.989358418271638989e-06
-1.332802405624023266e-06,-4.953291060924235600e-06
-1.607809348135068416e-06,-4.905006534896372438e-06
-1.866438935308860324e-06,-4.845449105835202389e-06
-2.109647118277446194e-06,-4.775433876666595142e-06
-2.337643224901624600e-06,-4.695593545323444795e-06
-2.552314021795961986e-06,-4.606153920574126311e-06
-2.752042468662513567e-06,-4.513069963237976901e-06
-2.938775933067639365e-06,-4.410204627412611441e-06
-3.113464800783970209e-06,-4.298224384346820319e-06
-3.277535238650767462e-06,-4.176138558897776179e-06
-3.432846974821206826e-06,-4.042665167141135826e-06
-3.580972379525084159e-06,-3.896162247701488143e-06
-3.723078130387776821e-06,-3.735091348272205886e-06
-3.860356440278161262e-06,-3.557123372255822877e-06
-3.993028122899198192e-06,-3.360735123948384992e-06
-4.121757120799761268e-06,-3.143304611215790048e-06
-4.245630313428816158e-06,-2.903731270614186525e-06
-4.364663505961132492e-06,-2.639382632764396604e-06
-4.478235149254895172e-06,-2.350973406811781879e-06
-4.132267842531539688e-06,-1.951059537565432096e-06
-3.663689714051143347e-06,-1.831055165177677042e-06
-3.177881221997521963e-06,-1.689104209372112770e-06
-2.688580538999406443e-06,-1.530548103810746802e-06
-2.207139197205494218e-06,-1.359145000091160451e-06
-1.745182412271743603e-06,-1.178614233714506271e-06
-1.314417943230597774e-06,-9.926965887610664612e-07
-9.266031790152750115e-07,-8.051495578871986286e-07
-5.935437094281050240e-07,-6.197360423009218532e-07
-3.270378181857842046e-07,-4.401455429340681326e-07
-1.388347256676267836e-07,-2.693978124604250022e-07
-1.080833679450671876e-07,1.422054946593500740e-07
7.748800731929921832e-08,-3.524358824712092880e-07
4.256170051717734745e-07,2.110544700665908875e-07
5.134459099772202351e-07,-5.325126705297514841e-08
-1.748086539303501775e-07,-6.671517861080420256e-08
-2.498177781792970055e-06,3.340465119112765738e-06
3.985688868292050687e-06,-1.231396184158044175e-06
3.825035659690074573e-08,-4.613457164906052511e-06
-4.309634892432400303e-06,-1.440443806930452235e-06
2.519958436527939978e-06,3.113477236716985368e-06
3.055149127908262412e-07,5.206090038228311489e-08
-1.286931304776301311e-08,2.449710424332685464e-08
2.943589029154442040e-06,3.696345128566023722e-06
-2.946413593635663011e-06,3.957907364174744455e-06
4.587991154178223721e-08,-3.688221709813655594e-06
-3.361965627845421990e-06,-1.126641900586000573e-06
6.985910909447031988e-07,5.912761925329162730e-07
6.909941642546531361e-08,-9.599043151373828099e-07
-6.938504416115203539e-07,-2.416448517422582603e-07
-4.015739752664409718e-07,5.268226281040181928e-07
9.320638856958834189e-07,-1.997668715881002957e-07
2.023004342662930148e-06,2.425223160944026514e-06
3.151528177395091592e-06,-9.505401344453145984e-07
-2.381495261991740954e-06,-8.023781825991661047e-07
1.078062178261494866e-06,1.116933997903595508e-06
-1.460884318441673190e-06,-4.972274451986843981e-07
5.362128984401134614e-08,-2.714938155152032740e-06
1.530793881711015293e-06,1.743742679709965916e-06
6.136881198042238664e-08,-1.776813802498128814e-06
2.319597109710408426e-06,-6.706924144176117020e-07
1.557078159369249570e-06,-4.130589433778451435e-07
-8.355355242573325190e-07,1.105764559760179397e-06
-1.933151270078638986e-06,2.580795546735538918e-06
-1.362398394597863139e-06,1.812905432761830590e-06
3.873616083689177941e-07,-2.022787378888946008e-09
-1.783097931777848803e-08,-8.739699464025340443e-09
8.935155153263277076e-08,-1.314099379435288397e-07
4.630696340331130000e-06,-1.463876410169112514e-06
-4.992657962788053454e-06,-1.687407856938461523e-06
4.087538221562501013e-07,2.056452787426628135e-08
-3.603841082012975132e-08,2.129208300495753462e-08
-3.906848871538300821e-06,-3.905521331615148048e-06
3.409502390871828690e-06,-3.927572805900591497e-06
3.924251035583702448e-08,-5.283614265041804552e-06
3.771826889218550234e-06,-3.471595167086230788e-06
-4.213811761523452802e-06,-3.528943065916961494e-06
-2.977858720564173799e-08,-4.315529102302059039e-08
3.432999633944631195e-07,-4.738305031621104859e-08
-3.585037049253311147e-06,-4.213288683817280588e-06
3.048424407252581865e-06,-4.286338583654260776e-06
4.115196746687708437e-06,-2.916695800192410704e-06
-4.506095510210166617e-06,-3.064196616922589804e-06
2.197340910709912772e-09,5.899914110183198147e-08
1.622903292568659524e-07,9.476080051219784511e-08
-3.687591229920488398e-06,3.429235213347974548e-06
3.612480323141415982e-06,3.207599854274548898e-06
-3.247720384880193107e-06,-4.473999296465225912e-06
2.708112858899738950e-06,-4.564451636148753794e-06
4.402558297987887558e-06,-2.339492435943427400e-06
-4.761671090704570084e-06,-2.553563114718718279e-06
-4.110859368063535825e-06,3.010721170630829228e-06
3.966482684621273601e-06,2.847390990465565068e-06
-2.907621480244974536e-06,-4.689647717692839221e-06
2.408163861914653032e-06,-4.769347552223088926e-06
2.191365528381347618e-07,-8.380403700390576396e-08
-6.652714991296617576e-09,-6.809323823374676489e-08
-3.567081060911640197e-08,-6.465068103913945548e-08
4.084557431072269685e-07,-2.627787027439067197e-12
4.021985826030288341e-07,-2.243244887313664598e-10
-3.966872860465351851e-08,1.445134648491682419e-08
-3.694301499196444673e-08,1.280513389124585247e-08
-4.524862895242631159e-06,2.547461727834101229e-06
-4.681682540653929956e-06,2.335273181520097630e-06
4.424708974620915713e-06,2.288816502624392395e-06
4.299937535349759816e-06,2.463046693218431841e-06
-2.485009602671622404e-06,-4.923337763668881402e-06
-2.266097741059230427e-06,-5.018657521233712777e-06
2.078339444749844396e-06,-4.966547558899623260e-06
1.916888416144733505e-06,-5.043497696367509998e-06
-4.822306392203168345e-06,2.108586060312477083e-06
-4.941492289499721822e-06,1.906884715046041578e-06
4.536605767216393374e-06,2.102311148646629576e-06
4.632179739597315535e-06,1.935210994612807143e-06
-2.012563649517674951e-06,-5.105163035379696607e-06
-1.763192594701320557e-06,-5.184110303003227882e-06
1.732725327331399967e-06,-5.113311145672183228e-06
1.551701281800152631e-06,-5.177531588255021931e-06
-3.099218191206671946e-08,-5.618847345990771079e-08
-4.343025506973586184e-06,2.785670345530103040e-06
4.154837623209690854e-06,2.659557611360810191e-06
-2.708637475807989691e-06,-4.820709624600522257e-06
2.248539736487242029e-06,-4.881919352978503162e-06
-5.045705193868856244e-06,1.694469179953650194e-06
-5.132687641578352783e-06,1.505136754706476850e-06
4.716612746068324373e-06,1.757040043737614038e-06
4.788334386433165421e-06,1.595549300501593342e-06
-1.476089575731686249e-06,-5.251098785002016511e-06
-1.193664399911969701e-06,-5.309258438311040175e-06
1.340001435959271906e-06,-5.234367361169827454e-06
1.125302203049687478e-06,-5.286154711155932022e-06
-3.827665439451773964e-08,1.069530972078967950e-08
4.105791725469149617e-07,4.024650464993278803e-09
2.365699896059480038e-06,4.163284519747588608e-06
2.087636716175097721e-06,4.323441831203262277e-06
-2.131864763978956263e-06,4.531693530264530285e-06
-2.371085481307168667e-06,4.400022034212137180e-06
-5.206745843648739162e-06,1.306323939877084414e-06
-5.267564673981564905e-06,1.126958922826958089e-06
4.850553781870968971e-06,1.422406074040618766e-06
4.902913790957791337e-06,1.262512071056997524e-06
-8.718375854550490003e-07,-5.351410195873427287e-06
-5.558578458979395417e-07,-5.383105659877325872e-06
6.014648006106214810e-07,-5.363459091064456160e-06
8.693136631662177153e-07,-5.328209940256083608e-06
3.870175362057083464e-07,2.198684669671979895e-09
-4.650267720033230748e-08,6.276090700594483335e-09
1.791543604120469378e-06,4.468174855094526127e-06
1.524219141064308892e-06,4.588210579126392468e-06
-1.682050908187334851e-06,4.730403587412880329e-06
-1.890714209516062383e-06,4.642888633913922084e-06
-5.317461524167261154e-06,9.365510690223604178e-07
-5.357216983421168093e-06,7.605956143943317876e-07
4.982792314926815651e-06,9.239388261390149182e-07
4.946863578090335041e-06,1.088562184703496527e-06
1.244714087628300965e-06,4.692771241859802348e-06
9.949238623741824672e-07,4.776071479988897714e-06
-1.281060565222888775e-06,4.859293610014778724e-06
-1.469347037848309118e-06,4.803036426616732530e-06
-5.387145264736684387e-06,5.693051949519857197e-07
-5.408558990722803576e-06,3.866748808416856561e-07
5.010400228616353588e-06,7.411197813606241265e-07
5.030570214976171070e-06,5.635123237706180858e-07
2.676780068536630577e-06,3.976308495080128842e-06
-2.668504027102103306e-06,4.235378063040197510e-06
7.374265359322007704e-07,4.845133774403338780e-06
5.088528797328710857e-07,4.896810206215583681e-06
-9.059249230558005910e-07,4.937904702217918802e-06
-1.084930605088965074e-06,4.904546157130558955e-06
-5.419556940011608410e-06,1.820319062735853966e-07
-5.421785138952317023e-06,-1.981248101466412568e-08
5.041070226221627118e-06,3.620306545908756355e-07
5.043273552252821808e-06,1.618452690014319629e-07
-3.134145712512499667e-08,-4.076203110711417643e-08
-2.326023330260761517e-08,-4.733577040753035526e-08
3.793957791036096098e-07,-3.709259802462169690e-08
3.752998210473612300e-07,-3.458470351879837899e-08
1.132961463266771070e-08,7.357162547679664086e-08
6.539804583896207866e-08,9.401697663977710715e-08
2.750059954962716831e-07,4.936151902376504104e-06
6.753155079723260561e-08,4.961841089994050708e-06
-5.338095024943832009e-07,4.976434022310851217e-06
-7.142133271218330231e-07,4.962078385234314028e-06
-5.410705224886950250e-06,-2.521505987062026985e-07
-5.388509566103667862e-06,-4.867760423976852088e-07
5.032635464976372127e-06,-6.912444626931442403e-08
5.011294175749734623e-06,-3.020393496392494036e-07
4.917966238793414805e-06,-8.492328692347548303e-07
4.971811548115569545e-06,-5.734902048769660669e-07
-5.347369175523891072e-06,-7.614271484319512678e-07
-5.291038259366194168e-06,-1.042190200039873204e-06
-1.451943903707285415e-07,4.977065314048556507e-06
-3.357309992427709984e-07,4.981517865539846687e-06
4.842059678968226671e-06,-1.187312803562323163e-06
-5.212048322531282764e-06,-1.394077256194140797e-06
-7.944131911449730366e-09,-1.674055058990594460e-08
-2.347394325021911508e-08,-5.746329691710201885e-08
3.900165936177345344e-07,-4.407925833211709562e-08
3.693621860906229519e-07,-1.225098173508422621e-08
2.689280955570627436e-07,-5.154878328693445257e-06
3.955773079695163709e-07,-5.490409121698602634e-06
-3.346522785489807942e-07,-5.510453001141909452e-06
-1.947154313833962108e-07,-5.153552014877530243e-06
-5.266119765373364377e-06,-1.679138910259109976e-06
-4.943712467906264483e-06,-1.395068315022106011e-06
4.580773107848467190e-06,-1.187965073159142810e-06
4.897566961792710423e-06,-1.459118107552791563e-06
-1.054013735389962672e-09,8.895653850531232649e-08
9.173988154048558485e-10,3.088117086433875513e-08
8.908457361142348639e-08,4.941331649503727744e-08
1.372300361874902037e-07,1.361892395656885942e-07
3.552290759526173427e-08,-5.521712215141003832e-06
3.468552203120351805e-07,-1.705684924001964328e-08
3.756241753004253565e-07,-5.964496317055731069e-08
-4.096808168736742462e-08,-5.574998405917715726e-08
-1.694975152992260827e-08,-2.195204740568864236e-08
-7.829052024833636393e-09,3.093791375188837112e-10
3.800347306658092436e-07,4.774516269760136544e-09
-1.791456644420579524e-08,-2.602215982864625160e-08
-3.868270566145396928e-08,-6.805115087272006166e-08
3.441076243062503597e-07,-8.612173644879090816e-08
2.918039316992319165e-07,-6.122966186344832748e-08
2.901014565692353347e-07,-1.122442746856841264e-07
-4.927120575580096157e-08,1.507333076856250280e-08
-2.025637527072453797e-08,7.072786316195550774e-09
4.049354436930812795e-07,5.460261639885817423e-09
4.145615095337444667e-07,1.128755706172137938e-08
3.779079292378504833e-07,3.731956091965618039e-08
3.297814801342094068e-07,6.786793657279051475e-09
-1.443578930181985032e-08,3.984039883221122482e-09
-5.518594364773992555e-08,1.319680413834371186e-08
3.085109844383397856e-07,-2.733845061043070225e-08
2.425206273325950324e-07,-3.712517878715655257e-08
-4.931150326618941287e-06,-2.225721750154686900e-06
-4.785019850354042554e-06,-1.870672929944829140e-06
-5.133001978813544653e-06,-2.054753126878482232e-06
4.577179765637435660e-06,-1.991744034284591412e-06
4.774933372134141377e-06,-1.822643187901505200e-06
4.429299797954934881e-06,-1.636112731141125865e-06
2.389119946516140649e-06,-4.912210743057666705e-06
2.267455670882893588e-06,-4.739549597703900817e-06
-2.733144960228878646e-06,-4.649457471954034923e-06
-2.884380082886133501e-06,-4.859206904613778337e-06
4.159275959796083774e-06,2.857074103391775086e-06
3.966223644332095399e-06,2.648655385121182876e-06
-4.112933277304176678e-06,2.773445601490453808e-06
-4.345414687886662608e-06,3.021698689761526263e-06
-2.954652495946320034e-06,4.231244115015733082e-06
-2.653676328669035959e-06,3.970167551477870834e-06
2.662656126307333858e-06,3.704979138234640008e-06
2.954497237555521346e-06,3.969005028592856630e-06
-5.011940822411783680e-06,-2.481717430195496698e-06
-4.674325941632257845e-06,-2.304188754912551338e-06
4.315612417980976242e-06,-2.072771702650234931e-06
4.662101577717913694e-06,-2.260616954061652449e-06
2.269464105409541022e-07,-1.344673772666480100e-07
-3.376702432319742374e-06,3.730864155486262797e-06
-3.048800619826277840e-06,3.679261327237999822e-06
-3.277248440818785775e-06,4.005092888514391700e-06
3.340901779742190868e-06,3.481971504446042303e-06
3.252797756622531017e-06,3.741664183142042226e-06
3.037633435427069131e-06,3.432489236190117903e-06
3.377270454208832603e-06,3.193532748070296322e-06
3.581899794030941961e-06,3.488192949360047507e-06
-3.648442023228737599e-06,3.738971126726890413e-06
-3.420004792556435734e-06,3.415834190418608461e-06
-7.332061240467181097e-08,-4.863887728754605860e-07
-2.643352968935629413e-08,-2.402977887084636220e-07
-7.741780519652199957e-08,2.858239002964114641e-07
-1.343619845345053585e-08,1.285537328551001236e-07
5.780419907429413585e-07,2.248862941018072463e-07
4.449525091218138923e-07,9.653481252408562535e-08
5.692797159382352062e-07,-1.821296834825441800e-07
4.356901247803828153e-07,-8.938080579528166161e-08
-3.204746622915019228e-07,1.691862323250661633e-08
-1.228917804813369367e-07,2.959822822324184096e-08
-1.182658421739848994e-07,4.752847069877760240e-08
-2.606919524202815760e-07,1.564842036601344479e-07
1.830449044154897559e-07,-2.555334264068611054e-07
2.241129498935104293e-07,-4.839669845885477442e-07
4.713713211684904629e-07,2.726687628887976817e-08
6.304203613816288835e-07,1.428430886295102200e-08
3.146176588198841868e-07,1.985264106973892962e-07
3.902213820586110205e-07,3.629078033521823065e-07
-7.808164642074573320e-08,-1.107958049735159952e-07
-2.440025918870863724e-07,-2.227378112590685954e-07
-2.800147447010190115e-09,1.524789950764430163e-08
2.549012390040149700e-07,3.206458741725067342e-08
-2.574628862308542942e-06,2.998853440403103272e-06
-2.830757753064165736e-06,3.369123689038766922e-06
-3.993725808471119727e-06,-1.627573070977979821e-06
-4.445949291186861655e-06,-1.756157076427805800e-06
2.973827055015290009e-07,-4.387920409948791013e-06
2.751957013644222129e-07,-4.826622893863835980e-06
3.855397285481557465e-06,-9.239774605347631772e-07
4.262263557130895903e-06,-1.070901731785234290e-06
2.200732119419038737e-06,3.085354918798129370e-06
2.449841268972503110e-06,3.415968515997875349e-06
4.108143716838579848e-06,-1.524228119633911613e-06
3.703564954284919995e-06,-1.399552500470684957e-06
-2.428726320623058704e-06,3.667954672114777808e-06
-2.143643936983325876e-06,3.308569087501265796e-06
-2.018415801294213671e-07,-4.822713305758533134e-06
-2.174649137504130082e-07,-4.389697078142107851e-06
-4.609348600594174311e-06,-1.267665012930153647e-06
-4.163504426652038122e-06,-1.099872471901780530e-06
2.829201200273615426e-06,3.141953277946904454e-06
2.592436490492948576e-06,2.800059650672485339e-06
2.571620214088716066e-11,2.498536707284873073e-08
1.774449270697046821e-07,4.414278160473085452e-08
-1.911381474758467824e-07,5.027886271515707359e-07
-2.343526763216647555e-07,3.062166156291307583e-07
-4.410615606287971330e-07,3.249408205012427646e-07
-1.155987233797323242e-07,-7.906203791257504253e-07
7.328095195216871531e-08,-6.245041452292035303e-07
2.577856639804281143e-07,-7.881356168215769013e-07
7.674349270003073829e-07,-2.912742404994282697e-07
6.926538954979264049e-07,-1.167447793946404023e-07
8.517757728911645651e-07,-2.344822278730155417e-08
7.399760665544652355e-07,3.973465705772350530e-07
5.466325426154243625e-07,3.805109041952627012e-07
5.023012501738679378e-07,5.705642655939541749e-07
-5.946563662514414182e-07,-2.710906911687795727e-08
-3.974663730410151321e-07,-1.420804834054847213e-07
-4.899810335007923342e-07,-3.543848159314432452e-07
3.510715968478373098e-07,1.128299581675230843e-07
2.709339158642990972e-07,1.116434005681191303e-07
-4.065249694148213519e-08,6.152808305405468149e-08
3.751155760349078317e-09,6.386874557512359459e-08
-1.262083100992420202e-08,8.575132349924624681e-09
-2.751559637922683468e-08,1.913520568063155604e-08
3.983512186977003386e-07,2.148601950171274286e-08
3.925887697174848480e-07,1.136451581306497105e-08
-3.884149678280694654e-06,-3.734889102096039646e-06
-4.032049602688624064e-06,-3.542326093352076072e-06
-4.056263926698657584e-06,-3.722321253340294045e-06
3.384086263237162621e-06,-3.724681627490358011e-06
3.585000521899834087e-06,-3.706567244580697398e-06
3.557795910861951568e-06,-3.490517630295929254e-06
-3.740926022009535259e-06,-3.899914537806250250e-06
-3.743474804533818274e-06,-4.061804033525048123e-06
-3.582826267304769144e-06,-4.056214182621633462e-06
3.220127409214295624e-06,-3.924206741045003121e-06
3.046187097886718393e-06,-4.110019819461778260e-06
3.222619153417567959e-06,-4.112818778931533767e-06
3.721318519688751077e-06,-3.247553829077918302e-06
3.939370878476957005e-06,-3.201025086683678494e-06
3.886002926563975251e-06,-2.965189686062970617e-06
-4.169410971802771597e-06,-3.341354304490926891e-06
-4.307359686130807428e-06,-3.103689170275614278e-06
-4.355274701404794572e-06,-3.304400234634051884e-06
-4.706481095887414254e-08,2.586983172882087207e-08
-5.583384699407394218e-08,3.768225709774273042e-08
4.113400331623273428e-07,2.650297873549121714e-08
4.195087857852061750e-07,3.526571746069828060e-08
-3.430533196697759220e-06,-4.194086472374556544e-06
-3.416301669082707081e-06,-4.343862948508629614e-06
-3.262182641426268382e-06,-4.324416922831877647e-06
2.887017060819396065e-06,-4.268946453468365768e-06
2.721679074093862082e-06,-4.413471857986405495e-06
2.872731816076019347e-06,-4.429573712611076088e-06
4.040769779292708418e-06,-2.680894257848148758e-06
4.256876616058570362e-06,-2.632592980985588851e-06
4.180186071451447590e-06,-2.388869366360302146e-06
-4.438093295771629909e-06,-2.858014935854894752e-06
-4.557423359185322667e-06,-2.596627327136141882e-06
-4.630201979617560527e-06,-2.817291580508556104e-06
-3.094556033047158189e-06,-4.442191656377474959e-06
-3.079851339078501452e-06,-4.580659387206620337e-06
-2.922848301048972879e-06,-4.547762516958227914e-06
2.567741726618593194e-06,-4.537600832679835447e-06
2.420582518073169739e-06,-4.643055522395502423e-06
2.554921652163819211e-06,-4.668976857353318523e-06
3.603116980695847350e-06,3.004371874464182337e-06
3.787350025115616848e-06,2.832003012206402098e-06
3.795868163721902645e-06,3.020863352159656601e-06
-3.679081562746052103e-06,3.197301432119870809e-06
-3.904347022706292218e-06,3.214916279755480749e-06
-3.896577928401406025e-06,2.993693998438796801e-06
3.439542920574808104e-06,-7.790386206384873905e-07
3.572302376319551460e-06,-1.092117535892215240e-06
3.284778320038767854e-06,-1.263614047455802074e-06
-2.298397112616339282e-06,2.614207996621599460e-06
-2.219397227269506489e-06,2.965765868385676025e-06
-1.854554640375825544e-06,2.933124721730921799e-06
3.142478786800865949e-07,-3.924839814867708067e-06
4.194064912970709697e-08,-4.161726673243001033e-06
-2.264048091018974184e-07,-3.926947259214300241e-06
-3.515768527072422315e-06,-1.482207373942299731e-06
-3.845394298790045337e-06,-1.286597963001287929e-06
-3.693123517301161213e-06,-9.314010992170198518e-07
1.949538882891664324e-06,2.743049321138661742e-06
2.272953670020530761e-06,2.771419557291627466e-06
2.346553406985949605e-06,2.453757330432811521e-06
2.709199137507440054e-06,-4.712225547385614280e-06
2.556306665735179624e-06,-4.811135790298042097e-06
-3.249384965328106426e-06,-4.629137769584471757e-06
-3.081402102738953289e-06,-4.739170703782439493e-06
3.812864592697254909e-06,3.259748955823632521e-06
3.982680623552164382e-06,3.069502379734182593e-06
-3.920571813623967164e-06,3.487828421622889349e-06
-4.126590371426264590e-06,3.270692503707659070e-06
2.738613695390364180e-06,3.414329853925922470e-06
-2.733288357183188830e-06,3.663816824431746260e-06
-4.719131878950803876e-06,-3.034994313357517542e-06
-4.856541017410037671e-06,-2.785761077880262282e-06
4.354746626920419396e-06,-2.880212705779388260e-06
4.503480291503216272e-06,-2.594757960520271870e-06
3.057448138203207936e-06,-4.452945480242762166e-06
2.881691165673695604e-06,-4.586738482769722664e-06
-3.594645527628278580e-06,-4.368390621769187376e-06
-3.425926437618108071e-06,-4.498549243732543116e-06
2.049232826652364415e-07,1.344586516044983550e-07
2.327839392439419077e-07,7.787876303592366584e-08
2.495016963014705275e-09,4.473528185220232660e-08
7.640636636691364940e-09,8.351990718500937598e-08
-4.405207133490173010e-06,-3.511339677737264241e-06
-4.558957479708314694e-06,-3.285070839842119620e-06
3.996105287435961893e-06,-3.447529730280581021e-06
4.174476598551761957e-06,-3.175333956901296680e-06
3.427092712057374633e-06,-4.120080130881791235e-06
3.239628756093196063e-06,-4.293483733750797112e-06
-3.923631750445948644e-06,-4.070664960257566410e-06
-3.760059007456656915e-06,-4.222112547339340537e-06
-2.012388906632253540e-06,2.226498747872880574e-06
-1.722896860413999523e-06,1.844910585871536418e-06
-1.645392360330879633e-06,2.193535088346731729e-06
-1.565964609112501187e-06,2.547571480311414479e-06
-1.284100205968599877e-06,2.160425357142097475e-06
2.193709090220739753e-06,-3.776741343530489777e-07
1.806999373722333150e-06,-2.641485326397131778e-07
1.925423438426175650e-06,-5.377219036209192966e-07
2.049218229880766203e-06,-8.300681301873558664e-07
1.672576719055217253e-06,-6.856898033325291683e-07
1.700714067687103356e-06,2.396666744934721531e-06
1.458860672702341275e-06,2.052373139219573497e-06
1.774120339998555990e-06,2.080615270256520275e-06
2.096052822560197838e-06,2.108673536245054213e-06
1.845271363239016736e-06,1.770902014781616337e-06
-1.509090781950355399e-07,-1.152542909932971944e-06
-1.795391165494981202e-07,-1.561534140874139871e-06
6.523276617630560404e-08,-1.347729679524116683e-06
-9.346749328685972827e-07,-1.000208724307689335e-07
-1.328517017600804142e-06,-1.980844238180284096e-07
-1.052281524184222009e-06,-3.613257982628859106e-07
2.852475044002117799e-07,-1.150563674741173086e-06
3.061483353434756920e-07,-1.559569627782392586e-06
-8.059822117869740181e-07,-5.011687777760253193e-07
-1.180336119313560583e-06,-6.590734725318833078e-07
2.449082519027014623e-06,-9.763141842512277180e-07
-8.959628857311828948e-07,8.218589672427488830e-07
-1.158463735701183676e-06,1.134157845351952093e-06
-2.265413968295764425e-07,-2.959547144572604560e-06
-2.172681775410428945e-07,-2.475879442247827070e-06
1.448730838879456150e-06,-1.654012337298806257e-07
8.178335969552402746e-07,1.092031977730160761e-06
1.013222045855763233e-06,1.394151042427604885e-06
-2.715024131243457834e-06,-6.048000508755025571e-07
-2.230419644440330040e-06,-4.543113916073686936e-07
5.749510187440714175e-08,-2.236161633101104739e-06
-2.016308937531076042e-07,-2.006291227560762709e-06
6.461970864646732423e-07,8.156104572177004897e-07
-1.436171222158400152e-06,1.477970117176068073e-06
1.297354675033447926e-06,1.420561244657249309e-06
1.228284730853844194e-06,1.716216708519609206e-06
-1.907868156065482931e-06,-6.455164679408776545e-07
-1.764349709266794411e-06,-3.174619572603801948e-07
-6.547942349770224436e-07,5.493620269783448464e-07
-3.206497524019243362e-06,-7.651000702192225338e-07
-1.090390376701111616e-06,1.447487994337194051e-06
2.863708125284085890e-06,-1.121708203585057300e-06
1.127453269959000116e-06,-8.423541891525447021e-08
-2.295472711105606838e-07,-3.446702430940107568e-06
3.204951634733130852e-07,-2.004312526555824645e-06
-1.601241082261398144e-06,-8.242623250500281088e-07
1.598661510612879763e-06,1.446424621770875882e-06
9.270592417084988466e-07,6.109559014799730921e-07
3.283840028044212524e-07,-2.473900395619580455e-06
-3.475223539114133705e-07,7.691827164836530220e-07
-2.056927503036595719e-06,-9.929360607493410350e-07
-3.025802975001755682e-06,-1.325636878437495278e-06
-1.015214609625783269e-06,1.780483947063359802e-06
3.251727523361309133e-07,-3.444720081370771865e-06
1.360579002777843912e-06,1.141114009143686715e-06
3.018488858231184102e-06,-6.378963499735554815e-07
1.023094123645686822e-06,-4.135161461300406889e-07
-6.039260197441523192e-07,7.961138430466446392e-07
8.771039624431827901e-07,8.386196841742394879e-07
3.299103600123328557e-07,-2.957572635294652914e-06
-2.535671203192782968e-06,-1.161313975677457567e-06
1.135306233362590466e-06,8.607348707981719999e-07
-7.654601213343314106e-07,1.416331067149862611e-06
2.600361040828161728e-06,-5.031858883652998536e-07
2.731111518388515858e-06,-8.092082324683869027e-07
1.327679888181019310e-06,-5.459197617956746272e-07
-2.870073956885091647e-06,-9.640106387734203307e-07
-5.409018709970330458e-07,1.076441137098000036e-06
4.975106773892675237e-08,-3.202463342642230172e-06
1.223095994702904640e-06,-2.994772141325562466e-07
-4.085196523408029813e-06,-3.900266019403126096e-06
-4.243840470081684026e-06,-3.716373474443576147e-06
3.617119830319103779e-06,-3.918365967218002923e-06
3.805489485903444180e-06,-3.696325109270143799e-06
1.271119370570870991e-07,-4.503042365008820436e-08
4.249907554270214778e-07,-1.852967115121981154e-08
-6.486766425637405057e-08,-2.690118335000956074e-08
4.319769867093136125e-06,-1.352126096692618574e-06
-4.670758690232315828e-06,-1.570911711956346244e-06
9.077626141578554984e-08,-2.132135241094116029e-07
8.868543280699603158e-12,-1.346429011145931104e-07
1.719884435042273681e-07,-1.620472043391443893e-07
3.842808839912704664e-08,-4.966747647573195629e-06
1.582146479216331052e-07,-1.077344629308997163e-07
5.337508077503472871e-08,-6.595706253793234694e-08
