Size 899,2
0.000000000000000000e+00,0.000000000000000000e+00
0.000000000000000000e+00,0.000000000000000000e+00
9.347063874779457700e-10,-5.227870006409882839e-06
-2.522842664795759164e-07,4.729465405680414756e-06
1.858481957514361242e-07,-1.405928498920688439e-07
3.038477518160811512e-07,-8.095157037689193989e-08
4.149665601493501510e-07,-4.543942218579851931e-06
3.780127521070715196e-06,-1.651508650611319371e-06
3.485616513873156082e-07,4.630434412076718430e-08
3.427110424902820433e-07,2.994583234483774209e-08
4.060518556813572071e-06,-8.480168654627725887e-07
2.783457573278120570e-06,2.880388371669415902e-06
1.605004742692712049e-07,1.548367612152333800e-07
2.202314813543261635e-08,7.989180374005783278e-08
2.102011548286806538e-06,3.371402862056012204e-06
-2.173594452619895160e-06,3.618352280090912109e-06
-8.154404718102329286e-08,-1.489713038264564771e-08
-5.754446780239983877e-08,6.249701601873157663e-08
-2.883718906080791477e-06,3.081402418197918917e-06
-4.465704466033285192e-06,-1.015406244948931903e-06
-1.007407267057015599e-08,-8.595542563035361865e-08
-7.665674436723546929e-08,-1.039361165138128947e-07
-4.175480843042919317e-06,-1.872254929424305206e-06
-4.265550355834882459e-07,-4.533797069879375168e-06
1.229968309288016880e-07,0.000000000000000000e+00
1.950934100640047381e-07,0.000000000000000000e+00
2.394706491123668991e-07,0.000000000000000000e+00
2.679970453596839569e-07,0.000000000000000000e+00
2.866940139932728484e-07,0.000000000000000000e+00
3.040894576148632356e-07,0.000000000000000000e+00
3.134578632140576462e-07,0.000000000000000000e+00
3.114329282125655225e-07,0.000000000000000000e+00
3.009168575998781081e-07,0.000000000000000000e+00
2.763422032205290999e-07,0.000000000000000000e+00
2.215024347048730054e-07,0.000000000000000000e+00
1.481664820114084547e-07,0.000000000000000000e+00
7.687411022183408350e-08,0.000000000000000000e+00
0.000000000000000000e+00,0.000000000000000000e+00
0.000000000000000000e+00,0.000000000000000000e+00
0.000000000000000000e+00,0.000000000000000000e+00
0.000000000000000000e+00,0.000000000000000000e+00
0.000000000000000000e+00,0.000000000000000000e+00
0.000000000000000000e+00,0.000000000000000000e+00
0.000000000000000000e+00,0.000000000000000000e+00
0.000000000000000000e+00,0.000000000000000000e+00
0.000000000000000000e+00,0.000000000000000000e+00
0.000000000000000000e+00,0.000000000000000000e+00
0.000000000000000000e+00,0.000000000000000000e+00
0.000000000000000000e+00,0.000000000000000000e+00
0.000000000000000000e+00,0.000000000000000000e+00
3.285911467587726246e-07,-5.196786051783425284e-06
6.249996763378136146e-07,-5.140380196739526360e-06
8.796684248880970405e-07,-5.076617004683625975e-06
1.105689732342619193e-06,-5.009463244836556136e-06
1.308754261735628912e-06,-4.940450518427135671e-06
1.493736344402751361e-06,-4.870221453561836293e-06
1.664938176186392067e-06,-4.798702331650049918e-06
1.826185053321523619e-06,-4.725389069089872473e-06
1.980871114084649925e-06,-4.649289365494498645e-06
2.131848879553453900e-06,-4.569052621225114239e-06
2.282118992450785428e-06,-4.483671912257767076e-06
2.434164948836872611e-06,-4.391206911254867730e-06
2.590266625933030885e-06,-4.288667946071330016e-06
2.750903719807267120e-06,-4.173834116425714784e-06
2.916811775737848929e-06,-4.044185304648103253e-06
3.087445430995821188e-06,-3.897632467813932485e-06
3.262132476774691394e-06,-3.732135660310983904e-06
3.439207914863125885e-06,-3.546307980175052462e-06
3.616855099317311577e-06,-3.338960186985666322e-06
3.792551270102903449e-06,-3.109843098720513033e-06
3.963651488791800520e-06,-2.859040718154492213e-06
4.127366065901572240e-06,-2.587875753745193603e-06
4.281230182146113382e-06,-2.296686227496642607e-06
4.421164404403064187e-06,-1.987545814110614022e-06
4.541830774612948095e-06,-1.662569495534710683e-06
4.634388439802628236e-06,-1.331795465168427699e-06
4.698342753867885155e-06,-1.012066379684730559e-06
4.735687296105232734e-06,-7.164622351333286561e-07
4.754847780116963270e-06,-4.493863330749872594e-07
4.761172922728341683e-06,-2.062943918275291631e-07
4.757472123242261980e-06,1.626117372303002507e-08
4.745746991836029181e-06,2.213320502792542249e-07
4.727475343572867095e-06,4.117159629413985586e-07
4.703733385102361222e-06,5.902523797794912104e-07
4.675146123519506538e-06,7.596359655457548876e-07
4.641960214630239601e-06,9.224756632216769691e-07
4.604035776055279549e-06,1.081192745239791600e-06
4.560904229434461640e-06,1.237991104216417518e-06
4.511803488239062021e-06,1.394854610249686539e-06
4.455705092349697351e-06,1.553452216407626052e-06
4.391394058631127895e-06,1.715214685016723308e-06
4.317458530210317305e-06,1.881197865931218567e-06
4.232413886166364147e-06,2.052220909516307614e-06
4.134634526611561460e-06,2.228739224845116458e-06
4.022443537238583431e-06,2.411064939807898398e-06
3.893857792263833285e-06,2.599120054087123195e-06
3.750437764803068020e-06,2.797375741785396988e-06
3.584736161220013368e-06,3.004500007957072602e-06
3.391924592087684781e-06,3.220642951179120552e-06
3.169898873710025332e-06,3.440862275261306708e-06
2.916290490612109154e-06,3.657183091657666528e-06
2.640241451364657695e-06,3.854970363647489457e-06
2.356260002976073505e-06,4.029325189177690897e-06
2.073635872704705617e-06,4.179509212373569828e-06
1.796575898683554007e-06,4.307743229355205244e-06
1.526626926624696300e-06,4.415698973291903973e-06
1.265473681449206481e-06,4.504655871775993937e-06
1.014515847386283424e-06,4.575977596979774384e-06
7.748767345606648443e-07,4.631278536140952304e-06
5.470783037335957382e-07,4.672293603076442942e-06
3.312432383117986909e-07,4.700861107014578933e-06
1.268380294515470569e-07,4.718786429024626888e-06
-6.711445556831938715e-08,4.727803413514042553e-06
-4.306188122144015148e-07,4.724467207973085411e-06
-6.042040569403980734e-07,4.713168796987484487e-06
-7.753547342448586282e-07,4.696117363033641829e-06
-9.468114652398172220e-07,4.673387336964681402e-06
-1.121615511601172558e-06,4.644512050625346262e-06
-1.302942885618217878e-06,4.608455467695827755e-06
-1.494144246560930425e-06,4.563589542715399994e-06
-1.698467564159347642e-06,4.507657525509251488e-06
-1.919345934254927654e-06,4.437773826686062616e-06
-2.160384499618850200e-06,4.349971932377750544e-06
-2.426081222203235619e-06,4.237725799930459112e-06
-2.714326485484771608e-06,4.091526266042160123e-06
-3.014561037942048358e-06,3.910182359652599412e-06
-3.301976687008391692e-06,3.694453251097398081e-06
-3.563190891675526697e-06,3.462594311343787280e-06
-3.796722463505310065e-06,3.225104470645271985e-06
-4.002722256354169962e-06,2.988777712544522454e-06
-4.183477139784413523e-06,2.756143497677626664e-06
-4.345686677447170306e-06,2.531077732758854179e-06
-4.487049156118059026e-06,2.310773273341964882e-06
-4.609171321044678764e-06,2.096804968593567024e-06
-4.713682847420690352e-06,1.890142187226238426e-06
-4.802448658757024760e-06,1.691357316474572633e-06
-4.877380790340558990e-06,1.500396076656122330e-06
-4.940486068064423878e-06,1.316705820008380935e-06
-4.993648145195873384e-06,1.139070956718902401e-06
-5.038615043836430597e-06,9.657996105533947823e-07
-5.076843364893719290e-06,7.946192603515832263e-07
-5.109443987073089787e-06,6.228493684513320091e-07
-5.137098985913229776e-06,4.473893714188824946e-07
-5.159974108853540100e-06,2.648329958448265140e-07
-5.177712886200191942e-06,7.157956083073610127e-08
-5.189337628455421806e-06,-1.361516236421906512e-07
-5.193324786902899663e-06,-3.621087890737449175e-07
-5.187457118811351233e-06,-6.103115362987310805e-07
-5.168466222783333758e-06,-8.853871471920815453e-07
-5.129568111161029464e-06,-1.193662349521437089e-06
-5.059384005346464958e-06,-1.529618972726566371e-06
-4.953685842393827751e-06,-1.872774548480973141e-06
-4.817255039621047609e-06,-2.196481950914915880e-06
-4.667100791959462780e-06,-2.485316211234833733e-06
-4.513258674505148708e-06,-2.743956071174592446e-06
-4.359805521985207923e-06,-2.975489972171301589e-06
-4.206807500369639883e-06,-3.184784776833398074e-06
-4.054913794618658236e-06,-3.373690588095540808e-06
-3.904439045852472928e-06,-3.544894599939605742e-06
-3.755369034774679585e-06,-3.700900737017058853e-06
-3.606947090032200031e-06,-3.844426266450578517e-06
-3.458159684540013212e-06,-3.977863930035980988e-06
-3.307392028432967849e-06,-4.103463654917237843e-06
-3.152821486357591822e-06,-4.223108511255418888e-06
-2.992372312371088810e-06,-4.338305516671454592e-06
-2.823386528898967274e-06,-4.450472898088300370e-06
-2.643292168702231530e-06,-4.560169386710086030e-06
-2.449791225161476315e-06,-4.663755570272392783e-06
-2.243149849909685910e-06,-4.762897819327160113e-06
-2.021925602595949917e-06,-4.856736027794800607e-06
-1.784905529126355605e-06,-4.944254551808038327e-06
-1.531103259376698748e-06,-5.024054699203638570e-06
-1.259937591866149092e-06,-5.094570341458971775e-06
-9.710671064824098374e-07,-5.153898100936813566e-06
-6.641569566941809370e-07,-5.199805306828133252e-06
-3.360486259415980712e-07,-5.228272930512615279e-06
2.123338887538969810e-07,-1.146562201831639481e-07
2.459659920582868164e-07,-9.232423326724783988e-08
2.705570775268874680e-07,-7.003975356998211655e-08
2.836635218803979996e-07,-5.518576602654744209e-08
2.920506597273808411e-07,-5.522657016931488892e-08
3.761973677971118146e-07,-2.051596579016731024e-07
5.159593885235388614e-07,-3.335372378398724916e-07
7.124841654302533557e-07,-4.692863373724968097e-07
9.586440243948808826e-07,-6.107703704509077469e-07
1.246660639515246022e-06,-7.554916795399529047e-07
1.568738649603688455e-06,-9.009618107977457844e-07
1.917117983946651161e-06,-1.044712430982747653e-06
2.284096903409734150e-06,-1.184286390073744389e-06
2.662025497236196136e-06,-1.317180028964531917e-06
3.043036612723263814e-06,-1.440716163714312735e-06
3.418283515350434867e-06,-1.552380542194631114e-06
3.668483213359813342e-06,-1.943241501564145086e-06
3.545510682163557590e-06,-2.225818316837454581e-06
3.416051010594172600e-06,-2.494069200366232113e-06
3.281705288766680837e-06,-2.745267875009454409e-06
3.143870150592937054e-06,-2.978564102771945768e-06
3.004632499257719771e-06,-3.192528848484312651e-06
2.864863605836816770e-06,-3.387502550360296374e-06
2.726126275046753843e-06,-3.563100914594921171e-06
2.588596777643591873e-06,-3.720543951537670761e-06
2.452992146926548324e-06,-3.860242937266220035e-06
2.318601835825248222e-06,-3.983809183594416214e-06
2.185035576844785904e-06,-4.092338877317255421e-06
2.050899059921724950e-06,-4.186928504312238947e-06
1.913821048841440740e-06,-4.268773359433806366e-06
1.771841258587691020e-06,-4.339844710385581383e-06
1.622736804623156248e-06,-4.401062145669970340e-06
1.463876180078567457e-06,-4.452730779649337683e-06
1.292191832805637290e-06,-4.494696351477177207e-06
1.104331470841729649e-06,-4.526530420895060996e-06
8.967975399734869225e-07,-4.547086397486183936e-06
6.667289671710057349e-07,-4.554553644807119445e-06
4.685732871485861278e-07,-4.154185960918230163e-06
5.022422086842741290e-07,-3.739351492151282568e-06
5.241018279327507208e-07,-3.306184170415054365e-06
5.346573959626555630e-07,-2.862821700159490674e-06
5.336609552029070590e-07,-2.418681664148955618e-06
5.209027577493859380e-07,-1.983556917633157388e-06
4.962146090894573312e-07,-1.567392964320842012e-06
4.594186757467905469e-07,-1.180231865119869578e-06
4.102131125446185521e-07,-8.322589588099539158e-07
3.480833974772657086e-07,-5.343967820462249114e-07
2.729314675492094634e-07,-2.990449346341216480e-07
3.178916372060419345e-07,2.249270198505955239e-08
3.145172860110021524e-07,8.880989425734242507e-09
3.162155431523986317e-07,4.106167881554761818e-09
3.208206494491464815e-07,5.029484621746675606e-09
3.284415278994224399e-07,1.287203834339025040e-08
4.808013911797164436e-07,9.095838961697364498e-08
6.398250953148808725e-07,2.063294870054520737e-07
8.194328621023515755e-07,3.648052821401352290e-07
1.017082296258545494e-06,5.611023587201390397e-07
1.229184370802344200e-06,7.902790872236583383e-07
1.451876313466772932e-06,1.047265958426184716e-06
1.681192840594138939e-06,1.326851537540478823e-06
1.913106865687998454e-06,1.623718312109746831e-06
2.143544071955273792e-06,1.932457213479421743e-06
2.368422606501505873e-06,2.247622316407040348e-06
2.583657446486442487e-06,2.564118997605624244e-06
3.011491675891224208e-06,2.717864825124514735e-06
3.215560735553212618e-06,2.552483062539612384e-06
3.396234835909967529e-06,2.390798458099823427e-06
3.555614961617803230e-06,2.233273205303583773e-06
3.691506222501737061e-06,2.077635465423865903e-06
3.811451905953907940e-06,1.924245026353649594e-06
3.916399329449322072e-06,1.773662309720240400e-06
4.007480368224566329e-06,1.625742197511770981e-06
4.085697122365052618e-06,1.480009078670737776e-06
4.152037397523855403e-06,1.335686526854896817e-06
4.207295099768442316e-06,1.191751673025710727e-06
4.252107506519612609e-06,1.046912235133391917e-06
4.286883325300156244e-06,8.996624329284034104e-07
4.311753055236296375e-06,7.482711352747684924e-07
4.326585434548741506e-06,5.908516540206822066e-07
4.330870755908454920e-06,4.253578606037566257e-07
4.323806901577380377e-06,2.496683218247379109e-07
4.304149823585945210e-06,6.158678343941512438e-08
4.270350858377470124e-06,-1.410334494057155507e-07
4.220410183638161034e-06,-3.601575512238966695e-07
4.151893689724517557e-06,-5.967360561463982848e-07
3.703782926031098513e-06,-6.947115750209896361e-07
3.333390316356429083e-06,-5.554667197465313167e-07
2.954757402754837139e-06,-4.235637694278024895e-07
2.573804003345506904e-06,-3.005564287381404551e-07
2.197804565573840565e-06,-1.890730366791345925e-07
1.834402481513247083e-06,-9.172398412985678432e-08
1.491305895051033222e-06,-1.107532818879215795e-08
1.176250830862876071e-06,5.030603747361920285e-08
8.970180874142038927e-07,8.983538631766289264e-08
6.614676284778231752e-07,1.049413070860216106e-07
4.765951772759392407e-07,9.296898212382074970e-08
1.133347697071000450e-07,1.328676953709151728e-07
6.587407529833583566e-08,1.180745928791972557e-07
2.639984000463151670e-08,9.682132416271978176e-08
4.761852902284656459e-09,7.351224510276966585e-08
6.746634186180358845e-09,5.757889916673572899e-08
3.174077328310461265e-08,2.213997637906291270e-07
-1.491373725835943452e-08,4.172612323725046434e-07
-1.090202330954055073e-07,6.590270394421183742e-07
-2.448029214199049135e-07,9.390161941145498883e-07
-4.166383355385732991e-07,1.249478047655637963e-06
-6.190207448049017328e-07,1.582690423652621514e-06
-8.464137141581725433e-07,1.930812788181502238e-06
-1.093196569988829985e-06,2.285895390702883617e-06
-1.353640600069409634e-06,2.639943501995129943e-06
-1.622051715445127643e-06,2.985183811784203068e-06
-1.894066169730483959e-06,3.314520294235415355e-06
-1.965904950506675261e-06,3.785840175043334176e-06
-1.764166179891427225e-06,3.924179225767220393e-06
-1.573799263694522174e-06,4.037416837963514872e-06
-1.394297762828347896e-06,4.128760301048373265e-06
-1.223676396961802694e-06,4.201036392060531487e-06
-1.059586524107247518e-06,4.256729584765974436e-06
-8.996079020752157909e-07,4.297833016791953015e-06
-7.413434826312209940e-07,4.325856236854606709e-06
-5.825284264147751170e-07,4.341867758652447484e-06
-4.210854791357003216e-07,4.346471912316379071e-06
-2.551929292255229272e-07,4.339914386600610771e-06
-8.322213584795104068e-08,4.322044901232212824e-06
9.628918743780688515e-08,4.292447690040081352e-06
2.845283536447006273e-07,4.250483647065698287e-06
4.822560135639287231e-07,4.195346399074154932e-06
6.898069971994616674e-07,4.126152550063407634e-06
9.070544834822556895e-07,4.041951150182581812e-06
1.133475645257142144e-06,3.941895801930822950e-06
1.368114923301432454e-06,3.825194516006094653e-06
1.609610806796940515e-06,3.691360121049021612e-06
1.855771220864707857e-06,3.540123326821981431e-06
1.868334276349110772e-06,3.081614027731540025e-06
1.636725574247126261e-06,2.778156195464820716e-06
1.408632934075723247e-06,2.465550589738115910e-06
1.188252479186930863e-06,2.149524598462418576e-06
9.795668681186193379e-07,1.835800120417419821e-06
7.864416227792395014e-07,1.529947969007366860e-06
6.126819470231460484e-07,1.237431976457118646e-06
4.620439919366993241e-07,9.636274671294484225e-07
3.382543574922218874e-07,7.138753595279614960e-07
2.449018431857314996e-07,4.936474742388451581e-07
1.845495417837783242e-07,3.076816774686785315e-07
-3.863480302917392064e-08,-1.231289332983846260e-08
-1.964752848236939820e-08,-5.477093390818430861e-09
-1.181585151819621857e-08,2.129598038130467305e-09
-1.033614778299797733e-08,1.147406992324495625e-08
-1.632467926503051703e-08,3.040749979929825909e-08
-2.178016072229394796e-07,1.259099852540039181e-07
-4.482899498742416834e-07,1.447736600737219963e-07
-7.415311989367314085e-07,1.287437492948370752e-07
-1.087780995387306636e-06,8.122828341027390631e-08
-1.475996889256739894e-06,5.757525285017199211e-09
-1.895259946729805554e-06,-9.406575617636841116e-08
-2.334719520137497949e-06,-2.146583426546837677e-07
-2.783560167007323813e-06,-3.524470795658043518e-07
-3.231018186892688203e-06,-5.038357466905517805e-07
-3.666573076689619845e-06,-6.652003598927724413e-07
-4.080874401565587579e-06,-8.337772901710908701e-07
-4.564511706769227031e-06,-7.594902454310271896e-07
-4.638150906111823929e-06,-5.178622020585029247e-07
-4.691551500103940195e-06,-2.950376674280630630e-07
-4.727254348577457543e-06,-8.986555978784156413e-08
-4.747328933006757716e-06,1.002926103609880100e-07
-4.753306950521509601e-06,2.783452356112428777e-07
-4.746355360984366477e-06,4.472566369553500605e-07
-4.727099063128019408e-06,6.098651423872068720e-07
-4.695806581092154694e-06,7.688622120326916545e-07
-4.652312614150436155e-06,9.266569188663219565e-07
-4.596156489072879733e-06,1.085371051130194190e-06
-4.526623608563249887e-06,1.246723612120989507e-06
-4.442791595290329175e-06,1.412048345139298512e-06
-4.343705828787901560e-06,1.582205352743737496e-06
-4.228313451800760821e-06,1.757624444816873345e-06
-4.095776856754730638e-06,1.938239293898747326e-06
-3.945316906643552201e-06,2.123486547882159495e-06
-3.776664211423639366e-06,2.311933983887250468e-06
-3.582962964988947549e-06,2.502328766671468969e-06
-3.368811662713075106e-06,2.696369119429187813e-06
-3.134655833421126581e-06,2.892090572039968006e-06
-2.670680038129971186e-06,2.741601824050447573e-06
-2.435575471147111502e-06,2.390250263155726909e-06
-2.182495458563039850e-06,2.034398913603450551e-06
-1.917796229751667903e-06,1.683273759840144705e-06
-1.647722309775325519e-06,1.345009969833352616e-06
-1.378211566966143164e-06,1.027442305977514499e-06
-1.115081246604517538e-06,7.383393685726453752e-07
-8.640956560882525018e-07,4.854035299277015416e-07
-6.309968673404414305e-07,2.762218734099788086e-07
-4.214198678774240840e-07,1.180315151593374806e-07
-2.391668380686728337e-07,1.701472596678913764e-08
-3.884732778581841090e-09,-4.216537807158214103e-08
-9.806890174494871290e-09,-2.576172687564442122e-08
-2.057333163852054528e-08,-2.244570799552233653e-08
-3.496878445838951254e-08,-3.277028197118704819e-08
-5.176676917697460921e-08,-5.493961161607167218e-08
-1.900379598944055223e-07,-2.884014767742655866e-07
-2.719974938589538891e-07,-5.319145463660578643e-07
-3.408301540034298926e-07,-8.304539076334996598e-07
-3.978445251209099008e-07,-1.178129474690383706e-06
-4.427496526321271085e-07,-1.565171617497026990e-06
-4.755634154450289447e-07,-1.981321403966363177e-06
-4.964359133755543592e-07,-2.416457005337251530e-06
-5.055271721751425506e-07,-2.860635523325339410e-06
-5.029588939199886955e-07,-3.304034522424937072e-06
-4.888572436736005187e-07,-3.736737516551044778e-06
-4.637337899653521383e-07,-4.148850952583565205e-06
-7.171504360428646113e-07,-4.530160751824242552e-06
-9.982637799353643392e-07,-4.511344817867332680e-06
-1.265163838609935594e-06,-4.480380157156827550e-06
-1.516574551484676407e-06,-4.438419693060749104e-06
-1.752343010447619107e-06,-4.386465570719127261e-06
-1.972848515103613623e-06,-4.325214403883490463e-06
-2.178859776991796594e-06,-4.255333924682856331e-06
-2.371649743429890826e-06,-4.177121518409335996e-06
-2.551582688723531036e-06,-4.094418362391624452e-06
-2.718500159939225858e-06,-4.003556951021956254e-06
-2.874100290520795806e-06,-3.904489331169575996e-06
-3.020112056180491077e-06,-3.796280046586561222e-06
-3.158208305961691616e-06,-3.677796631286713796e-06
-3.289863471151010507e-06,-3.547467892192165429e-06
-3.416164623558758942e-06,-3.403811463231312096e-06
-3.538224167494191165e-06,-3.244639621476644362e-06
-3.656308813894045536e-06,-3.068437653712449817e-06
-3.770990713110063103e-06,-2.872696633903606281e-06
-3.881618861159792709e-06,-2.656252958077478225e-06
-3.987940371190648042e-06,-2.416801463768153218e-06
-4.088968634000504495e-06,-2.154340635571105592e-06
-3.767630861024997817e-06,-1.785768230909150182e-06
-3.336933288703995154e-06,-1.675189837207643931e-06
-2.891250733082365978e-06,-1.545491436154568821e-06
-2.441680954278985551e-06,-1.400178541253408048e-06
-1.999112794526607248e-06,-1.242830030588642869e-06
-1.574322803705059566e-06,-1.076935904523310956e-06
-1.178135913741713226e-06,-9.059655104770057806e-07
-8.214241048119145021e-07,-7.334026888062534453e-07
-5.150749142626387687e-07,-5.627405926085369494e-07
-2.699456322848230234e-07,-3.974183648319138483e-07
-9.632329746787488801e-08,-2.396760034622235426e-07
-1.111182923363388533e-07,1.312798217632456202e-07
4.438806753634164437e-08,-3.082232483031917042e-07
3.401479850962451590e-07,2.066108753781824426e-07
4.385607737044061275e-07,-6.015995678562143391e-08
-1.723207113711576437e-07,-6.265659050472578209e-08
-2.280661305917047590e-06,3.023944378000774834e-06
3.557626252319009950e-06,-1.123825222773697633e-06
2.170778871785615304e-09,-4.145668256493068901e-06
-3.918156255652981353e-06,-1.308690899090723138e-06
2.224548734753555673e-06,2.821025185492469568e-06
2.300249757142369072e-07,5.854629932113935964e-08
-1.708612380368670563e-08,2.258522647734749132e-08
2.611923861789930626e-06,3.355681292038781209e-06
-2.697674084090420377e-06,3.591014053475068227e-06
1.047837339952544599e-08,-3.303420196080945426e-06
-3.059825733904899674e-06,-1.024281830611633841e-06
5.827412798691932049e-07,5.448922132267825746e-07
3.487798588035618447e-08,-8.395015220732835786e-07
-6.376784654262565924e-07,-2.199802683836702252e-07
-3.752619597018271469e-07,4.749802844197463896e-07
8.124082362691371622e-07,-1.921778040244154260e-07
1.776227429694536003e-06,2.199261504892024337e-06
2.808420176098534920e-06,-8.704681516439565349e-07
-2.169149650892238691e-06,-7.294504637074971293e-07
9.236848717051337636e-07,1.017658695307027420e-06
-1.332853501263742946e-06,-4.519701220477496915e-07
1.861795229597684632e-08,-2.419068678893132653e-06
1.331860706049675818e-06,1.583374331508036290e-06
2.671364809401253140e-08,-1.571064889855872676e-06
2.060026762688629380e-06,-6.177030618910744439e-07
1.374079691262528145e-06,-3.849262535370621996e-07
-7.693555328254177718e-07,9.987223021720854087e-07
-1.767877964219887157e-06,2.336742230560112065e-06
-1.248688621316433212e-06,1.640170433745055247e-06
3.160619297410297339e-07,-1.067550517257471119e-08
-2.246714970784030738e-08,-9.237736873685222707e-09
6.544797541866936079e-08,-1.083755882040633973e-07
4.144355787942599755e-06,-1.340703835967086920e-06
-4.548606914885097172e-06,-1.539505429039910010e-06
3.200903943309734153e-07,1.485644161538877974e-08
-1.905691255868120851e-08,1.983663646074284770e-08
-3.581814186526888117e-06,-3.552604261667669254e-06
3.059661998175341443e-06,-3.559931670495408717e-06
-1.108623517162252925e-10,-4.770053848787899622e-06
3.382681155443893718e-06,-3.150539701579505288e-06
-3.857374954353817628e-06,-3.213830862375455801e-06
-1.605460108604495094e-08,-1.951962773700040839e-08
2.474469179308412413e-07,-3.913180294762023297e-08
-3.293503758169867982e-06,-3.828422750252284736e-06
2.737766419161170587e-06,-3.882283311338337358e-06
3.689118749719793038e-06,-2.651841612159197227e-06
-4.120610910052360999e-06,-2.793553127646181251e-06
4.795212763727257558e-09,3.958303639827130783e-08
1.119861441267018623e-07,7.279237278781087228e-08
-3.375134897347817083e-06,3.119259658153323893e-06
3.222328550082173271e-06,2.918143228263268600e-06
-2.991299935249074201e-06,-4.061407598789526628e-06
2.434067007332604830e-06,-4.132639370534957552e-06
3.946384135003512403e-06,-2.131696451122283818e-06
-4.352138942342058407e-06,-2.328499083956686002e-06
-3.762587894074262034e-06,2.738072234781208704e-06
3.547314308279371082e-06,2.588100782449121775e-06
-2.686083059679086280e-06,-4.253932886962022027e-06
2.165772929605368129e-06,-4.317481519921268758e-06
1.577502344587776825e-07,-6.053549713320564076e-08
-4.825221164043148208e-09,-5.613970292132151801e-08
-2.936316008585308008e-08,-3.910329926092672808e-08
3.133088446497080260e-07,2.910630685547398722e-09
3.084032902682793213e-07,4.530759613475989430e-09
-2.354732015774405927e-08,-2.003660320542028155e-09
-1.573288610899776407e-08,2.459196373533112674e-09
-4.143709439739634955e-06,2.317009283455081063e-06
-4.287457714546764590e-06,2.123967680390440242e-06
3.970179600869730278e-06,2.076232167319004919e-06
3.855471184975416302e-06,2.236028127872609028e-06
-2.305406636419192286e-06,-4.461406215607889671e-06
-2.107503131368733950e-06,-4.546478141519161546e-06
1.869817436729948655e-06,-4.495155256883593505e-06
1.724210362544860979e-06,-4.564566717182686967e-06
-4.416087722933516800e-06,1.918223000893986641e-06
-4.524728682292155774e-06,1.735683138011137626e-06
4.072770636942524892e-06,1.905688206582308275e-06
4.160091536181507293e-06,1.753269277105378999e-06
-1.877449380708365178e-06,-4.623847991394579936e-06
-1.650143791704832863e-06,-4.694682933602996773e-06
1.557364606856873825e-06,-4.627819764438818218e-06
1.392407746346287969e-06,-4.686081781228658866e-06
-2.432603066732427182e-08,-2.681381715234440674e-08
-3.976144659254796233e-06,2.533841324669088023e-06
3.721317578820225918e-06,2.416203063384704197e-06
-2.506856332196759478e-06,-4.370352552266296519e-06
2.022769516175980721e-06,-4.418806719374372750e-06
-4.619614097420354914e-06,1.543839968120706723e-06
-4.698559598865389400e-06,1.373165196210799816e-06
4.237092419350618468e-06,1.591142994289399183e-06
4.302296660296439124e-06,1.444435300518963991e-06
-1.387560301057053544e-06,-4.754714212899808046e-06
-1.128262142840300260e-06,-4.806836972613959281e-06
1.198264597565470339e-06,-4.737835500127061090e-06
9.999833021213314862e-07,-4.784906922186632739e-06
-1.447168809657135322e-08,8.721216511079042389e-09
3.163504448931288175e-07,6.297866982672348909e-09
2.093533795563794694e-06,3.783340826566402806e-06
1.840332240562261782e-06,3.930549962344360049e-06
-1.959240618566168659e-06,4.127080976661157782e-06
-2.181797174153175037e-06,4.003371662588124179e-06
-4.765764894977132224e-06,1.194117095057228933e-06
-4.820809729809412511e-06,1.032598024526636700e-06
4.358794809082646491e-06,1.287366231783359951e-06
4.406212345931719774e-06,1.142377276573142311e-06
-8.319123074125613667e-07,-4.844017408281371807e-06
-5.404777605602952021e-07,-4.871658546115239318e-06
5.122657307670511624e-07,-4.854526861777546377e-06
7.618713594252842698e-07,-4.822747458085018815e-06
2.958001254092268345e-07,1.326971689931932114e-08
-3.449609723555939393e-08,-3.486819075124850791e-09
1.571279695024093036e-06,4.063287098865661867e-06
1.329038712100824589e-06,4.173137334624420852e-06
-1.544881663849859812e-06,4.311045138936964916e-06
-1.736456266895611961e-06,4.230500702129887198e-06
-4.866008061987982613e-06,8.609777152901721470e-07
-4.901930284847762857e-06,7.020195240821577517e-07
4.478407698678449620e-06,8.352614342907457964e-07
4.445982747717497539e-06,9.846634598303139775e-07
1.076407567569914899e-06,4.268777096357559322e-06
8.513357363712757589e-07,4.344870525783334607e-06
-1.180492631903539170e-06,4.428131602414820067e-06
-1.351020552256117221e-06,4.377334690192448270e-06
-4.928970195831595067e-06,5.286727234514435334e-07
-4.948190900862971496e-06,3.624427850164435029e-07
4.503267961201724151e-06,6.691538570397077350e-07
4.521319845695490399e-06,5.074419420667797599e-07
2.373866331758754107e-06,3.610696881458770006e-06
-2.450122993801501886e-06,3.846298759165809422e-06
6.199994780333830562e-07,4.408029622484712981e-06
4.152919791985113171e-07,4.455314527893207473e-06
-8.437826558464859212e-07,4.498017921979134580e-06
-1.004038624097430780e-06,4.468582487637985617e-06
-4.957847864392012118e-06,1.753325919086844763e-07
-4.959346341243636709e-06,-1.018862671829644063e-08
4.530512911731212209e-06,3.236211565860575897e-07
4.532069968499963414e-06,1.404977578376180806e-07
-1.042732717295566214e-08,-2.438449428926788303e-08
-7.742770436344871709e-09,-3.396715970633429963e-08
2.891769414713154630e-07,-3.456410385747237761e-08
2.756260977279517256e-07,-3.330896348453034343e-08
1.260861213731612521e-08,4.920016158978734599e-08
4.544751424003719440e-08,6.356676056077991533e-08
2.064596260514687961e-07,4.491522414903000963e-06
2.164169193155009683e-08,4.515366053232796413e-06
-5.125157565572778486e-07,4.531073739930059373e-06
-6.729130457025638974e-07,4.518989285996067807e-06
-4.948375961984010314e-06,-2.247149164564137482e-07
-4.926867510071918483e-06,-4.423670972140631866e-07
4.521733182531850009e-06,-7.126794201707406798e-08
4.501425278149700592e-06,-2.853774308694272011e-07
4.412821314583001283e-06,-7.901954297409547865e-07
4.464013304627053338e-06,-5.354485388021576554e-07
-4.887147386273793154e-06,-6.980942713149841381e-07
-4.832419768999200956e-06,-9.606457600809121220e-07
-1.674866591800183009e-07,4.529911174669598722e-06
-3.366869347263127277e-07,4.534739414961678015e-06
4.338976237861576895e-06,-1.094205453417958269e-06
-4.753096418467064761e-06,-1.278754167347362296e-06
-4.796813799296571474e-09,-1.449776023007080106e-08
-2.205171797097981144e-08,-4.815869507217483705e-08
3.133878846698856707e-07,-4.540890356660756790e-08
2.915359561574880120e-07,-1.394023778349630496e-08
2.088905126389369012e-07,-4.651428964893511004e-06
3.266678861722535804e-07,-4.970320758582325619e-06
-3.376410115395472414e-07,-4.987986022283954926e-06
-2.126641585861410242e-07,-4.650286774439072932e-06
-4.804597475084923492e-06,-1.534685872970577038e-06
-4.501709469308637598e-06,-1.275527357786732177e-06
4.097735592857605721e-06,-1.092105846234876012e-06
4.391084869201888864e-06,-1.337030192076074475e-06
4.823542600141682467e-09,5.640354841671718948e-08
3.554621023172656481e-09,2.137460102764014391e-08
6.356493773102757332e-08,3.404138936365256084e-08
8.719877483809501548e-08,9.901835920965223392e-08
-2.539227770825227764e-10,-4.997080286818131166e-06
2.568947823178818319e-07,-1.629767064969676534e-08
2.695978401075290642e-07,-4.948566291427465314e-08
-1.571462629074706875e-08,-2.419593630503515918e-08
-7.243091015044896603e-09,-1.220386646394479034e-08
-9.654059660324959342e-09,-5.990931246901366274e-11
3.065002542230018778e-07,-7.965034541496870490e-10
-1.165576132227932096e-08,-1.276521259273491777e-08
-2.563894350435312302e-08,-2.708604973794679424e-08
2.459007071701446417e-07,-6.452341833483004191e-08
2.095298788750226266e-07,-4.626944061012805940e-08
2.092895558821136543e-07,-8.032802775249059231e-08
-1.814118712467640095e-08,1.865580375742913531e-08
-9.181230606932644069e-09,7.204574949990317846e-09
3.155812640516327496e-07,5.178728030605663377e-09
3.191656482161372989e-07,1.374866458913433268e-08
2.909980144936045265e-07,4.971103157364626827e-08
2.523932143389439505e-07,1.437149755993508673e-08
-1.425744483072406649e-08,1.910901623070949246e-09
-5.062702546386247800e-08,9.223575089781593667e-09
2.244237111085187466e-07,-2.245065908735729792e-08
1.748766748929247888e-07,-2.738104930364399163e-08
-4.503147699353848488e-06,-2.027609988267958971e-06
-4.359931127461972945e-06,-1.704236252896169040e-06
-4.685685646637669809e-06,-1.873279034208958468e-06
4.102456754747467335e-06,-1.817005287185859297e-06
4.281379428774019253e-06,-1.664111040026739458e-06
3.962371339261484859e-06,-1.494978812175929685e-06
2.149073198138408856e-06,-4.444334257460000747e-06
2.038813071697471016e-06,-4.292767786393672578e-06
-2.531230286873475165e-06,-4.217539076799367586e-06
-2.664152409454221729e-06,-4.404654858708371839e-06
3.725580624759785562e-06,2.595849618107878101e-06
3.548818549909645266e-06,2.404799137213926621e-06
-3.766865131262567641e-06,2.519210795458574574e-06
-3.977723245817093282e-06,2.749212695846689337e-06
-2.707508658890546067e-06,3.845506985681680360e-06
-2.432294033232620495e-06,3.599754489594587703e-06
2.357172342063900909e-06,3.361905579128934471e-06
2.625716861436866326e-06,3.605202804991328209e-06
-4.578253844400752177e-06,-2.262277926998960270e-06
-4.270603599651151772e-06,-2.103310139158775353e-06
3.865285412999538785e-06,-1.892240262401574938e-06
4.181477217492417047e-06,-2.059644147490546738e-06
1.662173911920966972e-07,-9.938027146874676002e-08
-3.089207972844090899e-06,3.391475545132367710e-06
-2.788723640314716649e-06,3.337261717187385018e-06
-2.999218649313621369e-06,3.641434501794902396e-06
2.972380103835940251e-06,3.165664378801217132e-06
2.894724878400661231e-06,3.400196065281798213e-06
2.695573049292538537e-06,3.116054520201708924e-06
3.008374176997984164e-06,2.903850742776672558e-06
3.194530643515867161e-06,3.171563111462583289e-06
-3.338081170900907577e-06,3.401880575703405316e-06
-3.132033826601265415e-06,3.103495721858353602e-06
-9.259903659814051383e-08,-4.125233209588042554e-07
-4.487393128151498322e-08,-2.044216263529005236e-07
-7.678751275890909764e-08,2.563334553952601486e-07
-1.970690285332473205e-08,1.153564245809879655e-07
4.737493827230915381e-07,2.119162378489963061e-07
3.561605762941899009e-07,1.018716595779401961e-07
4.774679415791413560e-07,-1.764289455545593892e-07
3.589603893931836029e-07,-9.205189547992289794e-08
-2.955780373831857708e-07,2.019152317437415304e-08
-1.187466664648955060e-07,2.954117078611900387e-08
-1.156578410928537052e-07,3.827289678927423506e-08
-2.444878433238065591e-07,1.317750023223499895e-07
1.392812542176630721e-07,-2.176078245833672565e-07
1.754086943604237498e-07,-4.154953616330332910e-07
3.963032205296991499e-07,1.685624900147168880e-08
5.383413172062859289e-07,5.807775801870593147e-09
2.353103642161922203e-07,1.890685294742078974e-07
3.023146500976160921e-07,3.372236159113867873e-07
-7.506973213168181041e-08,-1.021379624418391915e-07
-2.213829290526370874e-07,-2.040785345516274417e-07
-3.834160913702175503e-09,1.377704501056646073e-08
1.908003221638823643e-07,3.338843109247005349e-08
-2.353871799229275627e-06,2.712193453054653022e-06
-2.588328670243193201e-06,3.048891435803124980e-06
-3.632777327786019252e-06,-1.484323281339641137e-06
-4.044149498849582243e-06,-1.601405815048638383e-06
2.435168388971169109e-07,-3.945590891251032678e-06
2.217022947107322865e-07,-4.344958571840446917e-06
3.445896838915987865e-06,-8.445530991370113319e-07
3.809913554368294983e-06,-9.781207618796937245e-07
1.933983152368729863e-06,2.798380867955661445e-06
2.159483582389634926e-06,3.098355957327675182e-06
3.668127243331290166e-06,-1.392510927345306898e-06
3.302666834586380074e-06,-1.278463297794435030e-06
-2.217869398497010274e-06,3.326414810829046809e-06
-1.958262048133100141e-06,3.002635838211984860e-06
-2.219386979539354393e-07,-4.340500216257511706e-06
-2.350313281309965643e-07,-3.943611508390469964e-06
-4.195196218701443783e-06,-1.149746350231766402e-06
-3.792555347708279875e-06,-9.964375356187058983e-07
2.508027341728906932e-06,2.846978578408586271e-06
2.294342355521866113e-06,2.537384712881118473e-06
1.397835983735651545e-09,1.850304202825931584e-08
1.295493028812405328e-07,3.655390915688947907e-08
-1.786453116912346162e-07,4.522327425262554432e-07
-2.239681489965547948e-07,2.764819562915404815e-07
-4.090811856771851776e-07,2.830232973244154696e-07
-1.333148502481193345e-07,-6.816950211402275889e-07
3.940086717549961891e-08,-5.429769188256400176e-07
2.070345544148346481e-07,-6.825993906680893444e-07
6.556794755963715529e-07,-2.757474349814546674e-07
5.976588089638905491e-07,-1.171356519122620169e-07
7.375958372998388376e-07,-2.815769447326733906e-08
6.194194671803609979e-07,3.654835250738291285e-07
4.469315472640987246e-07,3.562941374144258461e-07
4.015561889990004448e-07,5.237427199984501648e-07
-5.437822521778763690e-07,-1.864103681192400353e-08
-3.702681131855600672e-07,-1.299204524354221701e-07
-4.434012782714516037e-07,-3.245347174942470266e-07
2.709780634362789538e-07,1.175082542739068349e-07
1.973375957604747859e-07,1.050032967046585068e-07
-4.633887051513481346e-08,5.782193487978898719e-08
-1.993976824407137730e-09,5.247416149970487596e-08
-9.165209174371021560e-09,8.529152582656583983e-09
-2.286575413217907327e-08,1.702477296708032823e-08
3.200288139405075029e-07,1.212913885186751512e-08
3.127260137350920489e-07,6.602178554425345964e-09
-3.561503254506115170e-06,-3.400991265576391626e-06
-3.693843015933289250e-06,-3.227916208826563944e-06
-3.715877240393367069e-06,-3.388020252492042909e-06
3.034571448088723637e-06,-3.380297857458303074e-06
3.216019443058852391e-06,-3.361577325576039096e-06
3.189278317172342529e-06,-3.169986704463102327e-06
-3.433483336549639616e-06,-3.549008397939988562e-06
-3.435451002041357552e-06,-3.692813246160123122e-06
-3.292178881648334635e-06,-3.688888021224569624e-06
2.888653693954262684e-06,-3.559530418250111027e-06
2.733659964023100505e-06,-3.726478086357669131e-06
2.893025352613536602e-06,-3.726407380828807021e-06
3.334894326786693280e-06,-2.951584170045279208e-06
3.532026439022938185e-06,-2.907551836025100235e-06
3.481638984813162860e-06,-2.697693579641967248e-06
-3.816818603391502297e-06,-3.046736326031534445e-06
-3.940533976491116703e-06,-2.832017518780905899e-06
-3.984640808665389852e-06,-3.011144737250320504e-06
-4.381385809298581997e-08,2.249642597086079462e-08
-3.341287536379106814e-08,3.637531961576719649e-08
3.358567985653532751e-07,1.445080104710662324e-08
3.298445901948596333e-07,2.704706743726582885e-08
-3.156078980365778613e-06,-3.812022234445993832e-06
-3.142416228760357521e-06,-3.945196597768205712e-06
-3.005582840168401244e-06,-3.928233726500932407e-06
2.591931110797097072e-06,-3.869293802540346585e-06
2.444475155464883693e-06,-3.999258961495484286e-06
2.580993063061476671e-06,-4.011253862641040208e-06
3.619687152194831793e-06,-2.441585799833116932e-06
3.815674229867901466e-06,-2.396158027955770723e-06
3.744079677809841153e-06,-2.178366634691106103e-06
-4.057895986247811543e-06,-2.609187474067678384e-06
-4.165064172136347100e-06,-2.371817319273124220e-06
-4.232679736822592145e-06,-2.569331256750639323e-06
-2.855579026761132125e-06,-4.033080937042631345e-06
-2.840780390090613668e-06,-4.156612079460769432e-06
-2.701822892514808141e-06,-4.126986060469422569e-06
2.307208294646095057e-06,-4.110938223423891024e-06
2.175788675513657390e-06,-4.205882941071036094e-06
2.297092584125989150e-06,-4.226972914600040827e-06
3.216540492723238619e-06,2.730177940549636025e-06
3.385233836717286695e-06,2.572363012411338477e-06
3.390855262272798113e-06,2.746977044689983585e-06
-3.370262675126903291e-06,2.904273775753594766e-06
-3.573785854959694811e-06,2.923844794566846235e-06
-3.569232867874568258e-06,2.719067161405079670e-06
3.070813205123133854e-06,-7.129596061906422346e-07
3.186849441124866437e-06,-9.983210373880378749e-07
2.925679648916578664e-06,-1.155972125449018968e-06
-2.103034989016594856e-06,2.362952849264790154e-06
-2.028090808408458998e-06,2.685666488677156631e-06
-1.694244033473399701e-06,2.661667677986588641e-06
2.596446222043830666e-07,-3.522203100907790776e-06
6.287106005642730197e-09,-3.734818038239034615e-06
-2.427192378135204896e-07,-3.521059997456191293e-06
-3.198184466102783123e-06,-1.352821410089548051e-06
-3.498617488706288011e-06,-1.169579345214081570e-06
-3.364696264098877279e-06,-8.423372777074884842e-07
1.706604656472295881e-06,2.488467544978970167e-06
2.001966307171086597e-06,2.512293815158719337e-06
2.071961391936137898e-06,2.223482385699724943e-06
2.435137992816878099e-06,-4.264105128234028785e-06
2.298502824690822465e-06,-4.353161557985609531e-06
-2.991571261899093407e-06,-4.199262413653809163e-06
-2.840946810316497203e-06,-4.297564729029982854e-06
3.406788794984127289e-06,2.964342563421363806e-06
3.562819458456454272e-06,2.790220971151865313e-06
-3.587916584304992430e-06,3.174188244043662172e-06
-3.776773915539744558e-06,2.976092708767359327e-06
2.423508087667742300e-06,3.096222041100903554e-06
-2.499038353736741023e-06,3.319050357990338570e-06
-4.312323418678876812e-06,-2.767384865261485861e-06
-4.437571452605749548e-06,-2.540555775614467829e-06
3.905163130587177832e-06,-2.618935495164568060e-06
4.038973565225326358e-06,-2.361666591457572511e-06
2.745918184409995860e-06,-4.031090885179172993e-06
2.589092978610016672e-06,-4.151258180538794997e-06
-3.300780294632045928e-06,-3.966525766357161319e-06
-3.149733087679573636e-06,-4.082719151012650024e-06
1.384140038804826974e-07,1.092359599803693630e-07
1.679273547343592275e-07,6.994880524333519554e-08
1.148356706052691406e-09,3.441508777752009530e-08
9.509989644520351594e-09,5.670624637299229903e-08
-4.028329771055322829e-06,-3.198099715303608639e-06
-4.167246111492080162e-06,-2.993891126879452748e-06
3.583774401524906416e-06,-3.128923315912869215e-06
3.743484165954507745e-06,-2.884412568974960892e-06
3.075607059853427750e-06,-3.732416010626937251e-06
2.908373329607149929e-06,-3.887926644187514628e-06
-3.595478470101351477e-06,-3.700409608984431314e-06
-3.448920526281477358e-06,-3.835846415156053220e-06
-1.842570656139490245e-06,2.010493741146277630e-06
-1.578595067072819436e-06,1.663319996338113457e-06
-1.506169716562508779e-06,1.985539726994826421e-06
-1.431013380729524893e-06,2.311205008260446489e-06
-1.173912445143483182e-06,1.959123118277355238e-06
1.947494083116909835e-06,-3.493632957829158762e-07
1.598731223932334789e-06,-2.464640317778609107e-07
1.705397341633168564e-06,-4.975710039808933359e-07
1.811470318590208372e-06,-7.638436721695367366e-07
1.471721558915306436e-06,-6.331297620716649057e-07
1.481522001908241666e-06,2.174706109976153528e-06
1.262816444342491359e-06,1.862837501101214254e-06
1.551505785454332602e-06,1.887772905948862003e-06
1.845204167846849678e-06,1.910891103098925201e-06
1.618200166747811711e-06,1.605046826309042423e-06
-1.670955743041342134e-07,-1.004716750887671552e-06
-1.946358533808835512e-07,-1.372136412941105390e-06
3.075693226229853571e-08,-1.185638284520158582e-06
-8.525546335748944619e-07,-8.446019141240970903e-08
-1.210884374444032444e-06,-1.735022067020060243e-07
-9.621804118751498478e-07,-3.285228831400535714e-07
2.326420696691673426e-07,-1.005667416152266588e-06
2.521157834775247894e-07,-1.373220217899466620e-06
-7.301594839232575469e-07,-4.585199927292399165e-07
-1.070630511473646424e-06,-6.026317809560783165e-07
2.172170799169339874e-06,-8.961988130898244826e-07
-8.239535534589621958e-07,7.330114341063193483e-07
-1.063521286781479363e-06,1.016761550022517754e-06
-2.410872506096848132e-07,-2.639106009411450437e-06
-2.315561667885931058e-07,-2.199434219322578734e-06
1.275644971723075697e-06,-1.569279882114470020e-07
6.843395375960767919e-07,9.938328420087714882e-07
8.603638804362733213e-07,1.266972976416388180e-06
-2.474049426304167292e-06,-5.442476864779067785e-07
-2.032492248654428944e-06,-4.069504184129164473e-07
2.266784914002497501e-08,-1.985568849903581361e-06
-2.160974360618219166e-07,-1.773769994006604169e-06
5.301603147407276172e-07,7.443285135853871179e-07
-1.316980694396907047e-06,1.329456258756840958e-06
1.121281620635210752e-06,1.291539453099595733e-06
1.054465542944713601e-06,1.558435737938053326e-06
-1.738797591505428612e-06,-5.867882924745538354e-07
-1.607824631781467274e-06,-2.821854431343385793e-07
-6.039548928339896086e-07,4.859027568899808215e-07
-2.921694025827081240e-06,-6.905388681579356040e-07
-1.001179889663939619e-06,1.308609936966180092e-06
2.546143228959498347e-06,-1.027723923363521537e-06
9.859970250524902837e-07,-8.330365535196299010e-08
-2.447728552469766699e-07,-3.082912054539282639e-06
2.654859942078946057e-07,-1.774886684416586389e-06
-1.453921205873058368e-06,-7.533834464556891609e-07
1.395014786188745880e-06,1.311411574961544927e-06
7.880654155421346825e-07,5.572792321507992787e-07
2.728414605178633994e-07,-2.200550301215476051e-06
-3.203463381097196557e-07,6.937542417047641887e-07
-1.869148759068272315e-06,-9.072695204519727074e-07
-2.752077208616688049e-06,-1.210464146898862952e-06
-9.286303121204648584e-07,1.613431208071705154e-06
2.698564314698087627e-07,-3.083983826713567256e-06
1.179652693608728201e-06,1.035383156605083026e-06
2.691181170888575516e-06,-5.851041544885544680e-07
8.860386707002718411e-07,-3.865862737903748630e-07
-5.588638090262581961e-07,7.182801350800889871e-07
7.429145520816034404e-07,7.670372180033812875e-07
2.742710285271982334e-07,-2.640208272924648357e-06
-2.305467340807540774e-06,-1.060791238268886641e-06
9.760514495341663169e-07,7.822700477074614933e-07
-7.008669435504077036e-07,1.282085147484891832e-06
2.314208388795933299e-06,-4.630862632992139613e-07
2.430260219131164804e-06,-7.428197052775603278e-07
1.160653132734984451e-06,-5.065444297177593683e-07
-2.613087652648139143e-06,-8.764415692764329137e-07
-4.962534319841484886e-07,9.729409590025083428e-07
1.456437333570117691e-08,-2.861620350584388118e-06
1.073821375979066247e-06,-2.822868898096046916e-07
-3.740420483065724341e-06,-3.547729524033541961e-06
-3.883044832201845330e-06,-3.382652577562198269e-06
3.245139883061754637e-06,-3.551441297361938220e-06
3.413409501400916636e-06,-3.352272866716080073e-06
9.321139853968302007e-08,-3.156855608064202360e-08
3.557173429077052337e-07,-2.735804303978714230e-08
-7.020715541187701775e-08,-2.561452803499113933e-08
3.859937969798751299e-06,-1.236480494021693053e-06
-4.249198299636837257e-06,-1.430344031714373869e-06
6.117876729895520640e-08,-1.860969702589311154e-07
-8.592315792160254984e-09,-1.131179935099819098e-07
1.276487827337463243e-07,-1.293098856970338324e-07
2.966074911221795555e-11,-4.472917052559182783e-06
1.155167288059554697e-07,-8.262466967267180144e-08
4.301544692175481394e-08,-5.158956759581767742e-08
