Size 955,2
0.000000000000000000e+00,0.000000000000000000e+00
0.000000000000000000e+00,0.000000000000000000e+00
1.110022315739179444e-08,-5.213964391327428709e-06
-9.872407411758874827e-08,4.116392173961135456e-06
9.301310962237700475e-08,-7.106174383127499656e-08
1.059241538587164451e-07,-5.026574075653786433e-08
1.965082727347401838e-07,-4.864544816059834105e-06
4.023244183415263566e-06,-1.595050033086113068e-06
1.198717090011302393e-07,1.182607155189978567e-08
1.175727709292960355e-07,1.250719499266571547e-08
4.165534781790380879e-06,-1.200157040340915069e-06
2.409096133475203054e-06,2.780059523860894738e-06
4.232430424163074626e-08,6.330101211492845713e-08
1.894882087852168030e-09,5.096659002123951398e-08
2.039838531246005948e-06,3.057251842089234439e-06
-2.059669319743612062e-06,3.136735284889011114e-06
-4.352044945009447107e-08,1.425049134546001310e-08
-4.676431604501070468e-08,1.385240361700620656e-08
-2.428857986926030210e-06,2.855280592146111819e-06
-4.290146866839870627e-06,-1.262982079036176058e-06
-3.160404688613520194e-08,-5.285074490091392967e-08
-3.993151335430903466e-08,-6.637974965437172225e-08
-4.150996311970073382e-06,-1.652367090931662018e-06
-1.743016236445889265e-07,-4.862766011553551174e-06
5.812013783484538818e-08,0.000000000000000000e+00
8.279032608625788495e-08,0.000000000000000000e+00
8.651114347413160450e-08,0.000000000000000000e+00
8.018645336735873481e-08,0.000000000000000000e+00
5.031188644957158182e-08,0.000000000000000000e+00
0.000000000000000000e+00,0.000000000000000000e+00
0.000000000000000000e+00,0.000000000000000000e+00
0.000000000000000000e+00,0.000000000000000000e+00
0.000000000000000000e+00,0.000000000000000000e+00
0.000000000000000000e+00,0.000000000000000000e+00
2.334798676138048778e-07,-5.200632948319083561e-06
4.409696249562001648e-07,-5.174605802738955835e-06
6.335199661350802154e-07,-5.143254603308285393e-06
8.182036712582325358e-07,-5.105931650861502743e-06
9.975640375449757839e-07,-5.062590076713347884e-06
1.174084956509197212e-06,-5.012725178220026071e-06
1.349880661352243340e-06,-4.955502352374797136e-06
1.526642215964346857e-06,-4.889861529766777496e-06
1.705559429650968246e-06,-4.814474088363247800e-06
1.887316940846032342e-06,-4.728146818908322446e-06
2.072330417117297711e-06,-4.629405648123536621e-06
2.261163471664195166e-06,-4.516896833868208513e-06
2.455449404293193562e-06,-4.390939187785463524e-06
2.652165163800220124e-06,-4.248844384146550195e-06
2.853871659051244336e-06,-4.086101805695120365e-06
3.053861264326774071e-06,-3.906416640298472173e-06
3.254209589847349803e-06,-3.706019479398808739e-06
3.448500260719548757e-06,-3.488614882304060188e-06
3.634035150511882852e-06,-3.254093745221804441e-06
3.808997413043415640e-06,-3.005849330435335645e-06
3.970665296231759492e-06,-2.746695221840234476e-06
4.116541108715899472e-06,-2.479823599135381818e-06
4.244156235727751772e-06,-2.209115494079151666e-06
4.351568364031682410e-06,-1.939406922289558562e-06
4.437410734737001082e-06,-1.675759340562088317e-06
4.501851072656380666e-06,-1.421208506264107188e-06
4.541917871714050265e-06,-1.187555893109638733e-06
4.564905516117892810e-06,-9.817489688605850790e-07
4.578316606120894638e-06,-8.010621540629877848e-07
4.584856182448156247e-06,-6.374142355845406115e-07
4.586227383933594781e-06,-4.861481815584504779e-07
4.583630440054979987e-06,-3.426104540323051760e-07
4.577367467499460007e-06,-2.024434256473223924e-07
4.567125383845931945e-06,-6.174063102817871649e-08
4.552001979383465662e-06,8.283733113660173018e-08
4.530688360134419689e-06,2.339825934323323569e-07
4.501477740600276315e-06,3.936478929511287015e-07
4.462665707456472695e-06,5.630540648715831131e-07
4.412244310486135806e-06,7.426500504235405799e-07
4.348707498546422924e-06,9.321573702332417378e-07
4.270266937665575866e-06,1.130991739466791863e-06
4.175580603346104792e-06,1.338722226594778635e-06
4.065740586228517145e-06,1.555968642295999025e-06
3.937339011932096797e-06,1.777999669215557739e-06
3.786909115148500796e-06,2.006779669858283918e-06
3.618316329783066701e-06,2.233732866243548546e-06
3.429894573661139796e-06,2.459557533270682647e-06
3.225155870932465388e-06,2.677187722065019204e-06
3.006182878418056129e-06,2.884680264683105045e-06
2.775690296627889758e-06,3.077944069938038890e-06
2.539412980941110630e-06,3.253707511150703368e-06
2.298115596283879598e-06,3.410367595502359434e-06
2.064505410792467324e-06,3.542257806160009598e-06
1.837319515499894630e-06,3.655780545016362825e-06
1.619498920337610196e-06,3.755660370039095990e-06
1.407830903265247170e-06,3.841001228346028157e-06
1.201615809526587175e-06,3.912819469603919503e-06
1.000756361286970320e-06,3.972299130556492264e-06
8.053438199780235950e-07,4.020178318138701199e-06
6.152839050372273282e-07,4.057507820301110579e-06
4.303369599114395930e-07,4.085030768114260164e-06
2.500962309814080858e-07,4.103600130387387369e-06
7.398615484888273588e-08,4.113856358474126682e-06
-2.689024207612917423e-07,4.111545595021496693e-06
-4.375072418208847246e-07,4.099495727179495334e-06
-6.055987348089576879e-07,4.080311874369737725e-06
-7.743438105711430279e-07,4.053857262180138952e-06
-9.449775740340945812e-07,4.019718307085029665e-06
-1.118768351578906632e-06,3.977321108177244117e-06
-1.296972429110302400e-06,3.925662895790676597e-06
-1.480753222463690197e-06,3.863762545263157193e-06
-1.671579348401017009e-06,3.789994202618027916e-06
-1.871733456399584228e-06,3.702592109961227379e-06
-2.087158417596518650e-06,3.602102148688322218e-06
-2.315350598313915111e-06,3.481932206069123612e-06
-2.559533543996682531e-06,3.330953296494287715e-06
-2.801298094911586432e-06,3.156990777551560235e-06
-3.040674731395981006e-06,2.961374359749918486e-06
-3.269713065966546830e-06,2.748686727713015676e-06
-3.485927220516430914e-06,2.522538001703148396e-06
-3.685557478494547001e-06,2.286200397316623756e-06
-3.865056617606964459e-06,2.047046429025378186e-06
-4.025353666805042017e-06,1.805083208577143426e-06
-4.162360445703288634e-06,1.569605050214303228e-06
-4.279395206415574513e-06,1.338925301519036578e-06
-4.380133623290923942e-06,1.118354735973156553e-06
-4.463317693087729554e-06,9.074435565670289615e-07
-4.530344921375656847e-06,7.068322973257679233e-07
-4.583135145672600184e-06,5.173112561546691374e-07
-4.623308366082805432e-06,3.393297436583429936e-07
-4.653060702231015884e-06,1.725532690933706054e-07
-4.674260102633973437e-06,1.581449918016343021e-08
-4.688806618874606388e-06,-1.328334613351708979e-07
-4.698178087177542337e-06,-2.761259640826034427e-07
-4.703437418545918385e-06,-4.174769161357290753e-07
-4.705040783198062645e-06,-5.608942178730924315e-07
-4.702796378424257086e-06,-7.108491849585350349e-07
-4.695610182138129338e-06,-8.721089133529789774e-07
-4.681846222872648036e-06,-1.049429059635721648e-06
-4.658915109433097313e-06,-1.251210762899382392e-06
-4.619081167051585509e-06,-1.480363801327778166e-06
-4.554170558694522636e-06,-1.729110367386193778e-06
-4.468400629573153230e-06,-1.983488779650444859e-06
-4.364038815315786525e-06,-2.240186528432075744e-06
-4.241711559220686474e-06,-2.496521867706851920e-06
-4.103004199252795314e-06,-2.748636989892213325e-06
-3.949863306539805371e-06,-2.993512430574696393e-06
-3.784222843520719940e-06,-3.228687995125550474e-06
-3.608146348764114576e-06,-3.452041750748037859e-06
-3.423050020218133281e-06,-3.661105457465996635e-06
-3.230901850666760613e-06,-3.855868327426192876e-06
-3.036201266040619865e-06,-4.033719443575162829e-06
-2.837624617413661656e-06,-4.197164409291408328e-06
-2.639745539753041116e-06,-4.343655182852065877e-06
-2.440930848522659866e-06,-4.476145391249909686e-06
-2.243258127543001502e-06,-4.596255703109478454e-06
-2.045763410287125539e-06,-4.703695849098200807e-06
-1.848212152530119357e-06,-4.799235789980415071e-06
-1.650503269088706388e-06,-4.883690188996935669e-06
-1.452416536602055255e-06,-4.957669414644191633e-06
-1.253485833132858926e-06,-5.021848019167919782e-06
-1.053019042381188498e-06,-5.076712900856087544e-06
-8.501738179352532531e-07,-5.122615243800410781e-06
-6.440032438495931120e-07,-5.159712664923980073e-06
-4.337153135645760336e-07,-5.187926167116619993e-06
-2.150418619678321006e-07,-5.207848600727322245e-06
1.017189633205105412e-07,-5.624679697383552828e-08
1.557180367407164323e-07,-1.076454483633401223e-07
2.369485679504180870e-07,-1.723382315831730342e-07
3.594575092366343048e-07,-2.474443022207855822e-07
5.074040531229299865e-07,-3.269093860200994598e-07
6.877351286839968379e-07,-4.140948699680670248e-07
8.878835163071229527e-07,-5.039686690934293437e-07
1.112285944704278852e-06,-5.990267388148727047e-07
1.351057439687108207e-06,-6.951612344288895365e-07
1.606290716817129477e-06,-7.940631008829428298e-07
1.870684165722667534e-06,-8.925059352132104357e-07
2.144093603288615595e-06,-9.914114741071624345e-07
2.421690361584471488e-06,-1.088399912977951343e-06
2.701205108078564815e-06,-1.183657097432754536e-06
2.980152943298919564e-06,-1.275600514083427318e-06
3.254256135007596754e-06,-1.363788830860823599e-06
3.523711115884359585e-06,-1.447617118015372129e-06
3.781050983147262883e-06,-1.524192339388990782e-06
3.907756959372427179e-06,-1.852366967699826210e-06
3.777361786091235729e-06,-2.117202413678639407e-06
3.632911177587625480e-06,-2.383389225106975712e-06
3.475574097830253408e-06,-2.645907459469442601e-06
3.306924835262897041e-06,-2.900662700054049843e-06
3.128522343451299195e-06,-3.144733399760371171e-06
2.946048119341675726e-06,-3.374146593474068615e-06
2.758498574850893776e-06,-3.589002987212940906e-06
2.571697785953482322e-06,-3.783748234391135817e-06
2.383752323197382291e-06,-3.961667596600281548e-06
2.200464260673337294e-06,-4.118520308141105540e-06
2.017670728548029345e-06,-4.259223253408042227e-06
1.838690595897595252e-06,-4.379151276005810862e-06
1.661170989482615212e-06,-4.484391676141180574e-06
1.485474101126672480e-06,-4.575558356805435156e-06
1.310980153491103697e-06,-4.653193781082401029e-06
1.136535172089357894e-06,-4.718134088442879405e-06
9.605037086864565263e-07,-4.770935585554708480e-06
7.807811535972947402e-07,-4.812024365545765375e-06
5.949152506544919399e-07,-4.841518323146632219e-06
3.999506525822749199e-07,-4.859185038400706019e-06
2.158742209948264805e-07,-4.627621926258437886e-06
2.332787665210040950e-07,-4.376334018679446079e-06
2.490859591546115391e-07,-4.102422611975571745e-06
2.622371947289617788e-07,-3.815102593704963174e-06
2.732786579943613794e-07,-3.511463546531910721e-06
2.811939215161610475e-07,-3.199262107059230779e-06
2.866552251335397640e-07,-2.878360334057252804e-06
2.885052154514665896e-07,-2.554478498004501549e-06
2.875484760217754515e-07,-2.230691738691417302e-06
2.824966008001389764e-07,-1.910312534787221507e-06
2.742855674118012299e-07,-1.600002194857858291e-06
2.614956440186823507e-07,-1.300288788891935914e-06
2.451933848099134032e-07,-1.021796347825529416e-06
2.238261141519513830e-07,-7.618992585859067929e-07
1.986113657454318793e-07,-5.355447320364958467e-07
1.678595135343308056e-07,-3.364474881180769935e-07
1.327070007006327240e-07,-1.851009399967527983e-07
1.172868100473570519e-07,9.235101734146166865e-09
1.737595951348087367e-07,5.179043780324352718e-08
2.365543271443978989e-07,1.065229331280915140e-07
3.121098405231966431e-07,1.792979576064326543e-07
3.966384521298938587e-07,2.645478577981698714e-07
4.941795703082510363e-07,3.681217862237471515e-07
6.000880045783249609e-07,4.840819832760346151e-07
7.180998496766614148e-07,6.175978516363707293e-07
8.435156968719918615e-07,7.628390621031251553e-07
9.795724532911189048e-07,9.241084936902100584e-07
1.121687305659704198e-06,1.095916726376197260e-06
1.272420145534637672e-06,1.281453881685861450e-06
1.427484195560602237e-06,1.475818627170745787e-06
1.588582334180368464e-06,1.680842803050240077e-06
1.751893435833389065e-06,1.892452557492306818e-06
1.918118529397590579e-06,2.110865009172652422e-06
2.084263589804959603e-06,2.333260855281021551e-06
2.248777371611831528e-06,2.557733823558111774e-06
2.636954432017386828e-06,2.584367681463121357e-06
2.859100080661145371e-06,2.378808574839618411e-06
3.070320268608078494e-06,2.165817711112181105e-06
3.269409994725793763e-06,1.947927916971486715e-06
3.450962304018731842e-06,1.730813685964826218e-06
3.616878981829930010e-06,1.514458595812029002e-06
3.762135310320737414e-06,1.306089639701054315e-06
3.891400267297941232e-06,1.102134586361310052e-06
3.998308041223018860e-06,9.080618796297668057e-07
4.089605197750932710e-06,7.216602235241343856e-07
4.165998282208677495e-06,5.445126101330715643e-07
4.228070537518983410e-06,3.769995738445156055e-07
4.277009689148259331e-06,2.187347113751427563e-07
4.313635759853654515e-06,6.858773020222793008e-08
4.338825278467452362e-06,-7.538562167764806218e-08
4.353026185401780855e-06,-2.158561612556594242e-07
4.356284043601861740e-06,-3.561793358316837311e-07
4.348040598936813160e-06,-5.002876078124296827e-07
4.327142657445960819e-06,-6.525050299158315354e-07
4.291495303969376608e-06,-8.174883779164254717e-07
4.238673539050895255e-06,-1.000000145147601583e-06
3.916062357656843778e-06,-1.101619566184291924e-06
3.663215918403526355e-06,-1.005928582890480337e-06
3.399402733770412968e-06,-9.074703410852211282e-07
3.128373539039029823e-06,-8.096015863350112511e-07
2.851210071683275345e-06,-7.118877848099200521e-07
2.571724348098825556e-06,-6.163902675487498630e-07
2.292815356508389282e-06,-5.232838426890998145e-07
2.016207248646626113e-06,-4.340621676286493077e-07
1.747208268799034452e-06,-3.496332652944402197e-07
1.485391808244483920e-06,-2.708320198962945460e-07
1.238562827220576729e-06,-1.993353710673427990e-07
1.004033160859980957e-06,-1.352862600492755608e-07
7.922159682028925757e-07,-8.116585097211733221e-08
5.980476543994064203e-07,-3.638733966357533758e-08
4.346658647862249737e-07,-4.284301632138165314e-09
2.945754899221370586e-07,1.648588093390746302e-08
1.933144726651513075e-07,2.184641581197110282e-08
1.889002452866527769e-08,6.000069206336136341e-08
-1.218987872709480192e-08,9.861900848701815690e-08
-3.912379274853628348e-08,1.648641510935176304e-07
-8.363616265515593755e-08,2.543060321024995739e-07
-1.396765182759192215e-07,3.586842759219293235e-07
-2.120796972594159532e-07,4.846805775998855134e-07
-2.956514383750390366e-07,6.243985730645998324e-07
-3.943904389194988663e-07,7.835716557795491866e-07
-5.034344561898937421e-07,9.546166743356548706e-07
-6.258711430438174866e-07,1.142190318016302289e-06
-7.573744966374535592e-07,1.339265206499734008e-06
-8.999360254447368498e-07,1.549170378695847561e-06
-1.049944117261592728e-06,1.765680484668418502e-06
-1.208113821371003581e-06,1.990551393202274662e-06
-1.371732135769609402e-06,2.218622583115517185e-06
-1.540088480223096634e-06,2.449786054481796418e-06
-1.711376720627288119e-06,2.679856913850394227e-06
-1.883122859233182279e-06,2.908191429318991859e-06
-1.858590818871737958e-06,3.286846823700599311e-06
-1.661056047845002166e-06,3.415241201175259789e-06
-1.474659553417279311e-06,3.516914598548257706e-06
-1.293220133902973162e-06,3.602219901218964459e-06
-1.116613768835604568e-06,3.672832098556042806e-06
-9.438619754337094566e-07,3.729901742969333315e-06
-7.738217406519227084e-07,3.774759788819111438e-06
-6.053602376321021768e-07,3.808225222189169172e-06
-4.373173705597540369e-07,3.831000451200475210e-06
-2.686128857583392846e-07,3.843464109515988605e-06
-9.825851998447276024e-08,3.845775617518840343e-06
7.462978011795210061e-08,3.837857313994257203e-06
2.508481155652134300e-07,3.819441191676716896e-06
4.310631868844626051e-07,3.790055000192052187e-06
6.157389021870039842e-07,3.749162114540122029e-06
8.051868967548876629e-07,3.695949945058094036e-06
9.994955365979866555e-07,3.629741897460788883e-06
1.198631446094031865e-06,3.549469335559930603e-06
1.402332404946371406e-06,3.454464344058878067e-06
1.609658250802446172e-06,3.343698961038660913e-06
1.824187563119346657e-06,3.209747749521592558e-06
1.870224199967377389e-06,2.831441029107884232e-06
1.705042956821757857e-06,2.606612731648084680e-06
1.541974415662139059e-06,2.382501251172003213e-06
1.382477801452709616e-06,2.159146289547824375e-06
1.228521313286705714e-06,1.940679984926461059e-06
1.080081660292674878e-06,1.726422921046734333e-06
9.398432628539761868e-07,1.521249555816045114e-06
8.065947350312719226e-07,1.322971361535465914e-06
6.836704626409373525e-07,1.137182489097837810e-06
5.688299937574652679e-07,9.604607295859459566e-07
4.658752799795840353e-07,7.988626557000146468e-07
3.717167662195451339e-07,6.479782741825004964e-07
2.904455106407489536e-07,5.140808465865700578e-07
2.183015574298917723e-07,3.920198637543883664e-07
1.594766523198026634e-07,2.880274207784187560e-07
1.097768196472002555e-07,1.964574251267417285e-07
7.343565761881984784e-08,1.238519530173927407e-07
-4.314031989454888860e-08,1.344461823894787988e-08
-1.266477473264836803e-07,2.391385863257799510e-08
-2.363322219622331430e-07,1.851367714829787244e-08
-3.878459287216764860e-07,-3.466925798715217329e-09
-5.641543006646167392e-07,-3.772273810404620088e-08
-7.730600954738604483e-07,-8.555640905147340137e-08
-1.000464189575828669e-06,-1.434390947017385949e-07
-1.251446900856270560e-06,-2.118462742372118064e-07
-1.514930949976890326e-06,-2.881980870703378233e-07
-1.793318020108147881e-06,-3.721413337615462137e-07
-2.078442720598041937e-06,-4.619991425800345491e-07
-2.370141606637556533e-06,-5.566277298534265598e-07
-2.663049626954254170e-06,-6.552177564509891662e-07
-2.954548968264262009e-06,-7.558682632676960845e-07
-3.241985212317374117e-06,-8.586017137392799725e-07
-3.520353802388426991e-06,-9.608457652739692809e-07
-3.789166889228686329e-06,-1.063339706237701887e-06
-4.042964271359051941e-06,-1.162181216106678412e-06
-4.361603398796175955e-06,-1.067408216121917569e-06
-4.413185793000202414e-06,-8.883076929929475911e-07
-4.447808675163117608e-06,-7.258009938375668277e-07
-4.467784141743456688e-06,-5.749959032937144595e-07
-4.475069193094192704e-06,-4.311198464086980382e-07
-4.470691222408970329e-06,-2.897303211671849684e-07
-4.455061913132500658e-06,-1.467946882351932744e-07
-4.427985098987879855e-06,1.119475374811248675e-09
-4.388869822604898026e-06,1.567207836512581936e-07
-4.336683352057892249e-06,3.219461550641036350e-07
-4.270499581218101759e-06,4.978633434300375051e-07
-4.189009550443415987e-06,6.847392383930210816e-07
-4.091603667248124529e-06,8.820158912477958126e-07
-3.977557955734677299e-06,1.087837185944862802e-06
-3.839731008174900964e-06,1.304390353841392349e-06
-3.685164124727958091e-06,1.525706763731821781e-06
-3.509183383028155557e-06,1.755169571044235652e-06
-3.317376276369449210e-06,1.985138554149021626e-06
-3.108483499340913754e-06,2.214826619106033336e-06
-2.888460603914555749e-06,2.438618196168612684e-06
-2.659951940619211249e-06,2.652648357795817307e-06
-2.268758961014320241e-06,2.630058357989972778e-06
-2.101930035510708719e-06,2.399435375601718179e-06
-1.930830965771233867e-06,2.168425823555577841e-06
-1.758275923828652941e-06,1.940374034990014358e-06
-1.587198339313930138e-06,1.717793688690541773e-06
-1.417385960466695114e-06,1.501416706844936298e-06
-1.252931872433933812e-06,1.295439016962429317e-06
-1.092392187757585258e-06,1.098633730296008702e-06
-9.405679771970998333e-07,9.163606872595546502e-07
-7.949110160795418418e-07,7.456953433686999504e-07
-6.607654360863394128e-07,5.929255104782462048e-07
-5.346591580288488974e-07,4.536742952998475205e-07
-4.223005255740762242e-07,3.349101611264045541e-07
-3.194699153137227898e-07,2.310429054825882726e-07
-2.320494674584032880e-07,1.494981483471509615e-07
-1.553329539907957931e-07,8.385878253722507493e-08
-9.503226352433277157e-08,4.095338772985663655e-08
-3.405689573036505914e-08,-5.210086469922692298e-08
-8.736434829348338263e-08,-1.845998513041362464e-07
-1.237846012818402621e-07,-3.371890652824680313e-07
-1.559395094569256213e-07,-5.360312574760961728e-07
-1.825386590940562041e-07,-7.623791614558480409e-07
-2.052570684477558349e-07,-1.022288332090635876e-06
-2.229147284266466580e-07,-1.300780147337281091e-06
-2.370614327788376494e-07,-1.600493110839149359e-06
-2.466290110945490911e-07,-1.910803496049585269e-06
-2.530373848856749423e-07,-2.231182713976721519e-06
-2.553506282963548800e-07,-2.554969466347327220e-06
-2.548571614148859147e-07,-2.878851279709959784e-06
-2.507524919312639437e-07,-3.199753235836393079e-06
-2.441932644010735413e-07,-3.511955078431407322e-06
-2.345054796188485297e-07,-3.815588671875822359e-06
-2.227238173444784539e-07,-4.102906977041575272e-06
-2.083139992260755203e-07,-4.376948362760567257e-06
-1.919855651548058256e-07,-4.627969302164980225e-06
-3.890039085816246404e-07,-4.852244052655638255e-06
-6.007809133379930792e-07,-4.829773642147364045e-06
-8.076345781917988284e-07,-4.795332904192259107e-06
-1.010631734550320093e-06,-4.748926835894153822e-06
-1.210630243569782775e-06,-4.690439274174285471e-06
-1.408404888679821743e-06,-4.619607262383735650e-06
-1.604556922341179651e-06,-4.536123259251892623e-06
-1.799478841920576896e-06,-4.439518174982175868e-06
-1.993304315341686444e-06,-4.329518127473089092e-06
-2.185585818951821400e-06,-4.205813517404024808e-06
-2.377699274049769356e-06,-4.064535877552256400e-06
-2.567292066709954414e-06,-3.908747297918133204e-06
-2.757044433356926724e-06,-3.735305002688610029e-06
-2.942934562403848402e-06,-3.547122488899342037e-06
-3.126205771591127034e-06,-3.342105597068516518e-06
-3.302758372618434570e-06,-3.124180594783538720e-06
-3.473209528789927990e-06,-2.893459427389575238e-06
-3.633537839577090919e-06,-2.652903896729673769e-06
-3.782548065875075212e-06,-2.404835546317984449e-06
-3.919029461615496615e-06,-2.152472174598668278e-06
-4.042091437805827313e-06,-1.899745916429575416e-06
-3.907646276417196144e-06,-1.585074317449167789e-06
-3.647360530657036874e-06,-1.510970841792434279e-06
-3.371330987034251134e-06,-1.428233925257999958e-06
-3.088483141984963254e-06,-1.339990039383553306e-06
-2.798040133244193603e-06,-1.246777546016525338e-06
-2.505546643941147080e-06,-1.149338617212997611e-06
-2.213170314356669836e-06,-1.049269232824721085e-06
-1.924143028398896345e-06,-9.465788784722032950e-07
-1.643281533357519515e-06,-8.437606974083403102e-07
-1.371388927357100698e-06,-7.399898710948141213e-07
-1.116058382205878779e-06,-6.387047123020834629e-07
-8.755525908617120284e-07,-5.382125817037994563e-07
-6.603514407179186459e-07,-4.429318800722190880e-07
-4.660699792294967151e-07,-3.502658776770429093e-07
-3.061799330359161305e-07,-2.656577992794835181e-07
-1.734611221794609100e-07,-1.855618579600008463e-07
-8.473923028507542598e-08,-1.162709147872779112e-07
-5.177325301667147554e-08,6.793339189001358851e-08
1.702760647240860648e-07,-4.146930519290941140e-08
2.252501256180976487e-08,-1.795393411657745883e-07
-1.011367324326533468e-07,-4.498388858904642327e-08
1.228119396055337874e-07,8.570264485630298390e-08
-1.519433571066788340e-08,2.063049557551858319e-08
7.848509971560112733e-08,2.502705393316640754e-08
-3.058303372933898041e-08,-1.532974069984929168e-08
1.058555420047989558e-07,-1.186333659216820252e-08
-2.893045572568327145e-06,-3.880245625387008023e-06
2.708872840146124369e-06,-3.930847932760480090e-06
3.245040310557086117e-06,2.307354436526446669e-06
-3.291698368308583609e-06,2.363174666113351950e-06
-3.681398486114967607e-06,1.895545262710044183e-06
3.613578451369443460e-06,1.863472854213279534e-06
2.060503221910807480e-06,2.694371358050696254e-06
-2.077583998597422499e-06,2.768998018105821404e-06
3.094411633405511227e-06,-3.536181811157105450e-06
-3.269175333247155916e-06,-3.497548301469114116e-06
1.938754598490474239e-06,3.370234228061326888e-06
-1.966452417009404834e-06,3.438871806574685406e-06
-3.976959082507453001e-06,-1.375885032339527173e-06
1.168872486270753118e-08,-4.630607284074939472e-06
3.849681024904523986e-06,-1.315173715761139962e-06
1.729785346913351536e-06,2.246387728297788571e-06
-1.563075586259818960e-07,1.997289044338729044e-07
3.327682395174197099e-06,-1.135824868501381452e-06
3.936174525076237436e-07,-1.247415995077920638e-07
-3.447011789839185695e-06,-1.194846871004455248e-06
1.319390064052711884e-08,-4.104522952112350111e-06
2.345346081695031607e-07,2.319179432534400706e-07
2.130920500274516919e-08,-5.318950820526976177e-07
-3.433399487561318323e-07,-1.333656514278743349e-07
-1.735326613966444910e-06,2.309024268804670907e-06
1.996927834917328615e-08,-1.019391035966295948e-06
1.454220983936437010e-08,-3.512891130678013533e-06
1.408019960115332527e-06,1.810016753633058374e-06
2.776402869831900635e-06,-9.478491987930175600e-07
-3.157416617605279444e-07,4.077937523267025986e-07
3.910903731159911233e-07,4.394097476490008503e-07
7.373230318039923684e-07,-2.467790257958065126e-07
-2.876717475319175031e-06,-1.001473293505813203e-06
-7.139155476927723885e-07,-2.633479353503466567e-07
-1.397196335577042768e-06,1.853525790290529207e-06
1.105345621597925248e-06,1.400259908650962823e-06
-5.262961310925355853e-07,6.864743887221268892e-07
1.861202974720437459e-08,-1.598724472245801425e-06
-1.075645044462472626e-06,1.421209043784692727e-06
-2.291326285585670702e-06,-8.028512222716518885e-07
1.589904681517575395e-08,-2.878999185596184345e-06
1.173534095575101892e-06,-3.985767950750611816e-07
5.908570904803043321e-07,7.066643785041940346e-07
2.217988582718281890e-06,-7.572061267688095784e-07
-1.181815925776132391e-06,-4.246561582121486446e-07
-7.821573191586047749e-07,1.027803463937039615e-06
1.725554622032260018e-08,-2.230428939874489849e-06
8.306362901807798800e-07,1.029279538898553866e-06
-1.717183200668510473e-06,-6.075981178044145505e-07
1.675588015413261588e-06,-5.714806983775954528e-07
-2.504035085385600506e-06,-4.199109712391204528e-06
2.322847989768217308e-06,-4.249914230573752923e-06
2.816204192914895313e-06,2.728885189066587581e-06
-2.844265993746361190e-06,2.801179615558142858e-06
-3.994837980412624035e-06,1.431446579864668863e-06
3.908113895350839367e-06,1.425795461292043958e-06
8.554342495359137608e-08,-3.029002861299717904e-08
1.719966535485061046e-08,-5.916932275010630077e-08
-2.160100607114225878e-08,-2.968620750992665397e-08
2.377825385282609994e-06,3.083387241433392218e-06
-2.396765896724683302e-06,3.160880547979742619e-06
3.797827426695847778e-06,-2.562644443263024271e-06
3.642308701158013528e-06,-2.826091877378879110e-06
-3.791680722282423867e-06,-2.823319978415371383e-06
-3.939028108355696029e-06,-2.574529681871441121e-06
1.097842531731353775e-06,3.767360992434858753e-06
1.301279617681833362e-06,3.694369387244560606e-06
-1.384920716153886450e-06,3.732067870578635671e-06
-1.204307973259874864e-06,3.795726332908377347e-06
3.946111636366487090e-06,-2.296933597819622736e-06
-4.079686108767520365e-06,-2.323268460121745101e-06
9.010791514602935954e-07,3.832777203689619879e-06
-1.029848710013785203e-06,3.852572030626168834e-06
4.382675239494684236e-06,-1.085906174971989159e-06
4.332474981442255601e-06,-1.308643476462513242e-06
-4.453443759692587948e-06,-1.370012373281403935e-06
-4.502690080513901361e-06,-1.151510988859039378e-06
1.008651755190760802e-07,5.334310695638670134e-09
9.326942894401503378e-08,2.818126472678504045e-10
1.123474134368488874e-07,9.298689783243552326e-10
-2.495321571693988746e-08,8.129888052569565987e-09
-3.849525905087393844e-08,9.079976358845643840e-10
-1.349623115002617591e-08,1.117167146029421495e-09
-2.633382637679706323e-06,2.827522878796105741e-06
-2.866530938393418635e-06,2.620633129861790541e-06
2.837711076201698770e-06,2.553862217588971517e-06
2.610966696554617658e-06,2.754066527809362684e-06
4.423767977112845210e-06,-8.948387340901979953e-07
-4.543218132986365732e-06,-9.642965177513540019e-07
3.921315173667214553e-06,1.597823918943420554e-06
4.045546324106199685e-06,1.381790442897277144e-06
-4.141057051525220773e-06,1.384673956580123576e-06
-4.008616611186760865e-06,1.614029506806977198e-06
-1.921478310028338793e-06,-4.571149613608464032e-06
-1.724417940795781125e-06,-4.664654187922066869e-06
1.772452058559374543e-06,-4.605590373547905081e-06
1.593046661376813405e-06,-4.691959473826277234e-06
-1.528619644878310663e-06,-4.751139811084935192e-06
1.417511978286551478e-06,-4.770778053867576917e-06
4.183495454751812547e-06,-1.762294460007285190e-06
4.071422952211782727e-06,-2.026868833215085322e-06
-4.306533300776765069e-06,-1.813698089661272955e-06
-4.199025419068961121e-06,-2.066825170639542368e-06
2.483864540259252817e-06,-4.248494867806276449e-06
2.291931760873053841e-06,-4.386502870974853487e-06
-2.472429732663580115e-06,-4.339641387995482481e-06
-2.668428051821724394e-06,-4.197556809273513476e-06
-4.395873382536739289e-06,5.982089532484384906e-07
-4.324229121858446826e-06,7.926592900239548038e-07
4.217431688608681497e-06,8.237986858071375359e-07
4.284964400735655827e-06,6.398403080178342750e-07
-4.457078404736022582e-06,4.160381544874169955e-07
4.342890624206758453e-06,4.668430177381127181e-07
-2.134915367840352012e-06,3.458844811460625255e-06
-1.918583549670879398e-06,3.575974196703222991e-06
1.887619963210496617e-06,3.516907942588223681e-06
2.114329269605346922e-06,3.389184219917575250e-06
-3.250313618560113336e-06,-3.678730641728907542e-06
-3.437231844765092456e-06,-3.474671318563225547e-06
3.269378557313119729e-06,-3.512218983908977264e-06
3.074551134941887664e-06,-3.724260334680749334e-06
4.272092012857295989e-06,-1.505117048275292278e-06
-4.393760634750389348e-06,-1.563326666287739514e-06
9.393599199574420105e-08,-6.909310136150254901e-09
-1.618072126437387689e-08,-1.022851574687649037e-08
3.615224154691197814e-06,2.046042381441219757e-06
3.778452550996645165e-06,1.820651954228978610e-06
-3.856400630193896004e-06,1.850213176024383354e-06
-3.682775834264461820e-06,2.088456184123752231e-06
-3.490343296019614951e-06,2.324702713071231182e-06
-3.280550163155657272e-06,2.555524152663098766e-06
3.234870882753691800e-06,2.491371701812872668e-06
3.433695027981593563e-06,2.270599096454963438e-06
7.085022194316848101e-07,3.881322342881370341e-06
-8.580712857534655679e-07,3.894665074304585740e-06
5.215412650944931756e-07,3.922183389935216804e-06
-6.891464350656996725e-07,3.930356698587533323e-06
2.878440082191972148e-06,-3.918118805695619185e-06
2.680747784059834541e-06,-4.092971200729378543e-06
-2.865481459826995647e-06,-4.040792121022915661e-06
-3.059996311709458905e-06,-3.867712110719503170e-06
-1.330601462160291906e-06,-4.821990448604358675e-06
1.242080334263471672e-06,-4.834812075236577715e-06
4.447470395919511496e-06,-7.230131602098834238e-07
-4.566679248821684579e-06,-7.954161359073333488e-07
-2.918243474846027744e-06,-3.715812510604386726e-06
-2.727852877513242481e-06,-3.894009136086033569e-06
2.542831497454412256e-06,-3.945525089641776131e-06
2.734073482961528881e-06,-3.763067716785384420e-06
-1.131862466411721458e-06,-4.885236820957774446e-06
1.067154623723233111e-06,-4.891791411144896613e-06
4.463378027361150634e-06,-5.662572732379431988e-07
-4.582509059212966634e-06,-6.405896538637361253e-07
2.337867874265156703e-06,3.249521970471911962e-06
2.574986161055505224e-06,3.080062208055742050e-06
-2.596032652612469273e-06,3.157924208372710606e-06
-2.355868044964129201e-06,3.325428786359509565e-06
3.256830664358447562e-06,2.125759307224543695e-06
3.053030666073585878e-06,2.343195624094124074e-06
-3.090421599392804103e-06,2.400945621961925727e-06
-3.304213766798030207e-06,2.172570352456354020e-06
-3.501853754666789040e-06,1.940422363731691627e-06
-3.682178014715648558e-06,1.707002895065300462e-06
3.614143542750183650e-06,1.685400253617294486e-06
3.444090059230704061e-06,1.905784553940441420e-06
-4.501921213546751953e-06,2.445750422652228487e-07
4.385547318623347320e-06,3.031734446653918473e-07
2.923905530251478595e-06,-3.562269505036577840e-06
3.111996328320544201e-06,-3.342727854207430130e-06
-3.286322302449604660e-06,-3.312434485933362002e-06
-3.104318115277434033e-06,-3.522115137793420292e-06
1.989413854373092631e-06,3.217611927374483086e-06
1.770508942790339196e-06,3.355128941793982557e-06
-1.808847528253718959e-06,3.424599509846126641e-06
-2.013255753425897658e-06,3.293294650431698975e-06
-4.537621440785192163e-06,8.397451798768449275e-08
4.419743939266930202e-06,1.488583146237393619e-07
9.797843550889353869e-08,5.360818749363062777e-09
-2.474993904685108011e-08,9.280877715203215285e-09
4.095069279173514725e-06,-1.393967548242511390e-06
-4.221042493380385339e-06,-1.454373202939902474e-06
-2.535743502194860107e-06,-4.055934863271413432e-06
-2.342607250727740706e-06,-4.201715339971283145e-06
2.166862558391833924e-06,-4.253414673643920355e-06
2.353434997069058165e-06,-4.108830080158166680e-06
-5.178991585558322992e-07,-5.007248338582497683e-06
-3.042614747675462103e-07,-5.026756682446656649e-06
3.208660012192304303e-07,-5.023988712027508470e-06
5.196670300565755741e-07,-5.004413557410940412e-06
1.034153943178004651e-07,-5.038226959933827948e-06
-8.015706561301809116e-08,-5.039025583022878045e-06
3.392105515951846592e-07,3.949684545656378335e-06
-5.211860342392233166e-07,3.954419850799689312e-06
-3.843415120966940752e-06,1.478427122445775256e-06
-3.984135938660341197e-06,1.255035595400927272e-06
3.897833254344495825e-06,1.259649292168794667e-06
3.765765381728328166e-06,1.469983937764963474e-06
2.795883068039483360e-06,2.904107677263709805e-06
3.020894382715849045e-06,2.702962300839991387e-06
-3.056369155113192503e-06,2.774715126062385997e-06
-2.822750999838620340e-06,2.980559070432964137e-06
1.612009755249795632e-07,3.969275212530722602e-06
-3.531414875256335401e-07,3.971602125219019209e-06
-9.305431303269708030e-07,-4.935404130546651085e-06
8.898489604863559191e-07,-4.937289329870021292e-06
4.468779007346274767e-06,-4.198086358891134615e-07
-4.587954357034343243e-06,-4.949436255564462023e-07
-7.261378854733875700e-07,-4.976894782303517814e-06
7.081736677655439660e-07,-4.975531596228427737e-06
4.467820118142357597e-06,-2.788245130466809028e-07
-4.587031731376449705e-06,-3.535158031762908239e-07
3.438100162164301774e-09,2.894642048063284640e-08
2.718287182091826093e-08,3.547384502542506780e-08
-4.561888858351301331e-06,-6.753513890217293913e-08
-4.578358727995538116e-06,-2.124614143990091424e-07
4.443183540833255198e-06,2.106036095826237600e-09
4.459253400295369881e-06,-1.395687097982253741e-07
-1.283418340315269125e-08,3.978446498383787877e-06
-1.841730154044810152e-07,3.979146525713171930e-06
-1.821424282804131836e-08,5.892994799353784891e-08
-3.071653684463119264e-08,4.109688644263880231e-08
-7.108605552874246816e-09,3.495014381972335554e-08
-5.075972619305609138e-08,3.430981623628409078e-08
-3.000318527197063611e-08,1.671756601764861157e-08
1.232570122916474400e-07,4.246249958140881837e-08
9.777292041300575997e-08,5.166059322970985718e-08
1.005542598560909338e-07,1.739524426215208443e-08
7.956870526723679507e-08,7.455223709550405428e-08
5.995573683991795608e-08,4.426373693513799286e-08
-2.067377320411557421e-06,2.952962135718331700e-06
-1.894839789163269063e-06,2.724185387459870002e-06
1.882507577026991167e-06,2.650306282222369845e-06
2.049466513800070050e-06,2.875502824762613740e-06
-2.089303147397498727e-06,2.585233622309898047e-06
-2.255099511055013774e-06,2.813237404643128152e-06
1.179085886139969036e-08,-4.863039750230643103e-06
2.319712000917553006e-06,-9.221965489554794331e-07
2.043015637564812199e-06,-8.257428062838094489e-07
-5.320535551853669480e-07,5.650639378717410503e-07
-6.558026749002859034e-07,7.160923295485915091e-07
4.767228648521349539e-07,6.772821390246668343e-07
5.811749936560568381e-07,8.294610870012764155e-07
-3.060633266894540213e-06,-9.292007064665406146e-07
-2.769986193033367961e-06,-8.288708907403167311e-07
-3.193684417183386686e-07,3.138586369495327298e-07
-4.196950297884550600e-07,4.307324579879133319e-07
-5.840302110917563730e-07,-3.110336453448656400e-07
-7.929319286886527676e-07,-3.949875564160688243e-07
2.878638430709638403e-06,-1.112618118453978341e-06
2.599036504357784476e-06,-1.018066325377467706e-06
6.654827437268771927e-07,-1.350588589908780209e-07
8.660083493503991637e-07,-1.945133630561433912e-07
1.273542565093978512e-07,-8.865587719588532153e-07
1.364260407382004563e-07,-1.156852656140669183e-06
1.906400192266210312e-06,2.289833468234989324e-06
1.741182775876480087e-06,2.068137949422898629e-06
3.426411493692040321e-06,-1.293885207850598352e-06
3.155118587976994756e-06,-1.204770180485394267e-06
-1.012892342497270608e-07,-4.243531956932826787e-06
-1.075144344342809308e-07,-3.962296210979368895e-06
3.412777540919834384e-07,-4.575789163826472369e-08
4.896323234273741598e-07,-8.515681135689595799e-08
6.956728937868151457e-07,9.948235056110417522e-07
8.197622246171721843e-07,1.172621787272990406e-06
-7.898584615777305039e-07,8.824907922895481254e-07
-9.333881618778025522e-07,1.063235504218527175e-06
1.671811021031237395e-07,2.141704812570092143e-07
2.279254670915875528e-07,3.072670876641822433e-07
1.579418730506923215e-06,-4.180780946964383939e-07
1.844087082844175899e-06,-5.041734212437643456e-07
-1.185888528021841374e-07,-2.392491239848404769e-06
-1.160745490393858978e-07,-2.069520524680074032e-06
-1.541622122384324872e-06,-6.756393600574327396e-07
-1.820088706539395933e-06,-7.750756557212690859e-07
-8.518304712282528400e-08,-4.749706160877765770e-06
-9.403950912984004531e-08,-4.506689491371691269e-06
2.235728929809873455e-06,2.737944380753416455e-06
2.072216698819692890e-06,2.514007187375739061e-06
3.939003526678485441e-06,-1.458117532225634890e-06
3.689394658346748700e-06,-1.379337777140426414e-06
-4.135605881417159809e-06,-1.316206113294420434e-06
-3.883903954453243029e-06,-1.222961160008991797e-06
-3.620901454330513432e-06,-1.127204476718216725e-06
-3.345165062295548288e-06,-1.028942864009410815e-06
-2.507194383596703964e-07,-1.649403703507127862e-07
-4.022548241851535354e-07,-2.340238294041075012e-07
-1.723366682197223086e-06,2.494677698065052351e-06
-1.552744223086761147e-06,2.263752075453044612e-06
-1.577035869273593589e-07,1.358245517492415900e-07
-2.318762482478829786e-07,2.153725941868114111e-07
1.023716698691781890e-07,-4.283980675284754236e-07
1.160301853465158419e-07,-6.422990437059962410e-07
-1.125349529791709136e-07,-3.666202421478477835e-06
-1.162621626000718800e-07,-3.357605982422254967e-06
2.998374853464569093e-07,4.156830016391511643e-07
3.828553321621443765e-07,5.391939062453172393e-07
-1.085027007821154414e-06,1.256613454753324484e-06
-1.243752268393803959e-06,1.461339551656910573e-06
-2.106622289577283597e-06,-8.754403698053641387e-07
-2.398438505317590773e-06,-9.758576058515778073e-07
1.578169419910653499e-06,1.851260347775503777e-06
1.418450382628670033e-06,1.640579559589852230e-06
1.263578707386261646e-06,1.438054622036859883e-06
1.114506343947964455e-06,1.244874127697577999e-06
-1.345131943538651104e-06,-3.588799187402730884e-07
-1.089452686218719373e-06,-2.791197271252948503e-07
1.261126694869139808e-06,-5.430523282618814212e-07
1.026575585433563023e-06,-4.541889894591806416e-07
1.518700752114902073e-07,-2.716909032470186642e-06
1.496979217040369504e-07,-3.040083704749813138e-06
9.526231223790616556e-07,1.361561934582537167e-06
1.093611197802619262e-06,1.560634806715211734e-06
1.087158780587218849e-06,-2.621676534718719772e-07
1.326255089524788731e-06,-3.371223123860177027e-07
-2.477032026803563306e-06,-7.292446445683264921e-07
-2.184415809903031843e-06,-6.312096437415362916e-07
-1.024404021839586855e-06,-4.844465777626949861e-07
-1.275426652413305926e-06,-5.784583253243078109e-07
-1.384948776361181602e-06,2.034704387287919741e-06
-1.221338363377249834e-06,1.809531335590396632e-06
-1.117306179043746526e-07,-1.753242716759654670e-06
-1.054682137440563661e-07,-1.447238350847554803e-06
1.433705226932989095e-07,-1.446992838388552582e-06
1.482764660640045558e-07,-1.752997266905398834e-06
1.460253675386767638e-07,-3.357360060186790029e-06
1.409411689951827074e-07,-3.665957462861298031e-06
-1.063680313523691596e-06,1.590811227557911002e-06
-9.130678677077904728e-07,1.380172069134783209e-06
-1.185780778195139382e-07,-3.040329196851730972e-06
-1.193937450039826613e-07,-2.717154503279820118e-06
-3.815530264982100635e-06,-1.440835223869059416e-06
-4.066624982603174221e-06,-1.517978422716811992e-06
-1.407919131087021989e-06,1.675314487839727932e-06
-1.576312916640423507e-06,1.896987717996664095e-06
4.908764340919091037e-07,4.617340836658749210e-07
3.953428492112938014e-07,3.473338579659616034e-07
1.183004678673194464e-07,-4.506300380711067702e-06
1.082234286159713919e-07,-4.750221940014560739e-06
-1.746986051440839856e-06,2.123863827454111595e-06
-1.918612210836964871e-06,2.354237904543984580e-06
1.241625469185400963e-06,1.768159086826523836e-06
1.395833683853879454e-06,1.982866328474864393e-06
3.757022615710813709e-06,-1.162993007928943643e-06
4.008844063880391557e-06,-1.254864715169151268e-06
-1.498422266196725739e-07,2.734920719413407925e-07
-9.156963299027801808e-08,1.822785712009248900e-07
-7.406530764427688105e-08,-6.425257179337433906e-07
-5.905331877654279416e-08,-4.287015938554043085e-07
-4.471564425314011006e-07,-9.042898932761349265e-08
-2.868159091341064976e-07,-4.845874606417277361e-08
-3.269515077469085311e-06,-1.266055824158564662e-06
-3.548176027472774126e-06,-1.355871706959309995e-06
1.554855437533298673e-06,2.202704113408940825e-06
1.717618872730284419e-06,2.426071672097565168e-06
-7.709896369932538100e-07,1.179828945267342638e-06
-6.383520664171115004e-07,9.911516617440437147e-07
1.512638974012406658e-07,-2.069275038103518131e-06
1.524216891310048388e-07,-2.392245752469034006e-06
9.724908563011653998e-07,1.062604129475918850e-06
8.382929612432212411e-07,8.921691213632639649e-07
3.228486489840163188e-06,-9.742644117504185728e-07
3.497599977425506579e-06,-1.069462865826865687e-06
-1.896146460026620252e-06,-5.361068112836487555e-07
-1.614991462169320557e-06,-4.448643665554641790e-07
3.106691147755388971e-07,2.482140801664041231e-07
2.370405797290090899e-07,1.645269141250630983e-07
1.345678713062142420e-07,-3.962060628842817739e-06
1.269915831987122611e-07,-4.243263558356846341e-06
4.482028112359664212e-07,-2.184978512499891393e-07
3.080945505599057080e-07,-1.536735538549975947e-07
1.772500284981134086e-06,-7.298199137685655175e-07
1.510628106924898019e-06,-6.351990821568587778e-07
-9.716691359158227730e-08,-1.157099091811943644e-06
-8.673776094889933488e-08,-8.868027395784701493e-07
2.674024399011208186e-06,-7.821833210921445420e-07
2.953169917614244984e-06,-8.782402012273363862e-07
-8.523087863057886119e-07,-2.070378441043940784e-07
-6.367016072869283707e-07,-1.436385714130437439e-07
8.108759313705645024e-07,-3.698376887203716232e-07
6.167257056925979050e-07,-2.908461126762659354e-07
-2.691507853387490454e-06,-1.075057618228148835e-06
-2.983158016900264563e-06,-1.172201826593505856e-06
-3.074029679125464219e-07,5.108444447183925853e-07
-2.218864188523664358e-07,3.831943480713882827e-07
-5.163625817227999401e-07,8.159676422784254899e-07
-4.057375438992536533e-07,6.553850990102748839e-07
7.128898691251530100e-07,7.347486947768822730e-07
5.968522799501236955e-07,5.910060199932585290e-07
2.116555558894743483e-06,-5.941655196046965335e-07
2.394378835233081748e-06,-6.872308460975602410e-07
-7.079327388656798676e-08,-3.598264104868492268e-09
-5.875894986679315113e-08,-2.821195758358353317e-08
-5.614418269833831328e-08,-5.661083822992772662e-08
-3.042870291241842312e-08,-3.598789147027154026e-08
1.295368956057022426e-07,-5.182428414143135362e-08
1.314541284893912531e-07,-2.502386991689496830e-08
1.057103107141057486e-07,-3.134806060740133418e-08
1.420101880610399531e-07,-3.182974606350509621e-09
-2.187244852390464416e-08,-1.155701696414945523e-07
2.113818525768450201e-08,-1.101139746311138472e-07
-1.408550062619288337e-08,-6.169949288027646270e-08
6.770832788241218489e-08,-1.180470978587629169e-07
5.902870381815599927e-08,-6.582572463797820269e-08
4.773346042171262008e-08,1.671243724055399341e-08
-2.215318148770966347e-09,1.141677887818116706e-08
-1.189376807193843640e-08,-3.748413796448429001e-08
-3.133997451426686862e-08,-4.580627227364154481e-08
8.878471183852124002e-08,-4.936027227670938558e-08
5.719769763197215520e-08,-4.228265165109072810e-08
7.916781386017447271e-08,6.301977540977440027e-09
-1.005668248890939068e-08,7.727136551956194459e-09
1.141818820468416549e-08,-3.129916358307263592e-08
-5.094524540324494953e-09,-1.117703870428797908e-08
5.279384671726872397e-08,-1.667543593612886398e-08
9.605862704102181586e-08,-2.084286784251080119e-08
9.802208001203242220e-08,-4.085905555986910757e-08
-2.787948513328620957e-08,-4.263975934951867208e-08
-2.138175451363625634e-08,-2.562926916428300010e-08
-9.567511586104004823e-08,1.221241617230044710e-07
-9.730126084178159020e-08,7.583635830468011345e-08
-4.733385389583846455e-08,1.102462082693002225e-07
1.718365467590109771e-07,1.498089049429953852e-07
1.177414763624309339e-07,1.366862432115039071e-07
1.745079440558814886e-07,9.606898209417856169e-08
2.619064507631804779e-07,-7.668680195526473589e-08
2.245857646573904638e-07,-1.826877825070853905e-08
2.006921548455489298e-07,-9.776663769793526774e-08
-2.007760878403838134e-07,-8.215384058741594364e-08
-1.340715297305282205e-07,-1.053178671665605962e-07
-1.604051144729738565e-07,-1.934374963690944806e-08
2.202559103502501435e-08,-3.322614509708921972e-07
8.633394642078668498e-08,-2.516953167472005982e-07
-4.154302428163768522e-08,-2.519983641555352880e-07
-3.078990089715632749e-06,2.593648326267800693e-06
3.042351836352309449e-06,2.527955384843935477e-06
4.032663009170100644e-06,1.217887486103763807e-06
-4.127556237961081326e-06,1.210640015063936265e-06
-1.059806551696488810e-08,-1.292565835778001799e-08
8.297798965053008162e-08,-9.910477334886394295e-09
2.137631243976496024e-06,-4.387809992087911410e-06
-2.312091835926045013e-06,-4.340789960978731338e-06
-1.763925417807382850e-06,3.558537803475435270e-06
1.721590302489463636e-06,3.499475401461733051e-06
-3.455418892063278773e-06,-3.288773243048302682e-06
3.288498510664518352e-06,-3.317662142887972284e-06
3.777033152864960385e-06,1.644532004741731439e-06
-3.855151546046384527e-06,1.663629860684464399e-06
-2.612640591030605154e-06,3.004938525042648224e-06
-2.413006868776387382e-06,3.009586408927569460e-06
2.591030087273686754e-06,2.928242744437958619e-06
2.393618516532959568e-06,2.932580827545136536e-06
2.516584953483133743e-06,-4.105572783333067092e-06
-2.701534696467495231e-06,-4.053141619331079436e-06
-3.086517952594143970e-06,-3.702127425273556438e-06
2.905615395218199306e-06,-3.748673965851823871e-06
3.444384937237724348e-06,2.090174490635759971e-06
-3.501913792608889568e-06,2.135057110512699891e-06
-2.241939715757249409e-06,2.996172785750039270e-06
2.222858515072522432e-06,2.918526302154007955e-06
-1.906646069320881304e-06,2.539910418905371830e-06
-1.441636532409730222e-06,-5.136089560973789602e-07
1.416701977428595493e-06,-4.825118503054694472e-07
7.051098139879986606e-07,8.601768027092978297e-07
-6.479954904461208488e-07,8.485257225825439794e-07
1.657728923092980149e-08,-2.554677509446906355e-06
-2.000572939054797679e-06,-7.040650766745170152e-07
2.496575971521459028e-06,-8.523615183866587263e-07
9.632502018083860507e-07,1.208207927918332781e-06
-9.239525911110915875e-07,1.217658374782977765e-06
-4.137855938422229677e-07,5.371408498875323058e-07
4.847209760726274194e-07,5.643941033351050219e-07
1.793380436457376102e-08,-1.909553262999375182e-06
-5.118811809627783524e-07,-1.929570564002031258e-07
1.522082414031146887e-08,-3.200306249353864313e-06
-3.166016869437009650e-06,-1.099575296935602087e-06
3.054772256267419003e-06,-1.042793164563512569e-06
5.496785230571550553e-07,-1.806700490820160379e-07
-1.233034109599192854e-06,1.632671211225529212e-06
2.064777878667504641e-08,-7.588782176351050067e-07
-2.280603596807521185e-07,2.927801744828234982e-07
1.253117818768691254e-06,1.600196026748388264e-06
-1.564737618175965069e-06,2.079100774608224903e-06
3.594644050185212416e-06,-1.226960558236180032e-06
1.250732664883269578e-08,-4.378780724526986913e-06
1.894507921299545861e-06,2.469919010858260779e-06
-3.719801508997432026e-06,-1.287478401164737170e-06
1.566807286028984978e-06,2.025254831288831520e-06
1.386358081148611383e-08,-3.816876004873298195e-06
3.062252070575682111e-07,3.265582651214717642e-07
1.929022671821185405e-08,-1.298458207427897595e-06
9.436902947138140500e-07,-3.189003268231795944e-07
-2.584348614565484204e-06,-9.023037801565817433e-07
-9.356482619343863256e-07,-3.400687856673585056e-07
1.942635208566167480e-06,-6.630306928003165366e-07
2.169217645702942768e-06,3.234842336343563529e-06
-2.187983499606522199e-06,3.310703729322585504e-06
2.207486732354898103e-06,3.069734528527948344e-06
-2.226240963102634990e-06,3.147882439765462723e-06
1.951925088132356791e-06,-4.500618187273955612e-06
3.466069399986848656e-06,-3.075197931713748522e-06
4.129901524903719005e-06,1.015301080731083182e-06
1.507272213708791510e-06,3.600573706771798214e-06
-1.569203360782182684e-06,3.649189477035832866e-06
-4.231143500548396088e-06,9.956116654780945230e-07
-3.624471754100824038e-06,-3.058777176666798362e-06
-2.115282627802178820e-06,-4.459186093827331666e-06
