Size 899,2
0.000000000000000000e+00,0.000000000000000000e+00
0.000000000000000000e+00,0.000000000000000000e+00
1.960193489483877334e-08,-3.624580601594275170e-06
-1.465245295163169886e-07,3.076731079461942857e-06
1.532854145473398051e-07,-1.205313334475079136e-07
2.463477325425166724e-07,-5.505031792735976675e-08
2.976095818102043698e-07,-3.181912162741531020e-06
2.601578493292458473e-06,-1.129412862930180672e-06
2.699186633394327222e-07,2.991643712860947090e-08
2.684812812276631009e-07,1.567895943317927442e-08
2.793059866236817165e-06,-5.915280165123101498e-07
1.866509942204139921e-06,1.854834811666244116e-06
1.515401235748850351e-07,1.056414891134157659e-07
9.731762294667187493e-09,6.218095309748534713e-08
1.413471108031126674e-06,2.185172711684151541e-06
-1.403845921988763411e-06,2.349932531586581006e-06
-5.794384613480387391e-08,4.343070477261319188e-09
-5.066366357785897719e-08,3.378396305571779890e-08
-1.876130968310955347e-06,1.992363955241361596e-06
-3.011653422967902137e-06,-7.081707347506848390e-07
-2.165091235724481256e-08,-6.648372700033070411e-08
-4.779963616740828088e-08,-9.400722821402542227e-08
-2.813805515333435636e-06,-1.276854457591977427e-06
-2.562993523699293749e-07,-3.176470215217742154e-06
1.042213669060141756e-07,0.000000000000000000e+00
1.647461253718514758e-07,0.000000000000000000e+00
1.984842278261597744e-07,0.000000000000000000e+00
2.162525442423184025e-07,0.000000000000000000e+00
2.215493326907713901e-07,0.000000000000000000e+00
2.317535067663516097e-07,0.000000000000000000e+00
2.436557419617166108e-07,0.000000000000000000e+00
2.449288767166897266e-07,0.000000000000000000e+00
2.371029328275533274e-07,0.000000000000000000e+00
2.185182653814572446e-07,0.000000000000000000e+00
1.745913504203130783e-07,0.000000000000000000e+00
1.195953592459145610e-07,0.000000000000000000e+00
6.457528993250883894e-08,0.000000000000000000e+00
0.000000000000000000e+00,0.000000000000000000e+00
0.000000000000000000e+00,0.000000000000000000e+00
0.000000000000000000e+00,0.000000000000000000e+00
0.000000000000000000e+00,0.000000000000000000e+00
0.000000000000000000e+00,0.000000000000000000e+00
0.000000000000000000e+00,0.000000000000000000e+00
0.000000000000000000e+00,0.000000000000000000e+00
0.000000000000000000e+00,0.000000000000000000e+00
0.000000000000000000e+00,0.000000000000000000e+00
0.000000000000000000e+00,0.000000000000000000e+00
0.000000000000000000e+00,0.000000000000000000e+00
0.000000000000000000e+00,0.000000000000000000e+00
0.000000000000000000e+00,0.000000000000000000e+00
2.351164101749753852e-07,-3.604569730383067120e-06
4.308938491530463617e-07,-3.565873961617411119e-06
5.922797933574781824e-07,-3.525104078082353311e-06
7.367541262359935580e-07,-3.482215324257360784e-06
8.673429313574764126e-07,-3.438212262089722151e-06
9.867640276786852279e-07,-3.393413554455760713e-06
1.098304837325063933e-06,-3.347676421702789653e-06
1.204310969089310661e-06,-3.300522329031188172e-06
1.307296672461586751e-06,-3.251119192384966567e-06
1.409423354020384292e-06,-3.198377867231635581e-06
1.512789660208528626e-06,-3.141757029431191028e-06
1.618948705048913865e-06,-3.079511515933731284e-06
1.729621435518929087e-06,-3.009073708921238581e-06
1.844755999001862680e-06,-2.928844224866865095e-06
1.964780029141435544e-06,-2.836896091649538540e-06
2.088780303760694066e-06,-2.731775263209564411e-06
2.216063198194175487e-06,-2.612083057903992313e-06
2.344857579303156216e-06,-2.477116578181438868e-06
2.473529143491728523e-06,-2.326257911400320019e-06
2.599779571978438021e-06,-2.159900301140110252e-06
2.721280381737721207e-06,-1.978563231562370291e-06
2.835536794744788509e-06,-1.784004912520727074e-06
2.940424810278683838e-06,-1.577680484551618016e-06
3.033112291009132318e-06,-1.362191322223376275e-06
3.111120955730378351e-06,-1.139830019388566438e-06
3.168025197546585934e-06,-9.167212999331021021e-07
3.205315416907459913e-06,-7.042282337752472188e-07
3.223397290283082687e-06,-5.123494195610939625e-07
3.231305475779833103e-06,-3.458493929847115433e-07
3.232141120738103262e-06,-1.969204576475986519e-07
3.227729789243621062e-06,-6.192765646509278798e-08
3.219318517469182533e-06,6.137520976136036472e-08
3.207798577110957337e-06,1.759517152983953720e-07
3.193645163955452996e-06,2.839812126319646463e-07
3.176978953477332312e-06,3.879517099051052964e-07
3.157623850339488229e-06,4.897947527486868897e-07
3.135106371285329598e-06,5.913893155209580391e-07
3.108760934748352073e-06,6.942684046418351029e-07
3.077719910956288972e-06,7.996265905235136223e-07
3.041011129845793960e-06,9.085052917936728277e-07
2.997577475124273317e-06,1.021399167791025987e-06
2.946327165342065183e-06,1.138824198531452093e-06
2.886209393743700516e-06,1.260616030357376084e-06
2.816184591468562043e-06,1.386819426773575241e-06
2.735282462266952601e-06,1.517010233872850513e-06
2.642043355480033589e-06,1.651872937746549635e-06
2.539019838507797869e-06,1.792415335799077142e-06
2.420210368567168658e-06,1.936986617565617572e-06
2.283515333095968688e-06,2.085469000388460716e-06
2.129332536027228255e-06,2.233604907681530546e-06
1.955711923968797237e-06,2.377344475654826519e-06
1.769395700728222621e-06,2.506815137503099069e-06
1.579218405829641892e-06,2.620867039735821063e-06
1.391061192009202324e-06,2.718653830389440687e-06
1.208064496688003659e-06,2.802199817952504759e-06
1.030109222506807858e-06,2.872562879422973475e-06
8.578240439004991917e-07,2.930587818912716129e-06
6.923974349583697525e-07,2.977121827355350574e-06
5.341213047360655826e-07,3.013244721161521269e-06
3.836405564938817949e-07,3.040032630824770913e-06
2.406833056001254172e-07,3.058667815857309859e-06
1.052295998869333850e-07,3.070281059488936711e-06
-2.359190597045120293e-08,3.075971176321770359e-06
-2.649025727024782075e-07,3.073027637949177749e-06
-3.799359706119920431e-07,3.065143714204539884e-06
-4.931946168520316594e-07,3.053442537553568108e-06
-6.063965525794820429e-07,3.038016301397618565e-06
-7.214229147430985038e-07,3.018598576749061424e-06
-8.404516407672524543e-07,2.994571680048623781e-06
-9.654445594411769670e-07,2.964931644868916674e-06
-1.098831876674653036e-06,2.928238975673516351e-06
-1.242403584577145419e-06,2.882713040726577900e-06
-1.398976536755814783e-06,2.825985801069911747e-06
-1.574394808155144807e-06,2.754045541784317085e-06
-1.766512902715147958e-06,2.659372960781604377e-06
-1.967941797374591995e-06,2.541807299472500247e-06
-2.162634386020564966e-06,2.399214764234868285e-06
-2.342301313294232143e-06,2.243934628886350162e-06
-2.505762761093356288e-06,2.081618879265124791e-06
-2.651294431915971846e-06,1.917574739318602996e-06
-2.778961687899575277e-06,1.753890698220928197e-06
-2.894673574960654437e-06,1.593978684907439817e-06
-2.995135181482934942e-06,1.437964867724580325e-06
-3.081567861461086251e-06,1.286155387525156741e-06
-3.154868074209883417e-06,1.139920930416152996e-06
-3.216227669074536473e-06,9.997972188547405360e-07
-3.266937980074909193e-06,8.666046884423604717e-07
-3.308471302376217350e-06,7.400692895987522352e-07
-3.342301431976126659e-06,6.200120105947145808e-07
-3.369868624221520104e-06,5.053052043513316736e-07
-3.392496343137392231e-06,3.947329111024631004e-07
-3.411279875559691638e-06,2.864017934574987103e-07
-3.427069728827483494e-06,1.781254047502511728e-07
-3.440336627748662248e-06,6.742768715843116284e-08
-3.451173176715914139e-06,-4.868428235255558531e-08
-3.459207506219226284e-06,-1.730038832281487521e-07
-3.463557823062138089e-06,-3.090837971496657669e-07
-3.462887111885465224e-06,-4.597331394732797182e-07
-3.455192839207761446e-06,-6.292627750084378435e-07
-3.436869181021354108e-06,-8.276899207961833323e-07
-3.396666888194525962e-06,-1.048828127746189742e-06
-3.331821590960306858e-06,-1.278685804617050052e-06
-3.243826525372496024e-06,-1.498937855307799440e-06
-3.145385413931588342e-06,-1.698359932877143103e-06
-3.041586247756952693e-06,-1.881666198737226679e-06
-2.935326828371752591e-06,-2.048828769099220848e-06
-2.826837582386319382e-06,-2.201867065035964069e-06
-2.717345511526083096e-06,-2.340993694304498504e-06
-2.607619645779605560e-06,-2.467544230102686463e-06
-2.498240585475470311e-06,-2.582647720428248366e-06
-2.389136035304275498e-06,-2.687880990844948395e-06
-2.280206917054975186e-06,-2.784635957265335060e-06
-2.170705743583143647e-06,-2.874386618678948906e-06
-2.059845824681761524e-06,-2.958433889151276194e-06
-1.946447554149514904e-06,-3.037915967669223119e-06
-1.829066985102232616e-06,-3.113972575404526314e-06
-1.705997625999071990e-06,-3.187546624916757431e-06
-1.576179371113524932e-06,-3.256077947310672403e-06
-1.438710028984497123e-06,-3.321018299053804002e-06
-1.293120420764063651e-06,-3.382015992001040545e-06
-1.138323912976996066e-06,-3.438629010629988784e-06
-9.737439229437268096e-07,-3.490203172052171007e-06
-7.984661287972725266e-07,-3.535844947656122078e-06
-6.123878539882951070e-07,-3.574503877777563773e-06
-4.153268832020016578e-07,-3.604864416344570547e-06
-2.004019801392114832e-07,-3.625323716676308686e-06
1.818732783196087245e-07,-1.052308758908111910e-07
2.140370232684271003e-07,-8.258038499378174181e-08
2.356312004760672034e-07,-5.926652330333594579e-08
2.466931713027840592e-07,-4.235241050050179538e-08
2.511971267048525674e-07,-3.678377024544865449e-08
2.992450064732582443e-07,-1.409120408872962061e-07
3.934164518874308886e-07,-2.296891590881553848e-07
5.269279316773726513e-07,-3.235197370390623273e-07
6.943971689516045328e-07,-4.210174879222048287e-07
8.903418428995471127e-07,-5.204955421030838671e-07
1.109313266373341803e-06,-6.202507958170704643e-07
1.345912669403102351e-06,-7.185906878024791020e-07
1.594788623858178084e-06,-8.138406132530691857e-07
1.850690761996773726e-06,-9.043596912169433196e-07
2.108566151822308216e-06,-9.884260890584747257e-07
2.361055964285385376e-06,-1.062995958892979381e-06
2.518564034665359299e-06,-1.327821583302995609e-06
2.428585282557025068e-06,-1.524931338238498187e-06
2.333875048591150138e-06,-1.714551513660800518e-06
2.235543409128412998e-06,-1.894047833397261599e-06
2.134629924037209297e-06,-2.062087204974419377e-06
2.032852859488210140e-06,-2.217078978606013212e-06
1.931012234259546494e-06,-2.358784856711991215e-06
1.830497956862322193e-06,-2.486494093920955522e-06
1.731640935098293743e-06,-2.600911354722977193e-06
1.635192451442492623e-06,-2.702010489241628814e-06
1.540761021767103410e-06,-2.790960735269970171e-06
1.448252658078383339e-06,-2.868406765556367462e-06
1.356692438207916265e-06,-2.935225055360419098e-06
1.264294324298442599e-06,-2.992497368401884864e-06
1.170363919063212303e-06,-3.041032918452368068e-06
1.072596681236576130e-06,-3.082664800482799825e-06
9.693073839342366552e-07,-3.117569430102264703e-06
8.586019287070068913e-07,-3.145761546553414134e-06
7.378416451674635287e-07,-3.166971043545759435e-06
6.049349351101392831e-07,-3.180585996279393932e-06
4.563154739619320553e-07,-3.185492399204544367e-06
3.332305556138144706e-07,-2.918714063452405362e-06
3.586337161251207515e-07,-2.640933774807437443e-06
3.761243452717232935e-07,-2.347481013712998476e-06
3.857117903429504707e-07,-2.044474110070229165e-06
3.871784179718226901e-07,-1.738574979662764892e-06
3.803460031600692101e-07,-1.436698700745438429e-06
3.650299752416642659e-07,-1.145885553578688583e-06
3.410482680601194509e-07,-8.733318522871816442e-07
3.082228038285927157e-07,-6.263040289662979822e-07
2.661757834852383030e-07,-4.121420561353387955e-07
2.138453825456255402e-07,-2.410835054757871889e-07
2.556141333847144844e-07,1.037200928627277708e-08
2.548779691652743998e-07,3.471441413096269002e-09
2.559216426606317058e-07,2.148272282354001640e-09
2.586094855375210688e-07,3.956468912436752066e-09
2.621944871694715644e-07,9.895162054866458860e-09
3.594295862918735413e-07,6.149765612749175503e-08
4.607718454056665630e-07,1.355597141020426935e-07
5.755372966336373054e-07,2.359128494321139485e-07
7.023189149184845534e-07,3.601265993604485516e-07
8.389371718697569106e-07,5.054544623624527594e-07
9.830601796819862783e-07,6.689328755177331081e-07
1.132288988162786833e-06,8.475122800598966732e-07
1.284149960006549770e-06,1.038044164137039939e-06
1.436089740540612161e-06,1.237274928010829631e-06
1.585525003504161490e-06,1.441917849322452489e-06
1.729262815508823923e-06,1.648202665184850099e-06
2.019521636196410449e-06,1.738924622895323719e-06
2.160814383445097498e-06,1.620952355102227863e-06
2.287999169508091234e-06,1.504932595911841509e-06
2.402392990872028732e-06,1.390829692137624870e-06
2.498907724557120651e-06,1.279630570044967425e-06
2.585047025634352329e-06,1.169905371679943114e-06
2.660816849253348009e-06,1.063051347291128873e-06
2.726821521213063429e-06,9.589704665324595881e-07
2.783562584890362628e-06,8.580329139967999593e-07
2.831703881632534057e-06,7.596986170072453800e-07
2.871765801255382664e-06,6.637791456853997387e-07
2.904281027184128634e-06,5.693363591130861665e-07
2.929616223352455447e-06,4.755621981694488722e-07
2.948012419097484842e-06,3.811752297327646363e-07
2.959499587057958741e-06,2.847389134328993437e-07
2.963876434094749499e-06,1.847377489354204204e-07
2.960652694628969407e-06,7.915453747245582482e-08
2.949059120355400839e-06,-3.360061445555223936e-08
2.927919412222827330e-06,-1.560199137781962660e-07
2.895820058329165048e-06,-2.895477247940931212e-07
2.850890819771481354e-06,-4.366116123137255596e-07
2.546575810071615390e-06,-4.879332920734744763e-07
2.297234888805782582e-06,-3.928319791114630077e-07
2.041968388643652067e-06,-3.020186363669092907e-07
1.784286779731401740e-06,-2.170875244147775671e-07
1.529432852739965098e-06,-1.399413320118924043e-07
1.282747814849651582e-06,-7.236526353868530770e-08
1.049545694032644672e-06,-1.614306262327711171e-08
8.351853570381448535e-07,2.692267652482328657e-08
6.450712917952314991e-07,5.500937377739581720e-08
4.846516597950627890e-07,6.624579294746632833e-08
3.594004893591152112e-07,5.855590078877390824e-08
1.160025355581426103e-07,1.057335517133307535e-07
7.106246650787055352e-08,1.028844779968493122e-07
3.189724909217843425e-08,9.021134507603860467e-08
4.865436159135576365e-09,7.259612716603123709e-08
-6.075942311232331983e-10,5.744291598865108857e-08
1.292903470575034023e-08,1.518832706810807808e-07
-1.648731296642260267e-08,2.745646012557115762e-07
-7.634884185692933268e-08,4.270994201555567206e-07
-1.623788125610964956e-07,6.043324477370912949e-07
-2.713714040214190131e-07,8.017808538538740031e-07
-4.001042575767929350e-07,1.014756366720952849e-06
-5.452637760790524065e-07,1.238440096038464026e-06
-7.034635186173051484e-07,1.467909689832431426e-06
-8.712097724565631438e-07,1.698083146075938144e-06
-1.044879658561471300e-06,1.923900924956827349e-06
-1.221295862390202332e-06,2.141009174951574548e-06
-1.270209202743557768e-06,2.454719740606901658e-06
-1.137871002172955438e-06,2.544524636190019513e-06
-1.013781015333048053e-06,2.617979385144122061e-06
-8.963206670886942023e-07,2.677286900977422756e-06
-7.846198347231424417e-07,2.724229430676525989e-06
-6.766623268440083440e-07,2.760530025970821355e-06
-5.712161711220204258e-07,2.787413315409873213e-06
-4.665311983261278421e-07,2.805882436172350371e-06
-3.612710049773942237e-07,2.816584571011528010e-06
-2.541316132266684399e-07,2.819908467789016909e-06
-1.439125135884778142e-07,2.815991231916809269e-06
-2.981635844371911807e-08,2.804715119342352837e-06
8.933265040182743819e-08,2.785773115073792730e-06
2.139665309740430646e-07,2.758760480748844421e-06
3.449139583749741211e-07,2.723117500076466937e-06
4.819582510465711064e-07,2.678285318560245107e-06
6.254597116275860344e-07,2.623572070318958592e-06
7.746400425305720681e-07,2.558437917158418606e-06
9.293991168664772440e-07,2.482227520755724506e-06
1.088510971255720861e-06,2.394580322724585331e-06
1.251291452542417562e-06,2.295130153176070897e-06
1.259439716423487286e-06,1.989493436687583739e-06
1.107851611819486091e-06,1.788892596419155491e-06
9.593792064037548082e-07,1.583557802623648542e-06
8.167040614941896883e-07,1.377539244119972472e-06
6.821942884430651865e-07,1.174337151055979250e-06
5.581586190492133915e-07,9.773912044020848650e-07
4.468269668167321341e-07,7.900276234139896766e-07
3.503532416261842616e-07,6.154697935235588816e-07
2.708164672081253467e-07,4.568296410224368074e-07
2.102954690305505184e-07,3.171561777598645928e-07
1.713281394429826790e-07,2.002096608290261666e-07
-3.800586851820403746e-08,1.461633907638406520e-08
-3.215122980612186277e-08,1.354423749107717294e-08
-3.096188912674970311e-08,1.023196282726887739e-08
-3.199164914001927449e-08,7.385800170648303224e-09
-3.366899569280131403e-08,1.200050059836225255e-08
-1.618230367413404449e-07,7.138282767687761290e-08
-3.164704546669519758e-07,8.285739949570418508e-08
-5.138672929271741278e-07,7.041705409488976441e-08
-7.465708563731519235e-07,3.673143987568320552e-08
-1.007152901144072473e-06,-1.568461351910787748e-08
-1.288256708045032393e-06,-8.437249284227215298e-08
-1.582573624653812377e-06,-1.668961342420613409e-07
-1.882840173164894798e-06,-2.608377403092797400e-07
-2.181775624367347708e-06,-3.637820656920540475e-07
-2.472215593605424362e-06,-4.732353261382488598e-07
-2.748024780443428830e-06,-5.869372834188858282e-07
-3.072265381430895290e-06,-5.520601717785459062e-07
-3.119658327410620917e-06,-4.028166318574215528e-07
-3.153300027654343267e-06,-2.678898821227839843e-07
-3.175085183500408888e-06,-1.444944498208948977e-07
-3.186444266403778019e-06,-3.071725499775273714e-08
-3.188527487335698130e-06,7.639707017939192496e-08
-3.182021510613924484e-06,1.789641802632390512e-07
-3.167284261433302796e-06,2.793613185334044912e-07
-3.144335180372546944e-06,3.795910545420131385e-07
-3.112945660485926621e-06,4.812666983975022460e-07
-3.072642050597762045e-06,5.860246549999197973e-07
-3.022868481207493225e-06,6.946146072483226708e-07
-2.962893822180435247e-06,8.081216817470995991e-07
-2.892116383653635468e-06,9.264280204950820050e-07
-2.809819688003155228e-06,1.049966436563077341e-06
-2.715635613731559703e-06,1.177845106961850074e-06
-2.609177314934234161e-06,1.309790867873755936e-06
-2.490883393670262625e-06,1.443741384281396019e-06
-2.353670548583064772e-06,1.580502577953240161e-06
-2.204493646649784232e-06,1.718747509115130014e-06
-2.043580191161325939e-06,1.857544858678176601e-06
-1.732648196891565560e-06,1.771402747527740072e-06
-1.577047799191036171e-06,1.542718955264316321e-06
-1.409582736360735740e-06,1.312017548102870687e-06
-1.236051874262296910e-06,1.085989811801903086e-06
-1.060233362401265690e-06,8.693918386489621558e-07
-8.858095416784567064e-07,6.670362014729431285e-07
-7.164102884564032491e-07,4.836668573078939053e-07
-5.555925478810431088e-07,3.239276230008963953e-07
-4.068557017853460799e-07,1.923973422503294392e-07
-2.736740799449781874e-07,9.353462760186870410e-08
-1.587371670888464216e-07,3.074166922214234653e-08
-3.024266401164830476e-08,-4.073698538814396212e-08
-3.061481642024944845e-08,-3.990176662219400090e-08
-2.876105276122159310e-08,-4.615146532134477224e-08
-2.712830232618349756e-08,-5.914100983188641613e-08
-2.886336617300341823e-08,-7.299615790938484349e-08
-1.192441431386237924e-07,-2.396317382519306675e-07
-1.744789910623015271e-07,-4.153059391272288125e-07
-2.210028176134747111e-07,-6.288493356500889388e-07
-2.585972388310423276e-07,-8.757282572395934841e-07
-2.873130140065071961e-07,-1.148295701947569460e-06
-3.073539756643404632e-07,-1.439113457599251796e-06
-3.189120597084867785e-07,-1.740987944816033057e-06
-3.221748020263667405e-07,-2.046884352499404094e-06
-3.173260925258679198e-07,-2.349935639110814720e-06
-3.044970070685953245e-07,-2.643477427498370616e-06
-2.835683453958830520e-07,-2.919523227122787841e-06
-4.417186864375187873e-07,-3.171438740462762220e-06
-6.241764011024232660e-07,-3.158718512773009209e-06
-7.966402227984778720e-07,-3.137800234349173293e-06
-9.594598225894951534e-07,-3.109317558938905934e-06
-1.112514934438580430e-06,-3.073796972686792667e-06
-1.256606878304184068e-06,-3.031663258024362828e-06
-1.392090123709526508e-06,-2.983207645991401848e-06
-1.520141823551214156e-06,-2.928499152394787120e-06
-1.640335536074160636e-06,-2.870189119124813357e-06
-1.753741373676948609e-06,-2.805037201610785282e-06
-1.861150291134006604e-06,-2.733161576814469927e-06
-1.963462854787746633e-06,-2.653892430299086887e-06
-2.061635621179099003e-06,-2.566460280108993053e-06
-2.156541513877421256e-06,-2.469823347473436084e-06
-2.248630891604506968e-06,-2.363228609574420902e-06
-2.338445079980667716e-06,-2.245406370472169783e-06
-2.425830725925101109e-06,-2.115781330821771001e-06
-2.510962863590898908e-06,-1.973175763112513795e-06
-2.593057859464275616e-06,-1.817453954173053710e-06
-2.671925587610762375e-06,-1.647727574085008001e-06
-2.747069672350891044e-06,-1.465082320662988767e-06
-2.544251883050489500e-06,-1.216779992236754806e-06
-2.258027339206067856e-06,-1.143322878221994108e-06
-1.960146285955826874e-06,-1.055772726960200227e-06
-1.659613142464942935e-06,-9.577155635705552266e-07
-1.363433363648088992e-06,-8.514844862601728063e-07
-1.078822386356729879e-06,-7.393628906173975764e-07
-8.130806981440403512e-07,-6.236596023442632532e-07
-5.735571118594354793e-07,-5.067003923372942340e-07
-3.676485448956549668e-07,-3.908202105206760983e-07
-2.027575546801307083e-07,-2.783135844734709163e-07
-8.622081936982574855e-08,-1.710298325547466425e-07
-6.414463932181319826e-08,8.042024107574302505e-08
4.868616311623201733e-08,-2.256082467871945528e-07
2.599859851588921921e-07,1.221276309969035172e-07
3.163789996592583954e-07,-3.711825883644790550e-08
-1.078931399499262745e-07,-4.506849285399008045e-08
-1.480588022773766738e-06,1.959500435945084244e-06
2.457133074491364303e-06,-7.779630545195404962e-07
2.475715035456264758e-08,-2.926469675732678905e-06
-2.652518472235530323e-06,-9.051466635535803882e-07
1.495989671128281090e-06,1.820716286417387755e-06
1.893159343852059127e-07,3.042269142311800215e-08
-8.315232858585536827e-09,1.381687514875188833e-08
1.753887075974437788e-06,2.175905837676802718e-06
-1.753418321866470962e-06,2.335677370674444270e-06
2.941123548331638751e-08,-2.351559612246345229e-06
-2.072676663456645435e-06,-7.103500489974092146e-07
4.185022554995469677e-07,3.398807960727786316e-07
4.357406783433364214e-08,-6.174256734007410987e-07
-4.291215262279663153e-07,-1.564539863374147885e-07
-2.353125671701700061e-07,3.010455935917465481e-07
5.762919867588699847e-07,-1.311304498060652172e-07
1.197279970802247280e-06,1.409763116495853371e-06
1.946411970617997908e-06,-6.032255415392950849e-07
-1.470314887783983872e-06,-5.083432557164940128e-07
6.395126403968456113e-07,6.430761429127600500e-07
-9.029798779062181373e-07,-3.173794221224694976e-07
3.413328901229695446e-08,-1.738483666668513975e-06
9.052815165827449141e-07,1.008200740580586742e-06
3.885907687219488994e-08,-1.141459321438326557e-06
1.434538381138053436e-06,-4.282741842650253262e-07
9.635484710955859025e-07,-2.662672548905985048e-07
-4.896133886689506323e-07,6.368112788998959821e-07
-1.140436773827672534e-06,1.505101142525116922e-06
-8.005871705244823265e-07,1.050914407257187185e-06
2.382138466581360655e-07,-3.125284796690215518e-09
-1.079968534592628492e-08,-6.877158826425704410e-09
5.638479489156768853e-08,-8.317898335801735913e-08
2.850128731990597588e-06,-9.192098509899168924e-07
-3.068636685054325437e-06,-1.055203584218765479e-06
2.507023552131789306e-07,1.216222124739684461e-08
-2.163084279655092795e-08,1.273250289718437741e-08
-2.368754225725346453e-06,-2.475140549012105636e-06
2.067732637703761385e-06,-2.488892754915562762e-06
2.536456305763435394e-08,-3.334230861908842442e-06
2.303278016068142019e-06,-2.191526009583088070e-06
-2.570580603805401751e-06,-2.226144428362945541e-06
-1.908061806403454724e-08,-2.762402756632155503e-08
2.142388262530315262e-07,-2.985783619674335600e-08
-2.159289426793715813e-06,-2.676815152947369347e-06
1.834387508923354391e-06,-2.721606655545512954e-06
2.525458659879165847e-06,-1.831399792987524626e-06
-2.761626897724388936e-06,-1.920968845528483623e-06
9.973735625427734457e-10,3.413749968063219994e-08
1.018869454598082124e-07,5.605404223656729618e-08
-2.213787200918239229e-06,2.008757835116622650e-06
2.170267224938707647e-06,1.873265639232465335e-06
-1.944884874623580766e-06,-2.843838894377762763e-06
1.618239599744587268e-06,-2.899179332655222452e-06
2.708823245024434516e-06,-1.462190817754321583e-06
-2.925608898474532292e-06,-1.592358652149857843e-06
-2.484754703653454180e-06,1.740901802778533714e-06
2.399021184344894033e-06,1.640939705053153611e-06
-1.734786853688568069e-06,-2.978170271807201616e-06
1.432712784396670251e-06,-3.026897995537348608e-06
1.382361086630768621e-07,-5.284165815199218213e-08
-4.613542068315239983e-09,-4.316584432414818062e-08
-2.301210537038392814e-08,-4.125831662968801802e-08
2.502727160381430410e-07,-3.919593445146246978e-11
2.464161854066544139e-07,-1.827177250859728509e-10
-2.356782832915895986e-08,8.577376670258480149e-09
-2.202300270137962867e-08,7.615071362798070055e-09
-2.752976247341569917e-06,1.441308829091419440e-06
-2.854711195445599487e-06,1.304081021727335770e-06
2.700313203071196868e-06,1.275391131876773558e-06
2.618125834843103860e-06,1.389466353144159733e-06
-1.480008245326053861e-06,-3.119761438213905313e-06
-1.349556150499657251e-06,-3.176775384573040533e-06
1.234617248854883139e-06,-3.146181475312023091e-06
1.139251827707588769e-06,-3.191973025404694107e-06
-2.945661821263500848e-06,1.158131907370708407e-06
-3.022226360840812293e-06,1.029237714449035713e-06
2.773739496891779083e-06,1.153954588973737959e-06
2.835898151530237959e-06,1.046171940100252384e-06
-1.199112664383427328e-06,-3.228258804616102682e-06
-1.051503806804860078e-06,-3.275107619934808849e-06
1.031160081767323659e-06,-3.233260571782806928e-06
9.252719923453719661e-07,-3.271115318837703079e-06
-1.988655125554540366e-08,-3.593509868421159756e-08
-2.634905162114959153e-06,1.595499879058681276e-06
2.522459352878018182e-06,1.518228697350586244e-06
-1.614163779326639138e-06,-3.057981925788829672e-06
1.336140769120210898e-06,-3.095402189939733758e-06
-3.088561939760506900e-06,8.950199141828214034e-07
-3.143207116554814429e-06,7.771346610352176097e-07
2.890164095672609983e-06,9.328515194196226597e-07
2.935495823264134820e-06,8.319594276707204246e-07
-8.816430248607157684e-07,-3.314807783435104281e-06
-7.143541020340128643e-07,-3.349309258352662354e-06
8.014339534165317240e-07,-3.304614462936070756e-06
6.754779114345211820e-07,-3.335223247839665457e-06
-2.291646998915105887e-08,6.394087111370898363e-09
2.516733668571992061e-07,2.385384435288354639e-09
1.403376660167381775e-06,2.458753621849811503e-06
1.235765775473116745e-06,2.554971267889750676e-06
-1.260707278815649520e-06,2.682109198513269596e-06
-1.404573319080336158e-06,2.603297808504312207e-06
-3.189043024221243403e-06,6.555962200384751683e-07
-3.226010521059934414e-06,5.482374433049968508e-07
2.974105524137623541e-06,7.260915577774748089e-07
3.005909020037453249e-06,6.306221137229878376e-07
-5.231728106297575295e-07,-3.374368013167961708e-06
-3.345478257084451085e-07,-3.393298423240580308e-06
3.652177637793835713e-07,-3.381315419007631613e-06
5.244739422957249734e-07,-3.360219564598028404e-06
2.373294144546724499e-07,1.250189360561768178e-09
-2.764321403367291817e-08,3.700290075196805161e-09
1.058040962000324638e-06,2.641567218808375769e-06
8.981780973503985701e-07,2.713150347810818590e-06
-9.925190484445085810e-07,2.799943994810666646e-06
-1.116551185755656396e-06,2.748220210631928979e-06
-3.255824508442279300e-06,4.368448607414138549e-07
-3.279173551372719237e-06,3.362292033829172923e-07
3.053103664646828444e-06,4.355899716410891670e-07
3.032091709180700126e-06,5.292818184827308157e-07
7.315619232902236186e-07,2.775309834602663751e-06
5.830881688682070111e-07,2.824708862848685080e-06
-7.557824686486793918e-07,2.875498644402263985e-06
-8.666991166313363990e-07,2.842609393603080454e-06
-3.296595083895311254e-06,2.290524496705859186e-07
-3.309033205873563354e-06,1.283413344805635254e-07
3.069107735932542380e-06,3.335911120829815631e-07
3.080785850863498343e-06,2.359512569483144719e-07
1.591864059919640739e-06,2.345948157318363207e-06
-1.584670971921925791e-06,2.504149698156802689e-06
4.304291394820438269e-07,2.865570095040759838e-06
2.952471426020842098e-07,2.896094781805499659e-06
-5.356780613461673807e-07,2.921169822848337895e-06
-6.405948126127917887e-07,2.901825721121215418e-06
-3.315693376012283649e-06,1.651691782343600723e-08
-3.317521724118282676e-06,-9.356969623831010497e-08
3.087141403703709892e-06,1.260597917517780719e-07
3.088953901805687944e-06,1.698573068607875134e-08
-2.012988846350280097e-08,-2.614927742974817150e-08
-1.497561679150968403e-08,-3.046467835580907209e-08
2.348501983558413921e-07,-2.428135576637063646e-08
2.332307817022982360e-07,-2.216191588963584202e-08
7.256446316548226843e-09,4.345348296874980848e-08
4.099670065266032978e-08,5.616563860779190447e-08
1.572591809231930246e-07,2.919307600277234078e-06
3.509493794093441829e-08,2.934469357001011081e-06
-3.177805197048763680e-07,2.943372155866563364e-06
-4.234164992726840674e-07,2.935125953255246691e-06
-3.312075786066376952e-06,-2.210244143315478604e-07
-3.300342965591869229e-06,-3.512693041134682802e-07
3.083776467159074367e-06,-1.096382346212094841e-07
3.072563167872933871e-06,-2.388480857035101359e-07
3.020643803326654133e-06,-5.507451944432771319e-07
3.050961964104081478e-06,-3.919980942987405109e-07
-3.277733691387657233e-06,-5.063570778611625956e-07
-3.245904050850169718e-06,-6.681479274750192615e-07
-8.991966497400522350e-08,2.943491796319100769e-06
-2.017091458290469104e-07,2.946208067247960840e-06
2.977169733602286014e-06,-7.517373188892441912e-07
-3.200555813209175229e-06,-8.775320658192795125e-07
-5.134524892476567417e-09,-1.105175662477462726e-08
-1.457254391900261943e-08,-3.763119823180542700e-08
2.402508202151977802e-07,-2.972794734305539740e-08
2.280581853516673265e-07,-8.516218128113408984e-09
1.652054050688382247e-07,-3.256537515438991238e-06
2.411041203800737136e-07,-3.457846777037714901e-06
-2.010877233652836548e-07,-3.470074321807816964e-06
-1.170837119746526770e-07,-3.255725998729359410e-06
-3.233954445947223923e-06,-1.050294755675349805e-06
-3.039463986389558381e-06,-8.777982644109326754e-07
2.820357043915095278e-06,-7.517973645778288455e-07
3.011446860899523819e-06,-9.164399609498644740e-07
-4.918378349242283967e-10,5.234430509997199336e-08
6.284114773795701747e-10,1.789738485132120842e-08
5.611951450068670021e-08,2.941089494658583838e-08
8.569409574826517346e-08,8.138511008040192825e-08
2.309555965833977711e-08,-3.477070730712242524e-06
2.159600944589423360e-07,-1.089952267855261297e-08
2.338509319775279369e-07,-3.761451989239464385e-08
-2.624392017421724782e-08,-3.567796723286731330e-08
-1.087313721087874512e-08,-1.408951371879272421e-08
-4.671734685162228772e-09,-4.347489972125043349e-10
2.336733407518632832e-07,2.026253793052353366e-09
-1.149030840987615571e-08,-1.666928058629622984e-08
-2.477854764223601193e-08,-4.351115077151111230e-08
2.149611136661539066e-07,-5.412954672579554310e-08
1.829931976927542631e-07,-3.854950814556390215e-08
1.821033696918479761e-07,-7.069780127436193399e-08
-2.963853735330947899e-08,9.020386354370923878e-09
-1.210660365824520966e-08,4.246277342458380452e-09
2.482386251923266589e-07,3.261025439295239442e-09
2.542758635983142683e-07,6.676280737036714806e-09
2.320606818999001481e-07,2.179616807096445610e-08
2.034905237128515421e-07,3.906020913242593746e-09
-8.808410362659968972e-09,2.290178533327462136e-09
-3.303789328518480001e-08,7.228899904482412430e-09
1.930309633506937437e-07,-1.722113702671053199e-08
1.525840549721704936e-07,-2.338557991468440986e-08
-3.031115071464647348e-06,-1.385975684428307544e-06
-2.941519675123138716e-06,-1.167170268385437215e-06
-3.154692843246739034e-06,-1.280314057500544916e-06
2.817473522780133021e-06,-1.243652891318862960e-06
2.938566548036139832e-06,-1.139117427836251947e-06
2.726802261723615517e-06,-1.024467398272945143e-06
1.421165021706383872e-06,-3.113848061771349185e-06
1.347433807039179015e-06,-3.009079194354256956e-06
-1.628873238847411459e-06,-2.954006187545606220e-06
-1.720672603188188838e-06,-3.081440004230825482e-06
2.524631880469481100e-06,1.646761052730775361e-06
2.399421492671396312e-06,1.511597412923421758e-06
-2.486577534183763027e-06,1.588063353337923405e-06
-2.635826472557099207e-06,1.747511690818057696e-06
-1.758923479018941930e-06,2.502327776147691332e-06
-1.575355112097558710e-06,2.342706192313865142e-06
1.582975245670331724e-06,2.180723968854021236e-06
1.761022201449871182e-06,2.342190880265635197e-06
-3.081845219961177519e-06,-1.546601512961478663e-06
-2.871712610353038007e-06,-1.435129880296587953e-06
2.655164841825594806e-06,-1.294373530883607575e-06
2.870726110612674973e-06,-1.412144069745540276e-06
1.435458380663348046e-07,-8.490470887853282324e-08
-2.018054735289383320e-06,2.197177498681066385e-06
-1.815333903148535552e-06,2.165144518364123107e-06
-1.956751271649847912e-06,2.365523678862948878e-06
1.998474906802225152e-06,2.045098274489285195e-06
1.944080257491102087e-06,2.204620548399930451e-06
1.810730037487616000e-06,2.014350658945719154e-06
2.021490112140620771e-06,1.865554208826802509e-06
2.149995804430391186e-06,2.049116986328829618e-06
-2.188292474138434714e-06,2.202345961244143520e-06
-2.045293579744294024e-06,2.001456391813872998e-06
-4.810775443679718664e-08,-3.120730719620230539e-07
-1.788056129776687759e-08,-1.533671430707625771e-07
-4.645022388545840895e-08,1.627001857487917934e-07
-9.119228429218229937e-09,7.306066658315627122e-08
3.485022444034239698e-07,1.297075368449823568e-07
2.712489084299066552e-07,5.605025203519380526e-08
3.513761141584294122e-07,-1.181029055448451107e-07
2.683190940402426997e-07,-5.889952646659775959e-08
-1.977761866905516538e-07,6.176094125826641283e-09
-7.555302161074159066e-08,1.552624965112345077e-08
-6.989080628348788323e-08,2.635668337352404701e-08
-1.528857305608249977e-07,8.827884295735025542e-08
1.162582018175748841e-07,-1.628764493406748213e-07
1.429509796160548420e-07,-3.105969573413349694e-07
2.900760062601993412e-07,1.378771358112465541e-08
3.887396722211559617e-07,4.298840333845974642e-09
1.951704857656902085e-07,1.154952300000972798e-07
2.394350740195804405e-07,2.093195226710105647e-07
-4.821825771931847876e-08,-7.174637342412381195e-08
-1.510570119728629879e-07,-1.426705504207392409e-07
-2.018535218146958002e-09,8.646277375959811205e-09
1.586781320529045022e-07,1.870387985771642268e-08
-1.526397503785675420e-06,1.754345355620590939e-06
-1.682030847185237354e-06,1.976193131957664759e-06
-2.459782348846015305e-06,-1.019075199576689722e-06
-2.734936205935072495e-06,-1.097935590767606708e-06
1.848777398034088999e-07,-2.787042793455575686e-06
1.697504676060490509e-07,-3.057233140511757053e-06
2.377233939157677149e-06,-5.890390376008274023e-07
2.626547315340298847e-06,-6.807094554818826490e-07
1.303593928300995378e-06,1.803914562068996435e-06
1.453837241659092692e-06,2.004106752287155539e-06
2.531113906063619843e-06,-9.568273428977886094e-07
2.284967495802951312e-06,-8.803387120130288424e-07
-1.438852241720020965e-06,2.158087366573464014e-06
-1.266707512504570134e-06,1.940404235892971668e-06
-1.221550576794726176e-07,-3.054846370745752611e-06
-1.332787672191053348e-07,-2.788126695059627302e-06
-2.836014749151027315e-06,-8.004165762793563203e-07
-2.562976479221824142e-06,-6.960382958453819611e-07
1.683250738303474400e-06,1.837305679645766830e-06
1.539385403744227416e-06,1.632705879930179918e-06
-1.892928779733743424e-10,1.428270451726490681e-08
1.113677020541521524e-07,2.594707347463148824e-08
-1.127138434456214914e-07,2.874135524653935424e-07
-1.377299554223879597e-07,1.741404731096515300e-07
-2.581270808056729024e-07,1.846287146159702471e-07
-7.508017373212277699e-08,-5.083233414403796666e-07
4.612665895739362125e-08,-4.012734299249956502e-07
1.646633100415772836e-07,-5.068025689962328874e-07
4.744337300259779430e-07,-1.873927828048114973e-07
4.276883548443523510e-07,-7.806724735431933743e-08
5.261482237059160364e-07,-2.069757958881919763e-08
4.424514005839618161e-07,2.283896714730755971e-07
3.302854646852150698e-07,2.190563431505016608e-07
3.046097074211032455e-07,3.282745359420065169e-07
-3.674411923477286204e-07,-2.269090468157968920e-08
-2.457468373815046994e-07,-9.329136514437721446e-08
-3.033151428505819612e-07,-2.256813002611962651e-07
2.164666900945310896e-07,6.572375198972759515e-08
1.689548203493365065e-07,6.535850058386101085e-08
-2.482925011520631812e-08,3.465088634935259855e-08
1.159611686203124119e-09,3.639498598650170760e-08
-7.459370594550105483e-09,5.015661551518788499e-09
-1.648491781955273847e-08,1.094574756833781892e-08
2.445625445460662372e-07,1.210572947125210624e-08
2.408871896798518333e-07,6.593043800906200953e-09
-2.354070591905516531e-06,-2.362791050174215190e-06
-2.451325189597372884e-06,-2.235402497006494067e-06
-2.466960664430034269e-06,-2.354068312469845232e-06
2.051394219591577822e-06,-2.356896181873854092e-06
2.181822012427050538e-06,-2.344793032644481226e-06
2.164364271214658552e-06,-2.204160492123025868e-06
-2.260397284322631765e-06,-2.471886520800935525e-06
-2.261955465843074577e-06,-2.577988851838324210e-06
-2.157917906515446300e-06,-2.574785431391665162e-06
1.945103598917896513e-06,-2.487005599227677113e-06
1.832998880868716596e-06,-2.607874021486681567e-06
1.946628079315983127e-06,-2.609374899820821574e-06
2.270804636282322236e-06,-2.046001426222428591e-06
2.411973947953651514e-06,-2.015497929780893247e-06
2.377898210982772726e-06,-1.863030600735917504e-06
-2.541829441098058808e-06,-2.102835028076413402e-06
-2.632632403273035901e-06,-1.947111857875813098e-06
-2.663383507476493494e-06,-2.078167860345291445e-06
-2.855773988817294331e-08,1.435351730000642621e-08
-3.377077062251659225e-08,2.243827348758871572e-08
2.527161226211784580e-07,1.440551593370297572e-08
2.574875620804127637e-07,2.073381077907476719e-08
-2.060338198482233922e-06,-2.664833145215462888e-06
-2.051282731576282137e-06,-2.761051484750345302e-06
-1.953942683743968920e-06,-2.749096465789304536e-06
1.731261972420475373e-06,-2.710732017341599215e-06
1.626746186260484297e-06,-2.803621159791120226e-06
1.722178455878874279e-06,-2.813533021620271291e-06
2.478210677625484202e-06,-1.680049196112064955e-06
2.616304319313643958e-06,-1.648789323711549936e-06
2.568189219042291716e-06,-1.493844594046482180e-06
-2.718297286549100527e-06,-1.787679149749854671e-06
-2.796031234638311754e-06,-1.620161935920715127e-06
-2.841758243877725063e-06,-1.761040248520286227e-06
-1.849506397722672049e-06,-2.824268207435869792e-06
-1.840445151798114444e-06,-2.910758780181194027e-06
-1.744033270085980763e-06,-2.890757860301649977e-06
1.530701166498128651e-06,-2.882638224990663371e-06
1.440242015068372541e-06,-2.949029448708417852e-06
1.522793936396087724e-06,-2.964769713161063006e-06
2.164821905885997052e-06,1.743513295785783321e-06
2.283157580715304369e-06,1.631528213490503361e-06
2.288133489942569362e-06,1.753442623394187053e-06
-2.208863672083844906e-06,1.861518772347540584e-06
-2.351985790951222666e-06,1.872130527273856262e-06
-2.347467492950729047e-06,1.730492666754379682e-06
2.122743056444462258e-06,-4.985042981495682281e-07
2.204387335577149538e-06,-6.914176934120461412e-07
2.028440285759347937e-06,-7.961307849038176731e-07
-1.359303996994399255e-06,1.524843231894031214e-06
-1.312237246269439187e-06,1.734671155429384257e-06
-1.093484032195399790e-06,1.715253198501354319e-06
1.966148408383847600e-07,-2.499295539928585660e-06
2.700831892466587417e-08,-2.646933672925962632e-06
-1.401815024607818181e-07,-2.500581113049667712e-06
-2.167221724763779145e-06,-9.291331529026877844e-07
-2.368809477823594331e-06,-8.097335929378583237e-07
-2.275283473650858133e-06,-5.911701452957904322e-07
1.153448155325530352e-06,1.598917547949663981e-06
1.346979259778526213e-06,1.615737519839519012e-06
1.390760632896349969e-06,1.426536128143830851e-06
1.618877136916537442e-06,-2.991693252379646693e-06
1.523678133122122563e-06,-3.052623504551552630e-06
-1.945874250974953826e-06,-2.940882094683641701e-06
-1.841429579983729348e-06,-3.008623338251152087e-06
2.298069738487236843e-06,1.905827988105076469e-06
2.408600215365226784e-06,1.784180941572016812e-06
-2.361448659093132509e-06,2.045244103993722877e-06
-2.494046542844349784e-06,1.907217062915824713e-06
1.628612759850062757e-06,2.003208466598844826e-06
-1.623209154674892707e-06,2.155663137968499131e-06
-2.898581363895241325e-06,-1.901549089168587940e-06
-2.985519121991584893e-06,-1.740391385964732493e-06
2.678579164165106077e-06,-1.807540995743084860e-06
2.772426477844713489e-06,-1.624295716072503457e-06
1.840038401953003996e-06,-2.828319059096343948e-06
1.727789509227772620e-06,-2.913188203461707067e-06
-2.165297996121726023e-06,-2.776546613956878310e-06
-2.057300683677265755e-06,-2.859232323990655983e-06
1.284970657315385093e-07,7.922646759184182302e-08
1.454659401049587984e-07,4.566109666857120357e-08
8.173793450099689762e-10,2.558025474828394341e-08
3.777082864508957664e-09,4.817396804917463160e-08
-2.695757493465645303e-06,-2.214093774612804383e-06
-2.795698536438466986e-06,-2.065051670770314793e-06
2.448492798974999577e-06,-2.175536859165248663e-06
2.563442310902456271e-06,-1.998503648327817533e-06
2.078948982777869032e-06,-2.613835916592607669e-06
1.957444232533690085e-06,-2.726025430865869641e-06
-2.379480348079475951e-06,-2.583425684244525819e-06
-2.272514555428506151e-06,-2.682258093495551599e-06
-1.187404573048112342e-06,1.294792082982210033e-06
-1.014399552718043429e-06,1.069576301161510973e-06
-9.686822608373871031e-07,1.275451794516247681e-06
-9.215041658256429902e-07,1.485470707419944480e-06
-7.543124889018245523e-07,1.256011489729017524e-06
1.356587383701082748e-06,-2.464900332966563420e-07
1.117788552510276676e-06,-1.746968914440573345e-07
1.191272633870455177e-06,-3.447881333231098327e-07
1.267981829679709655e-06,-5.261769330575570625e-07
1.035267030220948231e-06,-4.357928734728107266e-07
1.005692675703313654e-06,1.392972995533691555e-06
8.628846496409509275e-07,1.189605836993749012e-06
1.049205065105202023e-06,1.206083260326842728e-06
1.240479088508434890e-06,1.222437254066300205e-06
1.091050600620982907e-06,1.023911722016806630e-06
-9.734720213897455812e-08,-7.412407503689699933e-07
-1.151175347625184905e-07,-1.003618008930136736e-06
4.121582820869137672e-08,-8.666613946749218152e-07
-5.776911034119040863e-07,-6.942607329747829124e-08
-8.209663854955935655e-07,-1.316673335678879726e-07
-6.506826099518884148e-07,-2.319644882812181100e-07
1.821414134422608947e-07,-7.400335111875037866e-07
1.951972727998695487e-07,-1.002419892521671159e-06
-4.987571737842334641e-07,-3.179032191061017143e-07
-7.300682828667671609e-07,-4.168293282333490058e-07
1.514599647109785806e-06,-6.174793787886029879e-07
-5.247980670969826422e-07,4.715164172124100309e-07
-6.795263164739139556e-07,6.531538910076801288e-07
-1.425395551962936436e-07,-1.893084689110811151e-06
-1.376243523761228048e-07,-1.586740494320472081e-06
8.961773958919432118e-07,-1.119471834734319584e-07
4.878337026235102470e-07,6.288801166273811056e-07
6.016625760555409855e-07,8.042773079612752699e-07
-1.675153675059578026e-06,-3.873057553755194033e-07
-1.377016997328218746e-06,-2.930135567905168277e-07
3.649622152808191574e-08,-1.434465236396634278e-06
-1.285141759914871188e-07,-1.287880266928779224e-06
3.881193171533424719e-07,4.691988139144268870e-07
-8.439057031096891994e-07,8.540860763665275675e-07
7.679328899031563637e-07,8.194522220216070256e-07
7.274310894909388430e-07,9.922630166961409110e-07
-1.178633722949732478e-06,-4.102997341650323551e-07
-1.089856320177396107e-06,-2.070004998932308895e-07
-3.831897842398168280e-07,3.138115066935669745e-07
-1.977008800261340615e-06,-4.874834379211136501e-07
-6.397260531012732188e-07,8.364235167921365473e-07
1.769812314410522108e-06,-7.080045763730582079e-07
6.971475507437090879e-07,-6.002041118598500890e-08
-1.433553800669047544e-07,-2.199957163086899485e-06
2.038697122604473046e-07,-1.286673318918359566e-06
-9.898489831138608716e-07,-5.200664335018447887e-07
9.449980373045117636e-07,8.343011728146396704e-07
5.512292485468221486e-07,3.509010243468691051e-07
2.082535187353264325e-07,-1.585533320282265534e-06
-2.039043720916774167e-07,4.414076170362301052e-07
-1.270737672925666650e-06,-6.252495458655984347e-07
-1.866629815066583881e-06,-8.320810308043281411e-07
-5.955010819599620888e-07,1.031995928919823440e-06
2.045358138185441150e-07,-2.198747977467858316e-06
8.047708297207607319e-07,6.568510242138911892e-07
1.864405137708945393e-06,-4.101444823996215133e-07
6.330578333202621578e-07,-2.646557298056296134e-07
-3.536884843510695264e-07,4.568073736560865997e-07
5.223010100000434330e-07,4.822076865380214033e-07
2.084433222949238086e-07,-1.891880287926124231e-06
-1.565418282093412606e-06,-7.300305516968018800e-07
6.727456278735876994e-07,4.947031272539008956e-07
-4.485668838489785504e-07,8.183575123799373744e-07
1.607229543471916528e-06,-3.255593205804319541e-07
1.688013308025612551e-06,-5.149889775826937399e-07
8.218218426297017047e-07,-3.480420955894110142e-07
-1.770740409663336052e-06,-6.091406130716992882e-07
-3.169232824482593141e-07,6.199212343199577338e-07
3.177254830315413493e-08,-2.046474624321299581e-06
7.567451827406215640e-07,-1.944599909969214349e-07
-2.485683404852020404e-06,-2.471280454114997418e-06
-2.590029667786396739e-06,-2.349694136273663680e-06
2.202484684085196278e-06,-2.482624872337376793e-06
2.324940319603249458e-06,-2.337801668239659501e-06
8.029088866981016753e-08,-2.834332413374854895e-08
2.614576213055564016e-07,-1.447963623571825223e-08
-3.981676326727453544e-08,-1.926831728057448829e-08
2.660923143951058334e-06,-8.515911066839981163e-07
-2.872765300210033849e-06,-9.847005451949027458e-07
5.722124239986070726e-08,-1.357343699508567715e-07
-7.037976940959310458e-10,-8.548029735357435640e-08
1.090111604715768788e-07,-1.025915430250172038e-07
2.486644833463548964e-08,-3.142624945767457964e-06
1.000883730387506778e-07,-6.797466106373822277e-08
3.364454396715158063e-08,-4.160365375853741827e-08
