Size 955,2
0.000000000000000000e+00,0.000000000000000000e+00
0.000000000000000000e+00,0.000000000000000000e+00
2.525009466647483368e-09,-1.245156789705404604e-06
-1.405352879907160556e-08,1.596012228164668490e-07
2.357749488313238827e-08,-1.824575590412511664e-08
1.835207845743304219e-08,-1.494268092177395738e-08
9.604697086988624367e-09,-1.239649271443549506e-06
7.119112423302174148e-07,-3.427035289477928677e-07
1.670756839734067176e-08,-6.825054310509667427e-10
1.113006050257672601e-08,2.974944461123175492e-10
7.391546862716567039e-07,-3.004437002093543413e-07
1.346524031506419110e-07,7.119100541743238349e-09
9.093449354538891462e-09,-2.785412577071501578e-09
-2.579418442483761009e-09,-4.509486734830322033e-09
6.056656450724039540e-08,7.164245401408600540e-08
-6.336412233136629352e-08,8.299604771643912395e-08
-4.942598076150885626e-10,3.476837227581084964e-10
-5.686338293035416252e-09,-2.416708387134426869e-11
-1.373785868006326239e-07,1.791566143392033205e-08
-7.566097214058169696e-07,-3.093091765068511587e-07
-6.600844883192456788e-09,-1.557496824474119212e-08
-1.385329938129952871e-08,-1.775203999588965542e-08
-7.298650379663571318e-07,-3.506463107130198825e-07
-4.556084401368947522e-09,-1.239382718834846404e-06
1.201816755600702213e-08,0.000000000000000000e+00
1.414890092066828850e-08,0.000000000000000000e+00
1.196992171621747860e-08,0.000000000000000000e+00
1.041583152140882357e-08,0.000000000000000000e+00
7.929349986226523103e-09,0.000000000000000000e+00
0.000000000000000000e+00,0.000000000000000000e+00
0.000000000000000000e+00,0.000000000000000000e+00
0.000000000000000000e+00,0.000000000000000000e+00
0.000000000000000000e+00,0.000000000000000000e+00
0.000000000000000000e+00,0.000000000000000000e+00
6.797468657722960294e-09,-1.242867080564726614e-06
6.693532906260214792e-09,-1.239999598926476813e-06
3.290379852090303935e-09,-1.239348009510362041e-06
4.229133845937625272e-10,-1.240185728288862062e-06
-1.530202345973223695e-10,-1.241962387976475637e-06
3.182253789497074162e-09,-1.243894514047254135e-06
1.172913804741832680e-08,-1.244945619215174880e-06
2.645619952943477992e-08,-1.244064092769431658e-06
4.793175764830588944e-08,-1.239962217674008087e-06
7.634378378965670116e-08,-1.231636631424096470e-06
1.117042035259473084e-07,-1.217825087565238915e-06
1.542102422759752524e-07,-1.197490255124712562e-06
2.049804543618660067e-07,-1.171083403434222267e-06
2.611762362761243413e-07,-1.136190407067643474e-06
3.244952286768399686e-07,-1.089725631450085606e-06
3.894755571887520749e-07,-1.034609967840415989e-06
4.570196660707933775e-07,-9.689460764651398951e-07
5.222877405798654756e-07,-8.954663385178110547e-07
5.839749458022486200e-07,-8.151566749882046531e-07
6.401906452261328899e-07,-7.305842645060978754e-07
6.887559425864331279e-07,-6.443233904428075998e-07
7.278604353166767111e-07,-5.595274321432007501e-07
7.555531272793141172e-07,-4.800197618893724842e-07
7.706926449350491833e-07,-4.103857807416880442e-07
7.717196680285937588e-07,-3.577269576721022080e-07
7.641267895644960015e-07,-3.222944412855183148e-07
7.482995362780267145e-07,-3.076827366067251853e-07
7.287040179335162490e-07,-3.160226921094109460e-07
7.108576485408200999e-07,-3.438608703493754575e-07
6.968836357127335256e-07,-3.839467254303346374e-07
6.879436992588266161e-07,-4.313431768021065081e-07
6.845791731800144305e-07,-4.812877467920774164e-07
6.865558068175356681e-07,-5.294257708935447489e-07
6.930319521037611583e-07,-5.719465706571319007e-07
7.026587887238772858e-07,-6.056996050243203546e-07
7.137739067604529975e-07,-6.282406476146143432e-07
7.243712844613227499e-07,-6.379212676322526302e-07
7.325851366347348944e-07,-6.338512091295678965e-07
7.362904871261350152e-07,-6.159229523930297861e-07
7.339988759049576430e-07,-5.847450887644446550e-07
7.239950047287109746e-07,-5.412414494299026884e-07
7.051483950469726744e-07,-4.862326467618285764e-07
6.786320632682376544e-07,-4.196832550631736878e-07
6.412560609069770066e-07,-3.463379674159500343e-07
5.910635794070860058e-07,-2.654769792021999651e-07
5.312483067099271040e-07,-1.846111116888155739e-07
4.625708342493549060e-07,-1.049010467468255372e-07
3.873361443582971746e-07,-3.138646302705935353e-08
3.108322904684627749e-07,3.152341557000933331e-08
2.344455064815998142e-07,8.234850151895565436e-08
1.695449743918304389e-07,1.165055877024887553e-07
1.125701500758813635e-07,1.423853240274293867e-07
6.758385901843977121e-08,1.574750096533637659e-07
3.132278335806875468e-08,1.662600634898726358e-07
5.366263929882084543e-09,1.718314960782823858e-07
-1.337590633851880843e-08,1.740458157548684167e-07
-2.631537011360419442e-08,1.738790676723952904e-07
-3.429304042431830374e-08,1.722410382702485278e-07
-3.793232406547082519e-08,1.696852423961297327e-07
-3.788917482627837544e-08,1.668336533236118844e-07
-3.481888533175523257e-08,1.640820962688826456e-07
-2.938021710129325099e-08,1.618085583994760652e-07
-2.223608049879828747e-08,1.602545059993218535e-07
-5.511290834311603749e-09,1.599255477216802469e-07
2.699165769515400242e-09,1.612239090348716606e-07
9.864256993159129365e-09,1.634090361130487784e-07
1.523744430210212442e-08,1.663110272441674956e-07
1.804276427836156478e-08,1.696144209438287631e-07
1.747934402798811033e-08,1.729476057285409435e-07
1.272677145578955408e-08,1.756957821646986649e-07
2.984034462978381357e-09,1.772712733676057187e-07
-1.278378141019403026e-08,1.767021905121284985e-07
-3.621204290989293029e-08,1.729067875720935660e-07
-7.077607790141389118e-08,1.659786974372227302e-07
-1.149592007537101409e-07,1.525643297942021701e-07
-1.723015199045056205e-07,1.275121843342621400e-07
-2.379389264221914165e-07,9.363852816320967392e-08
-3.155460030671865439e-07,4.251193384359084913e-08
-3.934415709207769976e-07,-2.110006729784091331e-08
-4.702735566517775298e-07,-9.578858368912834499e-08
-5.405160657427318430e-07,-1.769561212799816605e-07
-6.018612420519230366e-07,-2.595239090941167185e-07
-6.534419827639529878e-07,-3.422299936107069324e-07
-6.920351230296549796e-07,-4.174665037026632346e-07
-7.195736588642903026e-07,-4.859119895732426266e-07
-7.392832043861374543e-07,-5.427417711917442447e-07
-7.499675477630974155e-07,-5.879661294444854925e-07
-7.527639351861280314e-07,-6.207342706314284975e-07
-7.494050419465770493e-07,-6.400927413199498080e-07
-7.413944087182680035e-07,-6.454080747173349002e-07
-7.308824270573499076e-07,-6.367703914674664119e-07
-7.197570479132195883e-07,-6.150607165232752030e-07
-7.100508067551800005e-07,-5.819245074504540830e-07
-7.034494845040772976e-07,-5.398095112802391439e-07
-7.013244731384992133e-07,-4.918738119201976188e-07
-7.045379784305023828e-07,-4.419391115404157586e-07
-7.133406009471554310e-07,-3.943725643244190587e-07
-7.272075287145810200e-07,-3.539489626554688325e-07
-7.449882939850660231e-07,-3.256156850309426341e-07
-7.645785941455406055e-07,-3.166615128103559013e-07
-7.804351119652396432e-07,-3.305636606103975169e-07
-7.879753929175834920e-07,-3.650812395221017701e-07
-7.869867486557134472e-07,-4.163300566912441208e-07
-7.723167049375536954e-07,-4.840266562443106327e-07
-7.454172511110955652e-07,-5.614105982480644458e-07
-7.073755579398400727e-07,-6.440394498368294312e-07
-6.600651727089877693e-07,-7.282149964899719771e-07
-6.052126124955936337e-07,-8.108899210939858313e-07
-5.448996213854466478e-07,-8.895906363781618211e-07
-4.809593089758343831e-07,-9.618865141082894034e-07
-4.145865502781281262e-07,-1.026769628389063623e-06
-3.503371471705947909e-07,-1.081669262647234439e-06
-2.874233052935314198e-07,-1.128291267318590311e-06
-2.309923992570275681e-07,-1.163885225395993903e-06
-1.794862424638232256e-07,-1.191304029697628654e-06
-1.356059151309981049e-07,-1.212804106356556533e-06
-9.833348270386815246e-08,-1.227937269794948166e-06
-6.752208148841618113e-08,-1.237653991429587258e-06
-4.320806807518472296e-08,-1.243119029828225112e-06
-2.527381195036670635e-08,-1.245249645978353699e-06
-1.325942287419473821e-08,-1.245237556116698297e-06
-6.345107719121944470e-09,-1.244050371950549845e-06
-3.419161556786739497e-09,-1.242654321435743584e-06
-3.089252962396256012e-09,-1.241782808780120959e-06
-3.858001959408062274e-09,-1.241969014008358064e-06
-2.304058283875358326e-09,-1.243932846284982114e-06
2.078864966532554915e-08,-1.424776921757017530e-08
2.748419462790550604e-08,-3.298191488729883837e-08
4.552886554368174591e-08,-5.196586262569834050e-08
7.320987307793842074e-08,-7.276253405433835949e-08
1.064499003594565082e-07,-9.393965687561706896e-08
1.461300620190163253e-07,-1.161971262716576923e-07
1.894427009459431365e-07,-1.383434241678664581e-07
2.364759595745975214e-07,-1.607939687980408992e-07
2.853820485981923453e-07,-1.827200476691671418e-07
3.356347585970456747e-07,-2.042937744130272844e-07
3.862390523150231983e-07,-2.250058850097946685e-07
4.361621653639053930e-07,-2.448213585352209493e-07
4.851517873013623025e-07,-2.635152999060244115e-07
5.317802712705008633e-07,-2.808791889257274734e-07
5.764092852983130512e-07,-2.969236704848979997e-07
6.173329601185849570e-07,-3.113726011002990508e-07
6.558456067970212455e-07,-3.246432829776783243e-07
6.888689381521214653e-07,-3.346526687657992441e-07
6.760235023428557354e-07,-3.918360771112006595e-07
6.341934111649059082e-07,-4.562958744980129068e-07
5.865249907419810983e-07,-5.316984318552062355e-07
5.334794968541306678e-07,-6.131837390640702070e-07
4.761883947311035996e-07,-6.967855040032659247e-07
4.156989333104378307e-07,-7.794017678225513212e-07
3.548156325654065964e-07,-8.579092602183223183e-07
2.944186252428357702e-07,-9.316397969985917560e-07
2.381090576639231116e-07,-9.964763986364582768e-07
1.852529427410906448e-07,-1.054256340164994848e-06
1.402793077893630369e-07,-1.101339505638016124e-06
1.002621870120544615e-07,-1.141532452524909897e-06
6.803022804320169878e-08,-1.170546435436144300e-06
4.182558479265696561e-08,-1.193559588822864599e-06
2.225002317312791764e-08,-1.211161303937381573e-06
9.124628840236045043e-09,-1.223874326442568451e-06
1.870955526781580094e-09,-1.232631742454203431e-06
-4.706413381769609453e-10,-1.238124778253964770e-06
7.644686667508623863e-10,-1.241120193377701888e-06
3.940263511009540355e-09,-1.242149054335763859e-06
7.064979683054494651e-09,-1.241589528556263289e-06
1.900885312694454770e-08,-1.224046947270871391e-06
2.865160105770705033e-08,-1.200096961529834613e-06
3.820836491377796954e-08,-1.162522441533929624e-06
4.737517134270252651e-08,-1.115934331431246604e-06
5.608162422245385231e-08,-1.056662878962258225e-06
6.391596135056486656e-08,-9.894308477840776355e-07
7.093872195776558220e-08,-9.116402825461192979e-07
7.660530611761620414e-08,-8.277357596463976763e-07
8.110780679750448083e-08,-7.365756959699719407e-07
8.377026372007869901e-08,-6.419508974136664590e-07
8.491618007561892788e-08,-5.445520212792951001e-07
8.373819004766002219e-08,-4.471397159910376448e-07
8.069111963164185158e-08,-3.526132628257446864e-07
7.483606296790311530e-08,-2.623275525383001394e-07
6.676123470669066537e-08,-1.817648451826183780e-07
5.539456273398145170e-08,-1.104848796964679150e-07
4.142210982904379745e-08,-5.703260602497448061e-08
1.388087225521344328e-08,-2.127500120577569776e-10
2.793680873009682764e-09,-4.264204841782480201e-09
-6.738863826891486621e-09,-1.383508040927533366e-08
-1.855060008867079046e-08,-2.902826204560472478e-08
-3.009034995065650512e-08,-4.725203141751385403e-08
-4.111857192510828663e-08,-6.697001581829321030e-08
-5.040400486530488442e-08,-8.699509961614041574e-08
-5.707578075557788379e-08,-1.051301237922880947e-07
-6.092136660896736024e-08,-1.214163397794871972e-07
-6.060692547073415380e-08,-1.331991259198533266e-07
-5.676429244505955066e-08,-1.415008303444667893e-07
-4.777582038409718086e-08,-1.434571816274864081e-07
-3.493814465985187879e-08,-1.408250211154200335e-07
-1.652984188590319529e-08,-1.307756651139763910e-07
5.655344348488825161e-09,-1.155622746086855529e-07
3.330483358445818884e-08,-9.265016973987127877e-08
6.452408536192353971e-08,-6.432687836617275178e-08
9.952624490386536300e-08,-2.888006921228778132e-08
1.966381589579946416e-07,-5.966080568634689424e-08
2.645938712992240521e-07,-1.303098563902720060e-07
3.361938079799745970e-07,-2.070350495934832362e-07
4.076465019422528844e-07,-2.849776250403570589e-07
4.742117203118523865e-07,-3.607584090471994368e-07
5.357713384238190982e-07,-4.323820390912014628e-07
5.875530357932262265e-07,-4.940619160739676619e-07
6.330183786167316560e-07,-5.478037074190990600e-07
6.658980194516733982e-07,-5.886142305119805083e-07
6.920984074605815256e-07,-6.180606073490348501e-07
7.122826201898481391e-07,-6.343957799017693321e-07
7.270282945087965165e-07,-6.369793781297927086e-07
7.376310333102635727e-07,-6.259210264117216973e-07
7.450616643303304916e-07,-6.020855075960439235e-07
7.504835305083922730e-07,-5.671823041500876941e-07
7.546790650396521816e-07,-5.236993283639773186e-07
7.581208518119369097e-07,-4.748887729472570404e-07
7.607564121654917606e-07,-4.246629129286427394e-07
7.619307785906414845e-07,-3.774512436526350651e-07
7.601734525022906292e-07,-3.381131763921900533e-07
7.535173019334631735e-07,-3.117145801083226703e-07
7.042764458556597386e-07,-2.804621969312711514e-07
6.720127097262031946e-07,-2.630393848778367765e-07
6.363714039616735435e-07,-2.435606757369509095e-07
5.972276329191899316e-07,-2.234157657341060000e-07
5.541426611962684151e-07,-2.023447575698024997e-07
5.087471733137446184e-07,-1.810347627141992185e-07
4.607024112479403612e-07,-1.592762299910226321e-07
4.112832944768379905e-07,-1.377488421816032625e-07
3.608292001451607400e-07,-1.164140383912281781e-07
3.101946673432184805e-07,-9.585512062353198060e-08
2.604855115408363009e-07,-7.624020719334830285e-08
2.120248739928339033e-07,-5.802276602438342596e-08
1.667966121533058464e-07,-4.161320514554725220e-08
1.244796464320327016e-07,-2.729739723058561236e-08
8.804501261237945863e-08,-1.577199854945856984e-08
5.647355928356925502e-08,-7.154262803255049314e-09
3.375823293719160212e-08,-2.246185353546448618e-09
2.845076584618349463e-09,-2.332210550841059383e-09
-5.431889207713850157e-09,-1.843973405579317640e-08
-2.829812489248861998e-09,-3.492323851128016213e-08
4.047994478876472316e-09,-5.445224561988368388e-08
1.355896889842249133e-08,-7.423224799657859460e-08
2.430083170004348122e-08,-9.346101446153064071e-08
3.566375777556828736e-08,-1.108232659859707368e-07
4.579615918866474674e-08,-1.247305623097422468e-07
5.490546788998970133e-08,-1.351747031390505159e-07
6.088385866877492191e-08,-1.400333385061635719e-07
6.457668132127363197e-08,-1.403571437039052440e-07
6.379850611205709458e-08,-1.337361700877356546e-07
5.985377269265198900e-08,-1.220342031701385463e-07
5.065982458334905148e-08,-1.027992979015341423e-07
3.779670069789676404e-08,-7.844799988437570343e-08
1.943785831804988953e-08,-4.677023045263979746e-08
-2.593463807052015224e-09,-1.077932157394763233e-08
-2.956844315329806037e-08,3.262310008542750043e-08
-3.382368733860976706e-08,1.160376411542853486e-07
-1.031466352659492077e-08,1.399157156756150438e-07
4.230869068934363983e-09,1.531376873177878432e-07
1.364159399727401168e-08,1.620099688439256822e-07
1.819056900861111775e-08,1.676356715703741501e-07
1.861466206342677310e-08,1.707919535006110301e-07
1.570941631503397515e-08,1.723471885640397905e-07
1.023910348320407762e-08,1.728549984704684771e-07
2.977522743846972676e-09,1.728105779646937105e-07
-5.337705521079366128e-09,1.725096030067972178e-07
-1.398762848557603636e-08,1.721316792210297231e-07
-2.227758868857863317e-08,1.717137736983379499e-07
-2.952531000237108434e-08,1.711696717648260318e-07
-3.505724725333956413e-08,1.702751665704020727e-07
-3.822294883846899501e-08,1.687119254153528510e-07
-3.836869152536793227e-08,1.659687749346087122e-07
-3.487804751684621142e-08,1.615119417842726713e-07
-2.712197690350906611e-08,1.545097340335445559e-07
-1.453928885643303387e-08,1.442530019496785356e-07
2.992208941812965852e-09,1.297297693963746992e-07
2.893421874863270913e-08,1.050452632309075869e-07
2.772088427246632556e-08,2.161806063390166145e-08
1.645472088034134664e-09,-2.132714511022868178e-08
-1.925090074635209587e-08,-5.651374603915886663e-08
-3.638202098815633986e-08,-8.712516424175427442e-08
-4.790046732469252301e-08,-1.101530911260379000e-07
-5.573634673873193803e-08,-1.279193447170838252e-07
-5.831173191092002671e-08,-1.380444833534112295e-07
-5.777993644623867310e-08,-1.430429743996638446e-07
-5.287310721791415206e-08,-1.411359968966499265e-07
-4.581303276860354446e-08,-1.347489577826063381e-07
-3.582516790974829417e-08,-1.229632277235011496e-07
-2.501944375072657120e-08,-1.078694953220000582e-07
-1.329350513180135324e-08,-8.965500396699952266e-08
-2.467804114687494811e-09,-6.983001125611439837e-08
6.711118093705290469e-09,-4.993810392868861410e-08
1.293024799758022568e-08,-3.063824123363276360e-08
1.428374996068002296e-08,-1.496514676260875871e-08
-2.890487990687991710e-09,4.169914501434460133e-10
-2.392511746437126329e-08,-1.521627058284900951e-09
-4.819173616746413203e-08,-6.577441320845391482e-09
-8.163947427705695258e-08,-1.551239209282388835e-08
-1.201071724982870299e-07,-2.746000470876292863e-08
-1.646482822015900532e-07,-4.229943215495768887e-08
-2.121813434313545850e-07,-5.931432888049990352e-08
-2.630158886445050351e-07,-7.819992907029145858e-08
-3.150962824565852439e-07,-9.853749291942267473e-08
-3.680492154852205753e-07,-1.198422216949694398e-07
-4.207360329708048954e-07,-1.419503644151000308e-07
-4.722130649371181985e-07,-1.642346216520094770e-07
-5.221470597109884172e-07,-1.867505757981374900e-07
-5.691350059331396818e-07,-2.087619242561466435e-07
-6.135604166043565486e-07,-2.305078897053161655e-07
-6.536262603776723467e-07,-2.512313306935397386e-07
-6.898617530613263675e-07,-2.712357944376964154e-07
-7.221548760248530556e-07,-2.890583772218090349e-07
-7.707044212174496983e-07,-3.212682460529207732e-07
-7.771653941207669775e-07,-3.481704952262742333e-07
-7.787652031261254764e-07,-3.878604362633771396e-07
-7.774526761818948556e-07,-4.352576844734231891e-07
-7.746765863609069243e-07,-4.854902463360714729e-07
-7.710727067658401848e-07,-5.341154767692810615e-07
-7.666718123145153282e-07,-5.772103379389863907e-07
-7.609795565320263238e-07,-6.115148136467767199e-07
-7.531932077650222344e-07,-6.345383015709709806e-07
-7.421275896312844221e-07,-6.445745678206808034e-07
-7.267972957439227840e-07,-6.407693546070912498e-07
-7.058902347663835837e-07,-6.230311900707858716e-07
-6.788255351818835441e-07,-5.920262452804779393e-07
-6.449382531253171670e-07,-5.495401801516681849e-07
-5.982702798592683673e-07,-4.940113719753566502e-07
-5.451834161215811695e-07,-4.305012912156477805e-07
-4.822186786301238054e-07,-3.570341041228014332e-07
-4.142255336922019614e-07,-2.794509402573712252e-07
-3.414151986443650619e-07,-1.998621112153301736e-07
-2.686026468976671205e-07,-1.216349155571569642e-07
-1.997837802798393373e-07,-4.981646115997551177e-08
-1.023109508184871554e-07,-1.845457999178660335e-08
-6.701016184023249447e-08,-5.473267801305522062e-08
-3.511966596374438148e-08,-8.423691406445226647e-08
-6.604474283110180991e-09,-1.084773797918835825e-07
1.665132094671224848e-08,-1.252116642611484056e-07
3.626557126861584702e-08,-1.368403258642624055e-07
5.040866620177894893e-08,-1.410958136051127059e-07
6.076427642865559059e-08,-1.407204034984965827e-07
6.596631495841568611e-08,-1.338962312243542132e-07
6.762896490341679857e-08,-1.234482085763578728e-07
6.501669354955656820e-08,-1.082458446419769035e-07
5.949409305497138918e-08,-9.095147529316601170e-08
5.113565654500798251e-08,-7.136861345445113040e-08
4.087748280270935837e-08,-5.175034934610062579e-08
2.978144295537518030e-08,-3.307970777418033001e-08
1.817628147736206064e-08,-1.696650321074414255e-08
8.352182344682808911e-09,-5.842902026364776439e-09
-9.372590586272247018e-09,-1.404934310867307222e-08
-3.294009446812879172e-08,-5.695326665741968467e-08
-4.713914250956846488e-08,-1.105820869548627939e-07
-5.870710895234701417e-08,-1.818372155311920708e-07
-6.698416956375789600e-08,-2.623985119128576963e-07
-7.303806038170371248e-08,-3.526855045557153539e-07
-7.628435205748987619e-08,-4.472119094545123560e-07
-7.766171360217934849e-08,-5.446241652673913971e-07
-7.671514437787303319e-08,-6.420230459113692377e-07
-7.425202927173459642e-08,-7.366478461457798663e-07
-6.994887084378775704e-08,-8.278079088749961855e-07
-6.448163179261870977e-08,-9.117124284022136701e-07
-5.765823277958160307e-08,-9.895030208536679246e-07
-5.002316830230714872e-08,-1.056735112197572634e-06
-4.151563665478919390e-08,-1.116005753330788599e-06
-3.255011750092928749e-08,-1.162593601005291914e-06
-2.319880804439857178e-08,-1.200187481522740213e-06
-1.371360909508102727e-08,-1.224097985082674074e-06
-3.684069583269984204e-09,-1.240550587791135800e-06
-3.055165918345537786e-09,-1.240388687231566903e-06
-3.000955251268194522e-09,-1.238614560013971566e-06
-5.234561398909696747e-09,-1.234815734783078703e-06
-1.115623243199957008e-08,-1.228460861395121153e-06
-2.190409725221505157e-08,-1.218806705777443001e-06
-3.828383594412312366e-08,-1.205198654453616325e-06
-6.075987409769662362e-08,-1.186757696657143487e-06
-8.943758983110658502e-08,-1.163001160243665648e-06
-1.237007487063634224e-07,-1.133385056979320249e-06
-1.651612507722907726e-07,-1.093059177622578323e-06
-2.111317708999230878e-07,-1.046083885016527008e-06
-2.643164236730154496e-07,-9.889163241145765552e-07
-3.205491704838209861e-07,-9.250021057165152787e-07
-3.803637851127331682e-07,-8.526836105398249520e-07
-4.404166900492271522e-07,-7.758368309006601181e-07
-4.997643382370216127e-07,-6.951646323762663884e-07
-5.558525518147731485e-07,-6.136412351165102431e-07
-6.076877826399045512e-07,-5.342826201130692289e-07
-6.541921939163426600e-07,-4.609276825685482550e-07
-6.949465209566438694e-07,-3.982778924625876351e-07
-7.067572104843910915e-07,-3.431234732093207572e-07
-6.734258485405553990e-07,-3.334943503499086826e-07
-6.340992447263529910e-07,-3.204159842757052507e-07
-5.920537752760171670e-07,-3.060024476045529276e-07
-5.459080219811459143e-07,-2.898238838478641389e-07
-4.975438676655346371e-07,-2.721995351408207854e-07
-4.465454842655434672e-07,-2.531161024286803315e-07
-3.944774508778889649e-07,-2.328115251916975895e-07
-3.415771361472026852e-07,-2.115208852405181669e-07
-2.889752712820043556e-07,-1.892959987442917906e-07
-2.376908931881195752e-07,-1.666689632083125794e-07
-1.883092426654653734e-07,-1.434718035762093586e-07
-1.427410463936693906e-07,-1.205687634193726426e-07
-1.009178470673689028e-07,-9.753588860976142762e-08
-6.575017437713409989e-08,-7.561201032411364894e-08
-3.634555955118400092e-08,-5.407801412741296644e-08
-1.687676609567527417e-08,-3.442735644342610431e-08
8.934814441755379429e-10,-1.152524355476731783e-08
2.947037882771120581e-08,-1.753084577566243105e-08
4.173606846601392230e-09,-5.476694782497684753e-08
-1.923726932922740153e-08,-1.785572748772275576e-08
9.253675878825626133e-09,-9.039550343926327073e-09
-1.693936044838261484e-09,-1.499371046404969957e-09
1.066176510160235739e-08,-8.226873761433333545e-10
-4.578423271967170620e-09,-6.653551425965528310e-09
1.607554048373866670e-08,-6.609108335794798835e-09
-3.058089938390251606e-07,-1.034276129295753526e-06
2.797352502016954491e-07,-1.042113863860203399e-06
3.973813008015240702e-07,-1.576731358036635883e-07
-4.037812806625031314e-07,-1.495542234455161744e-07
-5.402285971145173790e-07,-3.104453053957473913e-07
5.308776185949716005e-07,-3.152513144536260821e-07
6.408580133855363115e-08,-4.922643197289057877e-09
-6.649229704597204102e-08,5.805165207464966136e-09
4.040193525009515036e-07,-9.123391481935790655e-07
-4.288017353333469266e-07,-9.061716507695804370e-07
4.621511395102695433e-08,1.304341492769543625e-07
-5.013970486184531276e-08,1.402064582398245134e-07
-7.145184936959581173e-07,-3.179194733535812758e-07
2.609503518848953879e-09,-1.225497801370881554e-06
6.965616134583208586e-07,-3.093891540371853764e-07
6.487982378102916293e-09,-7.524432852666731941e-08
1.675148191451016938e-08,-4.354953512308855500e-08
6.272832373037572172e-07,-2.775282126712561374e-07
7.988592331828054777e-08,-4.402529159435586789e-08
-6.443383972483379567e-07,-2.859010461848742796e-07
2.831033584566913087e-09,-1.163802461447250031e-06
-5.719172531939006182e-09,-3.920776286746890056e-08
4.024341807994038810e-09,-1.804613439825865321e-07
-7.292753581203018119e-08,-4.531347847806378442e-08
-7.320179699085815449e-09,-6.613551598060967742e-08
3.826651338498387589e-09,-3.520235782173703667e-07
3.029155547141508793e-09,-1.057795505862779457e-06
-3.272774194179443444e-08,-1.211830607386397688e-07
5.432570457573966218e-07,-2.417212199032371283e-07
3.779556237375443521e-08,-8.253116603865332247e-08
-2.725252515257383130e-08,-7.838665545204192769e-08
1.559934124860064864e-07,-7.876277085012526741e-08
-5.578503429404118237e-07,-2.494129042920785667e-07
-1.532111184044278045e-07,-8.128721350254218291e-08
3.415760482239726533e-08,-1.147098293079139211e-07
-5.352182950945172766e-08,-1.414186506851358656e-07
5.567109662343530098e-08,-1.168624251248571672e-07
3.627228948683949205e-09,-5.445627103282440978e-07
5.758147520558755592e-08,-1.380835782365177365e-07
-4.595556947532635057e-07,-2.087425206288401032e-07
3.228547304960761728e-09,-9.125121294743773116e-07
2.482524219706254406e-07,-1.184528284062810671e-07
-4.669472082970498811e-08,-1.143927815584876239e-07
4.485871926230240203e-07,-2.021089602693276125e-07
-2.501231550337539210e-07,-1.223695642195493616e-07
6.382326519689149528e-08,-1.375227604374352197e-07
3.427888831993812779e-09,-7.370735810591962625e-07
-5.712806530904953761e-08,-1.377115944778779022e-07
-3.548028901723898151e-07,-1.656881363562110617e-07
3.482118963901642484e-07,-1.603573062879176784e-07
-1.959982864002376634e-07,-1.127267348682915149e-06
1.704901230077367554e-07,-1.135033242018143685e-06
2.507796035651723203e-07,-1.552417161097323476e-08
-2.546130883002524340e-07,-5.134216421018303852e-09
-6.431783899039628775e-07,-4.584080565298103494e-07
6.311722286990605682e-07,-4.594980617729303881e-07
1.813800693811511669e-08,-8.429398461247068279e-09
3.254046222900324007e-09,-1.499275585363796655e-08
-6.717380408924593431e-09,-8.646740827027360247e-09
1.305669558691167664e-07,7.760515292265440226e-08
-1.331830876880484432e-07,8.867396403967850956e-08
6.358897621221058827e-07,-5.858266707491346157e-07
5.866424759545033715e-07,-6.711600185457490934e-07
-6.077594665268444934e-07,-6.701865231981666216e-07
-6.558112358606412999e-07,-5.870017178422493652e-07
-3.171461622457342158e-08,1.669660710103841810e-07
-2.143131980884597651e-08,1.637582810274535719e-07
9.510709934237257118e-09,1.691132545685572953e-07
1.654353460320165185e-08,1.709933150221411823e-07
6.796390639694500188e-07,-5.051280286023549512e-07
-6.984381558858923607e-07,-5.084334356992295365e-07
-3.729281968152234576e-08,1.684295583501910199e-07
1.894794182253249581e-08,1.712384881889892612e-07
7.473629690982050662e-07,-3.042553984845132566e-07
7.506044386874612207e-07,-3.092522208273330779e-07
-7.674939978813962195e-07,-3.178748297276475388e-07
-7.641086914910781449e-07,-3.135391530003091523e-07
1.255617705501939095e-08,-6.923213838187436259e-11
1.260551694989434213e-08,-9.505725320800546895e-10
1.608152644875189374e-08,-3.557169668696281473e-09
-1.547722360871595739e-09,4.897910815572151427e-10
-4.912881207732467891e-09,-3.145155203365659405e-09
-1.016006274228818007e-09,-6.389466644273132725e-10
-1.920913543256539493e-07,5.189285881386599372e-09
-2.620117251549197442e-07,-6.162779253407440439e-08
2.580751341837943667e-07,-7.126264841533879526e-08
1.890233224659602239e-07,-5.361266627215836737e-09
7.413916865882154904e-07,-3.237055295038880012e-07
-7.580532138884168564e-07,-3.335648267736065333e-07
6.350849567483827502e-07,-4.061281552232826778e-07
6.714040941947493568e-07,-4.733073861103174006e-07
-6.846517869521744057e-07,-4.726079798156497106e-07
-6.471722669420302386e-07,-4.035495038610769463e-07
-7.781369510733531682e-08,-1.206677893692385678e-06
-5.100675152394251777e-08,-1.220236981131130633e-06
5.725684721407499301e-08,-1.211896091961381655e-06
3.312208012660406521e-08,-1.224369198570271020e-06
-3.081963497943847387e-08,-1.229915860192335144e-06
1.598725583895100692e-08,-1.232887736094594803e-06
7.364981490106598232e-07,-3.709360900345442429e-07
7.125244511141235314e-07,-4.314101769031059721e-07
-7.537290762526729954e-07,-3.779812927395047901e-07
-7.304385279665580030e-07,-4.367380078350440447e-07
2.129951642573434541e-07,-1.134914611137109316e-06
1.622663129573528729e-07,-1.168883148300472027e-06
-1.876614127510830809e-07,-1.161747325181385403e-06
-2.390564614705701048e-07,-1.127127128630091629e-06
-7.372117596742230820e-07,-6.343098984965557217e-07
-7.261398291315681232e-07,-6.086980095683213833e-07
7.112884475353877048e-07,-6.045581958715366298e-07
7.217724891416710910e-07,-6.286625786147506790e-07
-7.428941365519565514e-07,-6.459870376687031052e-07
7.269835648870063114e-07,-6.390124350472438395e-07
-7.914095245632606156e-08,1.453435164985437658e-07
-4.287840295283782882e-08,1.595484999774688782e-07
3.848439925212846947e-08,1.511504821249026860e-07
7.624875689588816489e-08,1.354298226539032730e-07
-4.218881898220962672e-07,-9.680445714722510331e-07
-4.861285885044274291e-07,-8.977790485072867853e-07
4.623328452289576462e-07,-9.037922904064610588e-07
3.969625184091081298e-07,-9.751894964023279551e-07
7.468873541971526062e-07,-3.301650609983848951e-07
-7.638944039340396724e-07,-3.382700239429601713e-07
1.484297427508492725e-08,-3.656487284336828890e-09
-2.755666673408728701e-09,-3.784410315836232472e-09
5.306611927825495975e-07,-2.512248510498094186e-07
5.881490263473447028e-07,-3.308903538043655455e-07
-5.989198129075121305e-07,-3.264357125349081484e-07
-5.399740721538305914e-07,-2.449720816733330994e-07
-4.726180176758837060e-07,-1.633250011030620907e-07
-3.986764369061093223e-07,-8.458195920429455913e-08
3.924133566883029458e-07,-9.385547433480877892e-08
4.648285112987882904e-07,-1.712061668975811451e-07
-3.890717518141466960e-08,1.685060020455427059e-07
1.760428383114835730e-08,1.703984554545736226e-07
-3.715511792485502416e-08,1.678945316948494245e-07
1.328829117992084720e-08,1.690531057638590322e-07
3.326903319065037984e-07,-1.038014592744005203e-06
2.706054164856501590e-07,-1.091440468755389794e-06
-2.967535525824386226e-07,-1.083417813058677153e-06
-3.584245690601481867e-07,-1.030200719397393410e-06
-1.661107609996012502e-08,-1.235633925633931109e-06
5.168155065767760823e-09,-1.237577879728297911e-06
7.343300861506223428e-07,-3.583337033127773902e-07
-7.509588202798588422e-07,-3.686191064032980231e-07
-3.134165389064210724e-07,-9.815444252302215939e-07
-2.560851038681090688e-07,-1.039688535879289226e-06
2.299357445975359511e-07,-1.047657140094481126e-06
2.873344097388478597e-07,-9.889336130176699862e-07
-7.924950348001653779e-09,-1.238958371115465405e-06
4.478943397844133792e-11,-1.239959959953851959e-06
7.274321299138773893e-07,-4.030730938015566669e-07
-7.440534135219720777e-07,-4.136234594833615961e-07
1.217182921081764361e-07,1.127032043227337264e-07
1.787103463804457495e-07,7.927691551580597919e-08
-1.815915691618030136e-07,9.039869913324796495e-08
-1.242085787413796444e-07,1.235212256349177989e-07
4.024601900921393106e-07,-2.217635883719127788e-07
3.299641570628588076e-07,-1.440824920311251429e-07
-3.350797181417913462e-07,-1.356949138207391393e-07
-4.089600877078732445e-07,-2.148973472129101321e-07
-4.785584471576833322e-07,-2.948959095962548240e-07
-5.419449578106150596e-07,-3.730306724490251901e-07
5.325652666637423133e-07,-3.763682456490582271e-07
4.706136945237472154e-07,-3.000616571910769517e-07
-7.441147867049082908e-07,-6.435587268304520237e-07
7.278882899707804661e-07,-6.354464659203054039e-07
3.477510753632618939e-07,-9.218248371679991402e-07
4.100566258448998999e-07,-8.468210320326792127e-07
-4.347802824876287648e-07,-8.418484402197133486e-07
-3.733296255602795628e-07,-9.154377419694659033e-07
5.330496885270220785e-08,1.046128439783081099e-07
2.177561531890827747e-08,1.287393106881962290e-07
-2.722926872232221970e-08,1.386314164771069704e-07
-5.667695672378098235e-08,1.154041232488931688e-07
-7.425645935430947469e-07,-6.274578568184977174e-07
7.261193756000823996e-07,-6.184172778534788385e-07
1.127715926161264400e-08,3.255076291201433734e-10
-9.381139351126649288e-10,6.545618199250343820e-10
7.267449286399056420e-07,-3.182847262602699375e-07
-7.444198932125313401e-07,-3.267399995813674914e-07
-2.036692540598852463e-07,-1.088909253015110291e-06
-1.571508488129069229e-07,-1.129406608049383904e-06
1.325014905791338238e-07,-1.137303119459000257e-06
1.779838359363425373e-07,-1.097031329606084553e-06
-3.424774513243433895e-09,-1.241166833469554768e-06
-4.102015834071796256e-09,-1.241122025252553063e-06
8.323235794058241098e-09,-1.240717311946699974e-06
5.445425846474574637e-09,-1.240756156648566384e-06
5.604402478883833591e-09,-1.242286263603904619e-06
-3.988705075332469482e-10,-1.242403007377449273e-06
-3.270169312543787878e-08,1.670743054331576399e-07
6.792658422373642729e-09,1.677451790826684421e-07
-5.968170844310654200e-07,-4.445588257758912632e-07
-6.423327603661382648e-07,-5.078286776466876128e-07
6.303881775839298231e-07,-5.074668371810312612e-07
5.860894729219158673e-07,-4.460433691479488438e-07
2.425680296196163316e-07,3.590812114767668895e-08
3.170226878139806319e-07,-2.391017431377812049e-08
-3.218730348820484462e-07,-1.359246918512120377e-08
-2.462362225428376013e-07,4.685887326784583910e-08
-2.619665567294577827e-08,1.663107505828939870e-07
-1.128225914377427311e-09,1.666402323769440708e-07
-3.712572093486586275e-09,-1.240452452878590345e-06
-5.839289913145208093e-10,-1.240752722864450767e-06
7.230848949669070140e-07,-4.528833470705552316e-07
-7.397161284544215748e-07,-4.635256922855054370e-07
-2.720718919894366799e-09,-1.241016075615281590e-06
1.808906536939603172e-09,-1.240828282294445741e-06
7.209559479334334117e-07,-5.032456799895932565e-07
-7.375949962181519528e-07,-5.137937548494632527e-07
-2.376515782438093864e-10,-3.187529278029794077e-09
4.879513811390814090e-09,-2.205301000715209033e-09
-7.401444514604589768e-07,-5.989517230557901459e-07
-7.380335304198533130e-07,-5.600753742211659911e-07
7.235782585016288515e-07,-5.891968761217681912e-07
7.214089453506175728e-07,-5.498195440238496647e-07
-1.831954549897776389e-08,1.659371047132033486e-07
-9.725110355058852001e-09,1.660361967459896871e-07
-3.207093381936863358e-09,-8.151693841887525393e-09
-1.626837471517624588e-09,-4.990359318859233968e-09
-2.571323164700273694e-09,-3.536365645179269682e-09
8.528336100475660840e-10,-3.899499779231378686e-09
-1.075284347785095670e-09,-4.078394854268327349e-10
9.503325073752088632e-09,-2.659842315668953640e-09
1.121988155252888139e-08,-3.453399892184003537e-09
1.110522734751765880e-08,-1.479420977742017337e-10
1.207284826548274525e-08,-5.971257593763645041e-09
1.030355464701872556e-08,-2.257032027354023504e-09
-6.464541550362022471e-08,4.220605947426775282e-08
-3.253445872309771927e-08,-2.562583402998892753e-09
3.076876354105096026e-08,-1.319250457158196718e-08
6.212025053641757128e-08,3.110837757105796048e-08
-6.720566222431926346e-08,-2.575408152360956576e-08
-1.011943769187507109e-07,1.282995614659823941e-08
2.625536507462259488e-09,-1.239541267645149458e-06
4.670458592220877541e-07,-2.332928120078103084e-07
4.176234137289802675e-07,-2.133952307726212616e-07
5.729513867410383449e-08,-1.047588193108587594e-07
6.289612213417880883e-08,-1.201960718675481308e-07
-3.664944034248975266e-08,-1.111211971231403193e-07
-4.592327023428571370e-08,-1.257188505328331172e-07
-5.864314134093928689e-07,-2.394569335018588089e-07
-5.402146274013068931e-07,-2.187735436144291310e-07
3.928403395800918255e-08,-6.723938090253709670e-08
4.922351977554214240e-08,-8.678924978484940029e-08
-1.259627476321770677e-07,-9.018673047183263465e-08
-1.704946924681990632e-07,-1.114734501143036944e-07
5.601092084398337062e-07,-2.701136918929852490e-07
5.147124536460410144e-07,-2.522447512185679746e-07
1.398203820459997653e-07,-5.182089728573685187e-08
1.832627092974948004e-07,-6.897166493746535039e-08
4.079030611159446816e-08,-3.060610989150385110e-07
4.296065395467993782e-08,-3.990760021579754565e-07
3.348910235601782996e-08,-6.982730062646931014e-08
6.679469729313283889e-09,-9.736343015674108560e-08
6.418109185406227450e-07,-3.019654572801160533e-07
6.025539501942731350e-07,-2.867013401967297382e-07
-1.253768986588207694e-08,-1.183739693713913126e-06
-1.707437027985917628e-08,-1.141567516692480258e-06
6.753535513957776131e-08,-2.370950987926878871e-08
1.009179930381840519e-07,-3.661806600398720106e-08
-5.288275566593720630e-08,-1.362293678153701704e-07
-5.696240712276250154e-08,-1.419967337081016323e-07
6.526801083497994211e-08,-1.318915936633144193e-07
6.399796302228724987e-08,-1.391548624624700697e-07
4.661482051214170597e-09,-3.489611392082928647e-08
-4.278014783965694510e-09,-5.412946404461458539e-08
3.291423692346267089e-07,-1.279653758321742739e-07
3.798347104684644024e-07,-1.490204709095738942e-07
-3.433731831541931390e-08,-7.832938307977819433e-07
-3.598428184354642073e-08,-6.900025193831157451e-07
-3.217501507950533881e-07,-1.775776618632619577e-07
-3.747072777465282203e-07,-1.993822548548183181e-07
-3.048125742574990443e-09,-1.233952451136652625e-06
-7.904688414240422376e-09,-1.214543133127930408e-06
9.849396286650229355e-08,2.015703347739446712e-09
6.479992745813499915e-08,-3.603190385063077280e-08
7.061094338019670051e-07,-3.271039963110505631e-07
6.774825666753102981e-07,-3.161455975082588358e-07
-7.353011188292939653e-07,-3.120241543676215021e-07
-7.023636271000489101e-07,-2.953789641922912915e-07
-6.681982540992467781e-07,-2.778552071287542543e-07
-6.292829688814557316e-07,-2.592203512311619258e-07
-5.297834866272852866e-08,-5.087583284627119776e-08
-8.645605878688390883e-08,-6.988891705574174406e-08
-5.515909056930464456e-09,-4.009478687451174887e-08
1.716352867198514067e-08,-7.231203342918870241e-08
1.771289311262500476e-08,-2.939845537742689871e-08
2.851577101519949852e-08,-4.770456418774600022e-08
3.254000110254896457e-08,-1.433493872897685382e-07
3.734613047600219269e-08,-2.199816445663688149e-07
-2.138242762896918835e-08,-1.088503088487555782e-06
-2.537337702421655222e-08,-1.025062515280085645e-06
-1.482267608540260222e-08,-7.408903164456597616e-08
-2.603074709267339041e-08,-9.360535432420772074e-08
5.860851642729982915e-08,-1.411632169122798365e-07
4.887675560278737668e-08,-1.374874735680861917e-07
-4.272614544246908411e-07,-2.205884252876928838e-07
-4.787457793475150759e-07,-2.410082979324439135e-07
-1.557551472148212449e-08,-1.183908716762945835e-07
-3.321633616355448416e-08,-1.329473843802600587e-07
-4.619549460209781596e-08,-1.411489301743103276e-07
-5.458060351209119201e-08,-1.432100255092780645e-07
-2.823158891845393286e-07,-1.107020350494688703e-07
-2.309208605507082135e-07,-9.019255154141915012e-08
2.667283534537989748e-07,-1.502346232052285166e-07
2.182710746444464228e-07,-1.287981612852456387e-07
3.851214057801378698e-08,-8.711338575705702949e-07
3.528474147918585604e-08,-9.522753917169112805e-07
-5.747362259054228602e-08,-1.422386252500720221e-07
-5.404095450591329023e-08,-1.365605365042362902e-07
2.299122715053514283e-07,-8.760022894828126719e-08
2.789261784177014629e-07,-1.074036911528145681e-07
-4.913076807836352560e-07,-1.974440669456673719e-07
-4.402380737231006728e-07,-1.756680423183943399e-07
-2.186286937956674299e-07,-1.333273474141751046e-07
-2.694624802703474283e-07,-1.554840224446234940e-07
3.537044454158934036e-08,-9.849937563185922001e-08
4.900161976740247855e-08,-1.183900541987941865e-07
-3.677604456606272058e-08,-5.935427961214471978e-07
-3.662374860936076643e-08,-4.956334477661367037e-07
4.397787786311171937e-08,-4.955973691895230422e-07
4.393083580381928020e-08,-5.935067252402408351e-07
3.153143856617655540e-08,-1.025026375483077918e-06
2.734107465146756854e-08,-1.088467091802822050e-06
5.813179401223113047e-08,-1.319382441869853405e-07
6.291280723497058277e-08,-1.392297448026254263e-07
-2.892731764642361950e-08,-9.523114675033749086e-07
-3.195537714344099464e-08,-8.711699302021921601e-07
-6.953442298858160112e-07,-3.247622910446876088e-07
-7.240779048318994095e-07,-3.354578154106223318e-07
3.460539432532367401e-08,-1.276912211026914780e-07
1.576324409737971052e-08,-1.116101252581057307e-07
-3.929924139768515250e-08,-8.274022890952926649e-08
-2.865767652099965608e-08,-6.279326697116943463e-08
1.325402764642428232e-08,-1.214485580204759811e-06
8.218125383875515010e-09,-1.234029569678795863e-06
-7.547482610820728109e-09,-8.920259177552067538e-08
-3.523460638943080672e-08,-6.047597448427363409e-08
-4.625695674923378309e-08,-1.245677114516166242e-07
-3.393360996050291264e-08,-1.061245062113021761e-07
6.844232819591265616e-07,-2.868893208487966469e-07
7.174815701393540398e-07,-3.033838874198879159e-07
1.529290398149106206e-08,-5.863957076250364789e-08
6.063947839313449012e-09,-3.920926190592692744e-08
-2.939471395078024322e-08,-2.200159353046228052e-07
-2.438895389441094350e-08,-1.433921177596179481e-07
-9.521098670451807252e-08,-3.737505657254449607e-08
-5.989437345591701576e-08,-2.400163380438167284e-08
-6.189844069110351764e-07,-2.953675221473431693e-07
-6.591671265102777899e-07,-3.106893557926512889e-07
-1.694253511569125618e-08,-8.120385804399419461e-08
4.652780496001521301e-09,-5.001755140975587159e-08
6.369836668992475662e-08,-1.405853127180123905e-07
6.082758996317651528e-08,-1.363494532907811179e-07
4.293973116901980937e-08,-6.899664444410456037e-07
4.109342429176509675e-08,-7.832577557408077592e-07
-5.862263427075017469e-08,-1.396410085705463076e-07
-5.858082641530512883e-08,-1.309210539492034562e-07
6.125593271399862975e-07,-2.513930716596804289e-07
6.506537501805095144e-07,-2.696371283845060359e-07
-3.878829130385843974e-07,-1.537689222176964807e-07
-3.348923974591539716e-07,-1.319869071215588193e-07
-1.745617016581382529e-08,-4.328523069285425724e-08
-6.531082376283864634e-09,-2.548586441549953876e-08
2.283422930653758871e-08,-1.141532917449046760e-06
1.809901892069496362e-08,-1.183700215482584982e-06
9.271693238827764035e-08,-6.749767415596720268e-08
6.110849425955649029e-08,-4.913532719625726051e-08
3.672816935813531664e-07,-1.927841999511733931e-07
3.166462539333682957e-07,-1.716341612087482939e-07
-3.540714742774151819e-08,-3.991121767164833430e-07
-3.303737920629885636e-08,-3.060969888476667933e-07
5.261968218117914493e-07,-2.120013195441592566e-07
5.708963168711645854e-07,-2.321158434917213648e-07
-1.819305055687756037e-07,-7.089498312193144337e-08
-1.362291675046160853e-07,-5.312568681649391008e-08
1.724591429360698295e-07,-1.076707226906404458e-07
1.301535915025484996e-07,-8.710331933039815963e-08
-5.282625116771015645e-07,-2.603897975300534413e-07
-5.752564061225311144e-07,-2.785821521570900635e-07
3.658978287092724583e-08,-9.725664943187367713e-08
2.577134806435855400e-08,-7.836419437756604972e-08
5.493534946023211330e-08,-1.272305381712799893e-07
4.655081002316409131e-08,-1.138345915243518932e-07
-5.498637088454010117e-08,-1.179467728499807914e-07
-4.828843986959799066e-08,-1.014586867617077927e-07
4.300149914878544725e-07,-1.702088078137062510e-07
4.790743539171498340e-07,-1.913036181255060573e-07
-1.189734732230686458e-08,-6.359330235686515771e-09
-1.005044651915018977e-08,-1.192490017139927628e-08
-1.021283718230038423e-08,-1.867468444663171356e-08
-5.533784135094837299e-09,-1.197867925500866837e-08
2.132343158725118505e-08,-1.801735470772317763e-08
2.097815362222560883e-08,-1.177358371981758622e-08
1.724996965281195089e-08,-1.136568664169103779e-08
2.257159301312518698e-08,-6.674161904109637828e-09
-9.884175425730444603e-09,-3.312360555977372310e-08
3.932988176042362880e-09,-3.096335261602538752e-08
-6.259038094785304260e-09,-1.612628590350380978e-08
1.842075818117056246e-08,-3.345220801656248604e-08
1.479903183158148373e-08,-1.667513008528513407e-08
7.447674438722188467e-09,-6.324266229415407966e-10
-4.346449016769816898e-10,-1.357203429158053805e-09
-4.741731128598058100e-09,-9.703434642629889910e-09
-1.032458507372976439e-08,-1.247656597235540931e-08
2.072104361752313776e-08,-1.269801905419055247e-08
1.353340856994886157e-08,-1.034110815520275461e-08
1.030034426522147419e-08,-6.820746398726090091e-11
-7.630186829858579657e-10,3.795903150155978205e-11
2.212572762310684614e-09,-7.530531326670148440e-09
-1.831204758324778884e-09,-3.100226193809508285e-09
1.153456721659430492e-08,-4.004291330422003936e-09
1.672386657308236353e-08,-7.596275234435570957e-09
1.897973849077715743e-08,-1.204354467796291815e-08
-7.278602585607792780e-09,-1.257364698818613430e-08
-4.699754505758447009e-09,-8.363656542977640451e-09
7.381017029281821133e-09,-2.552627592371030178e-08
8.211290214194574558e-09,-1.433344780463089010e-08
-4.694073673242533231e-10,-2.192582017376784244e-08
3.417099540170511016e-09,-2.174086743388671443e-08
1.053474112312027539e-08,-1.829700847280679079e-08
2.726906282854647463e-09,-1.152380857605777964e-08
5.011901628416718461e-08,-2.924235067154292131e-08
4.122228203903976908e-08,-1.368189042590471217e-08
3.679047985028217660e-08,-3.250382415773482739e-08
-4.135395587782408693e-08,-3.000188654764421177e-08
-2.705387404599037662e-08,-3.364955350592969567e-08
-3.188881338565935363e-08,-1.360619428415044218e-08
4.129399747467975486e-09,-1.087934888613708826e-07
2.626321051499636521e-08,-8.019671916918520927e-08
-1.790544547074249460e-08,-8.022106694486999275e-08
-3.302929558032260449e-07,-7.126293532664340331e-08
3.252817309104379565e-07,-8.074913002698447030e-08
6.683338895850597670e-07,-5.193136880936591267e-07
-6.814937386109959968e-07,-5.200485014662176975e-07
-3.153491073524065321e-09,-4.059903257133252617e-09
1.595081417110399910e-08,-3.377036543523686474e-09
1.256920237748823786e-07,-1.169300371419993813e-06
-1.501405981719497713e-07,-1.162142627001015172e-06
-2.179645974605336801e-08,1.561738578912031646e-07
1.577074643228026147e-08,1.477736870883681546e-07
-4.926869901393644351e-07,-8.329994898671141467e-07
4.690249687453198239e-07,-8.377693800630444947e-07
5.884432327583732327e-07,-3.906430318631005198e-07
-5.992377764385638454e-07,-3.876572112619165231e-07
-1.854197332143740992e-07,5.360141880719142139e-08
-1.355620766454649313e-07,5.420686235875567558e-08
1.824618977562987580e-07,4.262016744266060684e-08
1.328856917454660011e-07,4.318276105319397700e-08
2.221730719594378256e-07,-1.095458680653093921e-06
-2.483028750320828749e-07,-1.087403566980750414e-06
-3.672433885740985032e-07,-9.764228907638933870e-07
3.415978828901166244e-07,-9.837115298196820414e-07
4.696473836755453663e-07,-2.350505550299600900e-07
-4.775597291139229857e-07,-2.284530502870828754e-07
-9.889549545310219175e-08,5.115170818430315931e-08
9.623401096491662344e-08,4.003488749457887303e-08
-3.424583247128676987e-08,-3.328616460621231229e-08
-3.019187452454949701e-07,-1.438886564063504461e-07
2.976673882574124582e-07,-1.392582154124505980e-07
-5.368856970517170062e-08,-1.285349058874966164e-07
6.160386499875586766e-08,-1.297847405382824271e-07
3.328217001024804593e-09,-8.284316074983724479e-07
-4.076930119086514013e-07,-1.874189373741607393e-07
4.971786351963113014e-07,-2.223586602424383759e-07
-5.771035297972667203e-08,-1.428850411310028983e-07
6.311369784026931431e-08,-1.411587694763979410e-07
4.775514915391955583e-08,-1.011398379305476913e-07
-3.786240342126129927e-08,-9.764954281418892427e-08
3.527560715889479873e-09,-6.422161663206265923e-07
-1.098884398074387250e-07,-6.230711431893397071e-08
3.128880560752169462e-09,-9.904440569707031616e-07
-6.031954735869050968e-07,-2.684072135232865863e-07
5.871676727997274363e-07,-2.603092777213490909e-07
1.148601235556513439e-07,-6.043428038740305878e-08
4.855602706884868438e-08,-1.301295654176704887e-07
3.926309271796086748e-09,-2.613913886035170555e-07
2.717984343798303083e-08,-6.294909941026709678e-08
-4.583889448969918485e-08,-1.350718148635050584e-07
1.608249735426509898e-08,-9.415992023322191114e-08
6.644323137034466226e-07,-2.938156292990692213e-07
2.730138754689196584e-09,-1.201410814361252032e-06
3.250921845725212846e-08,-4.339712292754271480e-08
-6.821967173159076708e-07,-3.023583853868752381e-07
-1.586580226732026396e-08,-1.020620957995633066e-07
2.929427917748188267e-09,-1.117151275171491813e-06
-1.620399856526539925e-08,-5.845004581244788567e-08
3.726895224857623347e-09,-4.468612000022019461e-07
2.003879774934894717e-07,-9.808056802158141799e-08
-5.101019906799203487e-07,-2.295675892315009595e-07
-1.998916981736140045e-07,-1.012880234152780368e-07
3.988317865812132549e-07,-1.814102691251024559e-07
8.621546069674837389e-08,1.084648519443128955e-07
-8.884157971408663014e-08,1.192786654724440295e-07
9.363704299598310882e-08,7.398194741211661451e-08
-9.625502603485675475e-08,8.514512413401487840e-08
8.773715662493133653e-08,-1.193099016141951592e-06
5.285946442461949521e-07,-7.549295423847693523e-07
6.930053485134122879e-07,-5.680850480682641684e-07
-6.122099925085762252e-09,1.572616606954851539e-07
-2.703173744162116412e-09,1.641716309241482864e-07
-7.070657175887785498e-07,-5.705888932389675131e-07
-5.510253523010339797e-07,-7.519661326196115103e-07
-1.104772050181641250e-07,-1.186808730464107480e-06
