Size 899,2
0.000000000000000000e+00,0.000000000000000000e+00
0.000000000000000000e+00,0.000000000000000000e+00
2.533645388210347112e-08,-4.829547130905525399e-06
-2.000200358127461206e-07,4.273220414232545859e-06
2.029903264863809672e-07,-1.597829993864886585e-07
3.324447933558307592e-07,-7.186359738448229175e-08
4.042360594746684986e-07,-4.222161990662237009e-06
3.515484499142926055e-06,-1.510606798126094066e-06
3.650944339168007573e-07,4.190166473931347675e-08
3.650975737931947300e-07,2.192097484409345163e-08
3.772320863228891014e-06,-7.772135137931957920e-07
2.576879746650672772e-06,2.596469423822285801e-06
2.022553200319018578e-07,1.474615939428813491e-07
1.466446297502741086e-08,8.825011901798431702e-08
1.958854470036262972e-06,3.044204467601003982e-06
-1.947697709046501319e-06,3.268017688146256002e-06
-8.064856087313044440e-08,6.438375722171633464e-09
-6.879606529272151079e-08,4.688020351335191659e-08
-2.592011761359470740e-06,2.783177347543089126e-06
-4.071632840790464510e-06,-9.360862605150966688e-07
-2.888582183617439902e-08,-8.748144135418845405e-08
-6.229964933606779222e-08,-1.242008436165620597e-07
-3.806115729404296512e-06,-1.711437561910639640e-06
-3.506975813509828158e-07,-4.214768446389231930e-06
1.385334723295384382e-07,0.000000000000000000e+00
2.196899638970399745e-07,0.000000000000000000e+00
2.657762998542436955e-07,0.000000000000000000e+00
2.906196400255342404e-07,0.000000000000000000e+00
2.989086080010545568e-07,0.000000000000000000e+00
3.135823977748632447e-07,0.000000000000000000e+00
3.301165289152383685e-07,0.000000000000000000e+00
3.318608178439817302e-07,0.000000000000000000e+00
3.210896699006397457e-07,0.000000000000000000e+00
2.953718568972703522e-07,0.000000000000000000e+00
2.346362076810270832e-07,0.000000000000000000e+00
1.594793750784735315e-07,0.000000000000000000e+00
8.573689078082332658e-08,0.000000000000000000e+00
0.000000000000000000e+00,0.000000000000000000e+00
0.000000000000000000e+00,0.000000000000000000e+00
0.000000000000000000e+00,0.000000000000000000e+00
0.000000000000000000e+00,0.000000000000000000e+00
0.000000000000000000e+00,0.000000000000000000e+00
0.000000000000000000e+00,0.000000000000000000e+00
0.000000000000000000e+00,0.000000000000000000e+00
0.000000000000000000e+00,0.000000000000000000e+00
0.000000000000000000e+00,0.000000000000000000e+00
0.000000000000000000e+00,0.000000000000000000e+00
0.000000000000000000e+00,0.000000000000000000e+00
0.000000000000000000e+00,0.000000000000000000e+00
0.000000000000000000e+00,0.000000000000000000e+00
3.201238495480408749e-07,-4.802609830901265775e-06
5.890596004512370961e-07,-4.750785383194548565e-06
8.128692048729614430e-07,-4.695570036120877243e-06
1.014111829106418239e-06,-4.636886196219634720e-06
1.196553938938108360e-06,-4.576137859241292915e-06
1.363584580149924543e-06,-4.513845272678585826e-06
1.519397986114870704e-06,-4.449945574659925796e-06
1.666941793900121547e-06,-4.383945087514256827e-06
1.809434470336780180e-06,-4.314900472384653745e-06
1.949517433150367150e-06,-4.241571340063557944e-06
2.089802915559604994e-06,-4.163001588180077548e-06
2.232319136185923053e-06,-4.077657085207345208e-06
2.379368727730372573e-06,-3.982374134233823193e-06
2.531166098326998823e-06,-3.875078835343614113e-06
2.688422721516591106e-06,-3.753338334606180038e-06
2.850246274972774756e-06,-3.615234967068852369e-06
3.016003000148787992e-06,-3.458880503287309485e-06
3.183717796258014576e-06,-3.283189449269566455e-06
3.351591555790030793e-06,-3.087114297433531510e-06
3.516955066288284497e-06,-2.870829293080479103e-06
3.677094072225683043e-06,-2.634557868306641382e-06
3.829026208837139058e-06,-2.380135310381362884e-06
3.970413329364776957e-06,-2.108553388810823056e-06
4.097463490733636053e-06,-1.822733279386338556e-06
4.206361109521040810e-06,-1.524026958240604896e-06
4.287981211761662182e-06,-1.221446256534593562e-06
4.343392728629867762e-06,-9.300665849139584093e-07
4.373254273020363258e-06,-6.630420073605737344e-07
4.388538236271993074e-06,-4.268997844665801598e-07
4.393042867221088178e-06,-2.126748699873385202e-07
4.389099197085132304e-06,-1.641639388739167740e-08
4.378386537594346136e-06,1.641415137660874036e-07
4.362216712072011338e-06,3.323074536922337730e-07
4.341419346315734215e-06,4.904198301447257820e-07
4.316423749618137906e-06,6.413990446608569442e-07
4.287297328174207636e-06,7.874543960537646077e-07
4.253739223423942649e-06,9.309490795043145253e-07
4.215192466782629101e-06,1.073779845668074411e-06
4.170811861497734014e-06,1.217636478123745345e-06
4.119584716485301123e-06,1.363972275538595109e-06
4.060322427345731791e-06,1.513744576962357254e-06
3.991740174954737082e-06,1.667889225576173763e-06
3.912510009470843182e-06,1.826628411853246197e-06
3.821253789196732007e-06,1.990407146201152448e-06
3.716563975797351496e-06,2.159182395257873881e-06
3.596282480388013256e-06,2.334400660433878973e-06
3.463505108224497465e-06,2.518008315361334576e-06
3.310009635427062555e-06,2.708505774330262349e-06
3.131818985987087694e-06,2.906807211734439255e-06
2.928508604342648837e-06,3.107276126245223970e-06
2.695756036830715136e-06,3.304095446315063696e-06
2.443516338205627157e-06,3.482191935159429765e-06
2.184652401810853674e-06,3.639079791748866575e-06
1.927553125472613129e-06,3.774078227204476193e-06
1.676654335060573256e-06,3.889770841294927564e-06
1.431942685917045245e-06,3.987469323841213980e-06
1.194437313729900031e-06,4.068235291596996950e-06
9.658735381935236047e-07,4.133165734135068808e-06
7.467626696735676853e-07,4.183697606643086326e-06
5.380604745139714008e-07,4.221278663862979962e-06
3.394650262215297323e-07,4.247513204300217730e-06
1.509932259360910267e-07,4.263939975593493764e-06
-2.850561648829602543e-08,4.272058152558355609e-06
-3.653457618291677530e-07,4.268063429843528833e-06
-5.261095670733548615e-07,4.256968829396296616e-06
-6.844232443650961864e-07,4.240427030603820241e-06
-8.425884543016249715e-07,4.218557445433526967e-06
-1.003117997152969001e-06,4.190995890853081081e-06
-1.168904827951372350e-06,4.156905080283782895e-06
-1.342536340514650616e-06,4.114934938990974849e-06
-1.527201540849272970e-06,4.063159106170295982e-06
-1.725213530844921051e-06,3.999211293701083202e-06
-1.940236871563163507e-06,3.919958766476181893e-06
-2.180067741054121035e-06,3.820073784360411509e-06
-2.441621400972474469e-06,3.689501672161508987e-06
-2.714455952108513287e-06,3.527554341917587592e-06
-2.975898670653575074e-06,3.332254512177765964e-06
-3.213886798704522215e-06,3.122034490420115524e-06
-3.428489279706871066e-06,2.904892129696677036e-06
-3.618327532333557838e-06,2.687893685666199450e-06
-3.784615342520039804e-06,2.472803559071026843e-06
-3.935453285300798873e-06,2.263515973148992922e-06
-4.066735108691885569e-06,2.059624905392570305e-06
-4.180296141390526130e-06,1.861029602869930651e-06
-4.277444342819205407e-06,1.669059582346408057e-06
-4.359765617529989638e-06,1.484058467958888638e-06
-4.428915565596649679e-06,1.306695580699085913e-06
-4.486696895063630837e-06,1.136363279510755708e-06
-4.534865170363001109e-06,9.725326689910471076e-07
-4.575069805299594798e-06,8.136324101112008885e-07
-4.608775955057438943e-06,6.579427905936799763e-07
-4.637124874865451950e-06,5.030763585897477477e-07
-4.660929969260654379e-06,3.462509942685543629e-07
-4.680524222324670589e-06,1.845163809748632005e-07
-4.695767994183972746e-06,1.426480835247086456e-08
-4.705971737551834124e-06,-1.676774720802320111e-07
-4.709836003123377594e-06,-3.654206870173801662e-07
-4.705558591229792126e-06,-5.819963084411318452e-07
-4.690567214590986222e-06,-8.222747693287341274e-07
-4.660376488294780738e-06,-1.098227412484196051e-06
-4.600999953395784417e-06,-1.401391081987223658e-06
-4.508570240398225719e-06,-1.713177196219402747e-06
-4.386077326715584808e-06,-2.009036502535164957e-06
-4.251188755768239430e-06,-2.273016445725144829e-06
-4.111271803013517186e-06,-2.513296851772419772e-06
-3.970209447879857783e-06,-2.730456272049635849e-06
-3.827764659692771126e-06,-2.928229954633472014e-06
-3.685196229218341877e-06,-3.107463296815172808e-06
-3.543097937214320978e-06,-3.270456796586396934e-06
-3.401803254309370664e-06,-3.419107343347126032e-06
-3.260790261769052459e-06,-3.555767724077874229e-06
-3.119490623727832039e-06,-3.682461493076446282e-06
-2.976577748090714872e-06,-3.801180459985191722e-06
-2.830631740821988295e-06,-3.913635068810536673e-06
-2.679917651413851967e-06,-4.021186520272126222e-06
-2.522186067521020271e-06,-4.125284539416160892e-06
-2.355152766365888896e-06,-4.226884370715360807e-06
-2.177458966462177942e-06,-4.321664774940509777e-06
-1.988118506690033350e-06,-4.411820784658079227e-06
-1.786790355301764002e-06,-4.496633607271860208e-06
-1.572196245679704335e-06,-4.575314066389222695e-06
-1.343793226901576092e-06,-4.646815440958127483e-06
-1.100612850168211130e-06,-4.709791142303696513e-06
-8.428214067180590957e-07,-4.762725401336486669e-06
-5.705189382224590836e-07,-4.803790663796962474e-06
-2.755542110135024775e-07,-4.830824306046066156e-06
2.424824951117628568e-07,-1.401220696625611633e-07
2.863118129198999453e-07,-1.102300455073122978e-07
3.159047597611666975e-07,-7.915779357045948794e-08
3.313701373328126413e-07,-5.637565879434672853e-08
3.381029207042015345e-07,-4.852450316145214586e-08
4.036544197255259457e-07,-1.852766763915737640e-07
5.301423206243351802e-07,-3.030629346190269418e-07
7.095500045996364995e-07,-4.278880420951108348e-07
9.347210567662864220e-07,-5.578632423307869610e-07
1.198391795378635823e-06,-6.907346682577262757e-07
1.493337595694477510e-06,-8.242243098743184909e-07
1.812384808983863448e-06,-9.560631496513110432e-07
2.148407459504342581e-06,-1.084000352834917119e-06
2.494384983544548214e-06,-1.205819564139260039e-06
2.843525547209497075e-06,-1.319218337877866144e-06
3.186402980575539308e-06,-1.420361614765712146e-06
3.408076074636310057e-06,-1.776395665505287019e-06
3.291136316426999207e-06,-2.038193694084646565e-06
3.168121438129200315e-06,-2.288195844014760953e-06
3.040432455419564887e-06,-2.523419084578127130e-06
2.909298739446117023e-06,-2.742710755713691498e-06
2.776847299000683962e-06,-2.944401121588390449e-06
2.643954274557327298e-06,-3.128553482547929544e-06
2.512244074833920728e-06,-3.294526793897697867e-06
2.381995836503364103e-06,-3.443417146624836382e-06
2.253990691384022868e-06,-3.575359098153602402e-06
2.127617666732273635e-06,-3.691904410915478160e-06
2.002585836041996711e-06,-3.793940444541358205e-06
1.877598650431065447e-06,-3.882597892469309909e-06
1.750423161550145628e-06,-3.959081640983603695e-06
1.620007579051542185e-06,-4.024953766918337665e-06
1.483734715311051373e-06,-4.081803620123026915e-06
1.339338429706632994e-06,-4.129807639588381390e-06
1.184452983741656824e-06,-4.168898644992075235e-06
1.015692674935707950e-06,-4.198642804444558223e-06
8.304748937321281757e-07,-4.218162759668314736e-06
6.242297313951461131e-07,-4.225933500202162658e-06
4.493796101128225446e-07,-3.865645118643427688e-06
4.810068321168282235e-07,-3.491531036261215515e-06
5.022392985194112679e-07,-3.098481545358426579e-06
5.131379316836247936e-07,-2.694479801067857600e-06
5.134723136394784068e-07,-2.288214804617057450e-06
5.030667370284115361e-07,-1.888660076068655657e-06
4.817372517109142282e-07,-1.504903618346227660e-06
4.493032976433833853e-07,-1.146189320530528436e-06
4.055898896327175066e-07,-8.218014660239356003e-07
3.501548873055046023e-07,-5.410696462154730057e-07
2.816465448585272845e-07,-3.171651148958296003e-07
3.459215642951364267e-07,1.450855187468502460e-08
3.452840409456936736e-07,4.891044272497785487e-09
3.469594934963165121e-07,3.075500796634341700e-09
3.508795341831683136e-07,5.622954109649720663e-09
3.560683862704222629e-07,1.391133835804793213e-08
4.930934052360169365e-07,8.662815065959568794e-08
6.358006941126421390e-07,1.917345882116619963e-07
7.971191568113954017e-07,3.342901955002105196e-07
9.748167571480042690e-07,5.104250952561216868e-07
1.165672144515680306e-06,7.159503562463457912e-07
1.366279852087232874e-06,9.464205295285895213e-07
1.573169340214162102e-06,1.197309652318864310e-06
1.782794726568058235e-06,1.463994193493397630e-06
1.991521207857765139e-06,1.741736062517033080e-06
2.195716477722747329e-06,2.025774809329847906e-06
2.391157307793877293e-06,2.310948979616577391e-06
2.781400291284056371e-06,2.445971218189232192e-06
2.968642419289408790e-06,2.292560803766760572e-06
3.135549279476487394e-06,2.142243241653302591e-06
3.284360064593350633e-06,1.994496827323826364e-06
3.409045893381579688e-06,1.850450875471592053e-06
3.520001569244052474e-06,1.707782132259340063e-06
3.617443906638453314e-06,1.568003843505976325e-06
3.702307962840200762e-06,1.430710147205491234e-06
3.775344034746855153e-06,1.296049660195783512e-06
3.837429000284767445e-06,1.163145390182557453e-06
3.889222644439992479e-06,1.031487004905434034e-06
3.931332964043708267e-06,8.998208355025976184e-07
3.964140928656529418e-06,7.669547655562508202e-07
3.987829638241473323e-06,6.313494167338962367e-07
4.002315317845024811e-06,4.911628262456411359e-07
4.007220528542142030e-06,3.447126996331407874e-07
4.001820812629343849e-06,1.895951254404217175e-07
3.985076532454176704e-06,2.417241866226929038e-08
3.955474640791541263e-06,-1.543789799137047225e-07
3.911270302853179217e-06,-3.474086433733202022e-07
3.850209262819024884e-06,-5.575039251806526522e-07
3.438743705815067022e-06,-6.396403391153044654e-07
3.100455019896821750e-06,-5.125254078810799784e-07
2.754306487784511288e-06,-3.913796752999873462e-07
2.405516370203745276e-06,-2.783681354754151170e-07
2.061094703990463580e-06,-1.759828895926223293e-07
1.728166706531987260e-06,-8.658706097950029651e-08
1.413820698377920936e-06,-1.254060043252938178e-08
1.125190038601732111e-06,4.377694499803530164e-08
8.694537793615313870e-07,7.996431389271560238e-08
6.538251708911893318e-07,9.356364396592589833e-08
4.854719797808209618e-07,8.184321344062238881e-08
1.554024506579542247e-07,1.454504440061975462e-07
9.534346199780592380e-08,1.410387039200629413e-07
4.258108926371821020e-08,1.237843068361739486e-07
6.172278950305558229e-09,1.001598483870611378e-07
-7.090362763687646236e-10,8.003736892009793199e-08
1.968159322091469253e-08,2.164256805908443772e-07
-2.150843253499874988e-08,3.902820274203701357e-07
-1.055998958782319853e-07,6.055226037066483579e-07
-2.263910186978426168e-07,8.547400915590104069e-07
-3.791716792915112881e-07,1.131450097036682050e-06
-5.592335738407403424e-07,1.428921304435692974e-06
-7.617719187397813648e-07,1.740281980227111926e-06
-9.819094532756564537e-07,2.058556993899184583e-06
-1.214655436518126149e-06,2.376598961507942976e-06
-1.454895325618400246e-06,2.687323456887868877e-06
-1.697979375813756753e-06,2.984283943349122677e-06
-1.764062715047488621e-06,3.410687900550325732e-06
-1.581653701755931705e-06,3.533460652101403098e-06
-1.409987958990274046e-06,3.634287786298335204e-06
-1.246990202384399555e-06,3.716009043711776989e-06
-1.091541321559190737e-06,3.780940678908622458e-06
-9.409887959779227057e-07,3.831339249265481755e-06
-7.937072950006088176e-07,3.868810055454448284e-06
-6.473709082261988425e-07,3.894673728881979565e-06
-5.001938249683039602e-07,3.909780883346317502e-06
-3.504311779333815802e-07,3.914642394440017537e-06
-1.964687987004206686e-07,3.909434077748910163e-06
-3.723840675611825674e-08,3.893993707278260961e-06
1.288426041748138663e-07,3.867906589900118122e-06
3.023441824350001980e-07,3.830633600851704466e-06
4.843650180928955019e-07,3.781431977582373028e-06
6.745801158556178807e-07,3.719571632882447333e-06
8.734259809592272081e-07,3.644155569464746923e-06
1.079795675078692645e-06,3.554509771722050265e-06
1.293464838327700864e-06,3.449829572468451258e-06
1.512703715344701715e-06,3.329731647089178796e-06
1.736457486231930074e-06,3.193873432080598368e-06
1.747950398252265569e-06,2.778531363035874923e-06
1.538659447489349298e-06,2.504070817041909709e-06
1.332708251790144450e-06,2.221251544048111687e-06
1.134069672094752670e-06,1.936102885098393639e-06
9.461498092238919645e-07,1.653585778050318002e-06
7.723257805507953759e-07,1.378611236503379522e-06
6.158998866049704254e-07,1.115980789561749360e-06
4.800976905896653239e-07,8.703933891263581637e-07
3.680710755398119482e-07,6.464342188261639613e-07
2.829949509755374584e-07,4.486364574114516918e-07
2.286871216667407176e-07,2.824908498717362856e-07
-5.284280405013144893e-08,2.045093174217038432e-08
-4.455132142678193068e-08,1.885898101073055506e-08
-4.273252736691220090e-08,1.421951955827014762e-08
-4.396418297037588748e-08,1.025019532400289559e-08
-4.595089922139078472e-08,1.661036769725355283e-08
-2.186145089592467781e-07,9.899280920796613690e-08
-4.268914030055885516e-07,1.158957974508500274e-07
-6.927828625820131127e-07,1.006935484893703370e-07
-1.006436384070925950e-06,5.691609656015168499e-08
-1.357939269108183462e-06,-1.210216195431151445e-08
-1.737454279112111528e-06,-1.030938978207217152e-07
-2.135193509682880471e-06,-2.128171387806875995e-07
-2.541414512470736496e-06,-3.380486948406863016e-07
-2.946351439759417972e-06,-4.755676530925731034e-07
-3.340378040234015075e-06,-6.220771029889917436e-07
-3.714703098340968241e-06,-7.745053884912757383e-07
-4.153312634135857723e-06,-7.147375880609388243e-07
-4.217732451031211000e-06,-5.016650509969065949e-07
-4.264041192610770564e-06,-3.067240781474009440e-07
-4.294526752103511429e-06,-1.268403776278231042e-07
-4.310957359822895797e-06,3.997302250974555633e-08
-4.314810928419893297e-06,1.971700321654588551e-07
-4.307015053534033823e-06,3.471035285218599279e-07
-4.288114436833361762e-06,4.926676647512581645e-07
-4.258239347877600520e-06,6.362075016061603267e-07
-4.217203481638067661e-06,7.798060672376768293e-07
-4.164507344990086714e-06,9.254860132593530716e-07
-4.099512516536703337e-06,1.074360736808138799e-06
-4.021340870996451427e-06,1.227884436825579090e-06
-3.929221711980183232e-06,1.386151504093900389e-06
-3.822206096600470654e-06,1.549893747766917028e-06
-3.699724639793873197e-06,1.718253600974811844e-06
-3.561137358436404373e-06,1.891132764050057994e-06
-3.406831540960392421e-06,2.066113391397660775e-06
-3.226978797302280898e-06,2.244671904327533685e-06
-3.030148316304382498e-06,2.425216410782587830e-06
-2.816199316403117682e-06,2.606954526407133785e-06
-2.397771577016976088e-06,2.478114794290422742e-06
-2.186160394266748499e-06,2.162433125446721393e-06
-1.957408639416292330e-06,1.842918304338215680e-06
-1.719284860738478185e-06,1.528706507684546898e-06
-1.477048347024833888e-06,1.226559451765797630e-06
-1.235871419761492017e-06,9.433383064560803091e-07
-1.000874503429811375e-06,6.858392320427231498e-07
-7.771050309024569325e-07,4.607592372476013255e-07
-5.695586494266066042e-07,2.747440334789430297e-07
-3.832217348094290287e-07,1.343143623546058009e-07
-2.220606984294417424e-07,4.463822733299938495e-08
-3.995411209292939839e-08,-5.368030298631401442e-08
-4.035816180541222796e-08,-5.257262505336959376e-08
-3.786183910198159237e-08,-6.080877498493872503e-08
-3.568971147572516365e-08,-7.798309403855490266e-08
-3.786264571645327836e-08,-9.633859613868783140e-08
-1.556218238821802439e-07,-3.152683940877219491e-07
-2.281043232366247379e-07,-5.453609412458323407e-07
-2.896299973360646322e-07,-8.252600975377930243e-07
-3.398267520576357381e-07,-1.149447951946775886e-06
-3.786972835517999977e-07,-1.508180703185901079e-06
-4.064511167490088038e-07,-1.891943339072174011e-06
-4.232820367955451393e-07,-2.291495634314031155e-06
-4.293780250899192507e-07,-2.697756933798671789e-06
-4.249224910074586074e-07,-3.101818991057417039e-06
-4.100282431037682647e-07,-3.494989355921730268e-06
-3.844854062286297387e-07,-3.866745865051661818e-06
-6.070052277957165987e-07,-4.206839145973851691e-06
-8.592467607725453670e-07,-4.188453408129237933e-06
-1.098231435558286323e-06,-4.159013773236963606e-06
-1.324156412474050275e-06,-4.119392557411225074e-06
-1.536597163724001214e-06,-4.070351247755053526e-06
-1.736441989297387728e-06,-4.012534181967067175e-06
-1.923963716536400777e-06,-3.946424666204820543e-06
-2.100738656034041511e-06,-3.872179912311623355e-06
-2.265670654388350870e-06,-3.794309547732441928e-06
-2.420323280005117452e-06,-3.707943833478976991e-06
-2.565577167590768974e-06,-3.613509362034022432e-06
-2.702628533752412406e-06,-3.510155834822675624e-06
-2.832941969037466495e-06,-3.396825487546310044e-06
-2.957783835742114147e-06,-3.272138938735932700e-06
-3.078007421951268961e-06,-3.134901361508284574e-06
-3.194520177344250602e-06,-2.983247147083433707e-06
-3.307379217645603621e-06,-2.816067804441165799e-06
-3.417034587967294112e-06,-2.631373207260733070e-06
-3.522629818340728651e-06,-2.428484914119641957e-06
-3.624090619074590268e-06,-2.205533516701865396e-06
-3.720850204420364262e-06,-1.963396031705997535e-06
-3.437510815595628982e-06,-1.629812215832522845e-06
-3.048712385522167076e-06,-1.530172270292094202e-06
-2.645122153230484110e-06,-1.412021668004452882e-06
-2.238407274075867843e-06,-1.279933851344747380e-06
-1.838017871294900605e-06,-1.137043511012150741e-06
-1.453649882192547998e-06,-9.864417587555769556e-07
-1.095082884405118986e-06,-8.312428968245496694e-07
-7.721455147051743260e-07,-6.745780395652324208e-07
-4.947145685918567688e-07,-5.195853594588064161e-07
-2.726651994066783791e-07,-3.693440565560329185e-07
-1.158161401825728046e-07,-2.263618184850913490e-07
-8.886017293661687711e-08,1.151744444788117692e-07
6.488719967040532039e-08,-2.969487882924251213e-07
3.531534292577649971e-07,1.721489754725352799e-07
4.272291311706038894e-07,-4.619307550450349355e-08
-1.455331146819159711e-07,-5.724475298338499024e-08
-2.052982233602356368e-06,2.736293031387273823e-06
3.316945665513616967e-06,-1.033019177188392516e-06
3.234707848638073454e-08,-3.875400090946175926e-06
-3.584646411989869236e-06,-1.206251291647837072e-06
2.071972072866467420e-06,2.547894284602011100e-06
2.546778564702705810e-07,4.259418335407365490e-08
-1.087690283691433857e-08,1.982450371406884283e-08
2.423094391177821671e-06,3.031152896039636593e-06
-2.424478128683649716e-06,3.248181696393145443e-06
3.867486530302177578e-08,-3.103432004534332372e-06
-2.797901669664078436e-06,-9.445142038077829012e-07
5.760522175599487804e-07,4.812906995111111003e-07
5.793207569894454883e-08,-8.100698997453892629e-07
-5.780315336857147258e-07,-2.043738457316460638e-07
-3.288346045482205674e-07,4.280451691549204964e-07
7.764136699048537691e-07,-1.697384351280607116e-07
1.661749906750383832e-06,1.980959362938138475e-06
2.624289803036218258e-06,-7.985899902807091238e-07
-1.982853822648897639e-06,-6.737378938182643499e-07
8.861967431115051362e-07,9.096211730178537424e-07
-1.216801110016348735e-06,-4.185439300446144990e-07
4.509528893203600591e-08,-2.287739288977707190e-06
1.257132204374862619e-06,1.421943060653747039e-06
5.152080223748654990e-08,-1.498846199165118413e-06
1.932383891067724548e-06,-5.646344319078426342e-07
1.297408904056497908e-06,-3.488375755361586573e-07
-6.841945802083561074e-07,9.005974861944949546e-07
-1.586338655673747047e-06,2.110179214639575012e-06
-1.116605968264819427e-06,1.479534337672552336e-06
3.221094584256690587e-07,-2.505130030184795397e-09
-1.475478800733799435e-08,-7.924837882691528017e-09
7.492859457497663697e-08,-1.103088939558717652e-07
3.851697961603683368e-06,-1.225584775209468181e-06
-4.150898599666448950e-06,-1.410818469842847633e-06
3.396063009234581163e-07,1.688851848869600478e-08
-2.973509940460117875e-08,1.754726646706859529e-08
-3.233932420736221918e-06,-3.279729698996855358e-06
2.822478086123521965e-06,-3.298150243131767897e-06
3.317090802255531295e-08,-4.430758971344723276e-06
3.129336715912306719e-06,-2.911564874676663763e-06
-3.494898083805928684e-06,-2.958968625345866814e-06
-2.509822540530817006e-08,-3.636036282389792868e-08
2.868357122652417525e-07,-3.971576864604716486e-08
-2.961272424328087887e-06,-3.541081470848373993e-06
2.517283230088753346e-06,-3.601768321098599018e-06
3.419686288997584450e-06,-2.441878766516326426e-06
-3.742890443184456187e-06,-2.564034434784387352e-06
1.672355162137732023e-09,4.812217228082340507e-08
1.358638471468076767e-07,7.782659267798183535e-08
-3.042801925781266349e-06,2.807776320420831066e-06
2.981512052115488972e-06,2.623828597665489279e-06
-2.677729812500677724e-06,-3.760804074703696141e-06
2.231293277366671874e-06,-3.835894956534549686e-06
3.661549164680076029e-06,-1.955672953311588911e-06
-3.958393829964676967e-06,-2.133036135310964909e-06
-3.399438531649931474e-06,2.455175161481778591e-06
3.280718234165505643e-06,2.319568519166193832e-06
-2.394506298140573042e-06,-3.940876286982566255e-06
1.981403988065973552e-06,-4.007025822166683160e-06
1.837426062362215870e-07,-7.025799538537651356e-08
-5.760576780140547604e-09,-5.718750269721430808e-08
-3.013262671114483039e-08,-5.441652095209409258e-08
3.392506643156046849e-07,-1.862635255384322082e-11
3.340437794482344723e-07,-2.061215284662796027e-10
-3.262458428128684601e-08,1.188148452579839638e-08
-3.041550919520824353e-08,1.053448138907944558e-08
-3.749662436951606334e-06,2.063519803523628321e-06
-3.882382525741716591e-06,1.884126582608486618e-06
3.670285776069282956e-06,1.845442874419721802e-06
3.564144869077143868e-06,1.993355264241491822e-06
-2.045321480567272916e-06,-4.134273070556742363e-06
-1.865110769411685687e-06,-4.212834034641730088e-06
1.709210960316112516e-06,-4.170137346132248788e-06
1.576672386832454103e-06,-4.233455600747144131e-06
-4.001274339636434621e-06,1.692762341668933252e-06
-4.101813391732094209e-06,1.522914127601031880e-06
3.765351724368762343e-06,1.687405127117212206e-06
3.846306494297552480e-06,1.546256383259341145e-06
-1.656678820643133684e-06,-4.284017381632689809e-06
-1.451828729980372814e-06,-4.348921575470091431e-06
1.425790512665594111e-06,-4.290788966719156023e-06
1.277638450045361989e-06,-4.343474416766984469e-06
-2.613346818749275138e-08,-4.732762142591442420e-08
-3.595722808057052204e-06,2.264970732975311898e-06
3.440672084028945128e-06,2.160226179381462847e-06
-2.229805202815325797e-06,-4.049516206793687304e-06
1.849365162602945020e-06,-4.100318043903243602e-06
-4.189454965151799615e-06,1.344710103694405159e-06
-4.262289855926413470e-06,1.186635818250245416e-06
3.917541410151332864e-06,1.396457541168191864e-06
3.977717462935631824e-06,1.261478709662123186e-06
-1.216019193006827870e-06,-4.403971417358306444e-06
-9.839661311097620067e-07,-4.451780616955677074e-06
1.104378147199612203e-06,-4.390100413918255950e-06
9.285040628167436849e-07,-4.432622141085115251e-06
-3.155657328516462879e-08,8.813524708197079694e-09
3.410578780884379059e-07,3.307471530893129186e-09
1.944683453291346087e-06,3.417552203977381627e-06
1.714943155659110892e-06,3.549735910015368256e-06
-1.750733339718705282e-06,3.722500333103796878e-06
-1.948236383149774684e-06,3.613955134932096787e-06
-4.324000803401317509e-06,1.021630544145978649e-06
-4.374384674659639706e-06,8.737682592595614470e-07
4.029607616337525712e-06,1.117768453591650114e-06
4.072974150326888908e-06,9.860601969514661800e-07
-7.192967366627880948e-07,-4.486454185335471088e-06
-4.590347058406919222e-07,-4.512564937885417064e-06
4.981067153525065781e-07,-4.496271178791802057e-06
7.184462755867594342e-07,-4.467214095555952797e-06
3.215289787296512733e-07,1.783717945259730954e-09
-3.825166153449642954e-08,5.149177854538593542e-09
1.470636177563144767e-06,3.669033962845997554e-06
1.250326166832068379e-06,3.767871675189762291e-06
-1.380380700156763592e-06,3.885827461355236840e-06
-1.552017864847548715e-06,3.813971145440502525e-06
-4.415495271804035660e-06,7.179295888452138496e-07
-4.448072923454999796e-06,5.749352976415355792e-07
4.138553476156829706e-06,7.102861885613630179e-07
4.109150831589414251e-06,8.438770087521536196e-07
1.020210001297987202e-06,3.853881822256204579e-06
8.147457348824389211e-07,3.922350280107983125e-06
-1.051251383198225331e-06,3.991383256765070495e-06
-1.205688555366409768e-06,3.945349544536250089e-06
-4.472529501821856723e-06,4.204446093217673968e-07
-4.490016400802094870e-06,2.736539470430671151e-07
4.161084708468335389e-06,5.628259770899133243e-07
4.177539500839191914e-06,4.202043478232066086e-07
2.202129284253434359e-06,3.263025801455473152e-06
-2.194327034977971453e-06,3.477965604712915599e-06
6.031151663509549241e-07,3.979074609006984903e-06
4.154003637304899692e-07,4.021497151766053097e-06
-7.439419106446436061e-07,4.055583135773059118e-06
-8.905336833836955360e-07,4.028355910049959474e-06
-4.499116571590739325e-06,1.096190941715391609e-07
-4.501169835780015854e-06,-5.208126474942806332e-08
4.186226311415789929e-06,2.587933954620911847e-07
4.188258650216962325e-06,9.846921691429176638e-08
-2.643639552033989940e-08,-3.436895096228281649e-08
-1.963571334599740376e-08,-3.995466716040280044e-08
3.161570834611155250e-07,-3.148767917632061239e-08
3.131446123382034852e-07,-2.914973358164877717e-08
9.547603379807541702e-09,6.039493728245334261e-08
5.472245663366709322e-08,7.745701518621462636e-08
2.234917608089205443e-07,4.053782463484329695e-06
5.334053176032313773e-08,4.074865899789768238e-06
-4.392968164481598521e-07,4.086969398561610963e-06
-5.869897067591699909e-07,4.075286639235435451e-06
-4.492554786378993962e-06,-2.385328921668648168e-07
-4.474936619650068232e-06,-4.274918405872106490e-07
4.180009598619644501e-06,-8.684922981271786500e-08
4.163099305276824260e-06,-2.743931698901081378e-07
4.087887619914511348e-06,-7.186445031185165962e-07
4.131439801086647038e-06,-4.940874013945260245e-07
-4.441903593005789041e-06,-6.498339853833846276e-07
-4.396291985621032476e-06,-8.785466952728101655e-07
-1.210116964550598823e-07,4.087376842847666199e-06
-2.770964346049022211e-07,4.091069771544059666e-06
4.026170275420597967e-06,-9.967485167672906635e-07
-4.332020293129633323e-06,-1.168088720877303405e-06
-6.714928761628764483e-09,-1.425170307016365700e-08
-1.957958079246001976e-08,-4.878675318450695952e-08
3.244940635419613629e-07,-3.780055937077198067e-08
3.075416817931539983e-07,-1.061702255199427765e-08
2.235494155512627357e-07,-4.324354169503783568e-06
3.279952840545766268e-07,-4.601163038743644163e-06
-2.762177818996107888e-07,-4.617787271547590025e-06
-1.607515519586797462e-07,-4.323253079436346815e-06
-4.377047380969778299e-06,-1.404019574942472476e-06
-4.110603703685716013e-06,-1.168762653331495959e-06
3.810591030365915965e-06,-9.971416883876009823e-07
4.072389364604813846e-06,-1.221696403151188674e-06
-8.080617631249921757e-10,7.293868536075682243e-08
7.909668468910193734e-10,2.520076411847459033e-08
7.466235932333364096e-08,4.066225650502162271e-08
1.146830607958806288e-07,1.122124313745094114e-07
3.008594252333825123e-08,-4.627181508197875979e-06
2.895885990698810531e-07,-1.436301869620295509e-08
3.135983773592844212e-07,-5.000664361675475301e-08
-3.452626061124714959e-08,-4.696847613314107263e-08
-1.429123259443612355e-08,-1.851218869653789464e-08
-6.447725599927839523e-09,-1.617694235469401095e-11
3.160016184620430958e-07,3.572151358905525252e-09
-1.510395337350429572e-08,-2.193027489706836449e-08
-3.259963613699162839e-08,-5.731490013825355998e-08
2.876060222689619072e-07,-7.212515254519990446e-08
2.441992325110957062e-07,-5.130709397399444835e-08
2.428522905229316482e-07,-9.406769139973584803e-08
-4.068191277754213100e-08,1.242516741711462414e-08
-1.669084996105251406e-08,5.836188560689973354e-09
3.363805811919025025e-07,4.498095740273931669e-09
3.444365349289593564e-07,9.270123539979750916e-09
3.140997544255427828e-07,3.052807611175799511e-08
2.745291831479317216e-07,5.526455500741330611e-09
-1.197381085766736240e-08,3.242975495002784077e-09
-4.549617099120813960e-08,1.058584586818206444e-08
2.579884719646185457e-07,-2.291212563300362363e-08
2.031733743954428329e-07,-3.111410389402367458e-08
-4.099884849050445798e-06,-1.858332822781536665e-06
-3.978488471842078127e-06,-1.562890495726580875e-06
-4.267491676363122274e-06,-1.715936012244533896e-06
3.807308234895624650e-06,-1.664454138197025138e-06
3.971522834943448630e-06,-1.523600648648797094e-06
3.684457077970987839e-06,-1.368517880808773912e-06
1.965639639688139074e-06,-4.125427019415950136e-06
1.864946079575653436e-06,-3.982468747568950985e-06
-2.250026051066844247e-06,-3.907697487340778052e-06
-2.375258027789009753e-06,-4.081433835696540208e-06
3.444119129116332374e-06,2.327562109687534148e-06
3.280747658914230685e-06,2.151192490304907629e-06
-3.401402593947741499e-06,2.254840834584846281e-06
-3.597469795597810532e-06,2.464241841887247640e-06
-2.431521017410714246e-06,3.474843168135193721e-06
-2.181910766091231067e-06,3.258153161071269161e-06
2.190295710662620661e-06,3.038117458760944529e-06
2.432351875692813888e-06,3.257273792945550861e-06
-4.167523942055705271e-06,-2.072604190105477224e-06
-3.885682558499095912e-06,-1.923975472825786065e-06
3.589166556712905808e-06,-1.732222480609889694e-06
3.878374760476936223e-06,-1.889410043310055960e-06
1.904586577376667248e-07,-1.127837084528973323e-07
-2.782294026656994072e-06,3.059876199999051515e-06
-2.509158896588514702e-06,3.016835180771143235e-06
-2.699530892168393525e-06,3.287781313179002171e-06
2.753589985075200618e-06,2.853339425927902608e-06
2.680233813944850774e-06,3.069207549713018301e-06
2.500863164321899894e-06,2.812053568760547347e-06
2.784116516422668104e-06,2.612542099801872867e-06
2.955441758308401068e-06,2.858597175059879787e-06
-3.009626554435024188e-06,3.066697573610605077e-06
-2.818568598287371401e-06,2.797043863749661476e-06
-6.228998633461504482e-08,-4.101256488232020686e-07
-2.269160577748371595e-08,-2.022656287970445766e-07
-6.386948750196848729e-08,2.319572717189735771e-07
-1.154752394643409207e-08,1.042755148003822213e-07
4.776183452635970137e-07,1.832455851250437702e-07
3.689571789336903174e-07,7.882281617156705092e-08
4.739468840310302628e-07,-1.541179663340476257e-07
3.624652941242601217e-07,-7.604524523169635248e-08
-2.667940757651917048e-07,1.221876644620048574e-08
-1.021810721440489013e-07,2.344173720216568922e-08
-9.710176261134460210e-08,3.826581314852263805e-08
-2.135267273247194697e-07,1.266443564343907355e-07
1.538257201505257822e-07,-2.149959963344267000e-07
1.886045856144428786e-07,-4.081175927918595812e-07
3.920546157971813844e-07,2.136974222513539433e-08
5.246850530766511050e-07,9.915666100626229018e-09
2.623595172492219975e-07,1.622002668070719663e-07
3.242523680506698506e-07,2.957129262344993959e-07
-6.501641302396349575e-08,-9.371167757239163816e-08
-2.033388980605193054e-07,-1.877083823904078203e-07
-2.458192074899666308e-09,1.235968963936170360e-08
2.128036270066288280e-07,2.621927748418449744e-08
-2.116027613473281618e-06,2.454381118308964232e-06
-2.328189699434189524e-06,2.759716531139612584e-06
-3.322625501742974347e-06,-1.361355235125911800e-06
-3.697381018266959717e-06,-1.468185157938988566e-06
2.481617798443986893e-07,-3.687536407708323137e-06
2.290634086294860232e-07,-4.052514827008211405e-06
3.208700779891515570e-06,-7.774418910810230252e-07
3.546637655342988168e-06,-9.001925999283602009e-07
1.808234135572883273e-06,2.524724726688625355e-06
2.014089479010271936e-06,2.798278954665825129e-06
3.418193130270570708e-06,-1.275990263853712524e-06
3.082928526301003414e-06,-1.172396453417573201e-06
-1.995656383262771298e-06,3.007387683475436309e-06
-1.759984226610034232e-06,2.709996926443001580e-06
-1.669787243163861889e-07,-4.049271471969181753e-06
-1.806334722752314367e-07,-3.689009990499352803e-06
-3.833514990712782642e-06,-1.063243808754065503e-06
-3.463273404636471596e-06,-9.231950085192691065e-07
2.327847840931821239e-06,2.571169916996943989e-06
2.131726610423321261e-06,2.289342343140903309e-06
-6.835027645621879374e-11,2.030295190376841263e-08
1.485361392669780902e-07,3.618215878605804647e-08
-1.568275122569398045e-07,4.085620259189445496e-07
-1.920802332107172680e-07,2.484332995622173358e-07
-3.610277205611483545e-07,2.635542702301584183e-07
-9.787185676931892994e-08,-6.671154171987959384e-07
6.140094800323990599e-08,-5.268407010052480306e-07
2.170446315131142759e-07,-6.650524004854961113e-07
6.392468950833782403e-07,-2.458260998363673290e-07
5.767314640098307903e-07,-9.982335803919419462e-08
7.093137109643415062e-07,-2.224481631060373516e-08
6.098090168244886986e-07,3.234279224672527132e-07
4.519806899361958300e-07,3.098745291972705050e-07
4.158111946594584068e-07,4.645625020568288655e-07
-4.952497212781404055e-07,-2.517612205217415485e-08
-3.310890719228676486e-07,-1.207352427940562310e-07
-4.083147010913473031e-07,-2.980770242059237521e-07
2.921819463575022509e-07,9.222099163987540580e-08
2.263180587083403819e-07,9.139375552324331611e-08
-3.372982600995763569e-08,4.976930873982634897e-08
2.617355155023085549e-09,5.184897498240202884e-08
-1.036269193303195985e-08,7.017863775511959001e-09
-2.268967419913157821e-08,1.555231752617454513e-08
3.310686694310532158e-07,1.738214234956546014e-08
3.262193241844127328e-07,9.276996673547850822e-09
-3.214740034958079460e-06,-3.134596165789982296e-06
-3.340482627503328377e-06,-2.970546983193657191e-06
-3.360943704756982771e-06,-3.123710553227358789e-06
2.801033456660250508e-06,-3.126275456564175129e-06
2.971109884541091936e-06,-3.110790988558706593e-06
2.948169529325992806e-06,-2.927736346166493077e-06
-3.093194657631644200e-06,-3.275152240203135833e-06
-3.095310052188886095e-06,-3.412634849804803531e-06
-2.959428819383893995e-06,-3.408089062293337626e-06
2.662304456349573013e-06,-3.295431201078643017e-06
2.515417218820422217e-06,-3.452830990599824449e-06
2.664373022610872570e-06,-3.455062039536239414e-06
3.086718654902733552e-06,-2.721874619034984665e-06
3.271134678414967918e-06,-2.682356922195762176e-06
3.226207071081751436e-06,-2.482995055234164529e-06
-3.457344006343728181e-06,-2.799502086226221527e-06
-3.574666452778827009e-06,-2.597686563571964281e-06
-3.615072256476723764e-06,-2.767923536394932964e-06
-3.896796684493099299e-08,2.083144384231823811e-08
-4.618125046099360059e-08,3.101301383956332303e-08
3.419420678392763858e-07,2.121033841946765073e-08
3.486244958575114937e-07,2.890800787877803690e-08
-2.831072846441734305e-06,-3.525038098732200744e-06
-2.819105845532490821e-06,-3.651382888597804161e-06
-2.689827623146015774e-06,-3.635214178569860811e-06
2.381374177139253917e-06,-3.587227593838125732e-06
2.242645904871768849e-06,-3.709162132248917420e-06
2.369364688630452493e-06,-3.722555864851455446e-06
3.357150128366320312e-06,-2.243024515189848086e-06
3.539126190091567707e-06,-2.202178853258721673e-06
3.474937403185026528e-06,-1.997296003300437852e-06
-3.685682493367508587e-06,-2.389742999330746020e-06
-3.786814255156850638e-06,-2.169423691016303268e-06
-3.847757794931401482e-06,-2.355181593056620717e-06
-2.549846782575676843e-06,-3.734350101961423397e-06
-2.537611097285033766e-06,-3.850077824667039098e-06
-2.407116691848492264e-06,-3.822822933067717029e-06
2.114036452399122021e-06,-3.813554645269999283e-06
1.991683520436493721e-06,-3.901919067512918782e-06
2.103365747486842773e-06,-3.923386183838379612e-06
2.973862845014490853e-06,2.452746210830737257e-06
3.129265788385068625e-06,2.306795254004842513e-06
3.136234201538407611e-06,2.466366747678558075e-06
-3.035861194231460294e-06,2.612896480900588241e-06
-3.225188940153289838e-06,2.627447475278919888e-06
-3.218842069323005457e-06,2.441043380299326864e-06
2.863442942982786178e-06,-6.563048466595578448e-07
2.973839507522140402e-06,-9.168113435374593621e-07
2.735130394707014385e-06,-1.059090106941343558e-06
-1.887543848119748603e-06,2.137610881414906021e-06
-1.822514710068103479e-06,2.427161896842760175e-06
-1.521586227891779878e-06,2.400305896065349776e-06
2.627834213159126339e-07,-3.301164154488406009e-06
3.540775424502947540e-08,-3.499004693000740580e-06
-1.886821100213793733e-07,-3.302912030150722716e-06
-2.925779263134510802e-06,-1.240237386682256333e-06
-3.199388398088272979e-06,-1.077969787686726541e-06
-3.072818458327399702e-06,-7.825500473074859709e-07
1.601249167191428352e-06,2.242491638189771033e-06
1.867839839496623808e-06,2.265808633402774174e-06
1.928394041440078422e-06,2.004348025540787398e-06
2.232183231583611036e-06,-3.959492619930530456e-06
2.104531653674288492e-06,-4.041786615825793847e-06
-2.679098991137364757e-06,-3.890525864333165239e-06
-2.538914089159316440e-06,-3.982056182690854509e-06
3.150141801376768763e-06,2.667408494367739113e-06
3.294020400699369720e-06,2.507174214388571451e-06
-3.238455389666389465e-06,2.856697742087443624e-06
-3.412352400506381552e-06,2.674171960013483586e-06
2.252988254872705483e-06,2.796964207282538362e-06
-2.247628674864832416e-06,3.003999544187253567e-06
-3.922640977411010273e-06,-2.539111995896713932e-06
-4.037968885541971303e-06,-2.328411808266195426e-06
3.621423314822758508e-06,-2.410918802469616970e-06
3.746144199341729875e-06,-2.170180701280125412e-06
2.524831344354092107e-06,-3.742171375298587124e-06
2.376859158525117579e-06,-3.854560188503863809e-06
-2.969305942393765131e-06,-3.671958823580686380e-06
-2.827152631776393810e-06,-3.781348045239676248e-06
1.714868106072558709e-07,1.102945695455558500e-07
1.945823121648176910e-07,6.378353309408501573e-08
1.761050457954101740e-09,3.635495695550289079e-08
5.950331752699148454e-09,6.805605781897711736e-08
-3.657322867901170376e-06,-2.943794558635270517e-06
-3.787531642436097410e-06,-2.751312419060166098e-06
3.319024780207687402e-06,-2.891032813392826625e-06
3.469649052394848907e-06,-2.660470663802051020e-06
2.837279792581045007e-06,-3.461098244767156654e-06
2.678672990974469409e-06,-3.607720682153877564e-06
-3.248065468481359472e-06,-3.419997735173255734e-06
-3.109258267857154512e-06,-3.548426180474273948e-06
-1.651458237486509258e-06,1.818877055778963212e-06
-1.412929268370533218e-06,1.505701814504624172e-06
-1.349331672770005945e-06,1.791873621474803336e-06
-1.284013147049051521e-06,2.082902362299812277e-06
-1.052318064851607091e-06,1.764744264712235775e-06
1.827468320074339779e-06,-3.202810864513244879e-07
1.505469620058003484e-06,-2.250134371007863873e-07
1.604232440785055516e-06,-4.533133736893651564e-07
1.707427282820528887e-06,-6.971157228961289134e-07
1.393753712265888422e-06,-5.763598894905511657e-07
1.396642189146718962e-06,1.957550701342885612e-06
1.198121145851157953e-06,1.674912420230446746e-06
1.456969886844472379e-06,1.698007491316075056e-06
1.721739289849541514e-06,1.720945137866455045e-06
1.515299758381168524e-06,1.444093740687911479e-06
-1.274757559140810122e-07,-9.725982035558466907e-07
-1.513546727058374741e-07,-1.317445817457245274e-06
5.472535513999786958e-08,-1.137262291372546908e-06
-7.784944974411237333e-07,-8.663564694947559542e-08
-1.106463601779912901e-06,-1.690269449656112377e-07
-8.765819879126064130e-07,-3.047302215076192855e-07
2.401385867062490677e-07,-9.709567166402808927e-07
2.576072423601489226e-07,-1.315816602935989454e-06
-6.715712490200708183e-07,-4.209900907035897924e-07
-9.833439282043052709e-07,-5.530916525881575981e-07
2.040246236280895580e-06,-8.193239467691010202e-07
-7.335782671397102448e-07,6.685840917510918935e-07
-9.489286013191390604e-07,9.237186017980977062e-07
-1.897905887524638855e-07,-2.492969790313810455e-06
-1.824240017914079196e-07,-2.086881127522572869e-06
1.206988692031852783e-06,-1.420150852392893839e-07
6.734586339038615136e-07,8.894030254715493544e-07
8.331647662430561121e-07,1.136081267008387886e-06
-2.260080777416651495e-06,-5.096462904772325001e-07
-1.857055962326830519e-06,-3.837435843384939514e-07
4.830809113229628014e-08,-1.885419436995184697e-06
-1.696423276759909221e-07,-1.691986412078959677e-06
5.332880551325286988e-07,6.640553535296914807e-07
-1.177055040917122052e-06,1.205020831775156243e-06
1.065732629148958270e-06,1.157576030347965388e-06
1.009161248671064651e-06,1.399486947985645955e-06
-1.588828071067622251e-06,-5.426091402984744161e-07
-1.469258832570055305e-06,-2.691350665555237349e-07
-5.359672801406202087e-07,4.463086677288962160e-07
-2.668596172795788980e-06,-6.436427857808319782e-07
-8.932247224512487329e-07,1.180147268225044033e-06
2.385128677261082225e-06,-9.407128550443934114e-07
9.391945056999603051e-07,-7.364135235265230478e-08
-1.918383163548144602e-07,-2.901251341189615588e-06
2.694715252875932190e-07,-1.690345353030828634e-06
-1.333757021688947264e-06,-6.911766139421881205e-07
1.312683722656184117e-06,1.178620595636551708e-06
7.626336091300470424e-07,4.971818854201973927e-07
2.758269126455220329e-07,-2.085239775174177854e-06
-2.846894828260233709e-07,6.257811012567311925e-07
-1.712969430251473510e-06,-8.320732001465201031e-07
-2.518664684928371324e-06,-1.109706181216725469e-06
-8.315899294675444035e-07,1.453020418074337787e-06
2.723940883417722608e-07,-2.899607250870278905e-06
1.117412911433265210e-06,9.292489396170059059e-07
2.513577198044099539e-06,-5.382549015044389139e-07
8.524532356585410865e-07,-3.483897098014115026e-07
-4.944470909717481884e-07,6.476672531452814664e-07
7.218776607704764002e-07,6.826894251843072879e-07
2.767685275947056569e-07,-2.491332203348321341e-06
-2.111185522923443368e-06,-9.726274655560735406e-07
9.329359554516349821e-07,7.005959727029113632e-07
-6.268193210218676073e-07,1.154717620120014724e-06
2.165865982802979969e-06,-4.254742599636735153e-07
2.274756022017608271e-06,-6.804873001809802097e-07
1.106366979025058702e-06,-4.593482772651249559e-07
-2.389115499056815714e-06,-8.087549925481975949e-07
-4.429112322075470099e-07,8.767136667929847584e-07
4.188546498013008293e-08,-2.696718245864638060e-06
1.019067501353287562e-06,-2.535321760571068818e-07
-3.385409489053470044e-06,-3.275084794399348819e-06
-3.520298197564067312e-06,-3.118451225556381928e-06
2.998216914055152107e-06,-3.290229197827513703e-06
3.157749184006659764e-06,-3.101971065610838737e-06
1.066277270708111960e-07,-3.772981714236485641e-08
3.534450046495101719e-07,-1.675778076178065566e-08
-5.390789436908643555e-08,-2.356180422995732852e-08
3.594024379063410416e-06,-1.133142024486301074e-06
-3.884136531529004541e-06,-1.314444310011024214e-06
7.609593965258333805e-08,-1.793163919859423054e-07
-3.029229556153435406e-10,-1.131342605864489943e-07
1.444358804062064275e-07,-1.360353508420229716e-07
3.249487048949004916e-08,-4.168693914229732433e-06
1.327844010255703151e-07,-9.033954849577194601e-08
4.474297036666441901e-08,-5.530244551200732322e-08
