Size 899,2
0.000000000000000000e+00,0.000000000000000000e+00
0.000000000000000000e+00,0.000000000000000000e+00
2.406211683911290920e-08,-4.561776898166715506e-06
-1.881321502798078000e-07,4.007334001749235092e-06
1.919447949181414787e-07,-1.510604104446406638e-07
3.133121208281655582e-07,-6.812731455519107983e-08
3.805412961382520636e-07,-3.990995454702063487e-06
3.312394356856683302e-06,-1.425897068633126140e-06
3.439442711374533597e-07,3.923828189117731068e-08
3.436272951445233508e-07,2.053386086318057704e-08
3.554707395387179891e-06,-7.359500864583758135e-07
2.419019853250977094e-06,2.431661798155126529e-06
1.909852808828035944e-07,1.381682410314536396e-07
1.356830770674298274e-08,8.245697335291023222e-08
1.837658215846971897e-06,2.853308598200077144e-06
-1.826841804709383156e-06,3.063998846073893947e-06
-7.560307072725459513e-08,5.972752520663074735e-09
-6.476664430118766358e-08,4.396992902021001738e-08
-2.432927204315866246e-06,2.607441108437226817e-06
-3.836081953272502854e-06,-8.854383861599397667e-07
-2.727806481729306630e-08,-8.281528447535008767e-08
-5.907742547636689587e-08,-1.174911539887639152e-07
-3.585602436705007090e-06,-1.614863577358320455e-06
-3.297202055239244139e-07,-3.984035598422076576e-06
1.309085630631643329e-07,0.000000000000000000e+00
2.074802268864497859e-07,0.000000000000000000e+00
2.508225120517417210e-07,0.000000000000000000e+00
2.740936253507827690e-07,0.000000000000000000e+00
2.817176648084819439e-07,0.000000000000000000e+00
2.953982070466499879e-07,0.000000000000000000e+00
3.109030283887470256e-07,0.000000000000000000e+00
3.125426164318660793e-07,0.000000000000000000e+00
3.024259580165514382e-07,0.000000000000000000e+00
2.782932878362965380e-07,0.000000000000000000e+00
2.212929114048545542e-07,0.000000000000000000e+00
1.506162639942611747e-07,0.000000000000000000e+00
8.103431469556198637e-08,0.000000000000000000e+00
0.000000000000000000e+00,0.000000000000000000e+00
0.000000000000000000e+00,0.000000000000000000e+00
0.000000000000000000e+00,0.000000000000000000e+00
0.000000000000000000e+00,0.000000000000000000e+00
0.000000000000000000e+00,0.000000000000000000e+00
0.000000000000000000e+00,0.000000000000000000e+00
0.000000000000000000e+00,0.000000000000000000e+00
0.000000000000000000e+00,0.000000000000000000e+00
0.000000000000000000e+00,0.000000000000000000e+00
0.000000000000000000e+00,0.000000000000000000e+00
0.000000000000000000e+00,0.000000000000000000e+00
0.000000000000000000e+00,0.000000000000000000e+00
0.000000000000000000e+00,0.000000000000000000e+00
3.012333150213535544e-07,-4.536378803945229231e-06
5.539116697774839000e-07,-4.487471839280643021e-06
7.638493552552465927e-07,-4.435466593931511330e-06
9.524768086781201032e-07,-4.380292771754316241e-06
1.123395966516723230e-06,-4.323265605467661533e-06
1.279846713095919655e-06,-4.264860546000774456e-06
1.425821768258747124e-06,-4.204996971982261437e-06
1.564134985064900877e-06,-4.143184570822261602e-06
1.697848337665649076e-06,-4.078504726943056404e-06
1.829496574685396698e-06,-4.009750661051436696e-06
1.961577798993875557e-06,-3.936058443679839250e-06
2.096014650455068788e-06,-3.855847047426146176e-06
2.234980498327587000e-06,-3.766085237346617267e-06
2.378630581713420966e-06,-3.664804561569631743e-06
2.527613298645905727e-06,-3.549684584299565548e-06
2.681031682389284676e-06,-3.418910666963200909e-06
2.838238670820187590e-06,-3.270703368473006723e-06
2.997304489277839258e-06,-3.104062216234232782e-06
3.156466653329285146e-06,-2.918035168168936424e-06
3.313138371301689049e-06,-2.712845135842971455e-06
3.464691114856236597e-06,-2.488781340674102561e-06
3.608250871793448389e-06,-2.247661941623921926e-06
3.741527083344621892e-06,-1.990581679497479156e-06
3.860941096514961046e-06,-1.720390663176074841e-06
3.962974506033347326e-06,-1.438649894868766351e-06
4.039102197043283628e-06,-1.153729626598701484e-06
4.090486760520642660e-06,-8.798803047354303800e-07
4.117730601288247770e-06,-6.295547790222518142e-07
4.131375503472194318e-06,-4.088885935639770178e-07
4.135064804527238444e-06,-2.091738908677884992e-07
4.131017209686513410e-06,-2.653000374810233885e-08
4.120815969483681448e-06,1.413045664553743830e-07
4.105679451362269667e-06,2.975617479474453250e-07
4.086358518926701520e-06,4.445446001586545049e-07
4.063213896204154340e-06,5.850774372437844622e-07
4.036258877959681992e-06,7.213078351112693446e-07
4.005154244604942286e-06,8.554913843577675368e-07
3.969318891346696803e-06,9.894440036188137501e-07
3.927902636318911234e-06,1.124745429146792238e-06
3.879901793105275978e-06,1.262757430747896589e-06
3.824156976873839371e-06,1.404334529799427413e-06
3.759426265744180534e-06,1.550319266594234282e-06
3.684443297202637040e-06,1.700847932944149407e-06
3.597905167929949108e-06,1.856276595536150924e-06
3.498501504460057472e-06,2.016477527587612157e-06
3.384229426340822287e-06,2.182727893839154844e-06
3.258064019352802576e-06,2.356765495511316431e-06
3.112276544107013167e-06,2.537057141406484004e-06
2.943307138527157841e-06,2.724287682220946328e-06
2.750913993532644850e-06,2.913127044224062619e-06
2.531301855309761505e-06,3.098150868546203172e-06
2.293711812021367066e-06,3.265441622380398795e-06
2.050111567631379416e-06,3.412810381809317565e-06
1.808332743502244578e-06,3.539539566172187302e-06
1.572523301519095154e-06,3.648088488336251771e-06
1.342646396433298246e-06,3.739712435295503391e-06
1.119634394800100419e-06,3.815424843235813490e-06
9.051010951169204840e-07,3.876267190943470446e-06
6.995090519222447550e-07,3.923597069465209411e-06
5.037449509023898782e-07,3.958779650409683351e-06
3.175135415307050746e-07,3.983325445876932703e-06
1.408235353263782306e-07,3.998682544784378483e-06
-2.741368125443781569e-08,4.006261153046839316e-06
-3.430250620626315776e-07,4.002500026759069524e-06
-4.936265586307058296e-07,3.992118909738131776e-06
-6.419280108047385929e-07,3.976652804324600685e-06
-7.901013860248740880e-07,3.956215073918087431e-06
-9.405191149903392977e-07,3.930463258598610272e-06
-1.095915259995185723e-06,3.898608872438933564e-06
-1.258738200462038462e-06,3.859378753630804239e-06
-1.432008320221106003e-06,3.810954733608350953e-06
-1.617922474590743858e-06,3.751100670062143486e-06
-1.819956845273559021e-06,3.676853760294601321e-06
-2.045473809803050667e-06,3.583178714101561714e-06
-2.291597350258265138e-06,3.460584272310744275e-06
-2.548563984080008454e-06,3.308499531218411951e-06
-2.795173346358615138e-06,3.124912428905095482e-06
-3.020201212754274854e-06,2.926901265910374197e-06
-3.223439024257332021e-06,2.721942591669507715e-06
-3.403431373754809781e-06,2.516711766061748373e-06
-3.561136841995811961e-06,2.313045209452146731e-06
-3.704168997738956330e-06,2.114729968609739765e-06
-3.828601886787661368e-06,1.921478285613907931e-06
-3.936134399070934190e-06,1.733279828337687768e-06
-4.027983049579461211e-06,1.551473262285340713e-06
-4.105646175076590012e-06,1.376444900092298106e-06
-4.170698427656487859e-06,1.208897643761223856e-06
-4.224869090308697227e-06,1.048297983645330446e-06
-4.269851112282688868e-06,8.941947762381411449e-07
-4.307247427744565059e-06,7.451152806825357826e-07
-4.338491704966720847e-06,5.994517296587314446e-07
-4.364714983983719226e-06,4.549264744869855314e-07
-4.386738914396407386e-06,3.088897670978706439e-07
-4.404927089324446090e-06,1.584966816457614554e-07
-4.419191478710601962e-06,2.761271246052542334e-10
-4.428913130301399783e-06,-1.688611185285337860e-07
-4.432885407223377464e-06,-3.529013831656122832e-07
-4.429409484057398755e-06,-5.548267262050017009e-07
-4.416039685427985007e-06,-7.793832321919563596e-07
-4.388486084323551677e-06,-1.038107993934634307e-06
-4.333370490402880404e-06,-1.323043790161477201e-06
-4.247070645123006644e-06,-1.616623592262556642e-06
-4.132243916839407606e-06,-1.895681292937849087e-06
-4.005454778098163586e-06,-2.145315049506163049e-06
-3.873563996928545371e-06,-2.372934540576207832e-06
-3.740235624423170720e-06,-2.578983554205316608e-06
-3.605336509262627017e-06,-2.766816043732943739e-06
-3.470118377984561970e-06,-2.937136786610093310e-06
-3.335213955604669893e-06,-3.092031853182239171e-06
-3.201011630440737055e-06,-3.233227501494891641e-06
-3.067089400035027689e-06,-3.362904082727148782e-06
-2.932983207959077919e-06,-3.482944787147349937e-06
-2.797495152055425700e-06,-3.595226355409916830e-06
-2.659346050194012968e-06,-3.701368224904132893e-06
-2.516924361663559422e-06,-3.802682040428858390e-06
-2.368159666371870391e-06,-3.900548637307968795e-06
-2.210896126209270508e-06,-3.995920519590135200e-06
-2.043841332053990969e-06,-4.084867796852706501e-06
-1.866027782702882751e-06,-4.169420329261793106e-06
-1.677085969286262864e-06,-4.248940902955464624e-06
-1.475780210312191269e-06,-4.322717488370283886e-06
-1.261560081137542538e-06,-4.389790595122334180e-06
-1.033469161165483745e-06,-4.448914314510560038e-06
-7.916139710388673089e-07,-4.498676279498634580e-06
-5.360318286794272325e-07,-4.537362715378759592e-06
-2.588537219438579353e-07,-4.562935393341724357e-06
2.290137856565473104e-07,-1.323684741480558370e-07
2.702507549773310297e-07,-1.040856789620528810e-07
2.980661981665713524e-07,-7.473751305698924777e-08
3.125530412974247630e-07,-5.325938264222545949e-08
3.187905297626382614e-07,-4.591545244596099685e-08
3.804523371725245732e-07,-1.754178724452575083e-07
4.997588063917663233e-07,-2.867576576898354700e-07
6.689673379610952135e-07,-4.046950946931715385e-07
8.813157697251470876e-07,-5.274530868485019134e-07
1.129936277765500057e-06,-6.529037664668383237e-07
1.407998889980830697e-06,-7.788968804370187921e-07
1.708724374985659155e-06,-9.032915125713432208e-07
2.025381100793530708e-06,-1.023964879164258994e-06
2.351341880417855885e-06,-1.138828508064064995e-06
2.680201302453172410e-06,-1.245708978655088029e-06
3.002992605875234114e-06,-1.340947056337605695e-06
3.210406811488275992e-06,-1.676712576000249727e-06
3.099458385571538717e-06,-1.924135438408821661e-06
2.982733425720418315e-06,-2.160719377148931478e-06
2.861568294456109268e-06,-2.383558862482043901e-06
2.737150182659139593e-06,-2.591461138271498985e-06
2.611515267464081210e-06,-2.782774043354270502e-06
2.485522773419333493e-06,-2.957493856341593359e-06
2.360744998106552166e-06,-3.114964043505767122e-06
2.237472582889338040e-06,-3.256193712202710133e-06
2.116480026401301074e-06,-3.381281707137480176e-06
1.997205131127269024e-06,-3.491694785300354913e-06
1.879400734657473614e-06,-3.588266375925461543e-06
1.761841760684247493e-06,-3.672070679544917054e-06
1.642394574261216015e-06,-3.744285221884044000e-06
1.520086805689124147e-06,-3.806304776941085207e-06
1.392370744284545861e-06,-3.859772860126424853e-06
1.257109341315526235e-06,-3.904865905234860181e-06
1.112041667142938672e-06,-3.941534936284558147e-06
9.539480263517448591e-07,-3.969382504837869443e-06
7.803549229752383026e-07,-3.987590237810932192e-06
5.869154668912551953e-07,-3.994724459130787765e-06
4.235687194374025058e-07,-3.655216079439293892e-06
4.538128172185030144e-07,-3.302509498213467631e-06
4.742137645634760202e-07,-2.931592605081712615e-06
4.848210227124650590e-07,-2.550034149735557734e-06
4.854070147172344370e-07,-2.166072670150754994e-06
4.757954737439560803e-07,-1.788224255060063196e-06
4.558023117583940304e-07,-1.425121858088378579e-06
4.252466340253269653e-07,-1.085554351841558504e-06
3.839527681088748912e-07,-7.783576084997876561e-07
3.314928716991431100e-07,-5.124190821023395104e-07
2.665796259268743375e-07,-3.002580973430739090e-07
3.258532543423688854e-07,1.358932055606383664e-08
3.251938108083615711e-07,4.575577096595435377e-09
3.267288680695278901e-07,2.869450098103428176e-09
3.303750871303609017e-07,5.252624213956608296e-09
3.352075281478895982e-07,1.301885509211212391e-08
4.633903462407673220e-07,8.104359855294987616e-08
5.969054099580989630e-07,1.792512878472908989e-07
7.478787631347232473e-07,3.124285717852863136e-07
9.142617053190277332e-07,4.770254428613935573e-07
1.093064401859691536e-06,6.691735096495594177e-07
1.281119958950034992e-06,8.847566310806338284e-07
1.475195967836551294e-06,1.119576934021080340e-06
1.671984822767254556e-06,1.369338669276429567e-06
1.868092042270080151e-06,1.629633633023307976e-06
2.060118426580077923e-06,1.896028870115486003e-06
2.244069701676704710e-06,2.163672079764750654e-06
2.612093991209344468e-06,2.288849815416946861e-06
2.789125149797604519e-06,2.143314541539835698e-06
2.947204885932402181e-06,2.000618710360588129e-06
3.088367459941234188e-06,1.860348628719523577e-06
3.206793047877309107e-06,1.723601969449698419e-06
3.312233975993404397e-06,1.588254011052959083e-06
3.404860201141938738e-06,1.455792222565116932e-06
3.485533284744069268e-06,1.325879148988341592e-06
3.554948245159312113e-06,1.198712644419717293e-06
3.613934618870941549e-06,1.073490587561087142e-06
3.663121214172901664e-06,9.497741799861228835e-07
3.703099291590631662e-06,8.263798701257685873e-07
3.734246641657813690e-06,7.022008875940772144e-07
3.756759237526558048e-06,5.757551751935708338e-07
3.770578581475958473e-06,4.452908639693774790e-07
3.775366378073301491e-06,3.091627248091971817e-07
3.770450212288641265e-06,1.650527823755917654e-07
3.754850532967098974e-06,1.133397199368936643e-08
3.727129125781174811e-06,-1.547436317377310587e-07
3.685614783221188962e-06,-3.345506666100171626e-07
3.628138586525647512e-06,-5.306389775117605650e-07
3.240484252731440249e-06,-6.059276754799678415e-07
2.921961728829483499e-06,-4.859268787939131437e-07
2.596009195738813273e-06,-3.715216745913947163e-07
2.267465405319182418e-06,-2.647502273535492902e-07
1.942947673193624631e-06,-1.679736577783762341e-07
1.629184770195367116e-06,-8.342666281236799285e-08
1.332870729792302543e-06,-1.334114726581031823e-08
1.060744579588016726e-06,4.003155350214512319e-08
8.195910242919082045e-07,7.441877386308354329e-08
6.162310723519174972e-07,8.749301283452171992e-08
4.574561042267960067e-07,7.666825714352839741e-08
1.466469174713212591e-07,1.366244714715060857e-07
8.994768738057502198e-08,1.325599904397239534e-07
4.020690350860608436e-08,1.163236516515178323e-07
5.881869557320437515e-09,9.403457945471829818e-08
-6.864936086645798983e-10,7.501638138817197966e-08
1.818102526221669474e-08,2.020829285702219190e-07
-2.039262863274797467e-08,3.645670541142166709e-07
-9.909966425136936806e-08,5.658730232217989967e-07
-2.121660896907614572e-07,7.990939707459290223e-07
-3.552160721470702436e-07,1.058190294522211729e-06
-5.238715177046904260e-07,1.336884688424855000e-06
-7.136590173936754304e-07,1.628761606126689272e-06
-9.200326036578823172e-07,1.927302089941886675e-06
-1.138334208366280519e-06,2.225817729502234398e-06
-1.363780769384918225e-06,2.517674073207414992e-06
-1.592049748535943796e-06,2.796889625329643428e-06
-1.654317533989148722e-06,3.198250616648952122e-06
-1.483035363518177578e-06,3.313697180915402979e-06
-1.321942006729286806e-06,3.408441565269252033e-06
-1.169063670155980786e-06,3.485181993212772884e-06
-1.023336573988646281e-06,3.546116051009151041e-06
-8.822496041105176247e-07,3.593381739271926496e-06
-7.442648428045788721e-07,3.628499764902024084e-06
-6.071843221008257953e-07,3.652720205061281255e-06
-4.693220995412428439e-07,3.666848466667140973e-06
-3.290312832251860624e-07,3.671368285827248539e-06
-1.847896289027699415e-07,3.666446875870023174e-06
-3.558906334643460813e-08,3.651931895672814685e-06
1.200626179594796628e-07,3.627432580572790585e-06
2.827047121883586375e-07,3.592439669439782805e-06
4.533759061067865811e-07,3.546251076653451422e-06
6.317752741311069548e-07,3.488174766702957365e-06
8.183223875936419439e-07,3.417359327039765699e-06
1.011983339415164969e-06,3.333160559247624880e-06
1.212561377031047164e-06,3.234806980319133900e-06
1.418438698808724429e-06,3.121920324799382000e-06
1.628642855204570829e-06,2.994152783323435287e-06
1.639392512380149311e-06,2.603189671761843697e-06
1.442924411190072624e-06,2.345142387141580205e-06
1.249746274889080736e-06,2.079541880415449374e-06
1.063544009060456491e-06,1.811977681197730956e-06
8.874930502908631344e-07,1.547086125762561466e-06
7.247330970319672515e-07,1.289451265033759377e-06
5.783281416807308899e-07,1.043546781613638121e-06
4.512656023528410218e-07,8.137437238744992993e-07
3.464589489998453562e-07,6.042998850568531537e-07
2.668395170054929763e-07,4.194186291760123704e-07
2.159406862711474096e-07,2.642061485094617414e-07
-4.954570858409731592e-08,1.915435611284827222e-08
-4.179574661331001216e-08,1.767792736767363068e-08
-4.011683102648832521e-08,1.333339619471932686e-08
-4.130362096118848591e-08,9.613663322314759866e-09
-4.322158841787337721e-08,1.558595319615474806e-08
-2.059941868478424175e-07,9.285726021083351417e-08
-4.023534243010862049e-07,1.085539341753417023e-07
-6.530238630067648196e-07,9.396544131517401760e-08
-9.486885121261326910e-07,5.243061909112847218e-08
-1.279986774074945382e-06,-1.289826198360348683e-08
-1.637632636581431381e-06,-9.893358726741313390e-08
-2.012389139909297581e-06,-2.026124751873041745e-07
-2.395064717831600396e-06,-3.208907118080139462e-07
-2.776445770967916002e-06,-4.507264213845088601e-07
-3.147453129264320077e-06,-5.890011658080953564e-07
-3.499885780290694322e-06,-7.328236040367985697e-07
-3.913080007405616831e-06,-6.785870655695099452e-07
-3.973716076722107489e-06,-4.796987444191033632e-07
-4.017209921352993505e-06,-2.980942602605269388e-07
-4.045762058586509845e-06,-1.307635032125891390e-07
-4.061065661242028459e-06,2.426407823610265835e-08
-4.064525819404150297e-06,1.703316069039278257e-07
-4.057016588440094502e-06,3.097392438545511850e-07
-4.039041164151578692e-06,4.452662734411866356e-07
-4.010705187445729764e-06,5.791816472911441973e-07
-3.971812952871613211e-06,7.134640118100252595e-07
-3.921870709957590265e-06,8.500501860427091529e-07
-3.860258382165232549e-06,9.899727417722777966e-07
-3.786130509788179062e-06,1.134603861898160106e-06
-3.698753953428084307e-06,1.283990770825137661e-06
-3.597231429124297030e-06,1.438798834159601440e-06
-3.481038277032376185e-06,1.598162872563796989e-06
-3.349590766721253046e-06,1.761945727685714234e-06
-3.203287589646861355e-06,1.927808556249335270e-06
-3.032910375214296214e-06,2.097078779726074948e-06
-2.846669574217106141e-06,2.268223384320387100e-06
-2.644506246137749417e-06,2.440419111303778562e-06
-2.249966440555626376e-06,2.321067735606451086e-06
-2.050802093948818980e-06,2.024718920491888855e-06
-1.835669598544023742e-06,1.724940405699316039e-06
-1.611899795586700943e-06,1.430325059063219621e-06
-1.384422831936482542e-06,1.147188902821397685e-06
-1.158079922415205373e-06,8.819378632422356454e-07
-9.376602587214274667e-07,6.409120556280822125e-07
-7.278800543654736610e-07,4.303522240222541030e-07
-5.334024533021430609e-07,2.564447760811786310e-07
-3.588778212437862252e-07,1.252522027010847305e-07
-2.079888082047340462e-07,4.155010454361396473e-08
-3.779601338255115179e-08,-5.080401133723770725e-08
-3.819297480811780017e-08,-4.975687986162902357e-08
-3.583944294632699607e-08,-5.755159636256747183e-08
-3.378717687017446301e-08,-7.379596588970258926e-08
-3.586280661784479662e-08,-9.115138971817039881e-08
-1.475378980616281663e-07,-2.984602550696928243e-07
-2.161875875201380917e-07,-5.164598412243642701e-07
-2.743795190534608035e-07,-7.816132790214810255e-07
-3.217757563387940385e-07,-1.088621377453596078e-06
-3.583896762203368916e-07,-1.428206290456048141e-06
-3.844295386499406362e-07,-1.791314516774180108e-06
-4.000887178313088221e-07,-2.169160641137382999e-06
-4.055550961605277106e-07,-2.553118640254174283e-06
-4.010121897978972693e-07,-2.934733868570026992e-06
-3.865768666987279849e-07,-3.305764558628710357e-06
-3.620594016806466111e-07,-3.656252029709479867e-06
-5.702748999638079472e-07,-3.976750259006978563e-06
-8.070089239632132921e-07,-3.959623522915399253e-06
-1.031211192864209627e-06,-3.932077522036434699e-06
-1.243112758250506094e-06,-3.894931536424041439e-06
-1.442356706023432129e-06,-3.848894830766929671e-06
-1.629812007284233640e-06,-3.794562952723879360e-06
-1.805769632074742073e-06,-3.732376525110014666e-06
-1.971717189313125737e-06,-3.662473160657278641e-06
-2.126707350348313168e-06,-3.588949534630335625e-06
-2.272194026739465440e-06,-3.507297995544406603e-06
-2.409037924327205933e-06,-3.417876599127254684e-06
-2.538369559686099996e-06,-3.319875154374173889e-06
-2.661540626962835099e-06,-3.212299959703807400e-06
-2.779730057660385338e-06,-3.093846656438981362e-06
-2.893701600041008476e-06,-2.963418596338332473e-06
-3.004281342914569482e-06,-2.819282595644550059e-06
-3.111479631178687210e-06,-2.660448650328982571e-06
-3.215685396423355900e-06,-2.485107167067563997e-06
-3.316058354552352958e-06,-2.292700310667592136e-06
-3.412498474497291893e-06,-2.081576690147532433e-06
-3.504454617185411366e-06,-1.852659695768766547e-06
-3.239008909986390041e-06,-1.538027313969658128e-06
-2.873004667735033539e-06,-1.444205773107571231e-06
-2.492905354722858375e-06,-1.332855268327855880e-06
-2.109786407388471370e-06,-1.208329816036550413e-06
-1.732554689558675194e-06,-1.073585975339178704e-06
-1.370354916435919555e-06,-9.315353655763238216e-07
-1.032415756969516280e-06,-7.851132942807775039e-07
-7.280147761695337296e-07,-6.372719106592582183e-07
-4.664776857319020043e-07,-4.909708933627898413e-07
-2.571301734592358720e-07,-3.491150708515050187e-07
-1.092394048548794761e-07,-2.140658265300798193e-07
-8.336783433026336316e-08,1.074512912562810122e-07
6.128697076512539909e-08,-2.810953409659771578e-07
3.324495610728981814e-07,1.610331255909587013e-07
4.025957784658714589e-07,-4.417645038491933537e-08
-1.371686791983601633e-07,-5.453891848140913396e-08
-1.925783570964375555e-06,2.563672523670571076e-06
3.125876277269784471e-06,-9.763400614891901434e-07
3.066042846508144778e-08,-3.664526749692545749e-06
-3.377506952678050802e-06,-1.139339178836189727e-06
1.943976034789746449e-06,2.386299238532357152e-06
2.401529907057593230e-07,3.988940845132716435e-08
-1.030764306943413031e-08,1.848947567800976614e-08
2.274381713951049687e-06,2.841098070203185188e-06
-2.275353786818478327e-06,3.045403038456037352e-06
3.661628172207584309e-08,-2.936349317525659981e-06
-2.636740621637980095e-06,-8.924777457756237099e-07
5.410411288842986862e-07,4.498662890945836984e-07
5.474140856085376503e-08,-7.672600887927313635e-07
-5.449404341537702494e-07,-1.937249923480262703e-07
-3.080519378883899605e-07,3.998230525408434504e-07
7.319422025498956112e-07,-1.611588862661046689e-07
1.558534406714787879e-06,1.854026914501738022e-06
2.473650344976859383e-06,-7.551756857039000302e-07
-1.868956327126819776e-06,-6.369835444973933324e-07
8.313780755468316353e-07,8.503889677985013922e-07
-1.147063086331538992e-06,-3.960629372765381262e-07
4.265928992427140134e-08,-2.165682532842831691e-06
1.178943193918893670e-06,1.330000359636804138e-06
4.870708661513015097e-08,-1.419426924771329971e-06
1.821751599780728420e-06,-5.343321667747935470e-07
1.223217726408332694e-06,-3.304886227322846205e-07
-6.409543327179264086e-07,8.419783524655791540e-07
-1.487249388232562991e-06,1.975717474621078076e-06
-1.046379596857524873e-06,1.384285502346463321e-06
3.034659966013817833e-07,-2.642942145394428995e-09
-1.387587665636672235e-08,-7.692020407759473822e-09
7.080775184922336572e-08,-1.042800273456736131e-07
3.629127110718035750e-06,-1.157501485949559637e-06
-3.910396048175917659e-06,-1.331792971314372593e-06
3.198498764459681628e-07,1.583823063296707817e-08
-2.793415421207943434e-08,1.647731943507326710e-08
-3.041670676527418156e-06,-3.100932181630386892e-06
2.654756942452057945e-06,-3.118315317684382127e-06
3.143616539091449383e-08,-4.187086155605913130e-06
2.945768189374373252e-06,-2.751556301992653825e-06
-3.289494281522915282e-06,-2.796118868934030480e-06
-2.376097986436801591e-08,-3.441895576544402153e-08
2.707030773822506697e-07,-3.752511786690690223e-08
-2.783054051718934838e-06,-3.349022365916261119e-06
2.365528686087172533e-06,-3.406176918101168360e-06
3.220969117569276705e-06,-2.306216826663610809e-06
-3.524831964750083273e-06,-2.421131027666678452e-06
1.522359311114999896e-09,4.501446850164057119e-08
1.283134275698650853e-07,7.298825007078288903e-08
-2.858576505057453655e-06,2.630216728043758932e-06
2.801235495964627033e-06,2.457036895841520506e-06
-2.514875447003091914e-06,-3.557034116139277287e-06
2.095059181277645662e-06,-3.627736012269419360e-06
3.449832378332232493e-06,-1.846010300386162189e-06
-3.728886159214411009e-06,-2.012885631557602531e-06
-3.196175540067049214e-06,2.296447811927575669e-06
3.084785634800655638e-06,2.168762176352521035e-06
-2.247902035792962998e-06,-3.726941702517460606e-06
1.859472658245344014e-06,-3.789219725593745480e-06
1.736300552649888458e-07,-6.638769977052087667e-08
-5.505680279471370339e-09,-5.407157986068020729e-08
-2.855028926835539383e-08,-5.149247671673303019e-08
3.194777948297628894e-07,-2.319736892493768067e-11
3.145709885614460757e-07,-2.009206853510102581e-10
-3.061197265252556287e-08,1.114723862937686330e-08
-2.855050849813574585e-08,9.885723864964452132e-09
-3.528176705632585848e-06,1.925250753401889595e-06
-3.654011210357802264e-06,1.755227620638946357e-06
3.454736401622819460e-06,1.718764760081439705e-06
3.353918501115710068e-06,1.859157782121095517e-06
-1.919696367430394879e-06,-3.908826131326031223e-06
-1.750543122147194156e-06,-3.982598871165010093e-06
1.603745733288610784e-06,-3.942591688079386129e-06
1.479467857019864571e-06,-4.002015121025048539e-06
-3.766693873830222290e-06,1.573955626014253932e-06
-3.861905258608428471e-06,1.413208301894045835e-06
3.544993539739401643e-06,1.568860610503150246e-06
3.621771396829993814e-06,1.435126551453712665e-06
-1.554997493257960760e-06,-4.049404458363097198e-06
-1.362867671525800410e-06,-4.110296347467933865e-06
1.338094896433126763e-06,-4.055782750735822274e-06
1.199334824100159114e-06,-4.105172490325729106e-06
-2.474526498011926587e-08,-4.479595071820463269e-08
-3.382207861031483817e-06,2.116199491613468393e-06
3.236624892058753744e-06,2.017560129329929564e-06
-2.092996052319293927e-06,-3.829175343595651073e-06
1.735315343004501978e-06,-3.877003499014982731e-06
-3.944812168477552941e-06,1.244778990442068555e-06
-4.013604902206741460e-06,1.095635597491451056e-06
3.689235431589592598e-06,1.293434021989041657e-06
3.746112746761659101e-06,1.166030018510189099e-06
-1.141713407585567477e-06,-4.161935151078803760e-06
-9.240523708362157943e-07,-4.206787079708014866e-06
1.037057242176189521e-06,-4.148881410187631672e-06
8.722760516674637042e-07,-4.188755817910471217e-06
-2.963655109850407046e-08,8.275872123963476659e-09
3.211946613156736149e-07,3.102563369388661007e-09
1.824393102935508738e-06,3.204485937620012978e-06
1.608459335989097857e-06,3.328677189077638345e-06
-1.641838703075897960e-06,3.491302395673997074e-06
-1.827422417237725482e-06,3.389364707784346248e-06
-4.071788064468652774e-06,9.402896157695830512e-07
-4.119190520381846484e-06,8.014281068723959283e-07
3.795051689671057906e-06,1.030729178226444413e-06
3.835848660668351019e-06,9.070739878285205583e-07
-6.757136594220164233e-07,-4.239324023705904355e-06
-4.313709657656921986e-07,-4.263839145232475563e-06
4.685758490374969389e-07,-4.248503331280274281e-06
6.753413298751816664e-07,-4.221215409298147781e-06
3.028179719307270083e-07,1.665156084973861816e-09
-3.589422969950870676e-08,4.827202921252634156e-09
1.378948388557645225e-06,3.440708111056897142e-06
1.172071071582635378e-06,3.533489251747441990e-06
-1.294189256475077088e-06,3.644520120868302089e-06
-1.455247530424166887e-06,3.577137699105342185e-06
-4.157790760805485737e-06,6.554663409185662465e-07
-4.188317611338873982e-06,5.218895201357169417e-07
3.897342503416805919e-06,6.492426092187416496e-07
3.869804455681614563e-06,7.739669944340740405e-07
9.560660096205347348e-07,3.614199254206254320e-06
7.632662963599492867e-07,3.678430062729591621e-06
-9.855916506733422005e-07,3.743408997651962049e-06
-1.130357599113233737e-06,3.700296275683553578e-06
-4.211210846810121977e-06,3.779130353008063591e-07
-4.227575795794254696e-06,2.413622682791852957e-07
3.918423256080550415e-06,5.118849163536928417e-07
3.933816565000466064e-06,3.792592328957263727e-07
2.066514844202829334e-06,3.059230850943012121e-06
-2.058847964046052774e-06,3.261562156484077824e-06
5.647405090632895144e-07,3.731629260437106091e-06
3.886996586044656439e-07,3.771407836255021773e-06
-6.976610737573256362e-07,3.803491389293187415e-06
-8.349917343180620675e-07,3.778015968201804736e-06
-4.236133744433135794e-06,8.892972992548582626e-08
-4.238137027290565209e-06,-6.130091250354217370e-08
3.941985318509534376e-06,2.292970508805634226e-07
3.943968803841537686e-06,8.036178277322021177e-08
-2.503495006828779566e-08,-3.254235757457937923e-08
-1.860013674811979618e-08,-3.784578160293648132e-08
2.980888939983325123e-07,-2.988627461467158201e-08
2.953859904114530426e-07,-2.759688582678525194e-08
9.038457569408275069e-09,5.663017116309276263e-08
5.167228985795475936e-08,7.272560006135390881e-08
2.087734156105448782e-07,3.801677039169400440e-06
4.928595697784470673e-08,3.821444547205285505e-06
-4.122932057511019931e-07,3.832836779615793453e-06
-5.506401196353484231e-07,3.821917699254114680e-06
-4.230226224574316300e-06,-2.346421208708820892e-07
-4.213915912045452341e-06,-4.105535059239390812e-07
3.936402333515788864e-06,-9.191345107780464024e-08
3.920758038345830259e-06,-2.664942654526492312e-07
3.850722422205544884e-06,-6.813335605595121895e-07
3.891333711132988739e-06,-4.714008977811775887e-07
-4.183199273905741899e-06,-6.179502409097265888e-07
-4.140650324595317434e-06,-8.317914322420784881e-07
-1.141023588896733930e-07,3.833180267519981336e-06
-2.603437104669162965e-07,3.836656161243737697e-06
3.793059137149904978e-06,-9.423016056842749967e-07
-4.080583842610809847e-06,-1.103520601136110340e-06
-6.363728042297500212e-09,-1.354060414451686688e-08
-1.846690637676162707e-08,-4.630774196440030104e-08
3.057733502909679341e-07,-3.600664630440045941e-08
2.898786896491336068e-07,-1.015017731120334927e-08
2.105840850746357710e-07,-4.087061674628641491e-06
3.086861442950126635e-07,-4.347092859992658973e-06
-2.595222200146541366e-07,-4.362740051402122415e-06
-1.510475913993703062e-07,-4.086024934170533521e-06
-4.123026830350798143e-06,-1.325414090991982223e-06
-3.872572750610092875e-06,-1.104103926101536587e-06
3.590539121397638032e-06,-9.426207493493680267e-07
3.836624458087412349e-06,-1.153861665351465351e-06
-7.377898071891734572e-10,6.836215824452712685e-08
7.548434458933877281e-10,2.357779159718526072e-08
7.054172878877573170e-08,3.816195493660125488e-08
1.082410711398735970e-07,1.053619182715804096e-07
2.853252473026138742e-08,-4.371601437655358518e-06
2.732267157010942135e-07,-1.359335322236918867e-08
2.958767299186661193e-07,-4.725283944619675154e-08
-3.268574125033737726e-08,-4.445947515890317293e-08
-1.353165614636517028e-08,-1.752937242794338591e-08
-6.053061110067998345e-09,-1.091929173389167157e-10
2.977064529556268369e-07,3.228618703906809977e-09
-1.430092148057758574e-08,-2.076116551787401769e-08
-3.086161716669823040e-08,-5.424740150597728311e-08
2.714627157034401886e-07,-6.812613062938593138e-08
2.305978968808888852e-07,-4.847207603501736438e-08
2.293525357381499421e-07,-8.887438456030944473e-08
-3.822783033156819707e-08,1.166854970581875622e-08
-1.567212896791719551e-08,5.482875097963939675e-09
3.167934876935028419e-07,4.223191338907147944e-09
3.244008382030969963e-07,8.693714258778398693e-09
2.958688567122052017e-07,2.858765287886233697e-08
2.587428206991268714e-07,5.166359069780236854e-09
-1.127038880681240230e-08,3.031242921545756287e-09
-4.272766594171646684e-08,9.839858174643939911e-09
2.435534758244130777e-07,-2.164746200413743525e-08
1.919313079093213168e-07,-2.939665480781700330e-08
-3.862380549033130132e-06,-1.753364611801450792e-06
-3.748051053635088320e-06,-1.474952702603677433e-06
-4.020203145697147860e-06,-1.619131172134485840e-06
3.587345053521930902e-06,-1.570942787406430081e-06
3.741977085226823685e-06,-1.438159967088959630e-06
3.471644981707550701e-06,-1.292062248605296883e-06
1.844645328534378671e-06,-3.900631785413054742e-06
1.749943398346412814e-06,-3.766160044489198741e-06
-2.111992148009436540e-06,-3.695766172158849538e-06
-2.229794658285304962e-06,-3.859213073148051753e-06
3.239788711149224029e-06,2.176273046435012064e-06
3.084897478089252556e-06,2.009060307739692770e-06
-3.198108217540191853e-06,2.106668120243526697e-06
-3.383771364845943659e-06,2.304968538692328272e-06
-2.282054957554543694e-06,3.258728723028224340e-06
-2.047120674675359366e-06,3.054720582720462157e-06
2.055335661315037933e-06,2.847585648327710787e-06
2.283167563312570593e-06,3.053922115912935037e-06
-3.926262100317246186e-06,-1.955714753051489244e-06
-3.660355993486183847e-06,-1.815343162383346873e-06
3.381610703093651688e-06,-1.634922752923953871e-06
3.654452927853641856e-06,-1.783350980497137188e-06
1.800335908696210438e-07,-1.065883776922826936e-07
-2.612463140952124845e-06,2.868165454168270467e-06
-2.354975626386292549e-06,2.827570664830972918e-06
-2.534468820300235504e-06,3.082835254198331208e-06
2.585786701469208626e-06,2.673730353007418960e-06
2.516644200168773436e-06,2.877077181828949293e-06
2.347500308592776767e-06,2.634786326375283781e-06
2.614644049926777647e-06,2.446544857095220670e-06
2.776453840152924033e-06,2.678712760628991409e-06
-2.827107942932140502e-06,2.874619514360420809e-06
-2.646729774013351580e-06,2.620246718482814901e-06
-5.913838050685405867e-08,-3.883361960142795596e-07
-2.162248520963960135e-08,-1.913993029821803519e-07
-5.999854158001182859e-08,2.165668143262292834e-07
-1.100790293623459100e-08,9.733888463787386914e-08
4.489258898827659324e-07,1.713482458217454624e-07
3.472442386180277950e-07,7.376224838771196279e-08
4.467089460656312322e-07,-1.461146226933413208e-07
3.415439246963622169e-07,-7.223508703018282388e-08
-2.514567732168612895e-07,1.087595091213272803e-08
-9.626372994802934812e-08,2.168274067219959258e-08
-9.105488584612796880e-08,3.561934092377881615e-08
-2.000509556563867598e-07,1.181186901830937692e-07
1.454773860825380902e-07,-2.034138794131078502e-07
1.784593438951213604e-07,-3.864463491380212795e-07
3.693927116315053492e-07,1.968484764486893165e-08
4.944749805261300345e-07,8.667483096170690700e-09
2.474286273363499361e-07,1.518213738904140273e-07
3.054040880275192811e-07,2.765143997886930783e-07
-6.128349111610050445e-08,-8.883050082524787783e-08
-1.917207057994295784e-07,-1.776999792893995131e-07
-2.360490590257435487e-09,1.153448724424233148e-08
2.007757440502887648e-07,2.454918979078242992e-08
-1.984998752620932510e-06,2.298817677714724261e-06
-2.184598900815207002e-06,2.585600289856812744e-06
-3.130882655574149674e-06,-1.285293035428752025e-06
-3.483504478854963845e-06,-1.385907509256418437e-06
2.340986654605378086e-07,-3.487426795696035092e-06
2.158827603409834935e-07,-3.831341207367371039e-06
3.023930444747708457e-06,-7.355746070545652250e-07
3.342173217128193876e-06,-8.514185873387543031e-07
1.696091912147144912e-06,2.364544754178496427e-06
1.889589031621316243e-06,2.621796313619201100e-06
3.221064492631617971e-06,-1.205065198677987063e-06
2.905603923786855189e-06,-1.107494759066138375e-06
-1.871922179080304347e-06,2.818654355212800854e-06
-1.650367222877859661e-06,2.538976396951230379e-06
-1.570179134925091193e-07,-3.828288204535094675e-06
-1.701102086942879651e-07,-3.488813782702372609e-06
-3.611848359032408396e-06,-1.004837780455438324e-06
-3.263207501237384315e-06,-8.727157592278898902e-07
2.184604097645259693e-06,2.408089040595722001e-06
2.000095283813848378e-06,2.143423187461757925e-06
-9.522639937623773712e-11,1.896511968634513226e-08
1.402764898568772223e-07,3.390769629330410769e-08
-1.470244786645282311e-07,3.816401536980191464e-07
-1.800023985333351031e-07,2.319237891765646084e-07
-3.381609208733211515e-07,2.460152648870543551e-07
-9.280704034253622421e-08,-6.318283033673315065e-07
5.800666290632184161e-08,-4.989368741489486617e-07
2.054043425088899309e-07,-6.298857853323108187e-07
6.026217619429034329e-07,-2.328409234678718028e-07
5.436107863324446833e-07,-9.498866870976524073e-08
6.686102856327347542e-07,-2.190098606551710598e-08
5.726184503139355472e-07,3.023083195830576723e-07
4.249373173644410082e-07,2.896927181484936188e-07
3.910997629355102883e-07,4.342762994791314557e-07
-4.668478373210284154e-07,-2.462385174628352472e-08
-3.121241384996518123e-07,-1.146366057558053606e-07
-3.849814752600261452e-07,-2.819890919867148582e-07
2.753563405848636604e-07,8.633271851737485017e-08
2.135706775052930777e-07,8.560814562873642796e-08
-3.175192104673070513e-08,4.640966066358071270e-08
2.293412291529192988e-09,4.841475657922307483e-08
-9.717509671442312914e-09,6.572930125931434327e-09
-2.131083999964792546e-08,1.452863572279479012e-08
3.118450938127107660e-07,1.620960662339920367e-08
3.072566352129211957e-07,8.680562940423285611e-09
-3.023480235228124102e-06,-2.963083986480261951e-06
-3.142892164782661794e-06,-2.807181607164904054e-06
-3.162280886371703576e-06,-2.952679012582772442e-06
2.634447026168476382e-06,-2.955302352800034433e-06
2.795712649785779984e-06,-2.940569288666469489e-06
2.773990652750605032e-06,-2.766941776252461197e-06
-2.908128648700514354e-06,-3.096648818404038930e-06
-2.910120218187998710e-06,-3.227158035558557791e-06
-2.781315354436316367e-06,-3.222910551719949986e-06
2.502926551782608113e-06,-3.115781139194031711e-06
2.363768759935004937e-06,-3.265062850348628177e-06
2.504874210122668775e-06,-3.267131639216109574e-06
2.905404501068328327e-06,-2.571680636265363922e-06
3.080210148015625778e-06,-2.534166094268810835e-06
3.037694066464984260e-06,-2.345225231564726344e-06
-3.253896406557091637e-06,-2.644687246341109448e-06
-3.365325636625004884e-06,-2.453114464579455896e-06
-3.403585952404553715e-06,-2.614644558584401047e-06
-3.665458400211597374e-08,1.939190518650903039e-08
-4.342336715559683458e-08,2.910751674576803377e-08
3.221140879442266093e-07,1.969815624972642468e-08
3.283718520081050627e-07,2.709152036099488847e-08
-2.659798548738255449e-06,-3.333881518857803441e-06
-2.648478555126495009e-06,-3.453531544661154662e-06
-2.526297702024218987e-06,-3.438299210051306549e-06
2.236904856100608415e-06,-3.392450876971833744e-06
2.105779355482567789e-06,-3.507930885528601102e-06
2.225545583324431815e-06,-3.520550869379885580e-06
3.161830328551860874e-06,-2.117918938770368803e-06
3.334054745280634755e-06,-2.079203451438418597e-06
3.273437887308699225e-06,-1.885417957106349650e-06
-3.470708088953208296e-06,-2.255951086273996838e-06
-3.566640338666771077e-06,-2.047365572040547600e-06
-3.624202428563870555e-06,-2.223150235972216533e-06
-2.394215648194150007e-06,-3.532109761851907802e-06
-2.382685393591576202e-06,-3.641340342720762137e-06
-2.259764879286454814e-06,-3.615697444192147310e-06
1.984406440717591566e-06,-3.606684412400492335e-06
1.869141012705042629e-06,-3.690165903590993446e-06
1.974349841073056327e-06,-3.710360386675992600e-06
2.794076041567347196e-06,2.295138959419224802e-06
2.941241817445842851e-06,2.156735971692057441e-06
2.947767452126055926e-06,2.307939227875282827e-06
-2.852084040598431633e-06,2.445923723566815741e-06
-3.031143873504216998e-06,2.459599331750410135e-06
-3.025203352029123686e-06,2.283143284893844749e-06
2.698843034036475290e-06,-6.212380721284961856e-07
2.802850204374550856e-06,-8.667238857668011716e-07
2.578088211091090818e-06,-1.000654725418275237e-06
-1.770157261490987817e-06,2.001440347100722748e-06
-1.709119763470839233e-06,2.273275126972294813e-06
-1.426452444679444186e-06,2.248072024166921258e-06
2.480792982025574769e-07,-3.122971200307879672e-06
3.354121380934247665e-08,-3.309655653168216308e-06
-1.779042015413009220e-07,-3.124616342113237613e-06
-2.757210988701683035e-06,-1.171103140162727159e-06
-3.014815378525356947e-06,-1.018361768252416324e-06
-2.895588532624609055e-06,-7.400211972053218778e-07
1.501737871025760395e-06,2.099475230898551726e-06
1.752093090302427238e-06,2.121348443728368704e-06
1.808919998442215223e-06,1.875945433035851162e-06
2.095893042840357143e-06,-3.744426179834720353e-06
1.975453145183007130e-06,-3.821972679023791985e-06
-2.516160225165691260e-06,-3.679493999934935091e-06
-2.383917593563360692e-06,-3.765737859342725213e-06
2.960792529807715789e-06,2.498168449560965219e-06
3.097260438218013823e-06,2.346509106917624354e-06
-3.043565083050702585e-06,2.676374783529160556e-06
-3.208284513764224352e-06,2.503737606609992150e-06
2.114238200367714042e-06,2.620574113242222581e-06
-2.108868836993244251e-06,2.815480418212986743e-06
-3.695072265435018834e-06,-2.397431406629384774e-06
-3.804091253859635591e-06,-2.197740655578791938e-06
3.411902476262754260e-06,-2.276834899052857844e-06
3.529762570006185910e-06,-2.048872975312651608e-06
2.372655195802110931e-06,-3.539093164040512214e-06
2.232621516376341963e-06,-3.645366497727558721e-06
-2.790637581356236507e-06,-3.472978412145363636e-06
-2.656074489518978322e-06,-3.576433522483508027e-06
1.619335377895174123e-07,1.033905496507838119e-07
1.836675671840812416e-07,5.975632661040951620e-08
1.551345850070636411e-09,3.396057964498322040e-08
5.467387748501248595e-09,6.363781741520660566e-08
-3.443641759054636926e-06,-2.781638893714787096e-06
-3.567124373710672411e-06,-2.598810091552260268e-06
3.125573306203260938e-06,-2.732033776053002212e-06
3.268269857059355344e-06,-2.513366941427065310e-06
2.668761902254188070e-06,-3.272817802707236745e-06
2.518399997652406575e-06,-3.411788482462781565e-06
-3.055046630044056653e-06,-3.234092909328825484e-06
-2.923315295028001778e-06,-3.355944460360602941e-06
-1.548335242193855565e-06,1.702413775076125277e-06
-1.324367144761508040e-06,1.408785072528420679e-06
-1.264742948398259097e-06,1.677113261388173744e-06
-1.203455627889090962e-06,1.950139825431543082e-06
-9.860946300188161730e-07,1.651692582158876472e-06
1.722828153847474251e-06,-3.038830811983804613e-07
1.419318306174601683e-06,-2.138319869829838602e-07
1.512463631511569593e-06,-4.291966632546628083e-07
1.609772776739939984e-06,-6.591293403487823214e-07
1.314090037010272404e-06,-5.451227873147874585e-07
1.309764554243693602e-06,1.832089039125524086e-06
1.123624176492130543e-06,1.567066555982873857e-06
1.366355518259281399e-06,1.588691039267285618e-06
1.614792621219086978e-06,1.610165652444896196e-06
1.421022205478826673e-06,1.350719996110509583e-06
-1.207805244199289931e-07,-9.211854567460913290e-07
-1.433019786061790439e-07,-1.247706332347025192e-06
5.172323924499866120e-08,-1.077128782826486932e-06
-7.338715388393749888e-07,-8.281129877877139108e-08
-1.043019801316481524e-06,-1.607248124203044035e-07
-8.263821462235011522e-07,-2.885600650364836764e-07
2.272503311362225216e-07,-9.196404692883923801e-07
2.437383657831950212e-07,-1.246172917368068785e-06
-6.331681365511346522e-07,-3.980819061785358648e-07
-9.270604739760197197e-07,-5.228111481770726509e-07
1.923435929855897014e-06,-7.744696162707286268e-07
-6.871826856884541276e-07,6.247912927040658558e-07
-8.890614508559576179e-07,8.635931345615334570e-07
-1.792903632734074182e-07,-2.359662043369597844e-06
-1.724685281257584415e-07,-1.975738809045718236e-06
1.137919542739543084e-06,-1.353333319640232532e-07
6.322086656748864668e-07,8.315090688859917709e-07
7.817198556682452476e-07,1.062347083380490998e-06
-2.130097028886376319e-06,-4.824595157737873956e-07
-1.750380679441711915e-06,-3.635813640593897699e-07
4.568323227019211561e-08,-1.785207432502545850e-06
-1.605027420686040920e-07,-1.602185082410575269e-06
5.010283484854845272e-07,6.207539176024356313e-07
-1.103021884350965817e-06,1.127035361767437492e-06
9.995549357876426318e-07,1.082437436330889464e-06
9.465545716737145745e-07,1.308992777230103103e-06
-1.497673807947587017e-06,-5.132070618074335288e-07
-1.384947196874130554e-06,-2.553273905980864758e-07
-5.020167390762181099e-07,4.168648659430144402e-07
-2.514910151484786526e-06,-6.089407223595021940e-07
-8.368917073511345137e-07,1.103764242904285189e-06
2.248391762433516880e-06,-8.889999249137200848e-07
8.854063150027448751e-07,-7.061447774858743903e-08
-1.810643348226516397e-07,-2.745408252837382995e-06
2.548933504461657679e-07,-1.600640492443348588e-06
-1.257333043686307093e-06,-6.531521446096822359e-07
1.230975825261202963e-06,1.102105198948962786e-06
7.156548811252712000e-07,4.646750404066450163e-07
2.608106088942243285e-07,-1.974193940727659876e-06
-2.667372431770670723e-07,5.848092322631508230e-07
-1.614695745710782294e-06,-7.861124064684166137e-07
-2.373768105139961039e-06,-1.048011728025093080e-06
-7.791257621182002134e-07,1.359459457908843338e-06
2.573144778129012322e-07,-2.743860807968343652e-06
1.047936921065334775e-06,8.687160937405716804e-07
2.369316797896020427e-06,-5.097859308687382398e-07
8.036987213074038699e-07,-3.297821661342581644e-07
-4.631674131234727572e-07,6.052539635574487138e-07
6.775273116727469641e-07,6.381379455279532856e-07
2.615851547125498957e-07,-2.358120719872448816e-06
-1.989903962362744371e-06,-9.187170618181818834e-07
8.751159057845395831e-07,6.548420253491613205e-07
-5.872076841614417185e-07,1.079970959409783356e-06
2.041724601497089394e-06,-4.032709489820581865e-07
2.144368804396511879e-06,-6.437099098700997975e-07
1.043134751785657972e-06,-4.346135801199596796e-07
-2.251698867491604574e-06,-7.643962592969191652e-07
-4.149139212377446618e-07,8.196487046249714228e-07
3.963815106194981838e-08,-2.552219721098885340e-06
9.607736760902348305e-07,-2.404050290723707998e-07
-3.185470439206572972e-06,-3.096461679118761991e-06
-3.313571940304002442e-06,-2.947616385160847311e-06
2.821387600349135245e-06,-3.110761641727862202e-06
2.972680621500019897e-06,-2.932155711898962445e-06
1.007750986560853030e-07,-3.564393064147159250e-08
3.330033720830647958e-07,-1.625152662515738826e-08
-5.077653315456199164e-08,-2.260769640062660802e-08
3.386668631980771338e-06,-1.070575178890313922e-06
-3.659387458913334548e-06,-1.241167947140218847e-06
7.190156416306233671e-08,-1.696315020743248779e-07
-3.920061952000342242e-10,-1.069889378817177180e-07
1.365637235695969723e-07,-1.286033965221375626e-07
3.079966624427085923e-08,-3.940678679110912690e-06
1.255186199348126340e-07,-8.536957549886527840e-08
4.227665437552157930e-08,-5.225827078446199200e-08
