Size 955,2
0.000000000000000000e+00,0.000000000000000000e+00
0.000000000000000000e+00,0.000000000000000000e+00
1.014742176736638010e-08,-4.772985829633069066e-06
-8.931623704401456161e-08,3.676748795469337106e-06
8.529804238012398890e-08,-6.519330153614721242e-08
9.619392459810163382e-08,-4.634095687076495462e-08
1.757412116328127922e-07,-4.461778699883305564e-06
3.655318351723628020e-06,-1.455900440671460185e-06
1.084090282898488087e-07,1.043622985624012110e-08
1.057458047322833324e-07,1.115056178536746713e-08
3.784825934699246885e-06,-1.100188905199695381e-06
2.156380198229716361e-06,2.471955074796726482e-06
3.863198754026231396e-08,5.595807704891709761e-08
1.397737652921741561e-09,4.480258234136587812e-08
1.819919454106124320e-06,2.725517511305228416e-06
-1.837857661678340254e-06,2.797430971914093715e-06
-3.873976237018268515e-08,1.270573515559902728e-08
-4.220009692313226479e-08,1.231056264028003942e-08
-2.174249199741039198e-06,2.540017865468175162e-06
-3.897531682508372129e-06,-1.157018437787258429e-06
-2.882591371270910415e-08,-4.870899250929838577e-08
-3.703393442287485751e-08,-6.097667154725300700e-08
-3.770870667189218876e-06,-1.507731468596663554e-06
-1.554410107696012768e-07,-4.460167923342510356e-06
5.299769739794132148e-08,0.000000000000000000e+00
7.516350211781806500e-08,0.000000000000000000e+00
7.822878664123390141e-08,0.000000000000000000e+00
7.243416311837340460e-08,0.000000000000000000e+00
4.560271637971736301e-08,0.000000000000000000e+00
0.000000000000000000e+00,0.000000000000000000e+00
0.000000000000000000e+00,0.000000000000000000e+00
0.000000000000000000e+00,0.000000000000000000e+00
0.000000000000000000e+00,0.000000000000000000e+00
0.000000000000000000e+00,0.000000000000000000e+00
2.082929378638637376e-07,-4.760881245774454150e-06
3.927167324823577772e-07,-4.737427395833610133e-06
5.634944661882625218e-07,-4.709487263712746499e-06
7.273391551146276506e-07,-4.676404385262833421e-06
8.867066019419630354e-07,-4.638075947517398852e-06
1.043984674117493180e-06,-4.593966273183338933e-06
1.201197179231589892e-06,-4.543218327670418174e-06
1.359954903752214064e-06,-4.484772981423184394e-06
1.521378602561804813e-06,-4.417306157407926233e-06
1.686097728874296669e-06,-4.339645740449309722e-06
1.854483090041924378e-06,-4.250341193579405709e-06
2.027057589516321040e-06,-4.148073931449134692e-06
2.205397333169123312e-06,-4.033177483220548258e-06
2.386499763981945420e-06,-3.902993989860991047e-06
2.572829872144195186e-06,-3.753171165501373017e-06
2.757818448733354021e-06,-3.587327053953379766e-06
2.943410752214393878e-06,-3.401900254273283173e-06
3.123365581019815072e-06,-3.200487305993397387e-06
3.295139618865454162e-06,-2.983100774724794578e-06
3.456907820645853606e-06,-2.753042135690790312e-06
3.606008751583353659e-06,-2.513098383843486720e-06
3.740021085728047602e-06,-2.266457387731907966e-06
3.856533721485099239e-06,-2.016993772506839299e-06
3.953693338906214418e-06,-1.769515707728167408e-06
4.030111783396476465e-06,-1.529311318179779240e-06
4.086548431708422565e-06,-1.299106960298030688e-06
4.120404781360604639e-06,-1.089792222512565557e-06
4.138660963888216353e-06,-9.077793927380498878e-07
4.148599003325376121e-06,-7.502620184216313067e-07
4.152859292282492910e-06,-6.092511827778552162e-07
4.153084811932392856e-06,-4.800587374238364367e-07
4.150402581154385353e-06,-3.580190399954734401e-07
4.145055120272056144e-06,-2.387747923397249889e-07
4.136670617356106374e-06,-1.184301720715746390e-07
4.124297239302007363e-06,6.333237650791282645e-09
4.106586812588658898e-06,1.381800242826112110e-07
4.081799303249492014e-06,2.790291131099482544e-07
4.048212367754946193e-06,4.300646082907934128e-07
4.003805053007972391e-06,5.916975153361790882e-07
3.947073262433494171e-06,7.636126757698332087e-07
3.876236777139662334e-06,9.451880773905907357e-07
3.789977077730982543e-06,1.135949490803553218e-06
3.689395246598722382e-06,1.336451795031818137e-06
3.571107623347185901e-06,1.541962186528793206e-06
3.431815215617406274e-06,1.754306743608691304e-06
3.275308818884554196e-06,1.965028016798342334e-06
3.100191981337799712e-06,2.174617730273251185e-06
2.909842611387928553e-06,2.376235076263738088e-06
2.706699520985886863e-06,2.567662880646626668e-06
2.493329803261060345e-06,2.745100163713014593e-06
2.276094349796961701e-06,2.905129567644052657e-06
2.055277246802639402e-06,3.047258504215418965e-06
1.842625268918641871e-06,3.166170880545048864e-06
1.636653239553647447e-06,3.268056100445740173e-06
1.440150872093674090e-06,3.357457216640562163e-06
1.249919057270699109e-06,3.433561794148984352e-06
1.065179030571590685e-06,3.497381704359049942e-06
8.857508880403633357e-07,3.550070511762639639e-06
7.116464835388620823e-07,3.592345813065614516e-06
5.427091283768574326e-07,3.625210750149876407e-06
3.786529842218020267e-07,3.649369864551906449e-06
2.190432965805060628e-07,3.665623349350237532e-06
6.329479683764885433e-08,3.674567324230197286e-06
-2.396367436872077674e-07,3.672476761322252702e-06
-3.885954254888199607e-07,3.661910029848871748e-06
-5.372139673563685404e-07,3.645100507810906021e-06
-6.866125721073476531e-07,3.621907739985671715e-06
-8.379753289522512044e-07,3.591929045295030556e-06
-9.925186250029747116e-07,3.554612999431351169e-06
-1.151450315747626625e-06,3.508999940526202684e-06
-1.315893549945310973e-06,3.454152460331118970e-06
-1.487268755219921503e-06,3.388517367654050720e-06
-1.667786660755199582e-06,3.310404905909128511e-06
-1.863115966251368993e-06,3.220310706664853930e-06
-2.070862698909523593e-06,3.112002492965599938e-06
-2.294285577835598302e-06,2.975015444143982906e-06
-2.516480448733794571e-06,2.816618352255265167e-06
-2.737882692154954064e-06,2.637056357074797771e-06
-2.950127388291112692e-06,2.440932681745976058e-06
-3.150854637326487010e-06,2.231612865599170698e-06
-3.336108480740743413e-06,2.012516377371969236e-06
-3.502479403571232943e-06,1.790760871182988246e-06
-3.650696864600484632e-06,1.566492885624445053e-06
-3.776768796267150681e-06,1.348819352396150754e-06
-3.883859533361992922e-06,1.136165630422041014e-06
-3.975594743548615391e-06,9.337884828079080702e-07
-4.050723289296636144e-06,7.412869476622030314e-07
-4.110613758470959014e-06,5.593249211929312011e-07
-4.157165192789387833e-06,3.887108296948163960e-07
-4.191984652421239299e-06,2.299144455683278496e-07
-4.217263176095443340e-06,8.262843029959350391e-08
-4.234870934820949960e-06,-5.428273735905812922e-08
-4.246722700610485556e-06,-1.827324595896677257e-07
-4.254319414651743135e-06,-3.054241319600751532e-07
-4.258758263607077512e-06,-4.257432367515686666e-07
-4.260540532750131720e-06,-5.476769856557096050e-07
-4.259523575284065323e-06,-6.756851208401186871e-07
-4.254676614681850701e-06,-8.145355934236389110e-07
-4.244417624326737826e-06,-9.690053624179761668e-07
-4.226211111747879743e-06,-1.147371971629088497e-06
-4.192564997425758011e-06,-1.352608247724652708e-06
-4.135704486772620708e-06,-1.577551596265898155e-06
-4.059354699116576869e-06,-1.809360056626713260e-06
-3.964958635769391500e-06,-2.045057680607299672e-06
-3.853234467355561137e-06,-2.281509534033701062e-06
-3.725712179936370774e-06,-2.514792850967508293e-06
-3.584330230880360202e-06,-2.741812750327067408e-06
-3.430999533145041003e-06,-2.960043801660967760e-06
-3.267785648133956040e-06,-3.167324999458523383e-06
-3.096151097305443101e-06,-3.361192282825431340e-06
-2.917977971480577357e-06,-3.541524070807929841e-06
-2.737771960583306486e-06,-3.705713913071958745e-06
-2.554268955075642143e-06,-3.856178551570175400e-06
-2.372106338765177835e-06,-3.990347458440116345e-06
-2.189659260218983425e-06,-4.111163067990029562e-06
-2.009074580625406003e-06,-4.220316688557900406e-06
-1.829382337010804535e-06,-4.317500504564095869e-06
-1.650357727430134107e-06,-4.403504533509358700e-06
-1.471914938006218938e-06,-4.479182338109914723e-06
-1.293845144581881640e-06,-4.545178386023175948e-06
-1.115682917630559214e-06,-4.602224692152631055e-06
-9.367219545400945516e-07,-4.650861567381042685e-06
-7.560899801787540444e-07,-4.691508533997842326e-06
-5.727905879990773674e-07,-4.724387185282285191e-06
-3.859533966281210099e-07,-4.749486543796483722e-06
-1.914043314792746880e-07,-4.767413577533655212e-06
9.272670748564578742e-08,-5.158023897667994159e-08
1.414698340230172888e-07,-9.934950134141119041e-08
2.156797150554592521e-07,-1.589635257624831151e-07
3.276522207086407392e-07,-2.280352195409427592e-07
4.628535978378799793e-07,-3.010238641231762383e-07
6.275567962279950249e-07,-3.809951252251992019e-07
8.102789919505505572e-07,-4.633436474721913937e-07
1.014973737530964660e-06,-5.503342155163422540e-07
1.232649079200339079e-06,-6.382233326273742457e-07
1.465106740895673657e-06,-7.285331847409070067e-07
1.705745842494999161e-06,-8.183392731786676416e-07
1.954323469644233331e-06,-9.084570282414580067e-07
2.206519438508220576e-06,-9.967460796987537873e-07
2.460157937172951378e-06,-1.083348454741136544e-06
2.713070351400569964e-06,-1.166858657542614447e-06
2.961264711466210241e-06,-1.246853710318841078e-06
3.205059436520167009e-06,-1.322842264632975505e-06
3.437475247668973715e-06,-1.392021283070862130e-06
3.548675513580490750e-06,-1.690085779975147636e-06
3.428120903622719526e-06,-1.932657268064300533e-06
3.294423870092109054e-06,-2.177645831958583837e-06
3.148674742724963734e-06,-2.420049299406453756e-06
2.992398607392498191e-06,-2.655787489759583873e-06
2.827097561598483778e-06,-2.881918810170335082e-06
2.658133438225032908e-06,-3.094564706045895278e-06
2.484711951474644603e-06,-3.293740451170290680e-06
2.312410185172144704e-06,-3.474051406386681580e-06
2.139474647886707602e-06,-3.638621945913447181e-06
1.971554852977219814e-06,-3.783278042903583856e-06
1.804625364373295200e-06,-3.912813212110171994e-06
1.641950582109444282e-06,-4.022639676133417605e-06
1.481243747064841094e-06,-4.118743716776710393e-06
1.322893670402644293e-06,-4.201736513505154925e-06
1.166329559554585006e-06,-4.272158338578330175e-06
1.010461387605239675e-06,-4.330856103314993781e-06
8.537287956052976108e-07,-4.378401105449126054e-06
6.941126449808272759e-07,-4.415257289926502708e-06
5.292513722338356791e-07,-4.441588459446913772e-06
3.562966949365031904e-07,-4.457230037087162951e-06
1.940002942430409878e-07,-4.249446980655268164e-06
2.105424179328996260e-07,-4.023418838691948234e-06
2.256551185757222286e-07,-3.775767082451656328e-06
2.383636398615279742e-07,-3.515195050295176868e-06
2.491456575642391918e-07,-3.238707954351320743e-06
2.570519292657554738e-07,-2.953725334275346252e-06
2.626867280803406194e-07,-2.659835913972890685e-06
2.649607843223238793e-07,-2.362618220155267139e-06
2.646106270435240301e-07,-2.064678867910149186e-06
2.604158997199100290e-07,-1.769383483369178107e-06
2.532445272710987383e-07,-1.482729969493612457e-06
2.417448185187113832e-07,-1.205494460508527409e-06
2.269153578619371425e-07,-9.474426819504680083e-07
2.072716662993869029e-07,-7.063912988888825270e-07
1.839613532023908452e-07,-4.962358611309216171e-07
1.553634096101450041e-07,-3.113405350831786511e-07
1.225642364445546750e-07,-1.708711270699709096e-07
1.057972629855126318e-07,8.185340573529520159e-09
1.547633850541972587e-07,4.556214503344693344e-08
2.095217540912932601e-07,9.314982235386052050e-08
2.753697966242008247e-07,1.561506030539373067e-07
3.492241473149788445e-07,2.299034304324779123e-07
4.347020071370661529e-07,3.197782593188145255e-07
5.278111245902607992e-07,4.206289828011587429e-07
6.319692359303940568e-07,5.372947543104720411e-07
7.430227036530886639e-07,6.645884754197816647e-07
8.639969826729161846e-07,8.066298854619866161e-07
9.907482572295649121e-07,9.584259056684786749e-07
1.125731725071110394e-06,1.123130452002468913e-06
1.264992846794644225e-06,1.296191579867617779e-06
1.410236561391946946e-06,1.479551889854167142e-06
1.557867007934935706e-06,1.669339829085175310e-06
1.708694814249028827e-06,1.866030022999117357e-06
1.859848120205830731e-06,2.066862254883339046e-06
2.009971723742093024e-06,2.270332319482586139e-06
2.365808216783045981e-06,2.290586778890374602e-06
2.570821652640616734e-06,2.100017676416533502e-06
2.766528481471424214e-06,1.902167440662982664e-06
2.951436317079798284e-06,1.699827335347593697e-06
3.120212284695687945e-06,1.498416818512367416e-06
3.274533735247692157e-06,1.298142999491136943e-06
3.409403995043716756e-06,1.106072827706161298e-06
3.529357885063444512e-06,9.188081345125560087e-07
3.628040311999755572e-06,7.417645569520745644e-07
3.712104495243519750e-06,5.728023739198930002e-07
3.782252150368999786e-06,4.135228070510302720e-07
3.839065897404188529e-06,2.643352613574996900e-07
3.883745448194557840e-06,1.248840867633779247e-07
3.917127581603718647e-06,-5.931508183203848027e-09
3.940120694693695079e-06,-1.300296899852474860e-07
3.953209893736282439e-06,-2.500609528921645199e-07
3.956488188441573600e-06,-3.693692714731533792e-07
3.949453521945517791e-06,-4.918848650932302169e-07
3.931008058774373127e-06,-6.219435023161148868e-07
3.899126263378089830e-06,-7.642244739686231205e-07
3.851434010458960997e-06,-9.235239817825725643e-07
3.559197305474045396e-06,-1.010379871050182077e-06
3.330860052082612909e-06,-9.233853500303096235e-07
3.092399294944709409e-06,-8.337026106463307129e-07
2.847135143742882120e-06,-7.444698374569401683e-07
2.595980394543574536e-06,-6.552719006884741242e-07
2.342504693567509106e-06,-5.680174403375722274e-07
2.089247279503997653e-06,-4.828385579572831339e-07
1.837882389399377915e-06,-4.011384693336971618e-07
1.593166171266181849e-06,-3.237200214281411277e-07
1.354814366120509656e-06,-2.513901448758199669e-07
1.129887584883789345e-06,-1.856581325197990889e-07
9.160322522117590780e-07,-1.267014285616885990e-07
7.227249382084279364e-07,-7.677111315195199920e-08
5.454289940913126246e-07,-3.537734619895232042e-08
3.961524420689240516e-07,-5.560712225010116220e-09
2.681197234932622211e-07,1.385919865805160388e-08
1.755860040248856785e-07,1.916946049544113369e-08
1.710725278031034867e-08,5.307481494857917191e-08
-1.143899110609133606e-08,8.561248332838259452e-08
-3.509112883044572683e-08,1.426655553045482499e-07
-7.389347987039562719e-08,2.199995615228724924e-07
-1.226503553782620382e-07,3.105824465530060511e-07
-1.858151976574463536e-07,4.204426317698237101e-07
-2.588386438706469631e-07,5.427072688607124332e-07
-3.454808236407081769e-07,6.826492009966272223e-07
-4.413966953882212961e-07,8.335287601749112201e-07
-5.495650422472309491e-07,9.997210424604210928e-07
-6.660466005481876664e-07,1.174862745776526168e-06
-7.928544255688913819e-07,1.362180787906587339e-06
-9.266332575758151044e-07,1.555934437116967930e-06
-1.068250102186214740e-06,1.757956903989044574e-06
-1.215117842167134157e-06,1.963392553474438933e-06
-1.366807799795734731e-06,2.172390949899385341e-06
-1.521511940451994641e-06,2.380897373293366941e-06
-1.677172396910168280e-06,2.588683881167495855e-06
-1.655838943280248911e-06,2.934534740808225122e-06
-1.477640363726531322e-06,3.051316197331228532e-06
-1.310338417984812909e-06,3.143161659864892398e-06
-1.148013295237543940e-06,3.219974405799789147e-06
-9.905244153223367265e-07,3.283365882507517038e-06
-8.369201415452518250e-07,3.334445154136255732e-06
-6.860960686213933359e-07,3.374491777227701697e-06
-5.369603202579103702e-07,3.404295252939262863e-06
-3.883957224831312380e-07,3.424534965686616009e-06
-2.393600919813402448e-07,3.435580331611446078e-06
-8.889508888474300414e-08,3.437593013901145949e-06
6.386229617732493941e-08,3.430508087817599638e-06
2.196955170130441012e-07,3.414077745269353627e-06
3.792720346657348629e-07,3.387857296270008152e-06
5.430764842984807198e-07,3.351334370516134395e-06
7.114585109603609141e-07,3.303729869040037611e-06
8.845651541850939403e-07,3.244383066547831684e-06
1.062436640066018294e-06,3.172251653987332899e-06
1.244902238418953298e-06,3.086663134458521294e-06
1.431139826282862623e-06,2.986591322240256649e-06
1.624714996761112955e-06,2.864780854090878041e-06
1.665501637518090760e-06,2.519238520035125109e-06
1.515776595684798471e-06,2.314619452206037039e-06
1.368504959942163636e-06,2.111499622123119342e-06
1.224826731773692378e-06,1.909560606819741475e-06
1.086696690521075578e-06,1.712809674513012788e-06
9.538796768852149211e-07,1.520384919881999859e-06
8.289371675926170229e-07,1.336883576844944157e-06
7.105531180888336404e-07,1.160080902189492161e-06
6.018322994785627740e-07,9.951471213186609410e-07
5.005363335452175254e-07,8.387707810754296737e-07
4.101307934438149285e-07,6.964375716423708725e-07
3.276349711803293532e-07,5.639952002436736704e-07
2.566967357565452948e-07,4.469990946488753743e-07
1.937716317463344754e-07,3.407032180400370242e-07
1.425027064092037157e-07,2.504757009805838075e-07
9.901609094530166018e-08,1.712245767826452846e-07
6.686322433938617007e-08,1.084278329430023982e-07
-3.866811696534893443e-08,1.199710435057741922e-08
-1.152341233575252560e-07,2.108769394488439168e-08
-2.154277264184458437e-07,1.572577547997229398e-08
-3.538229940227675402e-07,-4.805310758253769923e-09
-5.148157376606374655e-07,-3.658243455044082936e-08
-7.054587921945042591e-07,-8.075007894686554429e-08
-9.128772187287005643e-07,-1.340918997861763678e-07
-1.141621247952081442e-06,-1.969966823740709368e-07
-1.381616005272115654e-06,-2.671246906213419633e-07
-1.634954841395834163e-06,-3.441081029467260511e-07
-1.894253113996246140e-06,-4.264381721239388520e-07
-2.159260686591023725e-06,-5.130285016109895850e-07
-2.425171596675122498e-06,-6.031658546553782061e-07
-2.689503008937714754e-06,-6.950786784128960269e-07
-2.949938052998897363e-06,-7.888135206763546348e-07
-3.201828563793128564e-06,-8.819997278417354433e-07
-3.444799699284675812e-06,-9.753281725984100619e-07
-3.673985500451365878e-06,-1.065167580697247358e-06
-3.962614678437136830e-06,-9.845037864163292175e-07
-4.009183582075718427e-06,-8.282924570587601907e-07
-4.040137234392924016e-06,-6.882520481652389258e-07
-4.057747368685049765e-06,-5.594694366733900137e-07
-4.063914515615046285e-06,-4.371610011245249703e-07
-4.059622555039114958e-06,-3.168842236070137031e-07
-4.045240847238130905e-06,-1.946186427296327271e-07
-4.020540094806642021e-06,-6.695099181211275227e-08
-3.984905809901773256e-06,6.880311961878373893e-08
-3.937288322327242889e-06,2.145549784166453200e-07
-3.876754937037632189e-06,3.713486166205511690e-07
-3.801996346424822027e-06,5.394314330121972385e-07
-3.712406149221436000e-06,7.182334541809298134e-07
-3.607266928643737054e-06,9.059063925355053250e-07
-3.479568754611089434e-06,1.104567967370645452e-06
-3.336277427357346787e-06,1.308350343104849774e-06
-3.172854017729743130e-06,1.520480306112358939e-06
-2.994804016035002643e-06,1.733517533854824776e-06
-2.801031508256097765e-06,1.946527908228360435e-06
-2.597365315431264677e-06,2.154145667361491647e-06
-2.386599960435203421e-06,2.352374530360674102e-06
-2.028042548575650445e-06,2.335779183171123230e-06
-1.875827858451850938e-06,2.126750073850886691e-06
-1.720196405901108424e-06,1.918129998277431325e-06
-1.563645789562133971e-06,1.712723909131878522e-06
-1.408992846040162140e-06,1.513015344331522690e-06
-1.255869145842710225e-06,1.319388172714301505e-06
-1.108116276966257695e-06,1.135824057761929974e-06
-9.642637093759231625e-07,9.609277343874887758e-07
-8.287308490205184130e-07,7.996654901597238496e-07
-6.990732536084426857e-07,6.491238508917095626e-07
-5.801229883396898801e-07,5.150175928568838498e-07
-4.686421392189952035e-07,3.931603291202732625e-07
-3.696965125804459319e-07,2.897680812764278859e-07
-2.794313210349912311e-07,1.996214370495358185e-07
-2.029571480841395576e-07,1.292117226819911218e-07
-1.360541527039390697e-07,7.265597455192678478e-08
-8.354510445361953958e-08,3.575380069497537879e-08
-3.131419553637768228e-08,-4.787291843787940114e-08
-8.131720981204510319e-08,-1.704168994070212357e-07
-1.152684403684245688e-07,-3.120105156012045188e-07
-1.451359108881576156e-07,-4.966763693445205748e-07
-1.696992731360238306e-07,-7.068257635989252640e-07
-1.905660695739896527e-07,-9.478880281625345513e-07
-2.066224666285317510e-07,-1.205939245073409088e-06
-2.193503553085463684e-07,-1.483174355259842690e-06
-2.277496951695271228e-07,-1.769827909886318863e-06
-2.331723481077703678e-07,-2.065123307078582513e-06
-2.347504358598090338e-07,-2.363062653047362510e-06
-2.337043277022313757e-07,-2.660280326321271299e-06
-2.292975772013720714e-07,-2.954169912424743547e-06
-2.226188122490729724e-07,-3.239152897516766295e-06
-2.130621666859841367e-07,-3.515635055553340005e-06
-2.015934091597060227e-07,-3.776205535791242923e-06
-1.877456474819133163e-07,-4.023974980104614722e-06
-1.721775727639631068e-07,-4.249761430111370868e-06
-3.461905990313351442e-07,-4.450944834027364911e-06
-5.343669505454738528e-07,-4.430953146505486908e-06
-7.182308546174409288e-07,-4.400142031465981751e-06
-8.989209529123617043e-07,-4.358470100634720992e-06
-1.077355371790885936e-06,-4.305775059043182352e-06
-1.254349266396208121e-06,-4.241740585891600990e-06
-1.430526603366368376e-06,-4.166020576336248895e-06
-1.606287872091790448e-06,-4.078100393812381695e-06
-1.781763597184863048e-06,-3.977682957328044803e-06
-1.956487509352663579e-06,-3.864432624353632422e-06
-2.131861749751488396e-06,-3.734371845234901741e-06
-2.305496514327168221e-06,-3.590673629161675018e-06
-2.480074692632691550e-06,-3.430150747078864224e-06
-2.651558447858878583e-06,-3.255775819765552482e-06
-2.821112259539212363e-06,-3.065503192199836095e-06
-2.984720451671778604e-06,-2.863253545828638900e-06
-3.142826775322332499e-06,-2.649204483791655457e-06
-3.291572854680716714e-06,-2.426319187743611283e-06
-3.429785860745913439e-06,-2.196996360907759516e-06
-3.556269815144428042e-06,-1.964522812469699834e-06
-3.670186498243758261e-06,-1.732916158955710578e-06
-3.551991984719775328e-06,-1.447079798197554202e-06
-3.316923389245420163e-06,-1.380140138532083062e-06
-3.067194168647350075e-06,-1.305143059872157035e-06
-2.811102139425672486e-06,-1.225102545002078141e-06
-2.547803266442042539e-06,-1.140449375968975815e-06
-2.282435255069989527e-06,-1.051878732621966102e-06
-2.016878693591598954e-06,-9.608077860700293501e-07
-1.754180209850348624e-06,-8.672714056923731725e-07
-1.498647731356527990e-06,-7.735118390606270679e-07
-1.251120759905684893e-06,-6.788016714794489081e-07
-1.018462007973014702e-06,-5.862563029565114155e-07
-7.991922293521892956e-07,-4.943525012832532664e-07
-6.028391825994165377e-07,-4.071137609306447124e-07
-4.254975256858489966e-07,-3.221847716465128120e-07
-2.794655190848488766e-07,-2.445416034136626046e-07
-1.582260617625689523e-07,-1.709525439898188451e-07
-7.719895752429784813e-08,-1.071771873343091846e-07
-4.592139443773912089e-08,5.910465583379435638e-08
1.546309906671825410e-07,-3.880947673494074275e-08
2.048596776305051893e-08,-1.656757438142415770e-07
-9.203679334058703371e-08,-4.196964888163760306e-08
1.101943564840302891e-07,7.517573572770452311e-08
-1.369429150985962929e-08,1.817162184492098358e-08
7.094917468482405149e-08,2.215486084975957665e-08
-2.769363296518306987e-08,-1.436571980213133118e-08
9.587998765353740395e-08,-1.127953353294146133e-08
-2.605574881173568832e-06,-3.564026836020790459e-06
2.438968700642456945e-06,-3.609877524847401559e-06
2.928633797476231459e-06,2.033462521751132286e-06
-2.970818736077916222e-06,2.083982605708942202e-06
-3.332379657607650702e-06,1.650435233330677553e-06
3.271056183770646127e-06,1.621392424354494188e-06
1.838679094607245589e-06,2.394449843645696144e-06
-1.854129395853973293e-06,2.461976632272639827e-06
2.795479198902502903e-06,-3.244643777629585731e-06
-2.953578310259512967e-06,-3.209617602140980429e-06
1.728472462490497195e-06,3.010256491086696403e-06
-1.753528811638842024e-06,3.072353484994865864e-06
-3.614465733653907714e-06,-1.258333319746275984e-06
1.067992263004537747e-08,-4.252261838082299188e-06
3.499334471863789272e-06,-1.203419890954373763e-06
1.538307888325062000e-06,1.988428646385236339e-06
-1.370787789908684539e-07,1.726979704265819911e-07
3.027638085605820000e-06,-1.040458586537909061e-06
3.587583985077379422e-07,-1.157731220854044590e-07
-3.135603677977419896e-06,-1.093852904372460150e-06
1.204247112615628396e-08,-3.777776275909484346e-06
2.078397473221119084e-07,2.017928689427808999e-07
1.938866491216705902e-08,-4.928468943094320728e-07
-3.132941292319860892e-07,-1.235820780025458033e-07
-1.543325925479958757e-06,2.045117662381915748e-06
1.817565337268727583e-08,-9.452391064246681724e-07
1.326298176078012481e-08,-3.240102765474649610e-06
1.247936904147090006e-06,1.595439026020862327e-06
2.528275590204711951e-06,-8.693905452730769601e-07
-2.764597533756425215e-07,3.533132133418212448e-07
3.446078352630232067e-07,3.818768218914757450e-07
6.727308607719622822e-07,-2.281105555940911718e-07
-2.619065607191633487e-06,-9.179110395413665520e-07
-6.516150641263278131e-07,-2.431189690410021533e-07
-1.238157030760417731e-06,1.634832973775208438e-06
9.765825892012630174e-07,1.228962314528931091e-06
-4.616331146927083139e-07,5.972147550272117035e-07
1.694705210991425384e-08,-1.481595403713070113e-06
-9.497310040557541544e-07,1.247954331855971251e-06
-2.087796247956945834e-06,-7.368391533990075989e-07
1.449121373007485025e-08,-2.660500653884849918e-06
1.070725034883544241e-06,-3.674519141745013664e-07
5.200180100869274988e-07,6.154358177230318540e-07
2.021388455328545000e-06,-6.955286723153554305e-07
-1.078294521056212327e-06,-3.910687635035050572e-07
-6.881594893928143237e-07,8.983227901650586858e-07
1.571914005535340289e-08,-2.064500589515601458e-06
7.319958198169709182e-07,8.996138752629308534e-07
-1.565807631452770185e-06,-5.584970155142042709e-07
1.528101800270190801e-06,-5.258003277674089170e-07
-2.247586587469443055e-06,-3.857793941189225975e-06
2.083697148606837572e-06,-3.903816390602625144e-06
2.531157055561991299e-06,2.423950857637288460e-06
-2.556526821642242608e-06,2.489367010486685877e-06
-3.622431410512998780e-06,1.221462760284177317e-06
3.544009315847954399e-06,1.216318432011736970e-06
7.805393509403576589e-08,-2.786107004163379318e-08
1.565015233128344311e-08,-5.426081599290313399e-08
-1.994727011411578582e-08,-2.734848931143047461e-08
2.128130038611408198e-06,2.749411499798444370e-06
-2.145256730345061718e-06,2.819524307868697976e-06
3.446501067886942291e-06,-2.342998054332823159e-06
3.302790278431350734e-06,-2.586655037137692828e-06
-3.437911742567369956e-06,-2.584082960770661048e-06
-3.574226283855111273e-06,-2.353693271825581688e-06
9.723361992365169168e-07,3.367317167349317711e-06
1.154311755971006679e-06,3.302079318336848751e-06
-1.229983912362630643e-06,3.336184078855329188e-06
-1.068657824394048763e-06,3.392978275254923487e-06
3.583170289398435788e-06,-2.097844117536818462e-06
-3.703991943501272533e-06,-2.121620151835064882e-06
7.968156134648217494e-07,3.425627521369545715e-06
-9.133157647413507787e-07,3.443535026666166789e-06
3.978751709501912736e-06,-9.990561006519698239e-07
3.934489420369987733e-06,-1.197600018901150772e-06
-4.043893842539420911e-06,-1.253108217869249106e-06
-4.087292205586732329e-06,-1.058403019914834700e-06
9.105306592942513806e-08,4.733917130068323424e-09
8.430677328963774039e-08,1.448809795245356970e-10
1.016512052440155318e-07,4.313091972904016611e-10
-2.235260570206087095e-08,7.280988505988978339e-09
-3.476388424865543757e-08,4.576473824105915361e-10
-1.210953968806106342e-08,9.220434161740589735e-10
-2.362128087983098770e-06,2.513930300532408053e-06
-2.577139954539767245e-06,2.322604179513149524e-06
2.551084899880822766e-06,2.262181717076530889e-06
2.341861914258209195e-06,2.447463481747675825e-06
4.014615112270184282e-06,-8.313794978723902011e-07
-4.122644310985628859e-06,-8.942152284016966108e-07
3.556178533165625319e-06,1.375162608022402828e-06
3.670641683505717384e-06,1.175668490272573793e-06
-3.757012074998445754e-06,1.178309325390134330e-06
-3.635122846577243434e-06,1.389854092038689860e-06
-1.716626714349487625e-06,-4.197319473970656818e-06
-1.538483389807033042e-06,-4.281941217632146135e-06
1.581874839090488259e-06,-4.228513283060379316e-06
1.419721731765649058e-06,-4.306671718505810696e-06
-1.362197444467023157e-06,-4.359892759291910485e-06
1.261787030563855113e-06,-4.377679183787222266e-06
3.800495806840219524e-06,-1.607699106848509977e-06
3.698212059024102565e-06,-1.849595673585041335e-06
-3.911777330174421132e-06,-1.654174023075570033e-06
-3.813626928669700734e-06,-1.885704399706683162e-06
2.231545755439391778e-06,-3.902541553580412994e-06
2.055302299236206165e-06,-4.028989617673163991e-06
-2.218566620955152747e-06,-3.986542096292834637e-06
-2.398497912276453806e-06,-3.856398002834911264e-06
-3.989355480404904352e-06,4.612624330186336400e-07
-3.924441477704040729e-06,6.369529448381674585e-07
3.827860271009345106e-06,6.650923874691995132e-07
3.889054242839987740e-06,4.988955622398422449e-07
-4.044391320639971975e-06,2.980353716040092726e-07
3.941123228481241166e-06,3.439702065663516744e-07
-1.906496019798986635e-06,3.090678051593606628e-06
-1.710171895393562171e-06,3.196371393770157400e-06
1.682160484388942050e-06,3.142934942909281743e-06
1.887875910479386583e-06,3.027656003325361873e-06
-2.936044169742572987e-06,-3.377543342052752948e-06
-3.109331528099330754e-06,-3.188349994640599494e-06
2.957484632241188613e-06,-3.222393835641317053e-06
2.777041329617672248e-06,-3.418808061367100804e-06
3.880402660262100005e-06,-1.374566845439168421e-06
-3.990442220183225293e-06,-1.427209280321603655e-06
8.514788012550049501e-08,-6.547885424593832407e-09
-1.468904873739804882e-08,-9.512504130887418359e-09
3.272494983883753646e-06,1.790790501859691247e-06
3.423974430391013652e-06,1.581591730691474174e-06
-3.494458366989491310e-06,1.608363332812474321e-06
-3.333575686547641361e-06,1.829186412505791369e-06
-3.155040533474794831e-06,2.048255227331715727e-06
-2.960342015432163728e-06,2.262179069506143170e-06
2.919042312225515839e-06,2.204124277340882556e-06
3.103821015985073415e-06,1.999287437877496618e-06
6.254567425739385971e-07,3.468787250691977483e-06
-7.607740136386642726e-07,3.480857729177652743e-06
4.594638977494413193e-07,3.505040240890807790e-06
-6.110981428941774208e-07,3.512434134696721843e-06
2.595579037767478613e-06,-3.598107270533719927e-06
2.412954224528970369e-06,-3.759467831977926273e-06
-2.580067287202983081e-06,-3.712195020930448694e-06
-2.759821714961382418e-06,-3.552433110642702031e-06
-1.184602550475012045e-06,-4.423506445354530363e-06
1.104645666606133637e-06,-4.435119441871154549e-06
4.034899307186952275e-06,-6.824932261328966320e-07
-4.142710370683459326e-06,-7.479942502686427208e-07
-2.628818299585858095e-06,-3.412004987387004369e-06
-2.453212051583813075e-06,-3.576862446390279689e-06
2.285843115849070071e-06,-3.623539806240964242e-06
2.462213623362849734e-06,-3.454830636578524037e-06
-1.006980537374513788e-06,-4.480094826749876753e-06
9.485868806805974953e-07,-4.486032416872079472e-06
4.048272984790945070e-06,-5.481257002411249132e-07
-4.156014046183709610e-06,-6.153711912932236056e-07
2.091629065702160554e-06,2.900986599992625665e-06
2.308733329412433584e-06,2.746641665896672824e-06
-2.327761458049972537e-06,2.817088087601238998e-06
-2.107905916186629352e-06,2.969661328589684040e-06
2.939678433101281427e-06,1.864923465844470695e-06
2.750467762280798112e-06,2.066831427015255938e-06
-2.784272543622567307e-06,2.119096712342854056e-06
-2.982518957852465264e-06,1.907296200123644277e-06
-3.165932100077683531e-06,1.692053700887358322e-06
-3.333263278649047371e-06,1.475888086047196790e-06
3.271746003655108474e-06,1.456314896347359498e-06
3.113703841968678524e-06,1.660690564222677244e-06
-4.084387223600430467e-06,1.458935259508563631e-07
3.979140815832834220e-06,1.988823578466180252e-07
2.637666185780647387e-06,-3.268886804551334742e-06
2.811780847152938149e-06,-3.065404912143941329e-06
-2.969484343849668242e-06,-3.037924963089343115e-06
-2.800874991527342132e-06,-3.232484355907729283e-06
1.774290674486128670e-06,2.871723187947844170e-06
1.576205266487106715e-06,2.996641254356288072e-06
-1.610889971113515168e-06,3.059491994179401223e-06
-1.795858139276306926e-06,2.940195751576922368e-06
-4.115948515808638393e-06,4.926487224828331855e-09
4.009341266469413239e-06,6.360548275163911164e-08
8.834496169651436413e-08,4.801339813024393247e-09
-2.210418106533520353e-08,8.322398303234112001e-09
3.720811069526019997e-06,-1.274447251142898707e-06
-3.834751146541215651e-06,-1.329080642037576274e-06
-2.276624176963096335e-06,-3.726265396405235440e-06
-2.099778795055503577e-06,-3.860347750086037278e-06
1.940822470864181233e-06,-3.907180104177248716e-06
2.111718234664006398e-06,-3.774185820610654030e-06
-4.607353459762148256e-07,-4.588794895621519550e-06
-2.709104283662709159e-07,-4.606130667331306141e-06
2.861390320638483666e-07,-4.603625280999708592e-06
4.625313041211408177e-07,-4.586229459340722871e-06
9.254750783184478719e-08,-4.616455829516587121e-06
-7.129504515463786388e-08,-4.617178688247676889e-06
2.978869745373280664e-07,3.529394576824864669e-06
-4.625217431307277413e-07,3.533678278531034517e-06
-3.482682055457237641e-06,1.264762046502383620e-06
-3.612824525522669175e-06,1.059161814249824882e-06
3.534783851350928283e-06,1.063303082604714617e-06
3.412468107164898653e-06,1.257092044082776869e-06
2.512181436160219942e-06,2.585418881568113087e-06
2.720464235752657389e-06,2.399976511978419110e-06
-2.752536294692968725e-06,2.464903213685685040e-06
-2.536471619550240912e-06,2.654592426733829762e-06
1.403790193694759092e-07,3.546723663818929914e-06
-3.140289082866660417e-07,3.548828639771752081e-06
-8.275619713670022598e-07,-4.524854000658190843e-06
7.909119863869466573e-07,-4.526563096746081824e-06
4.052590829932725196e-06,-4.234836032922406850e-07
-4.160372390500398284e-06,-4.914527445624834233e-07
-6.457582113663886034e-07,-4.561797205372182060e-06
6.296887051004667730e-07,-4.560564618474030328e-06
4.051501934321201362e-06,-3.037601948297446645e-07
-4.159316597463239878e-06,-3.713244620216562025e-07
3.029683358344296159e-09,2.537598211008971185e-08
2.470472127212919551e-08,3.128727382109420951e-08
-4.137250649377551586e-06,-1.265814179016525873e-07
-4.151655987007692014e-06,-2.510851823953813212e-07
4.029894121914837415e-06,-6.359427843915767434e-08
4.043937406921152459e-06,-1.851521295479725141e-07
-1.344366799656398722e-08,3.554834401848801551e-06
-1.647899175118457562e-07,3.555467658598867416e-06
-1.654678200802800542e-08,5.147643326014698534e-08
-2.748434847036111616e-08,3.597608206299217634e-08
-6.604463134702969127e-09,3.067386557899085396e-08
-4.502499811552575880e-08,3.006433726346567605e-08
-2.678897450066209456e-08,1.481474344592884277e-08
1.106177154518903470e-07,3.744890672749387063e-08
8.815591741911493515e-08,4.553681705920615110e-08
9.061547983448746115e-08,1.544600160161722941e-08
7.206916663281091823e-08,6.560518336174114277e-08
5.443882846686735523e-08,3.909476331756773398e-08
-1.844851583833958071e-06,2.629544838437244972e-06
-1.687917003156302060e-06,2.421213432406493039e-06
1.676758848297749013e-06,2.354362013320282656e-06
1.828650292725375571e-06,2.559459040805606983e-06
-1.864625679975538417e-06,2.295123917377967801e-06
-2.015776751319991559e-06,2.502081064312729716e-06
1.077248985115668826e-08,-4.460428863147277731e-06
2.113860235734769804e-06,-8.456516998323057187e-07
1.862416526445537816e-06,-7.577041961492185545e-07
-4.665703759936156106e-07,4.906391973194857964e-07
-5.759472640010024573e-07,6.231714088500294982e-07
4.196815054609804397e-07,5.896817804012302114e-07
5.114974183716312042e-07,7.233299974415384710e-07
-2.785721987686783731e-06,-8.525625200209963470e-07
-2.522233830959293053e-06,-7.610823059474536596e-07
-2.795181721292459422e-07,2.715144185731375508e-07
-3.675929758985091149e-07,3.732300539293305043e-07
-5.331338332696529828e-07,-2.864951026260034566e-07
-7.237722452962574689e-07,-3.634859933859238322e-07
2.621024108144578545e-06,-1.019006528389957950e-06
2.367444975050035265e-06,-9.329750510740495537e-07
6.070758226919116136e-07,-1.258101978524285070e-07
7.901477331213348227e-07,-1.805642874077247721e-07
1.177360411226388360e-07,-8.220590393890067618e-07
1.260409991919284079e-07,-1.072655261733771235e-06
1.698298988702575755e-06,2.027648974455579065e-06
1.548460212836053665e-06,1.827526718149325145e-06
3.117011472380414861e-06,-1.183671917404358788e-06
2.871500333934821342e-06,-1.102762545607488248e-06
-9.142795289798286686e-08,-3.903555085600897674e-06
-9.746553980052152374e-08,-3.648881954760875603e-06
3.108619361734049562e-07,-4.330807178007947863e-08
4.464418482189092590e-07,-7.976361817125815326e-08
6.125000552977476979e-07,8.691509814201424592e-07
7.223483900567066747e-07,1.026553082828336072e-06
-6.948444221677037293e-07,7.697816538110857846e-07
-8.225674965896686655e-07,9.296365929794323799e-07
1.491233690277471250e-07,1.864964189359351287e-07
2.021250837683774959e-07,2.671119207801231058e-07
1.440499153934600920e-06,-3.858433525936156738e-07
1.681392397200069774e-06,-4.647119877502692185e-07
-1.092275724812808248e-07,-2.213691552346437253e-06
-1.071756316871551520e-07,-1.916240767415266520e-06
-1.406080810867271981e-06,-6.202991789876957898e-07
-1.659490792115848068e-06,-7.111097310976457430e-07
-7.605694600360372157e-08,-4.359066913573453218e-06
-8.446897481231985477e-08,-4.140895501924494230e-06
1.998258410619065574e-06,2.433952347335713830e-06
1.849170421596681109e-06,2.230669549578979691e-06
3.579793121365751309e-06,-1.332449378868784241e-06
3.354737805343260169e-06,-1.261205328999761188e-06
-3.757794293141720249e-06,-1.204630355440606606e-06
-3.530399522302034447e-06,-1.119896485773494735e-06
-3.292823366136934630e-06,-1.032832348644627978e-06
-3.043400426792503519e-06,-9.434181521412944459e-07
-2.287482091958286127e-07,-1.522665345949849529e-07
-3.671660773047881120e-07,-2.157866194316131751e-07
-1.532494400347289603e-06,2.213036349622194259e-06
-1.378310052460685168e-06,2.004189432421497153e-06
-1.382128696061402408e-07,1.174664423735792787e-07
-2.029438056461313184e-07,1.861418028359681260e-07
9.461259662994089616e-08,-3.967259963065867653e-07
1.072875137867002673e-07,-5.953748947059310575e-07
-1.024068960012230147e-07,-3.379791423908752994e-06
-1.061634100374618196e-07,-3.098434521752413888e-06
2.648752500004943510e-07,3.612638943215484612e-07
3.374235518327161088e-07,4.688828869726346329e-07
-9.579564115091668974e-07,1.101304957060183838e-06
-1.100126841055517207e-06,1.283692128865831274e-06
-1.920026666915009668e-06,-8.026790526535497513e-07
-2.185139342907342791e-06,-8.942076939899322830e-07
1.401086673774369865e-06,1.632410242409238802e-06
1.257154102745770961e-06,1.443521037388242635e-06
1.118048260533362112e-06,1.262587584836035974e-06
9.846078121128815705e-07,1.090642576351591152e-06
-1.227041287089796098e-06,-3.313046021263880359e-07
-9.940602742768591081e-07,-2.581278216169736433e-07
1.150638005478048191e-06,-4.994059225975774300e-07
9.367639854877276938e-07,-4.180344579726859040e-07
1.392747508750614804e-07,-2.511822930159317781e-06
1.369853478735966087e-07,-2.808105035237458069e-06
8.403901661665106267e-07,1.194473006492611148e-06
9.660943095453871019e-07,1.372057572318306299e-06
9.919091815797094944e-07,-2.427712756394861736e-07
1.209885226533145443e-06,-3.115980246517289505e-07
-2.256396018731148957e-06,-6.701556996337264159e-07
-1.990618310340291441e-06,-5.805939172181797598e-07
-9.348734421600906547e-07,-4.454333353170194049e-07
-1.163652870896066311e-06,-5.314611870298422812e-07
-1.227135551319840882e-06,1.797681779593631218e-06
-1.080189495792683033e-06,1.595317877326112286e-06
-1.034023331244230837e-07,-1.624387187761195120e-06
-9.781882978215578121e-08,-1.341504487283431478e-06
1.323268970102845826e-07,-1.341282245252603060e-06
1.366825087423083835e-07,-1.624165002234074530e-06
1.333038216263990224e-07,-3.098211908673568051e-06
1.283189380279870133e-07,-3.379569683280869814e-06
-9.390345409570565612e-07,1.399394645937953730e-06
-8.046255854208246540e-07,1.211349668605191188e-06
-1.086168836160515077e-07,-2.808327258863084494e-06
-1.096783721347394208e-07,-2.512045134507931223e-06
-3.468842975476499096e-06,-1.316827137293699897e-06
-3.695230913979431409e-06,-1.386587262215432399e-06
-1.247638650328720722e-06,1.474980547758780706e-06
-1.399415589800213632e-06,1.673810210581366726e-06
4.319680338138988525e-07,4.012369461526051061e-07
3.482316861711190950e-07,3.017641836908183701e-07
1.066286427829307178e-07,-4.140543231007406680e-06
9.711172978656102775e-08,-4.359533952650887074e-06
-1.553715125955595006e-06,1.877967592502554839e-06
-1.709348061373730892e-06,2.085936399365929473e-06
1.098527441559161877e-06,1.557856138191784215e-06
1.236970673077982086e-06,1.750756267685792496e-06
3.415622736737810015e-06,-1.065648167210072573e-06
3.643137170477060234e-06,-1.149144637751149206e-06
-1.314938813010557501e-07,2.365885611657440959e-07
-8.072145883597833919e-08,1.576688153547748773e-07
-6.910190902829446699e-08,-5.955801929933440172e-07
-5.520172320876495601e-08,-3.970005453200517032e-07
-4.080513972674339669e-07,-8.453410872191245882e-08
-2.616024086409235863e-07,-4.574128952052146797e-08
-2.975011710172631050e-06,-1.158201583227486057e-06
-3.227175082668105096e-06,-1.239740350594887764e-06
1.380211242392768173e-06,1.948936595960629346e-06
1.527289333128516209e-06,2.150950685138429295e-06
-6.782465382405417565e-07,1.033116270133092856e-06
-5.606654486252771892e-07,8.658737773201062445e-07
1.392278805879528814e-07,-1.916018548794895423e-06
1.400518836295554528e-07,-2.213469332999684582e-06
8.579227064542805690e-07,9.290213547495480096e-07
7.386403318888978534e-07,7.784924508669282407e-07
2.937827956220817082e-06,-8.939453850198159344e-07
3.181272662390474221e-06,-9.805933516787566182e-07
-1.728561644543251406e-06,-4.936248294580111391e-07
-1.472758252337864792e-06,-4.101002091820098739e-07
2.742107548011549963e-07,2.158252723075690941e-07
2.099770654430524670e-07,1.434143860826037518e-07
1.221530239042508693e-07,-3.648668704053819075e-06
1.148924110556975012e-07,-3.903312122615264508e-06
4.087043856905071069e-07,-2.017200561048417946e-07
2.806516591933938193e-07,-1.420581969364077712e-07
1.616364907431355514e-06,-6.701492871146255904e-07
1.377963474856007514e-06,-5.836918758090076064e-07
-9.030471829585166426e-08,-1.072878335062398381e-06
-8.077105268780555554e-08,-8.222798872688077477e-07
2.435376923287308330e-06,-7.188297740862654479e-07
2.688472887304987106e-06,-8.064486158066913921e-07
-7.778223209226521953e-07,-1.919108616332693888e-07
-5.810935660776052538e-07,-1.335815856201617250e-07
7.399407424210335938e-07,-3.407080298383637589e-07
5.626621448920106406e-07,-2.682080276432360068e-07
-2.451147292953773656e-06,-9.845389839453244673e-07
-2.715613430312515457e-06,-1.072910765325207407e-06
-2.691815564206444086e-07,4.432776657811724130e-07
-1.943688929832007101e-07,3.319100726371991249e-07
-4.528850425523205275e-07,7.111678588781255617e-07
-3.554832892706582316e-07,5.699162562726447997e-07
6.275702986475148359e-07,6.400047669725382863e-07
5.251699876161943828e-07,5.140655076126315119e-07
1.929162188314027877e-06,-5.470592247795553584e-07
2.181567255495048738e-06,-6.321278283531831911e-07
-6.424928294698427666e-08,-3.905049188280785523e-09
-5.334689468433711576e-08,-2.640228478691696921e-08
-5.104070056580259399e-08,-5.239571061206653874e-08
-2.766260120684922707e-08,-3.332020159138333367e-08
1.175131790366943298e-07,-4.806795916591801894e-08
1.191790218606896939e-07,-2.355161609767786888e-08
9.588138528263243859e-08,-2.912779713908988661e-08
1.287392348826834794e-07,-3.570884252699327004e-09
-2.054041836303945760e-08,-1.064094415602080914e-07
1.922649695623323439e-08,-1.013194622845931083e-07
-1.321589379797475076e-08,-5.663580391329179361e-08
6.223193200285803722e-08,-1.086476669480624056e-07
5.411429649619772957e-08,-6.036454821727869437e-08
4.325726259538088035e-08,1.478523040992225846e-08
-2.017465592998247304e-09,9.997447706093684618e-09
-1.109909740985593668e-08,-3.439739357588673220e-08
-2.900493156455378082e-08,-4.210297208331970038e-08
8.122208307730982964e-08,-4.528668914611500048e-08
5.234611062631572205e-08,-3.873359175124594181e-08
7.151587384748507011e-08,5.594179304532755778e-09
-9.024053319298774573e-09,6.872783611743851490e-09
1.039534218523218703e-08,-2.865820480704432307e-08
-4.731933503352367906e-09,-1.027961521555792381e-08
4.820948295941882045e-08,-1.526753117376073338e-08
8.724365486922261556e-08,-1.937102442201516026e-08
8.923959882983639960e-08,-3.765733256931677523e-08
-2.559049849866139142e-08,-3.929908065815973320e-08
-1.952819921237822371e-08,-2.371086802601571764e-08
-8.422443600515978757e-08,1.057185597985416844e-07
-8.557764567173604741e-08,6.581749233846550927e-08
-4.212669388730066398e-08,9.556042935292467947e-08
1.531232774219988153e-07,1.307478217474182328e-07
1.058296185312611616e-07,1.194658842839170748e-07
1.554211647087130081e-07,8.411422922103477444e-08
2.383745168384084114e-07,-7.141519698279799947e-08
2.042120471712441886e-07,-1.775912411811503564e-08
1.824808601309404937e-07,-9.051521496952584493e-08
-1.830625200608905867e-07,-7.635917982517329322e-08
-1.221806807358872207e-07,-9.735472230052839940e-08
-1.461255274290963288e-07,-1.870624357436618942e-08
2.003712561015277814e-08,-3.074316808214002482e-07
7.965942112789192050e-08,-2.326399196396035994e-07
-3.891662699755042759e-08,-2.329120004263515869e-07
-2.773579339103601998e-06,2.297547115742821154e-06
2.740455199531004602e-06,2.238099367539590630e-06
3.658848714011335330e-06,1.024865159987918303e-06
-3.744660457411984053e-06,1.018341317478159110e-06
-9.770890692679223453e-09,-1.194057459332139757e-08
7.553052673363869209e-08,-9.184539569116869051e-09
1.914082472507103768e-06,-4.030197861244997232e-06
-2.071875064801014689e-06,-3.987606972491648454e-06
-1.570355560226479645e-06,3.180497417120778566e-06
1.532054822353614159e-06,3.127064151133340106e-06
-3.126226503835031261e-06,-3.015909530259094515e-06
2.975223715801016677e-06,-3.042118540507285468e-06
3.422745432737863443e-06,1.418401476249628553e-06
-3.493383399226739609e-06,1.435709106289750141e-06
-2.342949421734085832e-06,2.677012225049922996e-06
-2.159957482264992773e-06,2.681210948959640640e-06
2.323411436391717631e-06,2.607618057800062845e-06
2.142426015026309741e-06,2.611536642132030459e-06
2.261650335076521198e-06,-3.771115706856686367e-06
-2.428953420500058996e-06,-3.723615214434759291e-06
-2.784376375964551497e-06,-3.399271407576794649e-06
2.620724599735067194e-06,-3.441455959697511739e-06
3.113858587899966757e-06,1.831816187795805387e-06
-3.165874498481995704e-06,1.872444906576803932e-06
-2.003823724059664010e-06,2.668948266624005298e-06
1.986566936034497200e-06,2.598693966777683103e-06
-1.698601627200615733e-06,2.253999726764480268e-06
-1.315001240158284790e-06,-4.725289284537301248e-07
1.292364817971106615e-06,-4.443725627900889645e-07
6.207988940733387183e-07,7.503199613221739864e-07
-5.691511284731594335e-07,7.398245749780964584e-07
1.510517029693553567e-08,-2.362872435635579140e-06
-1.823586304848179908e-06,-6.466599579883661098e-07
2.274420742513155693e-06,-7.823612104517914071e-07
8.498101557821771075e-07,1.058086507579575467e-06
-8.142785741038505523e-07,1.066678712872370197e-06
-3.625032961247410750e-07,4.662207832266357186e-07
4.266561641224501451e-07,4.908337083342231199e-07
1.633311084619320018e-08,-1.768738049420638426e-06
-4.672153269834099731e-07,-1.784403981674120812e-07
1.387727503865565956e-08,-2.954766039558452858e-06
-2.881258975766476508e-06,-1.007223300381368851e-06
2.780594006960673606e-06,-9.558505224390475775e-07
5.013653742080992100e-07,-1.673105210662213713e-07
-1.090635225128557970e-06,1.436804485229508466e-06
1.878983798524268377e-08,-7.036019109079698414e-07
-1.997003410162351477e-07,2.532547050471559013e-07
1.108789314942542123e-06,1.407388515334690899e-06
-1.389090962853309887e-06,1.837627397313140622e-06
3.269065013175305537e-06,-1.123277802627944757e-06
1.142097258792630604e-08,-4.025739671999470786e-06
1.687619205020979783e-06,2.190661701104283659e-06
-3.382289911941394676e-06,-1.178020636702561407e-06
1.390954744871768905e-06,1.788886316374648658e-06
1.264867510165594971e-08,-3.516906631757789734e-06
2.703997446981129188e-07,2.837795697957937428e-07
1.756096790145600554e-08,-1.203836330740214774e-06
8.611011597257735868e-07,-2.943648014451716074e-07
-2.353876799195396353e-06,-8.275553247886182318e-07
-8.538975438819889091e-07,-3.135375935140345345e-07
1.771101518626759989e-06,-6.095173197589694565e-07
1.937772990342258870e-06,2.887467108121222695e-06
-1.954745540616473674e-06,2.956100993267355848e-06
1.972614576982430644e-06,2.736873176450130780e-06
-1.989575891564903083e-06,2.807578340432752744e-06
1.744793124257827140e-06,-4.133116107740993271e-06
3.139683360948167384e-06,-2.817390368390949026e-06
3.748024224543267176e-06,8.393693128622227068e-07
1.339117313121025375e-06,3.217983532099932862e-06
-1.395147808406287173e-06,3.261965325220203328e-06
-3.839579356347137522e-06,8.215894051332695162e-07
-3.282977756468779737e-06,-2.802464873725011721e-06
-1.892526500381184602e-06,-4.095588659064472609e-06
