Size 955,2
0.000000000000000000e+00,0.000000000000000000e+00
0.000000000000000000e+00,0.000000000000000000e+00
6.812616340126645307e-09,-3.229560603525277198e-06
-5.638880173586463979e-08,2.137996711358275178e-06
5.829530248034887436e-08,-4.465375004081887878e-08
6.213811644511590067e-08,-3.260421095493696353e-08
1.030564855234909309e-07,-3.052097055633286702e-06
2.367577723726545238e-06,-9.688767851218629628e-07
6.828963903738382439e-08,5.571783101424660325e-09
6.435141606483107319e-08,6.402344759409659133e-09
2.452344745261923136e-06,-7.503003732241931222e-07
1.271874275768037400e-06,1.393589321290396351e-06
2.570887690700779897e-08,3.025779998554476846e-08
-3.422681626500524050e-10,2.322855182504262684e-08
1.050202554364229747e-06,1.564447157837818996e-06
-1.061516727580931331e-06,1.609865676312198597e-06
-2.200735476988493510e-08,7.299087579679315977e-09
-2.622532730366742273e-08,6.914118312051714207e-09
-1.283118294374287895e-06,1.436598136090263167e-06
-2.523378305704991266e-06,-7.861456308974409485e-07
-1.910244596661871062e-08,-3.421285669500916510e-08
-2.689240645328284979e-08,-4.206589498452129070e-08
-2.440430686181922874e-06,-1.001506705089089798e-06
-8.942885457936688249e-08,-3.051074377070836954e-06
3.506915284653787970e-08,0.000000000000000000e+00
4.846961372845389558e-08,0.000000000000000000e+00
4.924053283950343353e-08,0.000000000000000000e+00
4.530114267307570843e-08,0.000000000000000000e+00
2.912061835681915101e-08,0.000000000000000000e+00
0.000000000000000000e+00,0.000000000000000000e+00
0.000000000000000000e+00,0.000000000000000000e+00
0.000000000000000000e+00,0.000000000000000000e+00
0.000000000000000000e+00,0.000000000000000000e+00
0.000000000000000000e+00,0.000000000000000000e+00
1.201386688787765142e-07,-3.221750027414573816e-06
2.238315803546865240e-07,-3.207302713729473007e-06
3.184051750593328291e-07,-3.191301319205454686e-06
4.093132950019112159e-07,-3.173058702246231276e-06
4.987055119254780105e-07,-3.152276244868073340e-06
5.886336089873001304e-07,-3.128309858487023351e-06
6.808049040859875122e-07,-3.100223997957360362e-06
7.765492126641605479e-07,-3.066962823218212580e-06
8.767455990829655364e-07,-3.027218164735077461e-06
9.818303682538052792e-07,-2.979891736626987057e-06
1.092017316748112640e-06,-2.923615379026785130e-06
1.207686863876204324e-06,-2.857193555376730988e-06
1.330214936704062213e-06,-2.781011306163809679e-06
1.456670707875298335e-06,-2.692517405809679200e-06
1.589183452154771841e-06,-2.587913728394053347e-06
1.721668419491022743e-06,-2.470513313482580728e-06
1.855614637127632953e-06,-2.337482786903484820e-06
1.985394010241175433e-06,-2.192040618910693507e-06
2.109005058154478457e-06,-2.034625218099292768e-06
2.224594039521410537e-06,-1.868216804928525494e-06
2.329710630166457780e-06,-1.695509313032624866e-06
2.422200783123623882e-06,-1.519675521933591103e-06
2.499854692938392182e-06,-1.344567633651849046e-06
2.561130516220672495e-06,-1.174896356527410870e-06
2.604565213398109225e-06,-1.016743153437309227e-06
2.632988943361859514e-06,-8.717514773768059072e-07
2.645108716430667709e-06,-7.476193177422084156e-07
2.646804779599911808e-06,-6.488858326670992244e-07
2.644587140007520376e-06,-5.724615137047848428e-07
2.640869921824347328e-06,-5.106804813382472173e-07
2.637085554373910019e-06,-4.587456793599168964e-07
2.634104819397712588e-06,-4.119490999576380796e-07
2.631961649911705253e-06,-3.659345971986586023e-07
2.630078680673255012e-06,-3.168435991703145056e-07
2.627330396670955089e-06,-2.614311346869897941e-07
2.622231145958426112e-06,-1.971290242649662779e-07
2.612924524911307952e-06,-1.221366839593089299e-07
2.597625434271973023e-06,-3.539856820580418362e-08
2.574267410855087182e-06,6.336355346835507980e-08
2.541353199073893129e-06,1.737061457064665893e-07
2.497130982821026213e-06,2.948751504996519109e-07
2.440364510571835514e-06,4.262447958982695603e-07
2.372186335850556612e-06,5.681427000921585654e-07
2.289297547223354900e-06,7.158308578629083664e-07
2.188986357753056001e-06,8.706513527759912468e-07
2.074782328365211254e-06,1.024560885204156743e-06
1.946232713681467731e-06,1.177328251667649398e-06
1.806246016947115414e-06,1.322900638397079363e-06
1.658507593278011668e-06,1.458101849478566307e-06
1.505067909884373920e-06,1.580146295547388509e-06
1.354478985434364226e-06,1.685106559709641812e-06
1.205342880343605940e-06,1.776376470476607898e-06
1.066044641450911514e-06,1.849866419001245682e-06
9.343211553486313219e-07,1.911020315690984597e-06
8.124325974245078466e-07,1.963745944805677565e-06
6.972275031217572789e-07,2.007523534069906768e-06
5.876502237313705581e-07,2.043349280893566845e-06
4.832316638239812275e-07,2.072270096869110005e-06
3.837057507203416218e-07,2.094931792888469556e-06
2.886973672464247167e-07,2.112170749565119588e-06
1.977590388145145283e-07,2.124556445043563151e-06
1.103580078561144112e-07,2.132704357313741806e-06
2.587503749043363517e-08,2.137055445195744967e-06
-1.372068566611412697e-07,2.135735584324113829e-06
-2.174040394685854175e-07,2.130359831015956878e-06
-2.978672409252513049e-07,2.121860468080123520e-06
-3.795531857225922070e-07,2.110084157454659279e-06
-4.634674080344319700e-07,2.094666376634207063e-06
-5.506445074998251988e-07,2.075134369422776478e-06
-6.421228331201570119e-07,2.050679351269239446e-06
-7.388845988637139503e-07,2.020516921398874000e-06
-8.421815703427654534e-07,1.983348208408639710e-06
-9.539727556711660904e-07,1.937749460336178427e-06
-1.078967254358215499e-06,1.884040434325615784e-06
-1.215154906746202709e-06,1.817248278844584755e-06
-1.365917539775405629e-06,1.729232750914437186e-06
-1.519618519069005841e-06,1.625314662898367548e-06
-1.678110376163945368e-06,1.501943156364131233e-06
-1.831577327871436587e-06,1.363793339286327471e-06
-1.978100398468742235e-06,1.213374717589298162e-06
-2.113036782427382491e-06,1.054622146091996783e-06
-2.233458940525470450e-06,8.937612675260511032e-07
-2.339397835836872660e-06,7.314266145216295489e-07
-2.427197795741426968e-06,5.760692797689943472e-07
-2.499484444308235990e-06,4.265066619543033007e-07
-2.559708425772427761e-06,2.878064878354059340e-07
-2.606642632596948817e-06,1.597387184628859112e-07
-2.641554440662961834e-06,4.304901769863209926e-08
-2.666270106375701437e-06,-6.139073878893268048e-08
-2.682351400124586083e-06,-1.530391623017505146e-07
-2.691971577500211006e-06,-2.321085585342696732e-07
-2.697008588235576374e-06,-2.996231066036915217e-07
-2.699428725856367521e-06,-3.573789829207959655e-07
-2.700813798934640204e-06,-4.079677368171287263e-07
-2.702380958960243047e-06,-4.546753637841098407e-07
-2.704789393927037205e-06,-5.014166650966653835e-07
-2.708068502762251561e-06,-5.526108756788178891e-07
-2.711408868433891331e-06,-6.130289397026374872e-07
-2.713417271332997670e-06,-6.875223747058318541e-07
-2.711746864554084034e-06,-7.839361409181134551e-07
-2.699758152090636968e-06,-9.054637347378757075e-07
-2.671072988150799381e-06,-1.047095807925129421e-06
-2.627693701181286834e-06,-1.199909423307639111e-06
-2.568177771899534775e-06,-1.362106598094489973e-06
-2.493564416625965210e-06,-1.528966239320317077e-06
-2.405189889726431894e-06,-1.696338226762918266e-06
-2.304964250407624097e-06,-1.860863720957468835e-06
-2.194717738428245990e-06,-2.019788966034765743e-06
-2.076522995115422665e-06,-2.170816201962237305e-06
-1.952004674240503911e-06,-2.311495994634574524e-06
-1.822744209703699193e-06,-2.441318987180779043e-06
-1.693269215409273594e-06,-2.557694362787356693e-06
-1.562523969712590703e-06,-2.662727848364076939e-06
-1.435368977400391696e-06,-2.753770214546602170e-06
-1.310208552905753578e-06,-2.833724721240741870e-06
-1.189432028245413531e-06,-2.904529915823213625e-06
-1.072048452878737461e-06,-2.965816570839332375e-06
-9.578671228459713266e-07,-3.018444902379068647e-06
-8.468556738502989223e-07,-3.063404621345557152e-06
-7.388451789540655194e-07,-3.101459542479753386e-06
-6.333726320687106558e-07,-3.133542800021192744e-06
-5.296820784809167032e-07,-3.160381648965928610e-06
-4.267964925214901445e-07,-3.182634795335720173e-06
-3.235462505067660062e-07,-3.200747749694146893e-06
-2.187866591709674258e-07,-3.214947603496452270e-06
-1.086729608231608293e-07,-3.225890736498978810e-06
6.125380675818907571e-08,-3.524728323336613873e-08
9.160111610463215163e-08,-7.031368187004986097e-08
1.412387173744802184e-07,-1.121520474989895402e-07
2.163336920955415622e-07,-1.601034187101300249e-07
3.069269780554306887e-07,-2.104245222114811443e-07
4.169325971267659574e-07,-2.651459990963047414e-07
5.386631109158652130e-07,-3.211560478290858600e-07
6.743809550101464002e-07,-3.799103552428855686e-07
8.182197476356950631e-07,-4.389406427286957588e-07
9.709627418720114698e-07,-4.991784395811166439e-07
1.128461613884520994e-06,-5.587559122994175731e-07
1.290127889924475467e-06,-6.181164187683464536e-07
1.453421080790454482e-06,-6.759576091457747223e-07
1.616492696785419430e-06,-7.322681461383447562e-07
1.778281122177547959e-06,-7.862620954920448573e-07
1.935794556206333316e-06,-8.375807194301451160e-07
2.089778370740910286e-06,-8.861302041773809348e-07
2.234959970785169942e-06,-9.294225079764387851e-07
2.291890241450538616e-06,-1.122101527192805189e-06
2.205777608930671734e-06,-1.286749149532403818e-06
2.109718094150174378e-06,-1.457543834550517839e-06
2.004526806985718153e-06,-1.629545605929570348e-06
1.891556624275520139e-06,-1.798724109252473131e-06
1.772110647272895932e-06,-1.962067591544488120e-06
1.650431884447020732e-06,-2.116027935093856706e-06
1.526458608123567183e-06,-2.260321400816005604e-06
1.404903429457683385e-06,-2.390112325649847405e-06
1.284502640175424324e-06,-2.507961977912478939e-06
1.170371790984171815e-06,-2.609929916779202428e-06
1.058966464064874091e-06,-2.700377863185567840e-06
9.533604177742228808e-07,-2.774848866238064656e-06
8.514982924454834985e-07,-2.838975643268633216e-06
7.538620669460170376e-07,-2.893359841399148628e-06
6.600523954328562197e-07,-2.938534065003026573e-06
5.692030675272404190e-07,-2.975382926873237213e-06
4.800165368239944060e-07,-3.004530193484098742e-06
3.907728136887388853e-07,-3.026572291166357193e-06
2.994277590198304166e-07,-3.041833700539123867e-06
2.035078174204530163e-07,-3.050387295336153305e-06
1.174415377061649774e-07,-2.925834447920810919e-06
1.309651844600769179e-07,-2.788215500515634427e-06
1.436471627254038545e-07,-2.632472536391085807e-06
1.548061837401016737e-07,-2.465518471415374505e-06
1.646801418203308671e-07,-2.284063220793369876e-06
1.725549421455511774e-07,-2.094346484664984035e-06
1.787969742527227035e-07,-1.895000314748152587e-06
1.825552614791016638e-07,-1.691107134485325354e-06
1.843281420863059276e-07,-1.483633722228071886e-06
1.831334329114890392e-07,-1.276131720257849771e-06
1.796008743644202695e-07,-1.072277111528105739e-06
1.726169176158201700e-07,-8.737142552379183560e-07
1.629422527599790221e-07,-6.872048075190693403e-07
1.493310890482830560e-07,-5.121134071995876127e-07
1.326863006582363219e-07,-3.586547897691684444e-07
1.116270385027909388e-07,-2.234661846479271094e-07
8.706455556404947628e-08,-1.210667734306427787e-07
6.558384149022616054e-08,4.511175892012116655e-09
8.827663856429619566e-08,2.376311666446494118e-08
1.149077324562124942e-07,4.634392675391437772e-08
1.467796213010922041e-07,7.513484846326016807e-08
1.832740524883381388e-07,1.086479142123374885e-07
2.265305009461564665e-07,1.505758866288595157e-07
2.748420019886745352e-07,1.985434437018086443e-07
3.305120370013908715e-07,2.562338662909803354e-07
3.912971680960512735e-07,3.207113640602084676e-07
4.594827673196641604e-07,3.954546873507942143e-07
5.324615104700192339e-07,4.772079520718409988e-07
6.123221669025730982e-07,5.689983546997249554e-07
6.962730302438641804e-07,6.674968083266568034e-07
7.860262514084275454e-07,7.750335749062096535e-07
8.787743958147129575e-07,8.884451480236321331e-07
9.757116876690185692e-07,1.009107426939018867e-06
1.074393844203692520e-06,1.134466996316179428e-06
1.174151815302609861e-06,1.264426885651252429e-06
1.416796303486498631e-06,1.262353446554920378e-06
1.561846984484393146e-06,1.124249367449001794e-06
1.703257047255878067e-06,9.793913385370299200e-07
1.838528257714240803e-06,8.314751532845298796e-07
1.962587021922411144e-06,6.850276453145197652e-07
2.076325170226051878e-06,5.410382847417233014e-07
2.174844183462547532e-06,4.060138677140382057e-07
2.262209333637577788e-06,2.771654448792354226e-07
2.332103041260236471e-06,1.597238294646642984e-07
2.390851813742021042e-06,5.179981247885627299e-08
2.439140462519767472e-06,-4.494158102015041929e-08
2.477549427489521767e-06,-1.299898988190431027e-07
2.507320372830550858e-06,-2.035931547496973123e-07
2.529348723788976780e-06,-2.667488864985912920e-07
2.544654416249702127e-06,-3.212839613018690934e-07
2.553852637015291326e-06,-3.697777438007769925e-07
2.557202459500871309e-06,-4.155340540003674049e-07
2.554398517309465681e-06,-4.624752606184168561e-07
2.544536729704265636e-06,-5.149781376857974081e-07
2.525834389810714443e-06,-5.778007787255925256e-07
2.496095431915738503e-06,-6.558573648840080179e-07
2.310169412283764009e-06,-6.910408842493510444e-07
2.167614323869356266e-06,-6.344839863191822981e-07
2.017887077922638483e-06,-5.755155105872336214e-07
1.862800594275637877e-06,-5.165086779559439962e-07
1.702676373969043142e-06,-4.571162728600290623e-07
1.540235767468259008e-06,-3.987125165584725087e-07
1.376758889883418671e-06,-3.412800375331970474e-07
1.213745276822310639e-06,-2.859055058763752773e-07
1.054018739016335338e-06,-2.330236526072749950e-07
8.977932416458832143e-07,-1.833435708334489797e-07
7.495241725866240999e-07,-1.377877895338242955e-07
6.080290200224328911e-07,-9.665451329008238864e-08
4.795062922280834002e-07,-6.138952818847743457e-08
3.612636519679688732e-07,-3.184236847687555207e-08
2.613554398354471555e-07,-1.002815005314450845e-08
1.755245253832971813e-07,4.665809142813164268e-09
1.135363533241603709e-07,9.800115308182365171e-09
1.086755060923342753e-08,2.883424096057325274e-08
-8.810883989555473002e-09,4.008963759930472552e-08
-2.097680273785605455e-08,6.497045694597694887e-08
-3.979408437554867935e-08,9.992689425334834002e-08
-6.305877519101993225e-08,1.422260153816787311e-07
-9.388943355448864885e-08,1.956097834641961801e-07
-1.299938413857124385e-07,2.567876559492072251e-07
-1.742971413082501896e-07,3.294205497121149725e-07
-2.242644959800654517e-07,4.097209891703945803e-07
-2.824936444385505877e-07,5.010784939579117541e-07
-3.463989103522622571e-07,5.994540362477855793e-07
-4.180687628252462473e-07,7.077171098202473653e-07
-4.950451759221396727e-07,8.218231469366461876e-07
-5.787270025198058807e-07,9.438760545119051408e-07
-6.669677221559766087e-07,1.070087299144853346e-06
-7.603253160643016414e-07,1.201507920197730513e-06
-8.569850978181788246e-07,1.334538804957526106e-06
-9.563456572687760273e-07,1.470407274127678842e-06
-9.462072590863512075e-07,1.701442242820644960e-06
-8.356853610965584152e-07,1.777578469161221146e-06
-7.352143470216439382e-07,1.835026153958730662e-06
-6.397892742364497241e-07,1.882114946307682976e-06
-5.492116036331316350e-07,1.920233896552457739e-06
-4.626236598399247868e-07,1.950346859900937732e-06
-3.790561647563519977e-07,1.973553500499478313e-06
-2.975605690922477362e-07,1.990540122245749141e-06
-2.171699253511441234e-07,2.001905526573312325e-06
-1.369752965026692763e-07,2.007986868293960128e-06
-5.612307451124868815e-08,2.008953660411317705e-06
2.617609603232352481e-08,2.004785555863095302e-06
1.106614037004183801e-07,1.995305443678988947e-06
1.980029713433957101e-07,1.980165095246055260e-06
2.887579788178030813e-07,1.958937031713651695e-06
3.834091053797410691e-07,1.930959371566839023e-06
4.823087479310104306e-07,1.895626930990611565e-06
5.857547386130023983e-07,1.851989545924654298e-06
6.938965626891536910e-07,1.799358683854408937e-06
8.063252351384165865e-07,1.736714375752188319e-06
9.265608968184248075e-07,1.657396516552769327e-06
9.489725481592314854e-07,1.426529554080863138e-06
8.533442200382478243e-07,1.292642801882726554e-06
7.613617625752364018e-07,1.162993760560966569e-06
6.730478948829773647e-07,1.036010570015809156e-06
5.903104271648272220e-07,9.152634536223819527e-07
5.121726604999243253e-07,7.992517942429420290e-07
4.407657687432531436e-07,6.916025416701091306e-07
3.744074021257400041e-07,5.899641983731659814e-07
3.153986801257332610e-07,4.980232502906339373e-07
2.615084825090904285e-07,4.128558894915201653e-07
2.150250576793772574e-07,3.379497170097938295e-07
1.733486625348195319e-07,2.700543919077482751e-07
1.385760037500605595e-07,2.122129232886948824e-07
1.079168773812332671e-07,1.610949277629763365e-07
8.309388570748411951e-08,1.190446595326396211e-07
6.135353413983081781e-08,8.290959269092270538e-08
4.385970398363609301e-08,5.444340358240297934e-08
-2.301540407454832031e-08,6.930804887247286189e-09
-7.528643273212916465e-08,1.119611587051835026e-08
-1.422619796815309781e-07,5.968117995969310638e-09
-2.347427025030428128e-07,-9.489658906287146456e-09
-3.421307380369391969e-07,-3.259137144004342939e-08
-4.688541908319634090e-07,-6.392792074500206107e-08
-6.063227690874068435e-07,-1.013767120668612961e-07
-7.572313979902435575e-07,-1.450231020918144676e-07
-9.150136201495275615e-07,-1.933677906165451914e-07
-1.080683622468396907e-06,-2.459917785552379175e-07
-1.249589382218014941e-06,-3.019747545466161260e-07
-1.421177342008322751e-06,-3.604311770388955810e-07
-1.592598350350021493e-06,-4.209841676600939172e-07
-1.761841994917554673e-06,-4.823150955552135154e-07
-1.927772823076255603e-06,-5.445548037810491815e-07
-2.086990040779543018e-06,-6.060385503097121710e-07
-2.239514331303841632e-06,-6.672877529340394170e-07
-2.382559584576827526e-06,-7.256197995261456530e-07
-2.566153921776979215e-06,-6.943382335331003602e-07
-2.595175605478549125e-06,-6.182390958800618409e-07
-2.613286951170928523e-06,-5.568307161581677796e-07
-2.622618421058760692e-06,-5.051267943416020758e-07
-2.624872901856612374e-06,-4.583050461941739468e-07
-2.620881976713930635e-06,-4.119228981671962331e-07
-2.610866874813229737e-06,-3.620025116762872404e-07
-2.594482339779581057e-06,-3.051976671279085005e-07
-2.571031527101897370e-06,-2.389087563662903987e-07
-2.539405482626740822e-06,-1.613142032102541772e-07
-2.498648450096479474e-06,-7.145300185634814078e-08
-2.447449904021789325e-06,3.085402844769231780e-08
-2.385214612401331102e-06,1.449948278152356118e-07
-2.311248115353581772e-06,2.691485082635509520e-07
-2.219000654641870021e-06,4.051894968277743450e-07
-2.115173780716925147e-06,5.476027426700976648e-07
-1.995701040750852962e-06,6.990677403840470477e-07
-1.865800914546702935e-06,8.528438143686422088e-07
-1.724949358062469419e-06,1.007482261860160279e-06
-1.578531633993420022e-06,1.158491648697663546e-06
-1.429867868513405490e-06,1.301415957175995567e-06
-1.185534963017534858e-06,1.305801897680324428e-06
-1.084470105345482114e-06,1.172351356838544335e-06
-9.829753220812058982e-07,1.042094462129286631e-06
-8.824402047974688720e-07,9.159483343147419695e-07
-7.852735144406689753e-07,7.962910182556557514e-07
-6.905601993637843900e-07,6.822881958601769603e-07
-6.012616073881366798e-07,5.771716063872979554e-07
-5.158139594442541952e-07,4.789566674610814601e-07
-4.373008344185364884e-07,3.912322314601073802e-07
-3.636410284152759176e-07,3.111235702450290846e-07
-2.978743736473430646e-07,2.423398352164173632e-07
-2.375825344344403608e-07,1.813614117885021373e-07
-1.855824360663518698e-07,1.317707751676675252e-07
-1.392962174366447945e-07,8.964627899517667719e-08
-1.011340131097370673e-07,5.820922088493448133e-08
-6.857833682544119891e-08,3.344613999372305455e-08
-4.334004092869599174e-08,1.755524300513363052e-08
-2.171474323922826011e-08,-3.307510402867429876e-08
-6.015222155919679444e-08,-1.207765593991747437e-07
-8.546187214693119235e-08,-2.238855768614323694e-07
-1.073233095233425723e-07,-3.589342376646128771e-07
-1.247614147076688769e-07,-5.123888383231774978e-07
-1.391475648481141613e-07,-6.874869205179834855e-07
-1.495995407226901138e-07,-8.739960311937017375e-07
-1.573615737129853141e-07,-1.072558641514172620e-06
-1.616720782931506503e-07,-1.276413275139255976e-06
-1.636447076647230845e-07,-1.483915284960000734e-06
-1.626497501777767675e-07,-1.691388693272409585e-06
-1.596693972277609220e-07,-1.895281860503927362e-06
-1.542053629883424609e-07,-2.094628135589735169e-06
-1.471082169881369487e-07,-2.284345103362150751e-06
-1.380105587693972844e-07,-2.465797221451933312e-06
-1.276369680460508881e-07,-2.632750298661123545e-06
-1.157564042420031405e-07,-2.788567932554365281e-06
-1.028495877092795640e-07,-2.926033654780955401e-06
-1.963439903454389531e-07,-3.046397332061709128e-06
-3.019180415873789484e-07,-3.035081176454665973e-06
-4.053177693589408912e-07,-3.016973743761241448e-06
-5.079331512700802847e-07,-2.991871296857084851e-06
-6.108932419324979268e-07,-2.959450079132292216e-06
-7.151544975106570550e-07,-2.919206995227651544e-06
-8.214203842765437861e-07,-2.870660967770778666e-06
-9.301193637082676014e-07,-2.813137946481478955e-06
-1.041370958826846241e-06,-2.746259654237509141e-06
-1.154643290587492144e-06,-2.669599297262403310e-06
-1.271430269663237617e-06,-2.578797537327250805e-06
-1.389211926527908237e-06,-2.477415600850496503e-06
-1.510680436685580598e-06,-2.362110672403637427e-06
-1.631741875039431658e-06,-2.236062305902649154e-06
-1.753284787352189935e-06,-2.097394611963935842e-06
-1.871587540715951967e-06,-1.950008720539440812e-06
-1.986486943259766923e-06,-1.794312037088436231e-06
-2.094695205783900941e-06,-1.633272572607335672e-06
-2.195117934663976847e-06,-1.469559089346778269e-06
-2.286610838467331352e-06,-1.306699934128111080e-06
-2.368518990352433388e-06,-1.149011909367556639e-06
-2.307201753942597342e-06,-9.640988994000817590e-07
-2.160393199346691957e-06,-9.222325999306774754e-07
-2.002715124852335926e-06,-8.743249583980338536e-07
-1.840268466813228439e-06,-8.229962468832343269e-07
-1.671974084994654962e-06,-7.683007180688755062e-07
-1.501545262385124084e-06,-7.107690790519757404e-07
-1.329857905101707741e-06,-6.511926702363131865e-07
-1.159310244652294945e-06,-5.896952041715205847e-07
-9.924293390190574318e-07,-5.276407933967706637e-07
-8.301821028674622055e-07,-4.646429367246046776e-07
-6.768746405760915081e-07,-4.026868393024257912e-07
-5.319309190162190640e-07,-3.408421939338765232e-07
-4.015462452524052600e-07,-2.817503228024301461e-07
-2.834939143453197846e-07,-2.239008839717945080e-07
-1.859650544945999768e-07,-1.706349054247261079e-07
-1.049033413147565193e-07,-1.198199364746813959e-07
-5.080799841281324629e-08,-7.534913588361679849e-08
-2.543988595887768684e-08,2.820407442807064493e-08
9.987322223742751237e-08,-2.950007556275091590e-08
1.334930976435723452e-08,-1.171531449043515707e-07
-6.018700114938838043e-08,-3.141980812730458961e-08
6.603280811439748864e-08,3.833154756673177856e-08
-8.444135922004334087e-09,9.565562337093508891e-09
4.457343263091093258e-08,1.210218336324112954e-08
-1.758072858589033683e-08,-1.099164609134600312e-08
6.096554153854699626e-08,-9.236222481203727355e-09
-1.599427291684063480e-06,-2.457260886669829373e-06
1.494304053136079038e-06,-2.486480907778963814e-06
1.821210815013290350e-06,1.074840658441199940e-06
-1.847739833951489557e-06,1.106810229570080364e-06
-2.110813551910795368e-06,7.925499858878911546e-07
2.072228045086605966e-06,7.741107770211976885e-07
1.062294518168486708e-06,1.344724366274384990e-06
-1.072038154413605536e-06,1.387401600713770024e-06
1.749215501771733969e-06,-2.224260488275709075e-06
-1.848988543600365145e-06,-2.201859984613296898e-06
9.924848624240676393e-07,1.750334199288479373e-06
-1.008296067216868145e-06,1.789539143219541183e-06
-2.345738798795260779e-06,-8.469022563143287629e-07
7.149114220537246071e-09,-2.928052553884096688e-06
2.273121329516638924e-06,-8.122814381958983325e-07
8.681366702943066077e-07,1.085571707495349523e-06
-6.977803892298458846e-08,7.808968545280429409e-08
1.977482825090278439e-06,-7.066765433996220767e-07
2.367516889412932431e-07,-8.438344581564420401e-08
-2.045675102730300219e-06,-7.403739615739867154e-07
8.012467146513538008e-09,-2.634162716418823888e-06
1.144077186062787847e-07,9.635509108167433546e-08
1.266677346202532670e-08,-3.561782141695631154e-07
-2.081337431704322639e-07,-8.933956524158430663e-08
-8.713234024967833433e-07,1.121444384197272527e-06
1.189796489674763217e-08,-6.857073092793138753e-07
8.785682730989648153e-09,-2.285343326317649422e-06
6.876461138092134308e-07,8.444168527772478641e-07
1.659829965114398721e-06,-5.947852116626564663e-07
-1.389730508522026069e-07,1.626312947511999605e-07
1.819189253529409161e-07,1.805115477956989323e-07
4.466582240504671432e-07,-1.627708988736859997e-07
-1.717283916730521183e-06,-6.254431013640319372e-07
-4.335633348864639686e-07,-1.723175750231986857e-07
-6.815193700689811142e-07,8.694079869427432772e-07
5.259118998427409077e-07,6.294206340361886929e-07
-2.353125191421085569e-07,2.848059844317931610e-07
1.111962939706095843e-08,-1.071643594742329716e-06
-5.090317883429059629e-07,6.415627378850999425e-07
-1.375440996173600938e-06,-5.057968733976020055e-07
9.563797101599129037e-09,-1.895755663980983922e-06
7.108932618057292440e-07,-2.585148126588550906e-07
2.720811869150490570e-07,2.961358011640930112e-07
1.333287893470352131e-06,-4.796575453385525938e-07
-7.159695434588237265e-07,-2.735128622066766987e-07
-3.591670297537918536e-07,4.451403555694808356e-07
1.034171757148212306e-08,-1.483751265361727344e-06
3.867541153457546573e-07,4.457839760354718694e-07
-1.035993049886028859e-06,-3.866431285287952486e-07
1.011899960252552259e-06,-3.659190036803270365e-07
-1.350016693458149834e-06,-2.663188540605869232e-06
1.246669063442922179e-06,-2.692473746505830187e-06
1.533491906648919863e-06,1.356680517723366791e-06
-1.549439549511609318e-06,1.398022708767030259e-06
-2.319008196144284683e-06,4.865192678619477478e-07
2.269643072766029717e-06,4.831487059391284533e-07
5.184071616679278764e-08,-1.935971360877633072e-08
1.022685583458597805e-08,-3.708103944667290072e-08
-1.415919328881861916e-08,-1.916647423743964042e-08
1.254196177941870564e-06,1.580496207030303718e-06
-1.264974499625883966e-06,1.624777266079716180e-06
2.216858604773098914e-06,-1.574235563485645326e-06
2.114475598572046280e-06,-1.748625955025697814e-06
-2.199720104840820768e-06,-1.746753257864255354e-06
-2.297419682869823480e-06,-1.580765706371514448e-06
5.330639614558208863e-07,1.967163543523909765e-06
6.399241532720398304e-07,1.929063845708559487e-06
-6.877050076804585730e-07,1.950590574252163736e-06
-5.938822233300148743e-07,1.983359835846322317e-06
2.312875360874733358e-06,-1.401030819084124876e-06
-2.389062143409685403e-06,-1.415850953859108386e-06
4.318931689651536924e-07,2.000603393030816627e-06
-5.054503875333474150e-07,2.011905271474165992e-06
2.565019116212182069e-06,-6.950807892903270057e-07
2.541539721805424703e-06,-8.089478519207030431e-07
-2.610468890868712596e-06,-8.439436049531979088e-07
-2.633399398256724883e-06,-7.325250736763593851e-07
5.671067657650427570e-08,2.632539296339969678e-09
5.293747321135239029e-08,-3.343799383666367845e-10
6.421447025833782870e-08,-1.313650330478512538e-09
-1.325046911562368667e-08,4.309839592105912206e-09
-2.170407023937868699e-08,-1.118578770455216081e-09
-7.256118753034866500e-09,2.391102465572029891e-10
-1.412737004004686231e-06,1.416356091589723575e-06
-1.564271340311200336e-06,1.279502677455708449e-06
1.547893113648213922e-06,1.241299793191387804e-06
1.399995017448874912e-06,1.374352639635859758e-06
2.582579843920533696e-06,-6.092721336690898115e-07
-2.650635685844315918e-06,-6.489306743298792423e-07
2.278200075979321718e-06,5.958478884285768009e-07
2.358475220210153379e-06,4.542415344740767990e-07
-2.412854430568025257e-06,4.560329944699894618e-07
-2.327894450082461799e-06,6.052400080861216658e-07
-9.996460086109574063e-07,-2.888913764678408958e-06
-8.877123516449285611e-07,-2.942445595816626472e-06
9.148544585087467167e-07,-2.908743243878413450e-06
8.130843758647882010e-07,-2.958164347564258892e-06
-7.797196448383270655e-07,-2.990527847180418339e-06
7.167496216566310158e-07,-3.001832906577498104e-06
2.459996813179719995e-06,-1.066615279581474703e-06
2.391973712672668743e-06,-1.229139510288650170e-06
-2.530131200160019582e-06,-1.095839695906346485e-06
-2.464731984887015727e-06,-1.251781594580352421e-06
1.348429859701698905e-06,-2.691704749677311437e-06
1.227099043895767933e-06,-2.777693020184299741e-06
-1.330045580196293462e-06,-2.750694367004856657e-06
-1.453742264609087787e-06,-2.662341979015981640e-06
-2.566542583097759359e-06,-1.805046858414186900e-08
-2.525184487288743931e-06,9.198064482114853416e-08
2.464360079564385035e-06,1.096202496496361688e-07
2.503368456618007057e-06,5.588868859411622133e-09
-2.599986282818258063e-06,-1.149744381095660362e-07
2.534937106399015408e-06,-8.608470502981900893e-08
-1.107028166886707386e-06,1.802094174840499689e-06
-9.807309824599991719e-07,1.867761359538624701e-06
9.630521872923612867e-07,1.834029223388762241e-06
1.095289019930985345e-06,1.762307031950817180e-06
-1.836100913462054898e-06,-2.323387615485597774e-06
-1.961680226307820931e-06,-2.186225191981728903e-06
1.865855710471905198e-06,-2.208005645707555329e-06
1.735756835452032877e-06,-2.349724924552374240e-06
2.509489695082054053e-06,-9.176410584880669254e-07
-2.578827531240106108e-06,-9.507983491308112259e-07
5.438948339466327893e-08,-5.282898720905589592e-09
-9.468194012895608219e-09,-7.006463052478686781e-09
2.072942683847376866e-06,8.974087727256333589e-07
2.183300799129090742e-06,7.448808072645817520e-07
-2.227660232227999271e-06,7.618887388793047733e-07
-2.111374963510548834e-06,9.217420588736645049e-07
-1.981480666739177237e-06,1.080688864139282636e-06
-1.839613309477021036e-06,1.235471105383078667e-06
1.813642129037933444e-06,1.198758122212827813e-06
1.949261779371467643e-06,1.049696472782382095e-06
3.347975245749707011e-07,2.024914184633237677e-06
-4.202335038314279533e-07,2.032531777086892018e-06
2.421930754160960524e-07,2.045038973120751463e-06
-3.379290742453147557e-07,2.049704914504407566e-06
1.605565215393635960e-06,-2.478066708660146963e-06
1.475676608172648787e-06,-2.592205844580729555e-06
-1.581117514624437130e-06,-2.562104976734404933e-06
-1.709210449239955730e-06,-2.448956424359174241e-06
-6.736062734370919644e-07,-3.028812198874418059e-06
6.236242487189366039e-07,-3.036194989273366514e-06
2.590900253205908638e-06,-5.406734329566677491e-07
-2.658819047057851522e-06,-5.820176225542625432e-07
-1.615830015414268765e-06,-2.348678476879619908e-06
-1.491968998792581914e-06,-2.466848845338482290e-06
1.386383628607128106e-06,-2.496591124366688972e-06
1.510703954370051269e-06,-2.376000673994514936e-06
-5.698937120638762320e-07,-3.062097607988303833e-06
5.335997100763486586e-07,-3.065875697519259132e-06
2.595405090883106599e-06,-4.846651840546307779e-07
-2.663281248949071761e-06,-5.271065574174955160e-07
1.229793090450705373e-06,1.681112597679112207e-06
1.376848261572428613e-06,1.579669571621675956e-06
-1.388812118801133145e-06,1.624161463807641170e-06
-1.240038319167633930e-06,1.724475016492349514e-06
1.829645436581277726e-06,9.519978671209706446e-07
1.691497420493821886e-06,1.099556574184240301e-06
-1.712750667798692372e-06,1.132625362385132814e-06
-1.856586936742944860e-06,9.788365104473063880e-07
-1.990206110821921758e-06,8.227632343945909557e-07
-2.112061496556114136e-06,6.669861181260212101e-07
2.073354414807683123e-06,6.545160107421352149e-07
1.957351886623613025e-06,8.028614556049529571e-07
-2.623018012443084450e-06,-1.994918393715147872e-07
2.556717816286049226e-06,-1.661365075508710394e-07
1.635828311251427720e-06,-2.242047179757072569e-06
1.761026485939074507e-06,-2.094774451301077447e-06
-1.860551301815338750e-06,-2.077141471174562233e-06
-1.738823879370430263e-06,-2.218776448425545064e-06
1.021359417959025246e-06,1.661112395880109407e-06
8.961422847865762383e-07,1.741934136816471949e-06
-9.180384043277656602e-07,1.781615473932284621e-06
-1.034966361488066198e-06,1.704349397256709502e-06
-2.640093029603495253e-06,-2.717416670834943491e-07
2.572931669540378185e-06,-2.347794790999124112e-07
5.462779766943985320e-08,2.843163205746226556e-09
-1.284402656903167898e-08,4.967719795839239564e-09
2.410907114947321059e-06,-8.561261407772368014e-07
-2.482731204692052676e-06,-8.905566049567646010e-07
-1.369706385771392869e-06,-2.572422067868505056e-06
-1.249879056933763334e-06,-2.665560984080671706e-06
1.149682031153660159e-06,-2.695358906765375019e-06
1.265709423633340928e-06,-2.602930714754126057e-06
-2.606619682208687625e-07,-3.124207598370397678e-06
-1.541817462846645883e-07,-3.133939366258066845e-06
1.645946195310872427e-07,-3.132353024387819671e-06
2.625562296370246496e-07,-3.122584869366179152e-06
5.450989871894356980e-08,-3.140256624211109005e-06
-4.027796832170549711e-08,-3.140714307644640960e-06
1.532544304539142115e-07,2.058379437943317626e-06
-2.571966896390232087e-07,2.061082527353050835e-06
-2.220116113340625868e-06,5.169341546380578403e-07
-2.313234360466925915e-06,3.736034646553918780e-07
2.264110726674162631e-06,3.760912332860937960e-07
2.175927437747383435e-06,5.119702905888175384e-07
1.519225557198742790e-06,1.470007908607009010e-06
1.668958544127597039e-06,1.339526072201183848e-06
-1.689121103960687039e-06,1.380561337578080294e-06
-1.534493619635967713e-06,1.513708981466416657e-06
6.750216054026039358e-08,2.067792994022074232e-06
-1.771348578738286642e-07,2.069121191269794943e-06
-4.671278542481700380e-07,-3.087928303823844549e-06
4.446325186661561622e-07,-3.089021038483654399e-06
2.595931963434135731e-06,-4.363459913714227584e-07
-2.663835255358049193e-06,-4.792346590239598589e-07
-3.644293045678388223e-07,-3.108955441204773438e-06
3.549912894665429895e-07,-3.108179951502957110e-06
2.594388045319275763e-06,-3.910350957825345988e-07
-2.662313376414897211e-06,-4.336547784875249433e-07
1.600224304008509191e-09,1.287944570662935185e-08
1.603119288925975461e-08,1.663427213585862132e-08
-2.651016667432706898e-06,-3.332434292371205566e-07
-2.658196141795426298e-06,-3.862683931706899746e-07
2.583380911859474179e-06,-2.935454180748129476e-07
2.590331185074808195e-06,-3.446941255663272141e-07
-1.557686443308883344e-08,2.072191814045047745e-06
-9.694906345157404992e-08,2.072591373728102543e-06
-1.071066815417913650e-08,2.538912729570366273e-08
-1.617168725342389698e-08,1.805326371295338298e-08
-4.839964373659435998e-09,1.570688921342213442e-08
-2.495344646067861985e-08,1.520515835376788331e-08
-1.553923490469700761e-08,8.154863322244097995e-09
6.638016905555812890e-08,1.990132878077075027e-08
5.449640126646816025e-08,2.410359684941409475e-08
5.582974389499754954e-08,8.623651139691544976e-09
4.582077698759551570e-08,3.429049001480795773e-08
3.512964590621663506e-08,2.100335260637651641e-08
-1.066011374522095871e-06,1.497584107137106380e-06
-9.636871300474025980e-07,1.360811410966104022e-06
9.566381763536024498e-07,1.318556897555746777e-06
1.055793388682316870e-06,1.453305610490123696e-06
-1.078254411438891416e-06,1.279739778951376486e-06
-1.178146951046900587e-06,1.413033689573971530e-06
7.208197714471983982e-09,-3.051290520814912010e-06
1.393378936142443101e-06,-5.777446827397164941e-07
1.230319530974565415e-06,-5.195690205353531239e-07
-2.373792101873848555e-07,2.301525614759701853e-07
-2.964532787387877121e-07,2.979481315816879528e-07
2.200367139375396003e-07,2.830804735349711728e-07
2.676258637663706314e-07,3.518711213650857887e-07
-1.823532348261847548e-06,-5.843288222450255686e-07
-1.655100417526030087e-06,-5.238222191771357559e-07
-1.400422050557471890e-07,1.233096292726517410e-07
-1.852357565434665233e-07,1.719716057978522517e-07
-3.549964808634095670e-07,-2.006101886322358620e-07
-4.817133126186363236e-07,-2.532305041944820207e-07
1.719373827174354144e-06,-6.913659079350222585e-07
1.556874485833858363e-06,-6.351555408082093498e-07
4.026515646094413483e-07,-9.343987841114321726e-08
5.246355315618340485e-07,-1.317425144083023866e-07
8.407228159423327772e-08,-5.963099373396871652e-07
8.969334765279870638e-08,-7.779643316331444228e-07
9.699446534500939384e-07,1.110003091538698822e-06
8.739311284882063452e-07,9.853872667311066350e-07
2.034111215243626854e-06,-7.979253358166470340e-07
1.878836277452367371e-06,-7.457357633502849055e-07
-5.691346234871273405e-08,-2.713635835352684003e-06
-6.229440265351296191e-08,-2.551931873081642515e-06
2.044065555130461214e-07,-3.473370083103662635e-08
2.952751595068970170e-07,-6.088743883954102871e-08
3.213950715140337163e-07,4.292970726051719329e-07
3.813999116209086168e-07,5.153125310914676960e-07
-3.622952281742888435e-07,3.752996026380352614e-07
-4.346951026969665703e-07,4.620403248191951408e-07
8.592129260987078218e-08,8.963718448447395702e-08
1.118237269149205680e-07,1.265688129943599616e-07
9.542805539688989525e-07,-2.730217362152312206e-07
1.111960901455808809e-06,-3.265969472407812541e-07
-7.646308583495949031e-08,-1.587892540597681604e-06
-7.602941570398417884e-08,-1.379761526553346181e-06
-9.316861405881571534e-07,-4.266085125928825993e-07
-1.097397996880599807e-06,-4.872289571750385953e-07
-4.411558670192041730e-08,-2.991829317531061952e-06
-5.097209905437144512e-08,-2.860616323040728525e-06
1.167111453343563078e-06,1.369980051018339497e-06
1.068508319718773545e-06,1.238987650121010943e-06
2.322556490836926930e-06,-8.926107679755507417e-07
2.183438622383401258e-06,-8.477416908092475310e-07
-2.435453511268670213e-06,-8.141151371225053447e-07
-2.293133801205028790e-06,-7.591700651410485736e-07
-2.144549863893183645e-06,-7.025298447074634059e-07
-1.987224024490557135e-06,-6.440816101432650331e-07
-1.518488941593503873e-07,-1.079081019723699460e-07
-2.443554425211363147e-07,-1.519563737679220725e-07
-8.644413012578069031e-07,1.227291463903686680e-06
-7.677903523531944497e-07,1.095720028669022796e-06
-6.999534748234308440e-08,5.321304872747121945e-08
-1.016802394698484493e-07,8.383401586184058827e-08
6.745583571475598319e-08,-2.858737283434476953e-07
7.668815816916758946e-08,-4.311403455204443750e-07
-6.695869060284807703e-08,-2.377352763432137741e-06
-7.081777011005773581e-08,-2.191334256496724528e-06
1.425074056619109653e-07,1.707969866026545117e-07
1.784122938749703707e-07,2.227942780347276947e-07
-5.132092494455090520e-07,5.577251235021213916e-07
-5.974377606324574347e-07,6.619260442850094293e-07
-1.266941877505556347e-06,-5.480143996929873179e-07
-1.438592148624875451e-06,-6.084329543006830094e-07
7.812969578185209854e-07,8.664347445056784713e-07
6.926170279907920998e-07,7.538160934180183016e-07
6.086916106852247166e-07,6.484528511075482815e-07
5.299628740499384273e-07,5.508320556439769215e-07
-8.137239198452687747e-07,-2.347909777083424696e-07
-6.601867761987895691e-07,-1.846561399526178381e-07
7.639275274208835921e-07,-3.466434770211234125e-07
6.224233326884454047e-07,-2.914935764387717752e-07
9.519110826631381895e-08,-1.794021451070415426e-06
9.249133196663205434e-08,-1.996179555076729431e-06
4.475747532051271996e-07,6.096616595953523574e-07
5.197851254100958939e-07,7.120371406685116119e-07
6.585355288561467537e-07,-1.748839417822698575e-07
8.025906374041542237e-07,-2.222630025223828379e-07
-1.484169860302359902e-06,-4.633443575001203808e-07
-1.312326947530091154e-06,-4.034388445231295668e-07
-6.215163604587786145e-07,-3.088869637393254585e-07
-7.724445696391522197e-07,-3.669711752708809616e-07
-6.747891705652848837e-07,9.681025128201946025e-07
-5.861683759688139929e-07,8.455706470150962828e-07
-7.425333148090284285e-08,-1.173392760241787944e-06
-7.104598140236547556e-08,-9.714359024259935481e-07
9.367420060399205635e-08,-9.712951069074996156e-07
9.610365127593334668e-08,-1.173251999873370060e-06
8.877840342771169086e-08,-2.191193225479800299e-06
8.414112219568041793e-08,-2.377212285780495829e-06
-5.027742634327797324e-07,7.294364973322500474e-07
-4.250775334354564516e-07,6.204711671463383301e-07
-7.375269802682406610e-08,-1.996320339021607000e-06
-7.567456136031536506e-08,-1.794162222791729194e-06
-2.255437257661234134e-06,-8.827987611151116676e-07
-2.395351454673663778e-06,-9.267181229397555723e-07
-6.866568731091223760e-07,7.738116392783671955e-07
-7.802748414899911656e-07,8.926888029530132632e-07
2.257885980849067765e-07,1.894969291628364460e-07
1.833425877349238354e-07,1.422702968417000323e-07
6.577724810118971269e-08,-2.860392991247744699e-06
5.822077732771745830e-08,-2.992125766371967941e-06
-8.772667727273207319e-07,1.017330625093231866e-06
-9.769234147864875999e-07,1.146880972944746445e-06
5.976842604394697937e-07,8.217956938913864051e-07
6.809500416331412026e-07,9.383709179790243400e-07
2.220722958906260700e-06,-7.249411672605412762e-07
2.363162827798219316e-06,-7.791243044132600164e-07
-6.727466186036667491e-08,1.074262516780716283e-07
-4.275284289550323803e-08,7.153465537348634441e-08
-5.173001094394887274e-08,-4.312708280040757198e-07
-4.172113644909907606e-08,-2.860468567426916974e-07
-2.711837157715581824e-07,-6.390202312397783297e-08
-1.733551420388096386e-07,-3.623019001444210549e-08
-1.944249750877908359e-06,-7.807116763346539286e-07
-2.103671586461053506e-06,-8.332805348018556369e-07
7.689564563608016050e-07,1.060750135168611364e-06
8.611358322278583895e-07,1.188027068459970267e-06
-3.536456378875851219e-07,5.196218206026875808e-07
-2.887622405187222082e-07,4.274011079223276857e-07
9.710181464019243004e-08,-1.379620745793346587e-06
9.675755707629385203e-08,-1.587751759378822027e-06
4.569341143949632019e-07,4.614815643933748419e-07
3.898560703537063040e-07,3.806240370604890144e-07
1.920522917064496571e-06,-6.128287440744596611e-07
2.074126873134658059e-06,-6.695499997273350221e-07
-1.142014691476352976e-06,-3.449378680038912287e-07
-9.749419340101159505e-07,-2.884256378640538607e-07
1.466064733803821459e-07,1.024644256922437278e-07
1.152547494747346483e-07,6.952052547760065401e-08
7.870105067261330629e-08,-2.551796782390989396e-06
7.254530141662863870e-08,-2.713481896948279978e-06
2.704598729773246273e-07,-1.429977631979232589e-07
1.846015232192954183e-07,-1.014044408682805245e-07
1.069890993887232875e-06,-4.613020586201521372e-07
9.136371843427366584e-07,-4.034166232022653541e-07
-6.628703071209678004e-08,-7.781056367487242082e-07
-5.988757025361703200e-08,-5.964498661164917672e-07
1.600110617451595206e-06,-4.970923221870806386e-07
1.762033125051263085e-06,-5.551780244773795149e-07
-5.171196481346325067e-07,-1.389664140594085034e-07
-3.864653890362090123e-07,-9.838212941144968713e-08
4.916675392459039094e-07,-2.387542065648309518e-07
3.734396501924470388e-07,-1.889747166711556467e-07
-1.609885189622930042e-06,-6.677237105494004036e-07
-1.779207219403961109e-06,-7.253919923043843987e-07
-1.354065936483407979e-07,2.067938996364787111e-07
-9.805753620577060192e-08,1.524150783597966437e-07
-2.307136180038707829e-07,3.443685551451654646e-07
-1.795933684205448938e-07,2.707752562642915278e-07
3.289517516372298641e-07,3.084009637583938425e-07
2.742819221548870970e-07,2.447736688855181592e-07
1.273285280719398760e-06,-3.821871650988365119e-07
1.436726600853053105e-06,-4.392672337370714048e-07
-4.134531079748503059e-08,-4.978797161227344099e-09
-3.440469835262719345e-08,-2.006842893087671750e-08
-3.317851009087196915e-08,-3.764276146262590541e-08
-1.798124360535657571e-08,-2.398328544133690726e-08
7.543016395117565157e-08,-3.492081953538886368e-08
7.621614141792331089e-08,-1.839872686178779816e-08
6.148014047341151542e-08,-2.135687369004395327e-08
8.229089092857488026e-08,-4.928568243786801916e-09
-1.587831201411251371e-08,-7.434688787087532098e-08
1.253558677325807916e-08,-7.053866388300749761e-08
-1.017226938614256568e-08,-3.891288954126878385e-08
4.306454319334485101e-08,-7.574965321494567332e-08
3.691386796984350269e-08,-4.125042752273614215e-08
2.759056756226484417e-08,8.040005365658759363e-09
-1.324981531060622459e-09,5.029787766381787977e-09
-8.317749623711064453e-09,-2.359378639461594503e-08
-2.083227986288207235e-08,-2.914141923224573099e-08
5.475287795111937783e-08,-3.102914578562051352e-08
3.536555324408206654e-08,-2.631188000784385175e-08
4.473407928842959864e-08,3.116885059375126977e-09
-5.409850616410158728e-09,3.882547816932264427e-09
6.815380513671305997e-09,-1.941484753277956113e-08
-3.462864660021080542e-09,-7.138632475522716264e-09
3.216420710216997354e-08,-1.033986367480855839e-08
5.639124706709320297e-08,-1.421957158189256644e-08
5.850090951048746380e-08,-2.645130021336677497e-08
-1.757904392697206406e-08,-2.760670326740235395e-08
-1.304075456437719591e-08,-1.699646291022311769e-08
-4.414704975367397232e-08,4.829894338361200994e-08
-4.454498565963997517e-08,3.075145554558093383e-08
-2.390163078519246382e-08,4.416019448099640273e-08
8.762682370163092833e-08,6.403401931685564204e-08
6.413810909417451274e-08,5.919461787734855621e-08
8.861742573242683367e-08,4.227258711172518905e-08
1.560127342178648646e-07,-5.296457646891626365e-08
1.329040239492388684e-07,-1.597533435334153735e-08
1.187413178851478842e-07,-6.513523114175204710e-08
-1.210650223816538881e-07,-5.607786373847245369e-08
-8.056270223903911247e-08,-6.948371057115775299e-08
-9.614696435056416861e-08,-1.647497197933634799e-08
1.307749544990599772e-08,-2.205274706486093757e-07
5.629857866478976992e-08,-1.659460185203266832e-07
-2.972423495366893641e-08,-1.661097161132501301e-07
-1.704641531769044233e-06,1.261192704205560809e-06
1.683816792537318324e-06,1.223603135959224858e-06
2.350498460405093199e-06,3.492869046992099405e-07
-2.404524999581463729e-06,3.452957624716662541e-07
-6.875778319646123007e-09,-8.492780836516586237e-09
4.946440213051673383e-08,-6.643756960620200090e-09
1.131661640470372090e-06,-2.778555192303505930e-06
-1.231116224135392436e-06,-2.751466304408765389e-06
-8.928609444870262090e-07,1.857355841835506316e-06
8.686805300521627611e-07,1.823624555261177765e-06
-1.974052950812499075e-06,-2.060886374507182102e-06
1.878761748946521478e-06,-2.077715769604040321e-06
2.182738203263146947e-06,6.269444931101650197e-07
-2.227194671914633248e-06,6.379863314349327199e-07
-1.399030170078375994e-06,1.529269981598741933e-06
-1.274284480175880302e-06,1.531896645330234752e-06
1.386746000409737784e-06,1.485431465398734303e-06
1.263252111549386490e-06,1.487881803769964737e-06
1.369379020241853624e-06,-2.600515741859559881e-06
-1.474918793790938975e-06,-2.570272602876937566e-06
-1.726880679497298592e-06,-2.339275166952971895e-06
1.623606647458433373e-06,-2.366192756898677690e-06
1.957016170207155950e-06,9.275619754244673143e-07
-1.989736770774562037e-06,9.533020378598656261e-07
-1.170417612629594919e-06,1.523662256620290702e-06
1.159546269989315314e-06,1.479280604259343399e-06
-9.704459570333923775e-07,1.253312135583941556e-06
-8.717776425633524657e-07,-3.287488074637251699e-07
8.571846865109478049e-07,-3.108850339840687248e-07
3.257106246285816778e-07,3.658209516516746297e-07
-2.931958150495906732e-07,3.593704942288136289e-07
9.952753159404599944e-09,-1.691554564130886458e-06
-1.204132980702828798e-06,-4.457420087177901699e-07
1.496877309912459440e-06,-5.373600913795563121e-07
4.527699277608065255e-07,5.326614478222431660e-07
-4.304194498707939935e-07,5.382498071071885588e-07
-1.830152238569790360e-07,2.180005080706335577e-07
2.234292880385919271e-07,2.333722824304873669e-07
1.073068258745189180e-08,-1.275884718814048190e-06
-3.108848117027508606e-07,-1.276320857878096790e-07
9.174852390166295263e-09,-2.095375160405716479e-06
-1.884606179912314196e-06,-6.839912579538282172e-07
1.820969972621826300e-06,-6.515512237072373827e-07
3.322693247316399346e-07,-1.205521651288158138e-07
-5.922390454659383102e-07,7.512708286819959518e-07
1.228704408404465571e-08,-5.101348047499614217e-07
-1.004402589580046801e-07,1.149155387022790397e-07
6.036394663971814179e-07,7.325621116302586585e-07
-7.743275655924247767e-07,9.924704343109635084e-07
2.129538191548905565e-06,-7.603880968262639873e-07
7.618732733807919928e-09,-2.790095779858826416e-06
9.635085759816100140e-07,1.213260952203446632e-06
-2.200999123113262781e-06,-7.949183965048101748e-07
7.754707470684769011e-07,9.615963747175021380e-07
8.396504400456312390e-09,-2.467013648871487435e-06
1.450106053030004377e-07,1.340541109164820711e-07
1.150856102254776034e-08,-8.726597065063939616e-07
5.720391385400297488e-07,-2.084904481461785307e-07
-1.547225309421618692e-06,-5.659356868991201981e-07
-5.677699824656458233e-07,-2.206784053239880634e-07
1.170733502633929463e-06,-4.222204825413532418e-07
1.127716560027457372e-06,1.671653604391503142e-06
-1.138412546540821602e-06,1.714991207858291568e-06
1.150561894604163073e-06,1.571858247789438295e-06
-1.161248001550362993e-06,1.616513791988706462e-06
1.019831128489031093e-06,-2.846858612549260643e-06
1.997332031744905934e-06,-1.915063744654578459e-06
2.411453447973937879e-06,2.236080215213962886e-07
7.505750618524160722e-07,1.878917695020046989e-06
-7.859532723978085779e-07,1.906680565403098330e-06
-2.469104620619729993e-06,2.125113912532147872e-07
-2.087748563275003665e-06,-1.905371662204412464e-06
-1.112879922981476536e-06,-2.822997422871839239e-06
