Size 899,2
0.000000000000000000e+00,0.000000000000000000e+00
0.000000000000000000e+00,0.000000000000000000e+00
1.896476637334286372e-08,-3.490695485224871495e-06
-1.405805867498529238e-07,2.943787873220292555e-06
1.477626487632204314e-07,-1.161700389765842339e-07
2.367813962786849454e-07,-5.318217651271414093e-08
2.857622001419951994e-07,-3.066328894761446376e-06
2.500033422149340061e-06,-1.087057998183698403e-06
2.593435819497599499e-07,2.858474570454152021e-08
2.577461419033284171e-07,1.498540244272294632e-08
2.684253132315963721e-06,-5.708963028448998429e-07
1.787579995504292505e-06,1.772430998832665538e-06
1.459051040003364725e-07,1.009948126577022156e-07
9.183684660525010655e-09,5.928438026494852310e-08
1.352872980936480501e-06,2.089724776983690875e-06
-1.343417969820208035e-06,2.247923110550406119e-06
-5.542110106186617427e-08,4.110258876507071257e-09
-4.864895308209213961e-08,3.232882580914690223e-08
-1.796588689789157970e-06,1.904495835688434677e-06
-2.893877979208921733e-06,-6.828467975731053291e-07
-2.084703384780419914e-08,-6.415064856091152754e-08
-4.618852423755783933e-08,-9.065238340012663457e-08
-2.703548868983793043e-06,-1.228567465315818152e-06
-2.458106644563999093e-07,-3.061103791234167442e-06
1.004089122728274539e-07,0.000000000000000000e+00
1.586412568665569241e-07,0.000000000000000000e+00
1.910073339249096342e-07,0.000000000000000000e+00
2.079895369049434873e-07,0.000000000000000000e+00
2.129538610944859836e-07,0.000000000000000000e+00
2.226614114022459078e-07,0.000000000000000000e+00
2.340489916984719981e-07,0.000000000000000000e+00
2.352697760106328275e-07,0.000000000000000000e+00
2.277710768855101530e-07,0.000000000000000000e+00
2.099789808509711581e-07,0.000000000000000000e+00
1.679197022822275020e-07,0.000000000000000000e+00
1.151638037038088458e-07,0.000000000000000000e+00
6.222400188987844677e-08,0.000000000000000000e+00
0.000000000000000000e+00,0.000000000000000000e+00
0.000000000000000000e+00,0.000000000000000000e+00
0.000000000000000000e+00,0.000000000000000000e+00
0.000000000000000000e+00,0.000000000000000000e+00
0.000000000000000000e+00,0.000000000000000000e+00
0.000000000000000000e+00,0.000000000000000000e+00
0.000000000000000000e+00,0.000000000000000000e+00
0.000000000000000000e+00,0.000000000000000000e+00
0.000000000000000000e+00,0.000000000000000000e+00
0.000000000000000000e+00,0.000000000000000000e+00
0.000000000000000000e+00,0.000000000000000000e+00
0.000000000000000000e+00,0.000000000000000000e+00
0.000000000000000000e+00,0.000000000000000000e+00
2.256711429116311955e-07,-3.471454216905050965e-06
4.133198838161688107e-07,-3.434217189660461312e-06
5.677698685486186397e-07,-3.395052356987673319e-06
7.059366160218416315e-07,-3.353918612024704510e-06
8.307639451467813064e-07,-3.311776135202909425e-06
9.448950941516806666e-07,-3.268921191116858840e-06
1.051516728396999390e-06,-3.225202120363961285e-06
1.152907564671698103e-06,-3.180142070685193947e-06
1.251503606126018764e-06,-3.132921319664172555e-06
1.349412924787896101e-06,-3.082467527725580886e-06
1.448677101925659037e-06,-3.028285457181076114e-06
1.550796462183483980e-06,-2.968606497043136426e-06
1.657427320817534183e-06,-2.900929260477641336e-06
1.768488240695071846e-06,-2.823707087979878781e-06
1.884375317706090737e-06,-2.735069216496237648e-06
2.004173007468948179e-06,-2.633613113156744399e-06
2.127181033529874439e-06,-2.517994490496846226e-06
2.251650925813069192e-06,-2.387552961663777961e-06
2.375966692261357182e-06,-2.241718346768027558e-06
2.497871224485142414e-06,-2.080908222521359181e-06
2.615078903052998407e-06,-1.905674967746103634e-06
2.725149126222944657e-06,-1.717768228142008925e-06
2.825981687268609271e-06,-1.518694629894947760e-06
2.914851093899796508e-06,-1.311020014118245793e-06
2.989427653986533303e-06,-1.097141487702649071e-06
3.043585690187401316e-06,-8.828629849651566985e-07
3.078862432852851174e-06,-6.791350936859835218e-07
3.095635454417027908e-06,-4.956058053919331082e-07
3.102724109379938384e-06,-3.368437975334103694e-07
3.103152089391183477e-06,-1.951699680878236679e-07
3.098688795544315851e-06,-6.698446139544792349e-08
3.090533233413854847e-06,4.995673610600415882e-08
3.079529946756091583e-06,1.585788624260017303e-07
3.066114750260941307e-06,2.610435976389300136e-07
3.050374026770346035e-06,3.597909061965701142e-07
3.032104625232229642e-06,4.567214722774403699e-07
3.010813881875833227e-06,5.536604679476861330e-07
2.985824147030389735e-06,6.521004836172060429e-07
2.956265298366881394e-06,7.531810660350387628e-07
2.921169668155785623e-06,8.578978693983247326e-07
2.879494749888330919e-06,9.666941442095620194e-07
2.830170210736792203e-06,1.080039219040482564e-06
2.772176037609602951e-06,1.197725790902828219e-06
2.704510280835175888e-06,1.319754151441074903e-06
2.626251226598309401e-06,1.445657800037720498e-06
2.536016828456441916e-06,1.576036554449188417e-06
2.436299294071954236e-06,1.711793925874068917e-06
2.321343822907147352e-06,1.851262301103729670e-06
2.189259409366006302e-06,1.994209235631716794e-06
2.040535230622228168e-06,2.136530366670953047e-06
1.873484833208321904e-06,2.274372186770400069e-06
1.694493437636093846e-06,2.398439981113586548e-06
1.511947988739905398e-06,2.507732334766049311e-06
1.331451001024017731e-06,2.601384499873300266e-06
1.155998979917263656e-06,2.681358641473171309e-06
9.854610777649320294e-07,2.748684435150123899e-06
8.204225844355962092e-07,2.804182594732130328e-06
6.620112134200642746e-07,2.848672555759557745e-06
5.104944958603992999e-07,2.883194452572588741e-06
3.664827946880862161e-07,2.908783124098128536e-06
2.297075632547093032e-07,2.926573936645672851e-06
1.001447545820734135e-07,2.937652344084385423e-06
-2.304593835352627697e-08,2.943072676566018142e-06
-2.537422228192154402e-07,2.940245936406953600e-06
-3.636944663906729270e-07,2.932718754375462970e-06
-4.719470000718596919e-07,2.921555424413963835e-06
-5.801530184411126363e-07,2.906845115639903032e-06
-6.901234736617893698e-07,2.888332260621828985e-06
-8.039568567891644348e-07,2.865423576126202079e-06
-9.235454894148745962e-07,2.837153552188834757e-06
-1.051235266360571988e-06,2.802136789392548283e-06
-1.188758056450059364e-06,2.758657728907112066e-06
-1.338836523611014869e-06,2.704433297979126332e-06
-1.507097842529612164e-06,2.635598006654898329e-06
-1.691500877358047951e-06,2.544914260856228374e-06
-1.884995813360344449e-06,2.432279894122918144e-06
-2.072271723873090291e-06,2.295543722598538338e-06
-2.245458520319111427e-06,2.146368016631484157e-06
-2.403237633368588248e-06,1.990144110251545001e-06
-2.543846352626601206e-06,1.831983779516381692e-06
-2.667222437637463897e-06,1.674011523411492588e-06
-2.779031431179738036e-06,1.519585682637817262e-06
-2.876068570530827500e-06,1.368891557835254644e-06
-2.959486990301294093e-06,1.222280500259041016e-06
-3.030137427590012166e-06,1.081127770385625359e-06
-3.089167947847840472e-06,9.459904349214503522e-07
-3.137829411104830824e-06,8.177057199734359021e-07
-3.177557399998756474e-06,6.960366416660452161e-07
-3.209794402935974773e-06,5.808430642182687992e-07
-3.235957435444009469e-06,4.710466396370070616e-07
-3.257354218092037842e-06,3.654873806349968284e-07
-3.275074930118830359e-06,2.623268514061272107e-07
-3.289974201395365503e-06,1.594447911649211453e-07
-3.302538061248555504e-06,5.441783749389238038e-08
-3.312884918979235523e-06,-5.567862296647658074e-08
-3.320678202594016314e-06,-1.735957064522888928e-07
-3.325082525112143106e-06,-3.028241452237743609e-07
-3.324812558299270656e-06,-4.461483483552107814e-07
-3.317929074626261262e-06,-6.078170064400466303e-07
-3.300923979035740848e-06,-7.976302115214025662e-07
-3.262852156698076073e-06,-1.009654481833317572e-06
-3.201071793322696050e-06,-1.230409002638627423e-06
-3.116909820434404458e-06,-1.442260250509142775e-06
-3.022518425096551267e-06,-1.634509234767653695e-06
-2.922732344714466785e-06,-1.811485043139123674e-06
-2.820339916643413295e-06,-1.973092410177062922e-06
-2.715623507171251986e-06,-2.121160109585701837e-06
-2.609806585909198013e-06,-2.255830439201961508e-06
-2.503677654974783618e-06,-2.378331758400610546e-06
-2.397844773541153507e-06,-2.489707799502133077e-06
-2.292285604437264172e-06,-2.591449170169588425e-06
-2.186953209170599185e-06,-2.684877604300790275e-06
-2.081164445565501814e-06,-2.771409566391314001e-06
-1.974202979367775766e-06,-2.852300467198077693e-06
-1.864950909274370114e-06,-2.928663727747593226e-06
-1.752053784527658311e-06,-3.001604624350434077e-06
-1.633869305920762585e-06,-3.072064699354147592e-06
-1.509370553909432293e-06,-3.137679458266773307e-06
-1.377664666990922564e-06,-3.199818071355662635e-06
-1.238268227756313294e-06,-3.258169639842845295e-06
-1.090115895293241015e-06,-3.312330721620522344e-06
-9.326273500617095031e-07,-3.361690749134277743e-06
-7.648942842959083044e-07,-3.405406533759556806e-06
-5.867841361487004313e-07,-3.442479316858640693e-06
-3.980833284304862616e-07,-3.471650442135471647e-06
-1.920517356043893445e-07,-3.491379260324139904e-06
1.751389235920014675e-07,-1.013540781335588719e-07
2.060064942971434895e-07,-7.950820172115223192e-08
2.267119196787702190e-07,-5.705638304660096467e-08
2.372846232850908082e-07,-4.079427242444125681e-08
2.415409312340717514e-07,-3.547924488770311638e-08
2.876439651967586963e-07,-1.359826389141383297e-07
3.782246947711478367e-07,-2.215365206235599400e-07
5.066365983581036494e-07,-3.119232633380932351e-07
6.676945254310366655e-07,-4.058124101810629931e-07
8.561140840929815587e-07,-5.015800912076406853e-07
1.066643913516521572e-06,-5.975870810984218855e-07
1.294082452404003487e-06,-6.922048692624966731e-07
1.533275444502776595e-06,-7.838228764177412877e-07
1.779169210433432856e-06,-8.708641631793465386e-07
2.026904029444150754e-06,-9.516714094470861979e-07
2.269350776935237861e-06,-1.023288679678926261e-06
2.419729403091343114e-06,-1.277980038550478128e-06
2.332746317129294399e-06,-1.467902210400586582e-06
2.241181042386759773e-06,-1.650813280227887898e-06
2.146111328646684765e-06,-1.824117722349222737e-06
2.048555645643720581e-06,-1.986462396253327144e-06
1.950186843719909188e-06,-2.136265439488957686e-06
1.851796483690548109e-06,-2.273255043608828628e-06
1.754748418498636218e-06,-2.396712718724995443e-06
1.659379308291278806e-06,-2.507299637511919150e-06
1.566437118951129820e-06,-2.604971793733573842e-06
1.475554753964597928e-06,-2.690855922462414264e-06
1.386660107386118932e-06,-2.765569731248424425e-06
1.298813993334505381e-06,-2.829961448898228388e-06
1.210280030653975568e-06,-2.885099158852111158e-06
1.120403532382001273e-06,-2.931708423463746709e-06
1.026914695723321151e-06,-2.971649420484503876e-06
9.281928397386798875e-07,-3.005098562925508757e-06
8.223962704076448507e-07,-3.032079692199658978e-06
7.069693208754798658e-07,-3.052340893742419280e-06
5.798749497316923878e-07,-3.065299735350706048e-06
4.376583417099849024e-07,-3.069887878668859885e-06
3.203251102761043718e-07,-2.813499543850340582e-06
3.450367086759582264e-07,-2.546423005783563712e-06
3.621115782937556961e-07,-2.264036543574640647e-06
3.715533358573707092e-07,-1.972251284404079232e-06
3.731457685107007052e-07,-1.677503912429613664e-06
3.667103715178415881e-07,-1.386480790241142622e-06
3.520625052654044582e-07,-1.105994673449765525e-06
3.290199362510916380e-07,-8.430143679426978429e-07
2.974042430666715404e-07,-6.045821002042249101e-07
2.568447756820579539e-07,-3.978167740787727890e-07
2.063119230797994107e-07,-2.326299966994098462e-07
2.455799784083316402e-07,9.912393626962222804e-09
2.448328540966091692e-07,3.313707825145100565e-09
2.458063299472381889e-07,2.045246933088531849e-09
2.483572620111182628e-07,3.771303964590161141e-09
2.517640581082062643e-07,9.448920421898567988e-09
3.445780567942496340e-07,5.870538007416902120e-08
4.413242033283960867e-07,1.293180639198574095e-07
5.509170997953024987e-07,2.249820375746521896e-07
6.720413890039974502e-07,3.434267731630849104e-07
8.026333005417634785e-07,4.820660390640601020e-07
9.404802331133879725e-07,6.381009262937558440e-07
1.083302301973982065e-06,8.086459209110054295e-07
1.228745008106148036e-06,9.907164020285565424e-07
1.374375157746769562e-06,1.181223713263967608e-06
1.517725977932826999e-06,1.377044879715272490e-06
1.655719012450238691e-06,1.574564215258938213e-06
1.934868486159054286e-06,1.660363921509181477e-06
2.071055748699195998e-06,1.546329223988765426e-06
2.193826972736050110e-06,1.434120330265484490e-06
2.304396688545972627e-06,1.323755592835473264e-06
2.397781301804987055e-06,1.216206117034021031e-06
2.481163229009031467e-06,1.110141311076753048e-06
2.554524996505094533e-06,1.006945536820699176e-06
2.618434182165001070e-06,9.065549674238851909e-07
2.673364690096595344e-06,8.093644061087676969e-07
2.719956690925625345e-06,7.148712156965127657e-07
2.758715086121842127e-06,6.229227332257464398e-07
2.790164190957596049e-06,5.326158764246731862e-07
2.814669079853102029e-06,4.431852591883630752e-07
2.832477218740029958e-06,3.533781089626032055e-07
2.843631218873430442e-06,2.618029322947680711e-07
2.847949358860334735e-06,1.669627615234498352e-07
2.844967394458622985e-06,6.688336594004123258e-08
2.833946120611866210e-06,-4.001983778984270674e-08
2.813746654717643892e-06,-1.562022396902099105e-07
2.782992298513171615e-06,-2.831187364124413896e-07
2.739855481624794785e-06,-4.231791384792809453e-07
2.447446083529803909e-06,-4.710769602558062173e-07
2.207988243272121292e-06,-3.795327145678805433e-07
1.962819742620809413e-06,-2.920896360126131346e-07
1.715261297289126029e-06,-2.102785703538447596e-07
1.470359337341549012e-06,-1.359367161047691185e-07
1.233256846681344899e-06,-7.078506445511883823e-08
1.009070709739838757e-06,-1.654333603991714154e-08
8.029626275312899136e-07,2.504998077687865395e-08
6.201399142604220254e-07,5.223660376258020455e-08
4.658546105254283011e-07,6.321047738176459647e-08
3.453925515821040042e-07,5.596842264022716400e-08
1.116247689648266172e-07,1.013205654459853673e-07
6.836457919925545995e-08,9.864512125668018886e-08
3.071015621462250367e-08,8.648101748371089723e-08
4.720231462643039169e-09,6.953349269986007534e-08
-5.963228972711392847e-10,5.493242222268833078e-08
1.217875072640137773e-08,1.447118946707701737e-07
-1.592941101529733418e-08,2.617071146026359820e-07
-7.309872604349840785e-08,4.072746299131336811e-07
-1.552663480575566569e-07,5.765093873305524556e-07
-2.593936004491993379e-07,7.651509525966410661e-07
-3.824232295087690356e-07,9.687380587155367210e-07
-5.212073254060011864e-07,1.182679908988256511e-06
-6.725250938084203036e-07,1.402282237853786496e-06
-8.330491583806429758e-07,1.622692530073087879e-06
-9.993223804447335722e-07,1.839076233116605065e-06
-1.168331048751299666e-06,2.047312015941841276e-06
-1.215336612214391101e-06,2.348501098656221417e-06
-1.088561833054081340e-06,2.434642900597024959e-06
-9.697580392025577152e-07,2.505056274629585981e-06
-8.573574009744889469e-07,2.561873375727925785e-06
-7.505174609378752960e-07,2.606817116726794939e-06
-6.472927309103118386e-07,2.641551270974048384e-06
-5.464949450240118587e-07,2.667258170133665560e-06
-4.464379052634467713e-07,2.684905674262005028e-06
-3.458351422638683771e-07,2.695118362671943345e-06
-2.434316658725754455e-07,2.698271413482636433e-06
-1.380729286896575858e-07,2.694497630977369586e-06
-2.899168673888193590e-08,2.683684213539633722e-06
8.494265729415623363e-08,2.665536110410134679e-06
2.041467958507179698e-07,2.639663515042889731e-06
3.294194023819155579e-07,2.605527049612012699e-06
4.605558301843114083e-07,2.562586885470505629e-06
5.979079149447901201e-07,2.510173949106472004e-06
7.407338746988050537e-07,2.447763310921210361e-06
8.889473862181478528e-07,2.374716224681069427e-06
1.041378462987730736e-06,2.290674661579690109e-06
1.197384137028736775e-06,2.195269828797491474e-06
1.205160773487428946e-06,1.901822591050569397e-06
1.059984093669847860e-06,1.709428381468991798e-06
9.178982179532231628e-07,1.512702970807318233e-06
7.814412299770425515e-07,1.315476642169642613e-06
6.528659089765522538e-07,1.121087324912102147e-06
5.343622772898007587e-07,9.328112186672753215e-07
4.280410943546134252e-07,7.538106194399350098e-07
3.359371975077729840e-07,5.871449608976299258e-07
2.600104039381427125e-07,4.357624741377819859e-07
2.022177520455291773e-07,3.025472636421451439e-07
1.649549217451868853e-07,1.910673101478892121e-07
-3.635732078518710331e-08,1.396805126172306043e-08
-3.077344239938598292e-08,1.295371066954875707e-08
-2.965404095653784137e-08,9.788901145493503409e-09
-3.066136813542563657e-08,7.067534169804270105e-09
-3.230434029104267645e-08,1.148829334781285843e-08
-1.555128756856384366e-07,6.831505317831140080e-08
-3.042014653147011731e-07,7.918646785795008206e-08
-4.939877931395504048e-07,6.705300050779156503e-08
-7.176969204007554000e-07,3.448870114117144030e-08
-9.681766536274534330e-07,-1.608266353375396128e-08
-1.238345886779692849e-06,-8.229233756561793514e-08
-1.521171439767021567e-06,-1.617938024453693372e-07
-1.809665275845326325e-06,-2.522587487929431917e-07
-2.096822789971595452e-06,-3.513614498380216347e-07
-2.375753138120576228e-06,-4.566973575478004015e-07
-2.640616121418292929e-06,-5.660963911916463969e-07
-2.952149068065775267e-06,-5.339849105328288196e-07
-2.997650140256067467e-06,-3.918334785685151195e-07
-3.029884392025453466e-06,-2.635749731793392261e-07
-3.050702836741907673e-06,-1.464560126132678831e-07
-3.061498417113346044e-06,-3.857172713456264365e-08
-3.063384932827831289e-06,6.297785754863821582e-08
-3.057022278066962023e-06,1.602820379295956382e-07
-3.042747625092416767e-06,2.556606228783791294e-07
-3.020568100156617919e-06,3.510781273845143383e-07
-2.990250396102707866e-06,4.480956706836846139e-07
-2.951323733081520597e-06,5.483067413916054613e-07
-2.903241414021762913e-06,6.524206097303992637e-07
-2.845288641576304147e-06,7.614813942833964596e-07
-2.776882504377589181e-06,8.753476538607072052e-07
-2.697332354265070745e-06,9.944189797594256883e-07
-2.606292432350815644e-06,1.117799742756347940e-06
-2.503404019076662309e-06,1.245197349691588609e-06
-2.389111418013500692e-06,1.374588966707237290e-06
-2.256636337539075607e-06,1.506706015652514392e-06
-2.112754275606149230e-06,1.640250995884034519e-06
-1.957733656028646253e-06,1.774277151126503224e-06
-1.658745628660895574e-06,1.692879218185757632e-06
-1.509368649032074800e-06,1.473861852786903864e-06
-1.348713215924605575e-06,1.253028598783425101e-06
-1.182359341686411465e-06,1.036799087491241989e-06
-1.013920604857092665e-06,8.297065641767648303e-07
-8.469137930053157136e-07,6.363359798660233377e-07
-6.848031661022132005e-07,4.612032691005749190e-07
-5.309800596125532200e-07,3.087241163882238693e-07
-3.887776037231155788e-07,1.832477135514480339e-07
-2.615021231621577650e-07,8.900354777510867181e-08
-1.517012219764931955e-07,2.919760782744983164e-08
-2.916361465645923771e-08,-3.929883956360584162e-08
-2.953222292160229742e-08,-3.849389402632379190e-08
-2.774985468339434458e-08,-4.452287601015925483e-08
-2.617703502340818032e-08,-5.704744575746041825e-08
-2.786344662369919059e-08,-7.040255469912632572e-08
-1.152021802283478330e-07,-2.312276687429165021e-07
-1.685206232040582967e-07,-4.008553891164956243e-07
-2.133775784721729026e-07,-6.070259263919339983e-07
-2.495717409716216366e-07,-8.453149699930047450e-07
-2.771592103407758812e-07,-1.108308495582644579e-06
-2.963431866148063000e-07,-1.388799046450255903e-06
-3.073154002263686199e-07,-1.679820448227709403e-06
-3.102633375616711557e-07,-1.974565205727156188e-06
-3.053709419210876743e-07,-2.266393077867119697e-06
-2.927713188660762170e-07,-2.548865028851862355e-06
-2.723553431218922558e-07,-2.814276309451698772e-06
-4.233535225215645674e-07,-3.056394296979328198e-06
-5.980574826977573344e-07,-3.044303570166092834e-06
-7.631301014514397360e-07,-3.024332108748912651e-06
-9.189379954777228513e-07,-2.997087048445316658e-06
-1.065394705588295676e-06,-2.963068764192732433e-06
-1.203291887297607871e-06,-2.922677643402771250e-06
-1.332993081478697685e-06,-2.876183575444001874e-06
-1.455631090190756692e-06,-2.823645776567617940e-06
-1.570853884054141150e-06,-2.767509112573764652e-06
-1.679676747044122391e-06,-2.704714282643503688e-06
-1.782880669502225719e-06,-2.635345195361088171e-06
-1.881333367754590217e-06,-2.558752090074840043e-06
-1.975934950141784364e-06,-2.474197516187744696e-06
-2.067514624836556639e-06,-2.380677206324962532e-06
-2.156477980649377997e-06,-2.277487226989447392e-06
-2.243325662765826944e-06,-2.163424094752730500e-06
-2.327880932691642268e-06,-2.037971753765681081e-06
-2.410288267818929167e-06,-1.900042743015930529e-06
-2.489772127570087557e-06,-1.749561652447030282e-06
-2.566129515322114246e-06,-1.585749160807843001e-06
-2.638871878733417137e-06,-1.409714152694374649e-06
-2.445000930245867911e-06,-1.170887541305323083e-06
-2.170173480312500875e-06,-1.100339629629733364e-06
-1.884037886702013584e-06,-1.016189527121901938e-06
-1.595302709121244698e-06,-9.219135459164569552e-07
-1.310701772779975757e-06,-8.197557184236867881e-07
-1.037174903478416186e-06,-7.119096940277715917e-07
-7.817471344262393158e-07,-6.005948010723774881e-07
-5.514917425916152870e-07,-4.880473278843072386e-07
-3.535301034656779286e-07,-3.765129774726679168e-07
-1.949900417064095341e-07,-2.681990916212070988e-07
-8.293245170597930265e-08,-1.648818365772409571e-07
-6.139847001863671260e-08,7.655866446447802373e-08
4.688604866359216918e-08,-2.176815231239710475e-07
2.496340510664596048e-07,1.165697060561155852e-07
3.040623233068933183e-07,-3.610994627665574369e-08
-1.037109222081485030e-07,-4.371557560300215231e-08
-1.416988691454779720e-06,1.873190182086737953e-06
2.361598380369452502e-06,-7.496234966699395217e-07
2.391382534391239539e-08,-2.821033005105867628e-06
-2.548948742579621106e-06,-8.716906071477562922e-07
1.431991652089920816e-06,1.739918763382562263e-06
1.820535015029509454e-07,2.907030397174488922e-08
-8.030602974845460821e-09,1.314936113072240624e-08
1.679530737361052219e-06,2.080878424758580191e-06
-1.678856150933888867e-06,2.234288041705895730e-06
2.838194369284303405e-08,-2.268018268742009246e-06
-1.992096139443595417e-06,-6.843318199813294601e-07
4.009967111617229265e-07,3.241685908645154335e-07
4.197873426528827341e-08,-5.960207679244129431e-07
-4.125759764619943948e-07,-1.511295596456049844e-07
-2.249212338402555233e-07,2.869345352847090839e-07
5.540562530813924940e-07,-1.268406753750874208e-07
1.145672220784450044e-06,1.346296892277653463e-06
1.871092241588322706e-06,-5.815183892508916499e-07
-1.413366140022944941e-06,-4.899660810560588217e-07
6.121033066145100784e-07,6.134600403030840867e-07
-8.681108660638133719e-07,-3.061389257384313907e-07
3.291528950841450328e-08,-1.677455288601076649e-06
8.661870113547616043e-07,9.622293900721161388e-07
3.745221906101672356e-08,-1.101749684241433819e-06
1.379222235494559396e-06,-4.131230516985012061e-07
9.264528822715059422e-07,-2.570927784886616718e-07
-4.679932649237373181e-07,6.075017120354401465e-07
-1.090892140107084106e-06,1.437870272515872266e-06
-7.654739848208374847e-07,1.003289989594146171e-06
2.288921157459933808e-07,-3.194190854295011637e-09
-1.036022967044068449e-08,-6.760750088959669867e-09
5.432437352869119849e-08,-8.016455005291858090e-08
2.738843306547776744e-06,-8.851682063599630441e-07
-2.948385409309060216e-06,-1.015690834954528488e-06
2.408241429744349068e-07,1.163707731953245576e-08
-2.073037020029009875e-08,1.219752938118672986e-08
-2.272623353620945419e-06,-2.385741790328873732e-06
1.983872065868027469e-06,-2.398975292191876653e-06
2.449719174181352417e-08,-3.212394454039439063e-06
2.211493752799174014e-06,-2.111521723241086489e-06
-2.467878702663898227e-06,-2.144719550157028433e-06
-1.841199529356449168e-08,-2.665332403709466432e-08
2.061725088115367259e-07,-2.876251080717330409e-08
-2.070180240489139924e-06,-2.580785600481316087e-06
1.758510236922561443e-06,-2.623810954046803130e-06
2.426100074165012609e-06,-1.763568823061169147e-06
-2.652597658507204597e-06,-1.849517141969630867e-06
9.223756370314181357e-10,3.258364779104093189e-08
9.811173567133737995e-08,5.363487093296801492e-08
-2.121674490556336694e-06,1.919978038928090606e-06
2.080128946863278583e-06,1.789869788320482643e-06
-1.863457691874788285e-06,-2.741953915095556301e-06
1.550122551700070774e-06,-2.795099860522662160e-06
2.602964851850515501e-06,-1.407359491291609069e-06
-2.810855063099399948e-06,-1.532283400273177925e-06
-2.383123207862017920e-06,1.661538128001437123e-06
2.301054884662473054e-06,1.565536533646317848e-06
-1.661484722514762200e-06,-2.871202979574651333e-06
1.371747119486352199e-06,-2.917994947250885485e-06
1.331798331774608224e-07,-5.090651034456454897e-08
-4.486093817980641423e-09,-4.160788290588129566e-08
-2.222093664898924294e-08,-3.979629451200760925e-08
2.403862812952232815e-07,-4.148144263698981183e-11
2.366797899632611950e-07,-1.801173035283413710e-10
-2.256152251477840762e-08,8.210253722047743387e-09
-2.109050235284344601e-08,7.290692600740601458e-09
-2.642233381682063698e-06,1.372174304030554311e-06
-2.740525537753645500e-06,1.239631540742570298e-06
2.592538515847969143e-06,1.212052074707632722e-06
2.513012650862389925e-06,1.322367612083962215e-06
-1.417195688757615054e-06,-3.007037968598552285e-06
-1.292272326867412650e-06,-3.061657802834682229e-06
1.181884635341129732e-06,-3.032408646285595573e-06
1.090649562801291462e-06,-3.076252785543650547e-06
-2.828371588360398283e-06,1.098728549543374676e-06
-2.902272294278981965e-06,9.743848015955486195e-07
2.663560404577103180e-06,1.094682330666707402e-06
2.723630602796464131e-06,9.906070241974384619e-07
-1.148272000690841501e-06,-3.110952342981308071e-06
-1.007023277577573876e-06,-3.155795005933731337e-06
9.873122736510875495e-07,-3.115757463791144288e-06
8.861201793727679874e-07,-3.151964355617078362e-06
-1.919244965185869069e-08,-3.466926333035679114e-08
-2.528147688602178348e-06,1.521114258377763970e-06
2.420435756892925031e-06,1.446895672324819813e-06
-1.545759204078624050e-06,-2.947811494189814522e-06
1.279115859320986307e-06,-2.983744917495607981e-06
-2.966240541423388222e-06,8.450543575566588190e-07
-3.018864639694981389e-06,7.316345506558271000e-07
2.776011106391745567e-06,8.813397598300490386e-07
2.819693465177152906e-06,7.842350820947551809e-07
-8.444901321500856779e-07,-3.193789650295356327e-06
-6.843972218972401286e-07,-3.226812489728835061e-06
7.677735009048178421e-07,-3.184004961070762006e-06
6.473639058598787034e-07,-3.213290086252346828e-06
-2.195645889582083596e-08,6.125260819254118352e-09
2.417417584708180929e-07,2.282930354536164804e-09
1.343231484989463841e-06,2.352220488671131202e-06
1.182523865638109486e-06,2.444441907420889744e-06
-1.206259960494248824e-06,2.566510229798374777e-06
-1.344166336124314415e-06,2.491002594930443079e-06
-3.062936654754916541e-06,6.149257558502834045e-07
-3.098413443921041615e-06,5.120673671114216089e-07
2.856827560804394509e-06,6.825719200948736525e-07
2.887346275208190657e-06,5.911290091615168267e-07
-5.013812720093724349e-07,-3.250802932353180460e-06
-3.207159556709453526e-07,-3.268935526914111675e-06
3.504523306218777194e-07,-3.257431495251870689e-06
5.029214694399347660e-07,-3.237220221469129708e-06
2.279739110552113233e-07,1.190908430418861940e-09
-2.646449811617916596e-08,3.539302608553838702e-09
1.012197067497573702e-06,2.527404292913830434e-06
8.590505497256794228e-07,2.595959136089663310e-06
-9.494233266036687172e-07,2.679290324567203294e-06
-1.068166018543968341e-06,2.629803487464353467e-06
-3.126972252943007304e-06,4.056132367780988943e-07
-3.149295895314663107e-06,3.097063146300173439e-07
2.932498178276821633e-06,4.050681819697800710e-07
2.912418521226806635e-06,4.943268113236929320e-07
6.994899274514942088e-07,2.655468550577693281e-06
5.573484496069580117e-07,2.702748754159494198e-06
-7.229526023862434380e-07,2.751511514845713573e-06
-8.290336385047533599e-07,2.720082759176736222e-06
-3.165935756389451081e-06,2.077866626601155112e-07
-3.177812903369648772e-06,1.121954950986351756e-07
2.947777009738655398e-06,3.081205817148720629e-07
2.958924382944139229e-06,2.154786994845750687e-07
1.524056839894338439e-06,2.244050682062136503e-06
-1.516931436455969416e-06,2.395947974042389307e-06
4.112418108382063045e-07,2.741847420755826361e-06
2.818967900390674943e-07,2.771050124049989715e-06
-5.125376429025146956e-07,2.795123949608406067e-06
-6.128238380799814601e-07,2.776655750197141649e-06
-3.184201962433488660e-06,6.172235700422114043e-09
-3.186005319873564553e-06,-9.817952011535531493e-08
2.965020907250586775e-06,1.113116194610145217e-07
2.966808978617980707e-06,7.932013615543185796e-09
-1.942916573747680038e-08,-2.523598073589647603e-08
-1.445782849257091498e-08,-2.941023557707591584e-08
2.258161036244505475e-07,-2.348065348554611135e-08
2.243514707389236764e-07,-2.138549201220408437e-08
7.001873411348622478e-09,4.157109990906968393e-08
3.947161726480434815e-08,5.379993104536175745e-08
1.499000083240011285e-07,2.793254888119774956e-06
3.306765054969117277e-08,2.807758680708774373e-06
-3.042787143563528648e-07,2.816305846393659691e-06
-4.052417057107788421e-07,2.808441483264590117e-06
-3.180911505164042356e-06,-2.190790286835477747e-07
-3.169832611789563824e-06,-3.428001367818269641e-07
2.961972834607149514e-06,-1.121703452537525673e-07
2.951392534407438141e-06,-2.348986334847807885e-07
2.902061204472171748e-06,-5.320897231637750344e-07
2.930908919127254869e-06,-3.806548424920668489e-07
-3.148381531837635779e-06,-4.904152056243309292e-07
-3.118083220337312620e-06,-6.447702959596520993e-07
-8.646499619131686917e-08,2.816393508655262996e-06
-1.933327837600587391e-07,2.819001262097804091e-06
2.860614164466942908e-06,-7.245138633477362519e-07
-3.074837587949763914e-06,-8.452480059486827683e-07
-4.958924532810952652e-09,-1.069620716195123716e-08
-1.401620671115346610e-08,-3.639169262175210768e-08
2.308904635897019393e-07,-2.883099080986965331e-08
2.192266892796580837e-07,-8.282795507717955549e-09
1.587227398305238424e-07,-3.137891268001422317e-06
2.314495505002909379e-07,-3.330811687662224001e-06
-1.927399424228055140e-07,-3.342550711735084853e-06
-1.122317316949980761e-07,-3.137111926096454881e-06
-3.106944170637735115e-06,-1.010992013700106267e-06
-2.920448509851746811e-06,-8.454689007959534126e-07
2.710331089430958641e-06,-7.245368950587126323e-07
2.893564407640825188e-06,-8.825225920500036600e-07
-4.567018569563116445e-10,5.005604154185734410e-08
6.103497768807554894e-10,1.708589859067661806e-08
5.405919923340798381e-08,2.816074416237574711e-08
8.247310092026203474e-08,7.795985352893773176e-08
2.231885076180065865e-08,-3.349280695440985911e-06
2.077791527745496838e-07,-1.051468994163575457e-08
2.249901082572194477e-07,-3.623761780711572914e-08
-2.532366049376241459e-08,-3.442346674574843954e-08
-1.049334898684328420e-08,-1.359810558449548639e-08
-4.474402440232332999e-09,-4.812569847046121088e-10
2.245257579986561596e-07,1.854487465553013100e-09
-1.108879246341281643e-08,-1.608472589669909448e-08
-2.390953815708934933e-08,-4.197740145537306982e-08
2.068894603833937885e-07,-5.213003576788868891e-08
1.761925298776516335e-07,-3.713199917607543957e-08
1.753534922994576789e-07,-6.810114785464888454e-08
-2.841149613032255173e-08,8.642077498723010596e-09
-1.159724316167758016e-08,4.069620611095368162e-09
2.384450784431279404e-07,3.123573238611872809e-09
2.442580152353840941e-07,6.388076096436094116e-09
2.229452330432320458e-07,2.082595645451679411e-08
1.955973424884498582e-07,3.725972697762119245e-09
-8.456699337232525320e-09,2.184312246598954858e-09
-3.165364076043908605e-08,6.855906057713384081e-09
1.858134652805916714e-07,-1.658880521227750232e-08
1.469630217291102782e-07,-2.252685537158109242e-08
-2.912362921455991633e-06,-1.333491578938265772e-06
-2.826300966019644236e-06,-1.123201371823985706e-06
-3.031048577913751826e-06,-1.231911637445521946e-06
2.707491932093287418e-06,-1.196897215923566278e-06
2.823793673177828418e-06,-1.096397087056334380e-06
2.620396213591899489e-06,-9.862395821712073696e-07
1.360667866129500600e-06,-3.001450444769906570e-06
1.289932466424555739e-06,-2.900924842814386339e-06
-1.559856287318707817e-06,-2.848040529954645986e-06
-1.647940918436336231e-06,-2.970329622956584220e-06
2.422466671485932221e-06,1.571116521104514530e-06
2.301496402258909788e-06,1.440531321640814329e-06
-2.384930345979992651e-06,1.513976996167267636e-06
-2.528977257181170428e-06,1.667875039220602035e-06
-1.684190449090860466e-06,2.394270553594211724e-06
-1.507960066389626460e-06,2.240989903138467993e-06
1.515495220996541207e-06,2.085458063637408177e-06
1.686430045259751440e-06,2.240515041749330885e-06
-2.961214299091948823e-06,-1.488156794434485944e-06
-2.759049327846582399e-06,-1.380813725075370157e-06
2.551386915015969441e-06,-1.245723667040640827e-06
2.758765194301030331e-06,-1.359114538339081949e-06
1.383333046323123347e-07,-8.180704349822576861e-08
-1.933139292436952941e-06,2.101322125765679884e-06
-1.738242268047428711e-06,2.070512260394042608e-06
-1.874220235715773137e-06,2.263050649372618691e-06
1.914573264999230639e-06,1.955293738029045701e-06
1.862285450603065112e-06,2.108555364457899547e-06
1.734048609623055707e-06,1.925717037753089277e-06
1.936753878892676602e-06,1.782555587473477893e-06
2.060501845352654363e-06,1.959174779113388394e-06
-2.097033168386996683e-06,2.106306931619055621e-06
-1.959374167607288983e-06,1.913057819180453946e-06
-4.653195152291666048e-08,-3.011783455575623288e-07
-1.734600101384477232e-08,-1.479339801633308089e-07
-4.451475092448030459e-08,1.550049570524203613e-07
-8.849417924118516626e-09,6.959235150190239293e-08
3.341560167130092762e-07,1.237588671933334543e-07
2.603924382720762146e-07,5.351996814326647957e-08
3.377571451757311675e-07,-1.141012337244921567e-07
2.578584093262945679e-07,-5.699444736584100191e-08
-1.901075354163866579e-07,5.504686358792781450e-09
-7.259435051273190672e-08,1.464675138614044547e-08
-6.686736790087984452e-08,2.503344726115227172e-08
-1.461478447266592780e-07,8.401600983170221565e-08
1.120840347835812895e-07,-1.570853908800157670e-07
1.378783587563942417e-07,-2.997613355144164009e-07
2.787450541773623295e-07,1.294526629099155145e-08
3.736346359458965911e-07,3.674748831618402765e-09
1.877050408092551307e-07,1.103057835417686280e-07
2.300109340080060292e-07,1.997202594481077236e-07
-4.635179676538706252e-08,-6.930578505055195825e-08
-1.452479158423182700e-07,-1.376663488702351667e-07
-1.969684475825848795e-09,8.233676178400164027e-09
1.526641905747350132e-07,1.786883601101548156e-08
-1.460883073359504466e-06,1.676563635323475401e-06
-1.610235447875749905e-06,1.889135011316269498e-06
-2.363910925761600850e-06,-9.810440997281101518e-07
-2.627997936229074348e-06,-1.056796766426321537e-06
1.778461826114778640e-07,-2.686987987449433993e-06
1.631601434617968860e-07,-2.946646330691339834e-06
2.284848771585779734e-06,-5.681053955875985022e-07
2.524315096232902972e-06,-6.563224491870800178e-07
1.247522816588125986e-06,1.723824575813933453e-06
1.391587017964614422e-06,1.915865431763845218e-06
2.432549587244147498e-06,-9.213648103099263025e-07
2.196305194545882282e-06,-8.478878648373121704e-07
-1.376985139628791407e-06,2.063720702442152640e-06
-1.211899010638486449e-06,1.854893971147091361e-06
-1.171746522675342284e-07,-2.944354737028711614e-06
-1.280171354286343666e-07,-2.688028591161139535e-06
-2.725181433310840827e-06,-7.712135621300422014e-07
-2.462943527522280290e-06,-6.707986711996920882e-07
1.611628866660194474e-06,1.755765241445156895e-06
1.473569740439491398e-06,1.559746302090608497e-06
-2.027309394333810547e-10,1.361378840855333115e-08
1.072378773491021552e-07,2.480984222825458172e-08
-1.078123266494162605e-07,2.739526163549318467e-07
-1.316910380836974861e-07,1.658857179168258810e-07
-2.466936809617602273e-07,1.758592119444189302e-07
-7.254776551873138442e-08,-4.906797845246482448e-07
4.442951640893471479e-08,-3.873215164968467068e-07
1.588431655394652832e-07,-4.892192614196409822e-07
4.561211634557419157e-07,-1.809001946205639725e-07
4.111280160056607798e-07,-7.564990268960494651e-08
5.057965110401142486e-07,-2.052566446627578213e-08
4.238561173286862462e-07,2.178298700309784738e-07
3.167637783993382677e-07,2.089654376261136942e-07
2.922539915591299538e-07,3.131314346531580237e-07
-3.532402503691731283e-07,-2.241476952863440888e-08
-2.362643706698969929e-07,-9.024204662525181238e-08
-2.916485299349217264e-07,-2.176373341515920035e-07
2.080538872082125884e-07,6.277961542847754894e-08
1.625811297478135293e-07,6.246569563660774544e-08
-2.384029763359297196e-08,3.297106231122991938e-08
9.976402544561892128e-10,3.467787678491237948e-08
-7.136779463755309314e-09,4.793194726728531125e-09
-1.579550071981095180e-08,1.043390666664795465e-08
2.349507567368959652e-07,1.151946160816902763e-08
2.314058451941071236e-07,6.294826934343946472e-09
-2.258440692040538217e-06,-2.277034960519357135e-06
-2.352529958237040863e-06,-2.153719808992119192e-06
-2.367629255237396577e-06,-2.268552542147554600e-06
1.968101004345689488e-06,-2.271409629991788402e-06
2.094123395049391597e-06,-2.259682182698367332e-06
2.077274832926962970e-06,-2.123763207166014163e-06
-2.167864279857066630e-06,-2.382634809901389403e-06
-2.169360548842630885e-06,-2.485250444715203670e-06
-2.068861174041658544e-06,-2.482196176104973459e-06
1.865414646634412369e-06,-2.397180568285377601e-06
1.757174651426007744e-06,-2.513989951361089360e-06
1.866878673071879324e-06,-2.515409699660762160e-06
2.180147559365119412e-06,-1.970904434837621819e-06
2.316511682753980444e-06,-1.941402515817420329e-06
2.283641708674389985e-06,-1.794145688901200741e-06
-2.440105641204742019e-06,-2.025427608133859056e-06
-2.527961995196127591e-06,-1.874825808379560600e-06
-2.557640355440411223e-06,-2.001528371440027604e-06
-2.740104846676550317e-08,1.363374797210184551e-08
-3.239182896981827542e-08,2.148552494069108597e-08
2.428021326736546550e-07,1.364942484883246362e-08
2.473612401557107129e-07,1.982556702018326908e-08
-1.974701049630495553e-06,-2.569254855278267624e-06
-1.965969086373284655e-06,-2.662125812782023093e-06
-1.872177723183070526e-06,-2.650638981530030794e-06
1.659027311901150716e-06,-2.613343658908459150e-06
1.558312911565881014e-06,-2.703005536430967785e-06
1.650268903225861611e-06,-2.712530523884491863e-06
2.380550777718254060e-06,-1.617496407902326796e-06
2.513768596908180235e-06,-1.587301622801399881e-06
2.467439461104128488e-06,-1.437905570949439138e-06
-2.610810084341951652e-06,-1.720783193221481986e-06
-2.685944276393273244e-06,-1.559132876432838352e-06
-2.729980560693961293e-06,-1.695024569978086465e-06
-1.771690830531909054e-06,-2.723148037381115171e-06
-1.762982299951385662e-06,-2.806390039208058299e-06
-1.670357363804961614e-06,-2.787195115863868930e-06
1.465886160657360247e-06,-2.779203108555916038e-06
1.378970761202643924e-06,-2.843152866747460054e-06
1.458285983189190266e-06,-2.858256814579875006e-06
2.074928504162426917e-06,1.664709670080028152e-06
2.189145595245695717e-06,1.556498572334111249e-06
2.193900115236396696e-06,1.674228863492550912e-06
-2.116975095267333964e-06,1.778032393680659628e-06
-2.254963257626689210e-06,1.788206455509606680e-06
-2.250648134303791762e-06,1.651542619051643071e-06
2.040443101971312955e-06,-4.809709108840386161e-07
2.118892684003360059e-06,-6.663739645267177871e-07
1.949919193951391870e-06,-7.669130941422841478e-07
-1.300610703680023097e-06,1.456757964736943813e-06
-1.255539772970810876e-06,1.657727770494156446e-06
-1.045917140589235862e-06,1.639136262552144506e-06
1.892627792817067845e-07,-2.410199062838323339e-06
2.607504870682178915e-08,-2.552259153009701555e-06
-1.347925482207430689e-07,-2.411433269030925796e-06
-2.082937587547364626e-06,-8.945660296429231970e-07
-2.276522968042135680e-06,-7.799295832207034267e-07
-2.186668510799461963e-06,-5.699057202447083856e-07
1.103692507242696056e-06,1.527409344304055387e-06
1.289105885181428881e-06,1.543507425002317123e-06
1.331023611397418157e-06,1.362334831891363156e-06
1.550732042544907107e-06,-2.884160032331746512e-06
1.459138878876477223e-06,-2.942716536150557205e-06
-1.864404867989118349e-06,-2.835366162484529804e-06
-1.763931332185751898e-06,-2.900464176577091251e-06
2.203395102702714379e-06,1.821207965701691428e-06
2.310220234124552646e-06,1.703848387836544535e-06
-2.264003505785293304e-06,1.955082624714585579e-06
-2.392012599473274360e-06,1.821999886214084077e-06
1.559237732597567460e-06,1.915013419578688630e-06
-1.553829235739102648e-06,2.061403574981371013e-06
-2.784797007907248782e-06,-1.830708794534924208e-06
-2.868580306150416402e-06,-1.675055809621032655e-06
2.573818744885107129e-06,-1.740499044034707626e-06
2.664235663176943201e-06,-1.563641853088768248e-06
1.763950327677011502e-06,-2.726779953467311787e-06
1.655670688153382483e-06,-2.808591358073559181e-06
-2.075963815602961923e-06,-2.677056408239219479e-06
-1.971761612548559282e-06,-2.756775062612573778e-06
1.237204293226698624e-07,7.577445764445606206e-08
1.400085676145912354e-07,4.364749342673357954e-08
7.125270410682435494e-10,2.438306609302422733e-08
3.535610862410030895e-09,4.596484784728956103e-08
-2.588916939042380484e-06,-2.133015942152563943e-06
-2.685494902075756816e-06,-1.988800507016363996e-06
2.351767061972787615e-06,-2.096037340495338786e-06
2.462752713234711818e-06,-1.924951787140328278e-06
1.994690037614438869e-06,-2.519695695562653856e-06
1.877307735872656762e-06,-2.628059331020327359e-06
-2.282970928860827718e-06,-2.490473271322313235e-06
-2.179543069013931054e-06,-2.586017233438719060e-06
-1.135843075401789307e-06,1.236560442630794560e-06
-9.701184909135339102e-07,1.021117930173412085e-06
-9.263878986515164322e-07,1.218071614472936590e-06
-8.812254062456653578e-07,1.419089438985813059e-06
-7.212007714854314225e-07,1.199485648452341791e-06
1.304267300587653160e-06,-2.382910306701842228e-07
1.074712895568578846e-06,-1.691061663851559651e-07
1.145388229233715497e-06,-3.327297781057588175e-07
1.219154576639418698e-06,-5.071837417838847194e-07
9.954351925931428693e-07,-4.201743223849295082e-07
9.622538582518012921e-07,1.330242164425011534e-06
8.256361649614384928e-07,1.135682904869963626e-06
1.003897880812607591e-06,1.151425034302449068e-06
1.187005754193207940e-06,1.167047511355521627e-06
1.043911824169812299e-06,9.772248497281065292e-07
-9.399958639189853533e-08,-7.155343769640932654e-07
-1.110911877126894078e-07,-9.687482663750277539e-07
3.971477026119174938e-08,-8.365946404018925686e-07
-5.553796241110300317e-07,-6.751389921212618906e-08
-7.892444852638779827e-07,-1.275162672952345820e-07
-6.255826891073359962e-07,-2.238794100456503849e-07
1.756972856572477408e-07,-7.143753875115603244e-07
1.882628345113926774e-07,-9.675980497377122006e-07
-4.795556175497657516e-07,-3.064491268435748828e-07
-7.019265557526241205e-07,-4.016890760278065322e-07
1.456194493897290970e-06,-5.950522135394176912e-07
-5.016002763713562247e-07,4.496200176888986003e-07
-6.495927412423249284e-07,6.230911573894003336e-07
-1.372894424567653967e-07,-1.826430815638705692e-06
-1.326466155432980393e-07,-1.531169335082045400e-06
8.616428212457911149e-07,-1.086063068357988665e-07
4.672087185090237823e-07,5.999331383346027903e-07
5.759401207681368239e-07,7.674102161473276734e-07
-1.610161800794440438e-06,-3.737123680237967981e-07
-1.323679355885659444e-06,-2.829324466509646576e-07
3.518379209702976068e-08,-1.384359234150315913e-06
-1.239443831877937434e-07,-1.242979602094588714e-06
3.719894638298213390e-07,4.475480959507995446e-07
-8.068891248266135171e-07,8.150933413626709451e-07
7.348440432224999210e-07,7.818829250130694868e-07
6.961277509922651813e-07,9.470159313183702264e-07
-1.133056591389714755e-06,-3.955986949195122291e-07
-1.047700502329433625e-06,-2.000966619145124188e-07
-3.662145137076170491e-07,2.990896058006270924e-07
-1.900165789605838541e-06,-4.701324062104485463e-07
-6.115595455512178032e-07,7.982320041317600895e-07
1.701443856996744729e-06,-6.821481113077219152e-07
6.702534553951034905e-07,-5.850697388395253632e-08
-1.379683893008236089e-07,-2.122035618910783613e-06
1.965806248397336849e-07,-1.241820888624620601e-06
-9.516369941125413152e-07,-5.010541988355922170e-07
9.041440886070222453e-07,7.960434744708460563e-07
5.277398845444352862e-07,3.346476018400935522e-07
2.007453668596775538e-07,-1.530010403059007180e-06
-1.949282522672000086e-07,4.209216825394415086e-07
-1.221600830655320725e-06,-6.022691490265472194e-07
-1.794181525172378526e-06,-8.012338042085118410e-07
-5.692689982852920055e-07,9.852154488370790746e-07
1.969960085541086536e-07,-2.120874756016890478e-06
7.700328345367962552e-07,6.265846012756746058e-07
1.792274937634911555e-06,-3.959099970817719704e-07
6.086805761446951906e-07,-2.553519579720532355e-07
-3.380486454269330284e-07,4.356007288621718117e-07
5.001258354511799326e-07,4.599319467098449315e-07
2.008516358538459545e-07,-1.825274546188188392e-06
-1.504777501813063319e-06,-7.030753498278558397e-07
6.438356030400411116e-07,4.718261535770264037e-07
-4.287610654187669295e-07,7.809841820248243377e-07
1.545158852818975052e-06,-3.144576650896248456e-07
1.622819699215069436e-06,-4.966002824272545396e-07
7.902057290100033515e-07,-3.356747470168289054e-07
-1.702032093880729635e-06,-5.869612464460601263e-07
-3.029246269633589607e-07,5.913887532359531306e-07
3.064889134406404898e-08,-1.974225361938423644e-06
7.275982701090974216e-07,-1.878964175045536322e-07
-2.385713879928573774e-06,-2.381968896474706969e-06
-2.486666539156367057e-06,-2.264276716075898277e-06
2.114070027232186576e-06,-2.392891094287557183e-06
2.232406038349928889e-06,-2.252893991383725801e-06
7.736457446244741295e-08,-2.730038088330204273e-08
2.512368050223346929e-07,-1.422650916740651430e-08
-3.825108266001240282e-08,-1.879126336590911150e-08
2.557245270409740700e-06,-8.203076838860046460e-07
-2.760390763902201393e-06,-9.480623637595000623e-07
5.512405465510038526e-08,-1.308919249950484548e-07
-7.483393138882199067e-10,-8.240763600120901603e-08
1.050750820532724291e-07,-9.887556586507484340e-08
2.401884621202535205e-08,-3.028617328208051057e-06
9.645548249337208870e-08,-6.548967456528514044e-08
3.241138597158027327e-08,-4.008156639476492803e-08
