Size 899,2
0.000000000000000000e+00,0.000000000000000000e+00
0.000000000000000000e+00,0.000000000000000000e+00
7.145615160069716156e-10,-6.154504498427902534e-06
-2.994567591909928588e-07,5.651666846852264902e-06
2.181872949177013308e-07,-1.655334952627135681e-07
3.602097824887073296e-07,-9.485103925151334701e-08
4.920430538205965340e-07,-5.341195850191709580e-06
4.473915257549237579e-06,-1.946061038734883459e-06
4.126245987862501821e-07,5.547677412596372723e-08
4.067202634541095893e-07,3.584768562231052042e-08
4.804464785015646356e-06,-9.920428616023134127e-07
3.319274003569601240e-06,3.451631483041986660e-06
1.883405945957947580e-07,1.850337705736180710e-07
2.728553382583169966e-08,9.607125563321006666e-08
2.509873685361373095e-06,4.033188308672435028e-06
-2.595449980891989007e-06,4.325959373704238937e-06
-9.759049623608794961e-08,-1.743044082889891074e-08
-6.791737749915242924e-08,7.468472073681833056e-08
-3.438914834492845313e-06,3.689892682205809475e-06
-5.285674585308263755e-06,-1.190580732392958562e-06
-1.229020293971122533e-08,-1.007266089034315707e-07
-8.958098204204331493e-08,-1.221329637083459637e-07
-4.943448157867975053e-06,-2.207927759421915656e-06
-5.065745738828297584e-07,-5.329165234180603131e-06
1.448583556463361169e-07,0.000000000000000000e+00
2.301214042403875893e-07,0.000000000000000000e+00
2.829636672113942260e-07,0.000000000000000000e+00
3.171010178211287579e-07,0.000000000000000000e+00
3.395430384771151740e-07,0.000000000000000000e+00
3.602717881654560909e-07,0.000000000000000000e+00
3.713948614838124578e-07,0.000000000000000000e+00
3.689967472057238557e-07,0.000000000000000000e+00
3.565078230033455667e-07,0.000000000000000000e+00
3.272092535540098069e-07,0.000000000000000000e+00
2.617770193819718285e-07,0.000000000000000000e+00
1.745481743246018503e-07,0.000000000000000000e+00
9.033151261737564143e-08,0.000000000000000000e+00
0.000000000000000000e+00,0.000000000000000000e+00
0.000000000000000000e+00,0.000000000000000000e+00
0.000000000000000000e+00,0.000000000000000000e+00
0.000000000000000000e+00,0.000000000000000000e+00
0.000000000000000000e+00,0.000000000000000000e+00
0.000000000000000000e+00,0.000000000000000000e+00
0.000000000000000000e+00,0.000000000000000000e+00
0.000000000000000000e+00,0.000000000000000000e+00
0.000000000000000000e+00,0.000000000000000000e+00
0.000000000000000000e+00,0.000000000000000000e+00
0.000000000000000000e+00,0.000000000000000000e+00
0.000000000000000000e+00,0.000000000000000000e+00
0.000000000000000000e+00,0.000000000000000000e+00
3.899911381839979617e-07,-6.117799579606140546e-06
7.427013182302133012e-07,-6.051258371180821057e-06
1.046546987218088048e-06,-5.975796039907163981e-06
1.316697523405645818e-06,-5.896035264358402490e-06
1.559696329350618060e-06,-5.813804622605804917e-06
1.781162833672708858e-06,-5.729909811248379803e-06
1.986061325117013075e-06,-5.644324969758186549e-06
2.178815278412059448e-06,-5.556530098083809455e-06
2.363354890757607603e-06,-5.465437060740596036e-06
2.542996155980640717e-06,-5.369550594167391862e-06
2.721105824045209997e-06,-5.267626697962731655e-06
2.900616596590294167e-06,-5.157679498868359262e-06
3.084233819399031729e-06,-5.036310616285944700e-06
3.272642932631668577e-06,-4.900941189415116629e-06
3.466785424530329505e-06,-4.748659112786048978e-06
3.666155364987562931e-06,-4.577015503413971668e-06
3.870100130873822754e-06,-4.383595018305535986e-06
4.076827702233085243e-06,-4.166700811198059105e-06
4.284372417169560970e-06,-3.924829294498480431e-06
4.489942980701822324e-06,-3.657529333175202119e-06
4.690603302764232877e-06,-3.364691175560779025e-06
4.883238911937657331e-06,-3.047624502067893497e-06
5.065142397799425842e-06,-2.706312694894501015e-06
5.231533755756163634e-06,-2.342854054057482230e-06
5.375892899304604303e-06,-1.959213124574513208e-06
5.487575165732821776e-06,-1.567347605152338039e-06
5.565613295347676711e-06,-1.187010084813844052e-06
5.612285817818953108e-06,-8.336311630042398410e-07
5.637132726489912120e-06,-5.125628733993865939e-07
5.646239405109410339e-06,-2.189554894873265538e-07
5.642845856155997109e-06,5.081856667059840030e-08
5.629314581025432053e-06,2.999817758030323354e-07
5.607440939609725069e-06,5.315073459313934883e-07
5.578589038259872763e-06,7.484734744652907956e-07
5.543619676503981607e-06,9.538363691174379225e-07
5.502972355124289659e-06,1.150515333541198221e-06
5.456638532787602573e-06,1.341258330057548488e-06
5.404228514072637901e-06,1.528622874378075732e-06
5.344993908244977170e-06,1.714954365168925520e-06
5.277860967260131733e-06,1.902286703603392947e-06
5.201505757155380262e-06,2.092413935329453373e-06
5.114345351205518328e-06,2.286735123581515744e-06
5.014667360410728608e-06,2.486401766086512429e-06
4.900553801076098872e-06,2.692165741695295843e-06
4.769973842773191841e-06,2.904629605991558612e-06
4.620484834797188339e-06,3.123945370777019220e-06
4.453811065312484260e-06,3.355695018768899073e-06
4.260965448607554256e-06,3.598658945083284511e-06
4.035746394331900237e-06,3.853423013921172652e-06
3.775173245462229811e-06,4.114235531889614738e-06
3.475908846480889559e-06,4.371404766159933279e-06
3.148987023986899987e-06,4.606955629197728811e-06
2.811962480451303162e-06,4.814663206799314900e-06
2.476146761302994701e-06,4.993748974939950056e-06
2.146569108844056133e-06,5.146814154082130745e-06
1.825126414718221047e-06,5.275793091783656233e-06
1.513883109077904429e-06,5.382163258411815799e-06
1.214561251318407232e-06,5.467516976845379031e-06
9.285427638472037227e-07,5.533755077118072003e-06
6.564862541024702223e-07,5.582929575014841471e-06
3.985661063143507724e-07,5.617219951392384026e-06
1.541701385106599192e-07,5.638769394862495381e-06
-7.784692192385445498e-08,5.649636904888949342e-06
-5.129623806385371767e-07,5.645683795956109386e-06
-7.208310103132083136e-07,5.632113535703694972e-06
-9.257986966392530385e-07,5.611602407700563724e-06
-1.131101810012732240e-06,5.584235542968998290e-06
-1.340326228806063195e-06,5.549457055186932278e-06
-1.557209173695427626e-06,5.506038635064568429e-06
-1.785684230534699796e-06,5.452054804117866987e-06
-2.029552970705292452e-06,5.384842807615783265e-06
-2.292824099560364128e-06,5.301005395519176910e-06
-2.579705992563588806e-06,5.195878446439071854e-06
-2.895469874001189915e-06,5.061770846513702494e-06
-3.237572945084116448e-06,4.887438014685667279e-06
-3.593196513962124943e-06,4.671370454805420382e-06
-3.932568768728129473e-06,4.414885008634133445e-06
-4.239625139782538015e-06,4.140253075933715034e-06
-4.513138168716416659e-06,3.860161384010489241e-06
-4.753772770493307991e-06,3.582558641054846244e-06
-4.964718126259452949e-06,3.310036327190630935e-06
-5.154076600142276284e-06,3.046830827355049433e-06
-5.319244710621119536e-06,2.789332112046605594e-06
-5.462219399219209316e-06,2.539162970616891033e-06
-5.584975995395073270e-06,2.297240166489939119e-06
-5.689716748799676294e-06,2.064030247814887395e-06
-5.778661288079675742e-06,1.839288278109839793e-06
-5.854098410564840049e-06,1.622211413058894104e-06
-5.918145238418865544e-06,1.411260215162856204e-06
-5.972728970790565771e-06,1.204373024623242861e-06
-6.019421662666071490e-06,9.988615566437898981e-07
-6.059374656922592022e-06,7.916024829120672616e-07
-6.093239350129421735e-06,5.790417498865734186e-07
-6.121065090761161522e-06,3.573140143362867612e-07
-6.142309258500132255e-06,1.223882168898768397e-07
-6.155724229451648875e-06,-1.299303886294611568e-07
-6.159460025952166893e-06,-4.037424658219965417e-07
-6.150898000064328128e-06,-7.034185565795435271e-07
-6.126253321900914915e-06,-1.033985451585851634e-06
-6.077737641447562805e-06,-1.402407062546613766e-06
-5.992307526117595047e-06,-1.802008058709894154e-06
-5.865033974065608167e-06,-2.208575739877546141e-06
-5.701969316074459144e-06,-2.590726093675117579e-06
-5.523448260344112712e-06,-2.930110594673494751e-06
-5.341563765178399095e-06,-3.232823089822739190e-06
-5.161093318993022596e-06,-3.502888166119030165e-06
-4.981899431728291477e-06,-3.746496408699006883e-06
-4.804557952888394055e-06,-3.966101507129208615e-06
-4.629241215799579388e-06,-4.165100380625326569e-06
-4.455731608130027875e-06,-4.346618752639922665e-06
-4.282942680342224104e-06,-4.513972937855432847e-06
-4.109489560036268713e-06,-4.670053123593476889e-06
-3.933312232779385089e-06,-4.817524093771804649e-06
-3.752107929476275513e-06,-4.958590782166014294e-06
-3.563345364114232623e-06,-5.094964056911343480e-06
-3.363755329156471909e-06,-5.228271061750174241e-06
-3.150285677670527126e-06,-5.359027285104037288e-06
-2.920223347024492061e-06,-5.482600882403316699e-06
-2.674075831970905631e-06,-5.601018134329116515e-06
-2.410199219726809798e-06,-5.713152416266335923e-06
-2.127249930719727923e-06,-5.817710419775279944e-06
-1.824171199972205852e-06,-5.912955385558042475e-06
-1.500411604727024917e-06,-5.996968215420491648e-06
-1.155727542041260845e-06,-6.067447812923045613e-06
-7.899274816600005561e-07,-6.121733949824852956e-06
-3.996232445743708605e-07,-6.155141801402037478e-06
2.501148621944175821e-07,-1.355427491100703971e-07
2.903457484302638161e-07,-1.093792631680855794e-07
3.198438339998094393e-07,-8.308040297814307536e-08
3.357414609499969120e-07,-6.539739735604761009e-08
3.460178309327164053e-07,-6.513430872673111929e-08
4.458474689278441377e-07,-2.405365277805081012e-07
6.108862463433520321e-07,-3.913356762426460281e-07
8.429581723827808712e-07,-5.509718450160656066e-07
1.133707013195467010e-06,-7.174896698059531380e-07
1.473993189716076525e-06,-8.879419557084721677e-07
1.854655635134102793e-06,-1.059395854264092980e-06
2.266569241470820034e-06,-1.228939678020510626e-06
2.700668604028478803e-06,-1.393672734574782664e-06
3.147940806365847898e-06,-1.550643911694527596e-06
3.599138266853528085e-06,-1.696717797456639768e-06
4.044001063708321872e-06,-1.828935122740490289e-06
4.343904918200370176e-06,-2.290407290179568546e-06
4.200454124936339741e-06,-2.622738991772876468e-06
4.049454391204785654e-06,-2.937334363306090235e-06
3.892761056881511844e-06,-3.231276592664694374e-06
3.731958517745096120e-06,-3.503839977200057624e-06
3.569427208341302705e-06,-3.753547479234102230e-06
3.406106875799526619e-06,-3.980972377554451401e-06
3.243735873792080380e-06,-4.185799848859154086e-06
3.082448724916260157e-06,-4.369541072446989624e-06
2.922991279108170797e-06,-4.532751613452696502e-06
2.764484516068754206e-06,-4.677330778481754791e-06
2.606396709749084988e-06,-4.804572828650565167e-06
2.447062866148633970e-06,-4.915758464847756003e-06
2.283713403992013081e-06,-5.012225364142590533e-06
2.114137183365199211e-06,-5.096391398328451801e-06
1.935789587510839835e-06,-5.169068701091742194e-06
1.745600662125799778e-06,-5.230574763225873602e-06
1.540020902003680449e-06,-5.280684271574053197e-06
1.315181365625583783e-06,-5.318856088119558668e-06
1.067053390547154092e-06,-5.343709972524101148e-06
7.923458409240745860e-07,-5.353099766433972926e-06
5.540098248923502349e-07,-4.879603641485770661e-06
5.925952383083454401e-07,-4.389430548027564273e-06
6.173460350090590397e-07,-3.878579907201041232e-06
6.288848344941921248e-07,-3.356567823675962398e-06
6.269486418275535512e-07,-2.834387151158918627e-06
6.113192591673368209e-07,-2.323450007875461797e-06
5.818277301675115522e-07,-1.835324021920740511e-06
5.382937910830022660e-07,-1.381665787119217267e-06
4.803904266898354766e-07,-9.742756952465881924e-07
4.075371017261888486e-07,-6.258000596255750261e-07
3.196498066135990493e-07,-3.506310807029074960e-07
3.763392128006385115e-07,2.683057871844515511e-08
3.725113759901770717e-07,1.053522247726770811e-08
3.746684248238697260e-07,4.836023393692515664e-09
3.802839198240476922e-07,5.955186213192937699e-09
3.895148895653054465e-07,1.535992144372274024e-08
5.724614196644072882e-07,1.092803706842933296e-07
7.633266919841708710e-07,2.482043784821660523e-07
9.787814452261569311e-07,4.390308776574686540e-07
1.215664868398847378e-06,6.752604163961294631e-07
1.469594802222143570e-06,9.508147513506462336e-07
1.735879807230037729e-06,1.259485827661671341e-06
2.009718319960908126e-06,1.594914872040345791e-06
2.286247213204983538e-06,1.950632672693146909e-06
2.560563359918078533e-06,2.320075812445783231e-06
2.827786905819460425e-06,2.696666545710470093e-06
3.083071026994005341e-06,3.074365183117533620e-06
3.588449498001293426e-06,3.262075086404527808e-06
3.828294691384643333e-06,3.069130046690890803e-06
4.039823321732931736e-06,2.880766985242241261e-06
4.225789802582476936e-06,2.697335363160918948e-06
4.383929849934593109e-06,2.516021871690617260e-06
4.523303878752304432e-06,2.337089626638228200e-06
4.645143686109726421e-06,2.161034922668597817e-06
4.750852809029690973e-06,1.987529612449651125e-06
4.841654488799132203e-06,1.815876661424042047e-06
4.918713930229823271e-06,1.645046863978938615e-06
4.982950970501630064e-06,1.473753489120177381e-06
5.035070580089726922e-06,1.300426860628735719e-06
5.075503446054384544e-06,1.123287468380074240e-06
5.104338440779712553e-06,9.403327006096559381e-07
5.121364049564084270e-06,7.494228666116543665e-07
5.125928511392129774e-06,5.482756939865166456e-07
5.117056979467244976e-06,3.345657734704885038e-07
5.093279987965556934e-06,1.059221078449118757e-07
5.052803318202929295e-06,-1.399294724797323828e-07
4.993345796952139372e-06,-4.050212786579871976e-07
4.912166636388897230e-06,-6.901957347920605715e-07
4.381639472877630043e-06,-8.120517819959691037e-07
3.942718325545025728e-06,-6.480650106908696218e-07
3.494151170249425838e-06,-4.927725910875863435e-07
3.043081735058296252e-06,-3.480942372656561670e-07
2.598127091166687899e-06,-2.171107781998524804e-07
2.168295402871706280e-06,-1.028810172738989846e-07
1.762661071101563912e-06,-8.415433021055489053e-09
1.390325513473212491e-06,6.327565555420869049e-08
1.060434532666343193e-06,1.091643636875639904e-07
7.822119114052855831e-07,1.262396170403977387e-07
5.638468601818245704e-07,1.113688345073171650e-07
1.329553842314928125e-07,1.577201059640252662e-07
7.731439227421961685e-08,1.398001667954389672e-07
3.101061332907008773e-08,1.145337875907956538e-07
5.791086574557470212e-09,8.703067491588228881e-08
8.646905747373839037e-09,6.848358239718425624e-08
3.930017714779728478e-08,2.667721526946343264e-07
-1.658080086384264744e-08,5.024207821553962934e-07
-1.294416191506733139e-07,7.928713895103898019e-07
-2.922553822241033994e-07,1.128845946503829502e-06
-4.981918537849476967e-07,1.500972043404777378e-06
-7.405702199879058757e-07,1.899924146547151878e-06
-1.012684688297282728e-06,2.316253202996463985e-06
-1.307742868161246972e-06,2.740398078978579352e-06
-1.618839783241121973e-06,3.162758108461003715e-06
-1.939117544255985109e-06,3.573989366128813137e-06
-2.263230631325505057e-06,3.965519901676524858e-06
-2.348316005551126607e-06,4.524683266164575250e-06
-2.107922645393795415e-06,4.689078215906941035e-06
-1.880799394582760976e-06,4.823839100257697326e-06
-1.666398914817061028e-06,4.932694547704913554e-06
-1.462407740353306850e-06,5.018943693816387637e-06
-1.266075081866186019e-06,5.085493640346809661e-06
-1.074558441163091500e-06,5.134679938145516036e-06
-8.850365116345357657e-07,5.168273063102059360e-06
-6.948388935880135027e-07,5.187526996725616683e-06
-5.015130196110753911e-07,5.193150216573229898e-06
-3.029060361947630742e-07,5.185429702980071227e-06
-9.709234750148123239e-08,5.164185926172198007e-06
1.176564194321463392e-07,5.128927403202142419e-06
3.427409130305944996e-07,5.078900854687829410e-06
5.790525234204664475e-07,5.013158438828629387e-06
8.269730685077174892e-07,4.930665906455241945e-06
1.086331058799212101e-06,4.830315393887938267e-06
1.356479097755315307e-06,4.711131381199583727e-06
1.636249853172394710e-06,4.572213951053637015e-06
1.923988193089691440e-06,4.413038494863744079e-06
2.217041730948721881e-06,4.233360477846338890e-06
2.232048081835428813e-06,3.689425906960527681e-06
1.955870510250195057e-06,3.328610608349330927e-06
1.683422463431622695e-06,2.956107593896966673e-06
1.419849276090075356e-06,2.578863880998870212e-06
1.169978056770799599e-06,2.203788908147716589e-06
9.385030453549311844e-07,1.837607159573168580e-06
7.300625108340313753e-07,1.486930082431728214e-06
5.492499016655186932e-07,1.158281759333785186e-06
4.006347211175972179e-07,8.581627388160532818e-07
2.886304117303579371e-07,5.932411366991362584e-07
2.164446101507103141e-07,3.692919872488115887e-07
-4.630672338469936245e-08,-1.456972442452674782e-08
-2.354094708175407338e-08,-6.529176925893976109e-09
-1.407834469840292047e-08,2.487744172590263665e-09
-1.217643674917552466e-08,1.361291190546818588e-08
-1.910918967412509081e-08,3.622170391113518936e-08
-2.573556398702555524e-07,1.504501663597184224e-07
-5.298168616719862408e-07,1.735056356316186960e-07
-8.764648796100885743e-07,1.553446855119190668e-07
-1.285850834763073769e-06,9.999063443315107069e-08
-1.744974444896682486e-06,1.159166294959019298e-08
-2.240966368457544105e-06,-1.056164319683186943e-07
-2.761029757694566342e-06,-2.474174528129263680e-07
-3.292403505444018830e-06,-4.096060210818681616e-07
-3.822377306522304736e-06,-5.879536661475121423e-07
-4.338482807512393993e-06,-7.781982415864425119e-07
-4.829506186037365463e-06,-9.769845999613445543e-07
-5.402198222660499599e-06,-8.832256143806645737e-07
-5.489458896274030082e-06,-5.920538528323686973e-07
-5.553024985478954278e-06,-3.225676537125852792e-07
-5.595764143148956582e-06,-7.368690213527712254e-08
-5.620040415658658902e-06,1.574193142701872999e-07
-5.627628136548507742e-06,3.739286773593802827e-07
-5.619905572279775472e-06,5.791233270080068027e-07
-5.597637563095794751e-06,7.761791831039045327e-07
-5.561189971490426515e-06,9.681442157971381300e-07
-5.510422660533800415e-06,1.157778040668633745e-06
-5.444855194275145997e-06,1.347547006346530560e-06
-5.363694040089272587e-06,1.539483946538660054e-06
-5.265895975691469591e-06,1.735208170799926392e-06
-5.150350348368401466e-06,1.935813825924371105e-06
-5.015814519857366062e-06,2.141919485169712835e-06
-4.861259983636046086e-06,2.353579866489911812e-06
-4.685701120812023934e-06,2.570283252028816063e-06
-4.488709693092621586e-06,2.790499622531256429e-06
-4.262038619201880595e-06,3.012906971971149077e-06
-4.010802751812053155e-06,3.239639095680672199e-06
-3.735266725694778716e-06,3.468565174245843484e-06
-3.186996383926792797e-06,3.284691604321555844e-06
-2.908130230306419591e-06,2.865631994064376567e-06
-2.607442832351929229e-06,2.440767313070282881e-06
-2.292475452829474766e-06,2.021037969759124680e-06
-1.970673787907544481e-06,1.616212516702811148e-06
-1.649152132347386871e-06,1.235732665711669136e-06
-1.334897760332154279e-06,8.889760671231898088e-07
-1.034847029636015919e-06,5.852572874152826712e-07
-7.559218811397560978e-07,3.337715767815051051e-07
-5.049326049200752770e-07,1.433184423120816151e-07
-2.865271252098997528e-07,2.145406309273210328e-08
-4.839106252618297432e-09,-4.951975077073463054e-08
-1.166713570294630130e-08,-3.032678974924624242e-08
-2.421789241897636795e-08,-2.645664585539871706e-08
-4.103907077924360700e-08,-3.860506423073603099e-08
-6.063356801753282112e-08,-6.465367663299433271e-08
-2.221329348978603968e-07,-3.380479964203666982e-07
-3.180825758742189697e-07,-6.228629899722891058e-07
-3.988888045774074805e-07,-9.721344279106057630e-07
-4.660549221073817366e-07,-1.379171834643567338e-06
-5.192065462384362468e-07,-1.832689404157564159e-06
-5.583349812039150959e-07,-2.320798701373972804e-06
-5.835878615776915277e-07,-2.831748723819887826e-06
-5.951244630724475100e-07,-3.353975026344171327e-06
-5.930585581439677564e-07,-3.876030415477127449e-06
-5.775087328844425748e-07,-4.386330368001863348e-06
-5.490583223569593466e-07,-4.873276607635694786e-06
-8.529311238700113090e-07,-5.324173952636567440e-06
-1.188173954275625449e-06,-5.301327421174048978e-06
-1.506704855317618980e-06,-5.264131984958301001e-06
-1.806908479718082941e-06,-5.213953860361343718e-06
-2.088484214992858256e-06,-5.152002063734008619e-06
-2.351775230404352156e-06,-5.079135822984978962e-06
-2.597604821839760254e-06,-4.996189447027375323e-06
-2.827431935276250199e-06,-4.903559979653361120e-06
-3.041597048579079696e-06,-4.806081736708124048e-06
-3.239798611963267921e-06,-4.699324717797769333e-06
-3.424008195808375141e-06,-4.583311861540306599e-06
-3.596287970320459212e-06,-4.456953239099611233e-06
-3.758691024732170361e-06,-4.318911321211428893e-06
-3.913002581893760789e-06,-4.167334049013290852e-06
-4.060616596919749231e-06,-4.000395255030661852e-06
-4.202927097767202170e-06,-3.815435613818050278e-06
-4.340365562016294580e-06,-3.610517406658313822e-06
-4.473704247375365924e-06,-3.382495006514515026e-06
-4.602265587819570196e-06,-3.129770272350402529e-06
-4.725821642643315676e-06,-2.849326047316809081e-06
-4.843245705155442138e-06,-2.540843741793747849e-06
-4.458944396448143422e-06,-2.105792458220134315e-06
-3.948288548574680012e-06,-1.974857606775487556e-06
-3.420360960347900729e-06,-1.821467404937613774e-06
-2.888092651230705573e-06,-1.649757247792936649e-06
-2.364316377620881898e-06,-1.463932428058007543e-06
-1.861754708023176235e-06,-1.268114332800777625e-06
-1.393178610309260807e-06,-1.066404604953140386e-06
-9.714053229157594657e-07,-8.629198144853776331e-07
-6.092644603208395333e-07,-6.617847402820567597e-07
-3.195485286246065753e-07,-4.670628086220802365e-07
-1.143653003138629582e-07,-2.814234336975155390e-07
-1.325128476158285721e-07,1.585979573006417232e-07
5.225086461728875211e-08,-3.612818191402678063e-07
4.034439824480586811e-07,2.480879532748406774e-07
5.192110979633200467e-07,-6.934591483596626006e-08
-2.038937261189250384e-07,-7.228338559227163496e-08
-2.722907202901225145e-06,3.620148616274049076e-06
4.208894858743402103e-06,-1.320698644102479835e-06
2.180643831287738989e-09,-4.869731126067449848e-06
-4.637109558014322673e-06,-1.539979370104357629e-06
2.655667546758618009e-06,3.379636743677781991e-06
2.718039549567846292e-07,7.007219280910861079e-08
-2.005665691400436003e-08,2.734591000086381471e-08
3.115205585658029065e-06,4.014428485194646416e-06
-3.217622850559672782e-06,4.293421946756683370e-06
1.203333327495953356e-08,-3.875450669761196411e-06
-3.619863549504496714e-06,-1.204263257868209692e-06
6.943793034107305783e-07,6.552415993214960269e-07
4.097067442037421834e-08,-9.827776481838450678e-07
-7.539561311820788413e-07,-2.567541672871757684e-07
-4.489618203884090781e-07,5.721078490571923908e-07
9.607484730174477570e-07,-2.238096632622310363e-07
2.122088056248969090e-06,2.638310507440244426e-06
3.321126692144899496e-06,-1.021827923340111755e-06
-2.565346399329593747e-06,-8.565242184934102946e-07
1.103093864915864380e-06,1.223382958896654490e-06
-1.575941588515056706e-06,-5.296226972510664318e-07
2.168683306869062715e-08,-2.834933023555079532e-06
1.591569869963902111e-06,1.901730082923206411e-06
3.128831275756245401e-08,-1.839686851507358114e-06
2.435414837230719431e-06,-7.239977771372466086e-07
1.624372161489814573e-06,-4.501297178435246960e-07
-9.206934900125375981e-07,1.200684288382542068e-06
-2.112846569266347146e-06,2.801167695190017216e-06
-1.493567331833058762e-06,1.968861673878197933e-06
3.744379191273106715e-07,-1.192750672415458800e-08
-2.669673938055532348e-08,-1.022200635698511181e-08
7.700111593534105144e-08,-1.274353791324289965e-07
4.905047936919920003e-06,-1.577504379056028093e-06
-5.385151759913307920e-06,-1.813325789088828474e-06
3.791855901632995743e-07,1.779426209614890140e-08
-2.257546641983383408e-08,2.370195959726804721e-08
-4.253539701415647469e-06,-4.173816709090338719e-06
3.633607088093067019e-06,-4.182432876477309214e-06
-5.254606945044014127e-10,-5.610197326657560066e-06
4.010891126460505767e-06,-3.704715779867840773e-06
-4.574529547135931555e-06,-3.779863618058877222e-06
-1.886794424354882522e-08,-2.294884095415932615e-08
2.923442967126188792e-07,-4.629850473856855583e-08
-3.916869947480899641e-06,-4.495241711796203317e-06
3.257090287856841311e-06,-4.559060739585420988e-06
4.369250108233086209e-06,-3.122025725719816608e-06
-4.881649713456432391e-06,-3.290182202456952979e-06
6.031165207731959198e-09,4.733845750355589927e-08
1.316329045297520811e-07,8.671923143728721899e-08
-4.017948223357018685e-06,3.736006949282522762e-06
3.835969828968170116e-06,3.497617403879612697e-06
-3.561915012910979673e-06,-4.768249163100969794e-06
2.900342040642677809e-06,-4.852685966963084352e-06
4.671182319933122178e-06,-2.512000680551527477e-06
-5.153061296745542357e-06,-2.745486244736765652e-06
-4.472342435285400369e-06,3.288949294233824140e-06
4.216274802073376396e-06,3.111220115710368604e-06
-3.200986247747459688e-06,-4.995382392226490822e-06
2.583183640822926439e-06,-5.070720439941614900e-06
1.857414580111392666e-07,-7.138954774013516969e-08
-5.497756845112431375e-09,-6.601325905578857777e-08
-3.434842553707631217e-08,-4.596449635714780903e-08
3.712572120697204484e-07,3.449662312059537046e-09
3.654883697199632734e-07,5.398768396985666856e-09
-2.814490034478061811e-08,-2.358345616021146439e-09
-1.877008103849667933e-08,2.916601761725172044e-09
-4.917789155677097278e-06,2.796539030990774599e-06
-5.085685622262324417e-06,2.570823949216937386e-06
4.708657341281012142e-06,2.514326178394562448e-06
4.575195221525964442e-06,2.700621052797610854e-06
-2.748285580676018909e-06,-5.241707341033351486e-06
-2.512331608034625815e-06,-5.343037531337524216e-06
2.230939931565040650e-06,-5.281716181085618844e-06
2.056999692594598181e-06,-5.364477760939369549e-06
-5.236019530987251463e-06,2.330012364218878491e-06
-5.363192629191975787e-06,2.115960502459043389e-06
4.828116727039191152e-06,2.315250619601857783e-06
4.930011823079850247e-06,2.136909701784032505e-06
-2.237781759681008977e-06,-5.435301889745483698e-06
-1.966372195499516471e-06,-5.519835860122791962e-06
1.857404546488665347e-06,-5.440003461088491401e-06
1.659932241552724724e-06,-5.509629010397129424e-06
-2.851889364496594967e-08,-3.152493774223352701e-08
-4.722080784372611310e-06,3.050028867351719229e-06
4.419106536163989560e-06,2.910643044078496661e-06
-2.988108862561807296e-06,-5.133441647735333693e-06
2.413256198530374309e-06,-5.190885216120038419e-06
-5.474506399661728268e-06,1.890372388225243993e-06
-5.567416429032283427e-06,1.688936099213017582e-06
5.020121999229705470e-06,1.946551168161206065e-06
5.096741589791328498e-06,1.773525827033269578e-06
-1.652825839594696225e-06,-5.591497147512619769e-06
-1.343314600827231157e-06,-5.653711003185671282e-06
1.427548307717092052e-06,-5.571475399084672117e-06
1.190397114934291084e-06,-5.627700014089587895e-06
-1.718594773497799796e-08,1.037073773849333598e-08
3.747958311106317266e-07,7.492578216233324432e-09
2.499676054467512774e-06,4.522477184968182095e-06
2.198553005361670044e-06,4.697692551771323147e-06
-2.340231937043561817e-06,4.930716816708546535e-06
-2.605033111731097414e-06,4.783357902869177550e-06
-5.646788160240222903e-06,1.476671843304647274e-06
-5.712079030162315516e-06,1.284215674651344433e-06
5.163420632609260494e-06,1.587313545105147003e-06
5.219670458097665824e-06,1.414448562887666323e-06
-9.898481213565771533e-07,-5.698082713531918898e-06
-6.426612437946607095e-07,-5.731052934432864130e-06
6.084153061739093211e-07,-5.710734482962307094e-06
9.059959423305663436e-07,-5.672855660959238577e-06
3.504868676398059936e-07,1.587352289104093799e-08
-4.118717377015032994e-08,-4.034798533314236469e-09
1.878250444913112843e-06,4.855832218341632883e-06
1.589611645797815876e-06,4.986808586289067639e-06
-1.846205456867439129e-06,5.150330975568431819e-06
-2.074777663374071342e-06,5.054099689288573600e-06
-5.765894241784175375e-06,1.078639917230090140e-06
-5.808833853821104485e-06,8.872567712972082491e-07
5.305846929267604355e-06,1.045291750472529513e-06
5.267052126848136757e-06,1.225352383271594880e-06
1.288361476434218561e-06,5.100925473122765692e-06
1.019790112478545965e-06,5.191772871853610529e-06
-1.410728508404329663e-06,5.290502378550167748e-06
-1.614631942071939359e-06,5.229648701262018876e-06
-5.841206210624475412e-06,6.776379754990822794e-07
-5.864225660987653144e-06,4.759757968528717582e-07
5.335636320757331136e-06,8.442487636065263779e-07
5.357270915435915334e-06,6.479380036225323430e-07
2.832682900429870719e-06,4.317176934545203250e-06
-2.923823249267465283e-06,4.596509326035692387e-06
7.435715865507431680e-07,5.267217561842795042e-06
4.990060821823073724e-07,5.323721183232333334e-06
-1.007718329202860368e-06,5.374360136360094856e-06
-1.199580130675943350e-06,5.339021509454390859e-06
-5.875658953191996104e-06,2.485964225400342533e-07
-5.877211150135229901e-06,2.312044650185415475e-08
5.368154917720879624e-06,4.244551789994691342e-07
5.369777235671122343e-06,2.018214990340993508e-07
-1.231600712947351545e-08,-2.860716471801253668e-08
-9.224823786094170737e-09,-3.974156976808449797e-08
3.424094064072256704e-07,-4.047918829350409126e-08
3.260919867014699463e-07,-3.926190402822368072e-08
1.489324675332998578e-08,5.847554111334525351e-08
5.338318283722420059e-08,7.547259931749513786e-08
2.493766786809775313e-07,5.366997141960831117e-06
2.833989247164062039e-08,5.395491328819632426e-06
-6.110171373611175337e-07,5.414118627225438123e-06
-8.030994961752916251e-07,5.399568808527080942e-06
-5.863629748554950559e-06,-2.372287191642451935e-07
-5.837366298114983601e-06,-5.006458376699577048e-07
5.356948059696324043e-06,-5.525197838457856456e-08
5.332109586264953593e-06,-3.144627975522477002e-07
5.225059160819997602e-06,-9.218698038362999370e-07
5.286738316812186227e-06,-6.160606090282535891e-07
-5.789255520638142130e-06,-8.089601579762091769e-07
-5.723380118723643328e-06,-1.124036636115538760e-06
-1.979568777015808012e-07,5.412853663551487514e-06
-4.004889919111190373e-07,5.418579389683112351e-06
5.136530560259128314e-06,-1.284634206539429697e-06
-5.628349783385306636e-06,-1.503537609195922146e-06
-5.716571933164599002e-09,-1.684691878548592419e-08
-2.629774950989030694e-08,-5.605172988450612909e-08
3.713348958780134941e-07,-5.280778188916607182e-08
3.452670379042541711e-07,-1.618212220916254216e-08
2.474736070072487890e-07,-5.469182788384028549e-06
3.876953415710036483e-07,-5.848448745486299287e-06
-4.014968819648458106e-07,-5.869399433050534869e-06
-2.527369345767372369e-07,-5.467828705318480815e-06
-5.689218697999456576e-06,-1.807697345236742822e-06
-5.329210080950539400e-06,-1.499883899228794574e-06
4.849436946770299893e-06,-1.282317635616228441e-06
5.198118039889846382e-06,-1.573235541720513432e-06
6.001039961768013792e-09,6.710427075683564125e-08
4.258054246138347743e-09,2.550029842507648902e-08
7.467879838204162284e-08,4.048697334106557698e-08
1.023994761217494806e-07,1.176043914498054524e-07
-6.951220059611501772e-10,-5.880167656714343997e-06
3.037242125686049078e-07,-1.922698386264076206e-08
3.187921119682408663e-07,-5.858018868429626531e-08
-1.852176914366782361e-08,-2.845544571376850120e-08
-8.524110617199799359e-09,-1.431975554704752854e-08
-1.148158477655408816e-08,2.669384887577903090e-10
3.630977476018304040e-07,-6.012069818845204297e-10
-1.367371717661473859e-08,-1.499879540205885102e-08
-3.010432518951549951e-08,-3.187367695696918872e-08
2.903856192920167639e-07,-7.638937227951111462e-08
2.471553813135813621e-07,-5.468156124275325213e-08
2.467072566261027886e-07,-9.491676242647443089e-08
-2.144275586332552689e-08,2.221641449301195502e-08
-1.090418259190483321e-08,8.588125871434506341e-09
3.739025260712140676e-07,6.184316778305331638e-09
3.780336768360555572e-07,1.639287507805318923e-08
3.447209071665306880e-07,5.954766807641070152e-08
2.986160303706685610e-07,1.720550323748030709e-08
-1.692740692843435570e-08,2.389421727935460030e-09
-6.032871095333860363e-08,1.144487230538387367e-08
2.649498619908154389e-07,-2.654650652492943953e-08
2.061161839950542242e-07,-3.232588005772619124e-08
-5.331212721401745790e-06,-2.391157205913783966e-06
-5.161566721415067041e-06,-2.008693577556059158e-06
-5.547399219477310956e-06,-2.208836548572376105e-06
4.855333989380157987e-06,-2.141313333065068775e-06
5.067224152520821820e-06,-1.960703894455537355e-06
4.689408380241986151e-06,-1.760462269086532411e-06
2.563354492971630200e-06,-5.221203270030130111e-06
2.432479727502345856e-06,-5.041180609998083883e-06
-3.017210916063825935e-06,-4.951991647961962679e-06
-3.174954698246819770e-06,-5.174164801734567357e-06
4.424359217911831093e-06,3.120267108223031946e-06
4.217900958654455107e-06,2.897252677299215185e-06
-4.477257914278776233e-06,3.032811257776033869e-06
-4.724150570972445985e-06,3.302018383262142491e-06
-3.229280541190502977e-06,4.595267349425952440e-06
-2.902703318564943591e-06,4.303899183629490845e-06
2.812910168461829714e-06,4.021921212114293392e-06
3.131556594138813133e-06,4.310359487060542054e-06
-5.419541076896090430e-06,-2.667809441618248867e-06
-5.056711424308439582e-06,-2.480520335829322736e-06
4.575353980184582656e-06,-2.230121103093085154e-06
4.948302256438634579e-06,-2.427410141402022256e-06
1.954695173448420791e-07,-1.171249652839323959e-07
-3.681104232006958693e-06,4.056942245520992920e-06
-3.325808734688237259e-06,3.992699373711157918e-06
-3.574753556489864710e-06,4.352824334041726995e-06
3.541806304886243071e-06,3.789254087409052832e-06
3.450087875222109793e-06,4.066824796444655369e-06
3.214608517597397069e-06,3.730474854578536372e-06
3.584402101584209886e-06,3.480362598435585230e-06
3.803599277040218518e-06,3.796046842372009711e-06
-3.974600260571637673e-06,4.069078929167120280e-06
-3.731804927179187468e-06,3.717004933681660933e-06
-1.081260626191134523e-07,-4.832412349661916970e-07
-5.225811349143072511e-08,-2.398012402849769971e-07
-9.106774081800014035e-08,3.089760564608228666e-07
-2.276386172096193642e-08,1.391278430471777629e-07
5.638424237844470062e-07,2.547109040965784644e-07
4.227914062178433290e-07,1.222547272801952904e-07
5.653021071799112071e-07,-2.062563551000500840e-07
4.253158025139055478e-07,-1.073791113168257427e-07
-3.494404843393128685e-07,2.595013568448320279e-08
-1.404146956629669264e-07,3.627237005092762530e-08
-1.382237675295846220e-07,4.670844681908872845e-08
-2.925983690291445235e-07,1.595066618660138849e-07
1.634192553813013451e-07,-2.553975886592795805e-07
2.055446851737147850e-07,-4.867536760614836151e-07
4.691527547251843196e-07,2.121672072923615543e-08
6.369207038420487117e-07,8.868591839883107598e-09
2.777075592279867025e-07,2.266775659837470794e-07
3.578304447895836701e-07,4.051006763514050233e-07
-8.908002724763486615e-08,-1.193089629116508087e-07
-2.620243306810876490e-07,-2.390141216433914972e-07
-4.355438091687161394e-09,1.662194535970064466e-08
2.251690792641450192e-07,3.993596551703186883e-08
-2.810328268993645519e-06,3.249185287344020151e-06
-3.088507919893921496e-06,3.650262560939155555e-06
-4.298890434894394227e-06,-1.748480779161127177e-06
-4.786945396437553287e-06,-1.886910771497028231e-06
2.874342159283652797e-07,-4.633123073498433893e-06
2.622549149342192071e-07,-5.105575309570508863e-06
4.076224537718069218e-06,-9.900586923500710204e-07
4.507696850699100614e-06,-1.147450263208021044e-06
2.309977119799558042e-06,3.352579083101328781e-06
2.578168684226250178e-06,3.709184654717738046e-06
4.340348487969890837e-06,-1.639114212828080582e-06
3.906771285004721718e-06,-1.504289674356484365e-06
-2.648099074803193835e-06,3.979531804698114748e-06
-2.339441968663755540e-06,3.594672267398991010e-06
-2.633230465510446851e-07,-5.100288173950917603e-06
-2.781583448430168717e-07,-4.630775576521150690e-06
-4.965285121949678356e-06,-1.351018985252560880e-06
-4.487979447366164445e-06,-1.170204268881183258e-06
2.992559904142355083e-06,3.410940659040319646e-06
2.739031171922029293e-06,3.042032797425861608e-06
1.850768928592458096e-09,2.219799435572438961e-08
1.524871729661714626e-07,4.362143566473852685e-08
-2.131257773087892595e-07,5.445733559166351858e-07
-2.677153529341140141e-07,3.334436821441158954e-07
-4.897861722063069225e-07,3.415988508752775775e-07
-1.558870273287729700e-07,-7.981020394607078023e-07
4.633336803317787048e-08,-6.358388152908190190e-07
2.425295010122070997e-07,-7.991735286639026390e-07
7.757567101764925855e-07,-3.228113814061693946e-07
7.071119127088699995e-07,-1.359086156288317106e-07
8.722604885361380009e-07,-3.050830849363825154e-08
7.386019224387098031e-07,4.395901661296093296e-07
5.314774195030719782e-07,4.282910715410021665e-07
4.768190159965135410e-07,6.296043485114019348e-07
-6.428328838942941784e-07,-1.919185693473456440e-08
-4.378621045480291922e-07,-1.510422130051126001e-07
-5.244292779601273200e-07,-3.806430730876669333e-07
3.206228425762407039e-07,1.408579610280336611e-07
2.325979788478570596e-07,1.256095501312506470e-07
-5.493634297007844520e-08,6.996184147085188452e-08
-1.746295611468003993e-09,6.323224903259811259e-08
-1.088601726608798831e-08,1.026350262012821802e-08
-2.710864519049880907e-08,2.060282088543093081e-08
3.791096100535635307e-07,1.479841107970493664e-08
3.705055771501451098e-07,7.978179160400271282e-09
-4.229928654053240164e-06,-3.997318702582320870e-06
-4.384072673791601798e-06,-3.796100242120000206e-06
-4.409720909182758196e-06,-3.982408350001948375e-06
3.604327093429803442e-06,-3.972696395204792069e-06
3.816234430995058463e-06,-3.950966828174609386e-06
3.785003779288978441e-06,-3.727311453122426985e-06
-4.080613837094370963e-06,-4.169421402840939153e-06
-4.082814358255116049e-06,-4.337036947166030766e-06
-3.915444075857031038e-06,-4.332221017095554747e-06
3.433779097116947232e-06,-4.181826181224457301e-06
3.252365716115876354e-06,-4.376735262550359836e-06
3.438830424335985193e-06,-4.376812220658020120e-06
3.955026519041158593e-06,-3.472346799161113101e-06
4.185428058554975683e-06,-3.420985202217800807e-06
4.126414592606054182e-06,-3.175608007651318853e-06
-4.527240316154371504e-06,-3.585284102264200096e-06
-4.671313404716432734e-06,-3.335003261610337759e-06
-4.722878639207222629e-06,-3.543933271849947327e-06
-5.187005713789089783e-08,2.740837401193556418e-08
-3.950466702660110124e-08,4.348087994541500535e-08
3.977870268468803510e-07,1.786447415971481455e-08
3.906414169891291405e-07,3.241614175583380898e-08
-3.755895335825199853e-06,-4.475811693199007375e-06
-3.739716041781495908e-06,-4.631840143359491681e-06
-3.578889560027100375e-06,-4.611668186852631662e-06
3.086132381039003348e-06,-4.543675301099483478e-06
2.912722207970204095e-06,-4.695851175432142477e-06
3.073183481153673133e-06,-4.710132009331091183e-06
4.287774557560727109e-06,-2.875756076919132786e-06
4.517595563196248063e-06,-2.822536451837127173e-06
4.433331753940939957e-06,-2.566862584614962596e-06
-4.808138802264310393e-06,-3.074616222047343576e-06
-4.933268275843905767e-06,-2.796374278325957442e-06
-5.012815227850025476e-06,-3.028003536622334348e-06
-3.401850315121618542e-06,-4.734626017044282237e-06
-3.384218685680010808e-06,-4.880368412608615277e-06
-3.219787191112345245e-06,-4.845111366454476730e-06
2.750778874789939337e-06,-4.826919124320605172e-06
2.595196776266725490e-06,-4.938644205792565107e-06
2.738700174674962997e-06,-4.963779002866096776e-06
3.829180809450764528e-06,3.277037945637002265e-06
4.026830764990455457e-06,3.092668487605864651e-06
4.033479609588262312e-06,3.296949660549720865e-06
-4.012245843900522926e-06,3.483376828004656758e-06
-4.251188621969928289e-06,3.506577315035501690e-06
-4.245807388223643996e-06,3.266521769031530022e-06
3.631779898146171450e-06,-8.349907396296425983e-07
3.769385206471510399e-06,-1.172608193414079652e-06
3.460076223308602010e-06,-1.359608522696473763e-06
-2.512225970908306711e-06,2.832686747399597846e-06
-2.422652684456953946e-06,3.217300678130320057e-06
-2.024987021751558698e-06,3.188596322512722440e-06
3.059332200556595619e-07,-4.133330211586729021e-06
7.062529096424142605e-09,-4.384227100415873629e-06
-2.866477328763686306e-07,-4.131974480617613398e-06
-3.783846259725423871e-06,-1.593105136398673038e-06
-4.139741082988426560e-06,-1.375742029202387205e-06
-3.980915102936141887e-06,-9.884332141489328795e-07
2.038990552309418078e-06,2.983357162716718122e-06
2.390993907750540313e-06,3.011853989324892382e-06
2.474693175030636456e-06,2.667467560262611487e-06
2.901613700201334254e-06,-5.007604637992564973e-06
2.740354473785097022e-06,-5.112951419403991583e-06
-3.562238365794912157e-06,-4.930736087867566091e-06
-3.384397913715767931e-06,-5.047041751134051078e-06
4.052498726838771400e-06,3.551881324461559103e-06
4.234746126014852843e-06,3.347597868834530987e-06
-4.268070824731285782e-06,3.800624732672170633e-06
-4.489250323592185987e-06,3.567904420445586882e-06
2.891855060658469261e-06,3.706735983634989893e-06
-2.982138127592457330e-06,3.970880669215371293e-06
-5.106021151448548068e-06,-3.259841504903185199e-06
-5.253328806660691471e-06,-2.994506066303600817e-06
4.622476805091601353e-06,-3.083693822061658964e-06
4.779935812764782303e-06,-2.782260191280235065e-06
3.266663975984614256e-06,-4.733441135696916793e-06
3.082708836119370249e-06,-4.874604655681803434e-06
-3.925405224767624491e-06,-4.656918056134539010e-06
-3.748312308668929804e-06,-4.793360460929576159e-06
1.626186799903493160e-07,1.303071014125464433e-07
1.978348534489182709e-07,8.358075500437023715e-08
1.801317286503988416e-09,4.138596841206293435e-08
1.196812497539554925e-08,6.797970761284243232e-08
-4.773764752366996478e-06,-3.761749685634074935e-06
-4.936043466881515407e-06,-3.524035126288028257e-06
4.245872685862802365e-06,-3.679621311982964167e-06
4.432811929010225921e-06,-3.394106270928616532e-06
3.652251128252564810e-06,-4.383915637403066073e-06
3.456802006023107014e-06,-4.565722586460357908e-06
-4.269478080897283656e-06,-4.346023507121497789e-06
-4.098557397164215510e-06,-4.504015062718589078e-06
-2.202220549828882476e-06,2.411839397008235714e-06
-1.887624327659283208e-06,1.996804885654860149e-06
-1.800858373878561493e-06,2.381778697971484873e-06
-1.711055398780695874e-06,2.770581392598810833e-06
-1.404101686777142361e-06,2.350088142208664587e-06
2.302188368751573928e-06,-4.070452823413489509e-07
1.889795035443283665e-06,-2.861615777313828464e-07
2.016027139122453997e-06,-5.826019441404922727e-07
2.141552789484270879e-06,-8.970843320543713372e-07
1.739885765645169737e-06,-7.431161599525838300e-07
1.770314203133895343e-06,2.608891558846442774e-06
1.508905841483171711e-06,2.236110100291773491e-06
1.853978179849562288e-06,2.266041086047426807e-06
2.204679379588335628e-06,2.293922745993227864e-06
1.933944803687501303e-06,1.927920233094579506e-06
-1.956258806557493983e-07,-1.176154998082529681e-06
-2.281458167148866534e-07,-1.606503994017170709e-06
3.608359090416428959e-08,-1.388039786767030472e-06
-1.007861734450963322e-06,-9.623001341107701686e-08
-1.431568513705922982e-06,-2.007369589145472826e-07
-1.137603332108839431e-06,-3.843525514243664842e-07
2.725758419248669874e-07,-1.177282905302355895e-06
2.955288613957373904e-07,-1.607789556555622171e-06
-8.634016833667652985e-07,-5.383317843862753895e-07
-1.265951602258298692e-06,-7.080658338779523881e-07
2.568174792352048353e-06,-1.053094737898682257e-06
-9.863523427422356091e-07,8.822291057001736488e-07
-1.272754757587777982e-06,1.222572336999309326e-06
-2.837453340715189602e-07,-3.093521323262605689e-06
-2.721312457384407347e-07,-2.576916130116712365e-06
1.507917382236091745e-06,-1.811128983936879594e-07
8.160544785997833382e-07,1.194623256362375986e-06
1.027080496144073166e-06,1.522399528176021290e-06
-2.926109158511194341e-06,-6.370204447078695023e-07
-2.403499155743262042e-06,-4.753187991081683125e-07
2.648999764436865800e-08,-2.325885684594348823e-06
-2.536227227027491347e-07,-2.077361440658692733e-06
6.311104634275707207e-07,8.948765835399120051e-07
-1.575481260872898992e-06,1.597226270938284374e-06
1.339691290872458992e-06,1.551997481870466109e-06
1.259585062896386380e-06,1.871739344911409575e-06
-2.056125618989930015e-06,-6.883994986740747773e-07
-1.901057705410555907e-06,-3.284970945060469735e-07
-7.231233556477573557e-07,5.855055867416402201e-07
-3.456139762823248540e-06,-8.094313706965484477e-07
-1.197884997173185731e-06,1.572005269224694650e-06
3.010707938740861208e-06,-1.208232726526851796e-06
1.165681973233269330e-06,-9.489136121962296263e-08
-2.885471897501014551e-07,-3.615682262119900678e-06
3.114093878833360452e-07,-2.078685851543899891e-06
-1.719244580040781168e-06,-8.857314115211542401e-07
1.667389196295239579e-06,1.576062424700975136e-06
9.408434158140439780e-07,6.703778491610642454e-07
3.203074663851260888e-07,-2.578239793009274138e-06
-3.829269093406909574e-07,8.346593482634744172e-07
-2.210452992739530912e-06,-1.067191725172536244e-06
-3.255495312753733475e-06,-1.424986933456994864e-06
-1.110976387442962903e-06,1.936732663023153252e-06
3.175082519476223951e-07,-3.616953384841134361e-06
1.409853088863658636e-06,1.244897696825181023e-06
3.182191094287570531e-06,-6.843948207172288709e-07
1.047835216754558127e-06,-4.530415735640654189e-07
-6.688113723636776378e-07,8.642819067745637062e-07
8.864553863017192269e-07,9.223419032905179083e-07
3.223131964154283466e-07,-3.094828600661509845e-06
-2.726785096781401048e-06,-1.248315822771651868e-06
1.166109144225037671e-06,9.408846685792367420e-07
-8.385503241864148112e-07,1.540082267780602723e-06
2.736006729219583014e-06,-5.407806308450034676e-07
2.873462409651947290e-06,-8.713710210374098963e-07
1.372266992325674096e-06,-5.941211655244332162e-07
-3.090836075280060232e-06,-1.029849552694634187e-06
-5.936252080188840539e-07,1.169603166131839025e-06
1.687930718961730881e-08,-3.355263033690202607e-06
1.269562519756550108e-06,-3.295428889124899252e-07
-4.438298670192769424e-06,-4.168293123663868965e-06
-4.604398101226715261e-06,-3.976344918129483427e-06
3.850241644755756544e-06,-4.172620499777759636e-06
4.046759722744970723e-06,-3.940233793508538319e-06
1.097240203254164034e-07,-3.720274955165382629e-08
4.213371683341793099e-07,-3.115183701171452285e-08
-8.317758687287715246e-08,-2.907109471017870374e-08
4.567504653186062369e-06,-1.453940543343752406e-06
-5.029813483436839873e-06,-1.683899757802530209e-06
7.195785738436401572e-08,-2.184423413827567298e-07
-9.817136583657776477e-09,-1.328989858384795321e-07
1.499545534214785536e-07,-1.521121878001387904e-07
-3.587198650589040963e-10,-5.257356233731931124e-06
1.358613770743178692e-07,-9.730769860869565357e-08
5.064624195277251342e-08,-6.072902247429550434e-08
