Size 955,2
0.000000000000000000e+00,0.000000000000000000e+00
0.000000000000000000e+00,0.000000000000000000e+00
1.395862788961576315e-08,-6.536900336588020851e-06
-1.269475908889622441e-07,5.435322568826285715e-06
1.161583159010256378e-07,-8.866707417903947122e-08
1.351148473813949314e-07,-6.204009472947937410e-08
2.588094682930929893e-07,-6.072843402221574721e-06
5.127021895566510576e-06,-2.012498892428372943e-06
1.542597578979546605e-07,1.599559745888545965e-08
1.530536764982420953e-07,1.657709541497442824e-08
5.307661547682117726e-06,-1.500061504745803990e-06
3.167244088314130411e-06,3.704373052835128882e-06
5.340125652420112782e-08,8.532982164529510652e-08
3.386315685958784693e-09,6.945861669762596719e-08
2.699595892417953460e-06,4.052455030164624542e-06
-2.725104424808384022e-06,4.154648424003438428e-06
-5.786251351043635464e-08,1.888476082644926540e-08
-6.045697610353634665e-08,1.847792745687140188e-08
-3.192684498700281349e-06,3.801068958185049344e-06
-5.467992651477485724e-06,-1.580873065301529113e-06
-3.993844804551262929e-08,-6.527600451939539825e-08
-4.862425185818408616e-08,-8.258898716354421328e-08
-5.291373470586927308e-06,-2.086274043271730507e-06
-2.308834733973286092e-07,-6.070560513719688498e-06
7.348746216779678669e-08,0.000000000000000000e+00
1.056708024914022635e-07,0.000000000000000000e+00
1.113582188594133598e-07,0.000000000000000000e+00
1.034433286881638784e-07,0.000000000000000000e+00
6.443939943754282669e-08,0.000000000000000000e+00
0.000000000000000000e+00,0.000000000000000000e+00
0.000000000000000000e+00,0.000000000000000000e+00
0.000000000000000000e+00,0.000000000000000000e+00
0.000000000000000000e+00,0.000000000000000000e+00
0.000000000000000000e+00,0.000000000000000000e+00
3.090406717239167269e-07,-6.519888315406634366e-06
5.857283308469419127e-07,-6.486141281390405710e-06
8.435965072905911615e-07,-6.444556878017792512e-06
1.090797273299135146e-06,-6.394513701078754558e-06
1.330136409759939982e-06,-6.336132714764682787e-06
1.564385880443522788e-06,-6.269002140397985379e-06
1.795931195437501420e-06,-6.192354669735653185e-06
2.026704250946311953e-06,-6.105127413799940901e-06
2.258102019585203465e-06,-6.005978115558425200e-06
2.490974695480633343e-06,-5.893650283501128585e-06
2.725872526873400336e-06,-5.766599235404082850e-06
2.963481256230355548e-06,-5.623365758731063872e-06
3.205605765196201536e-06,-5.464224512559736423e-06
3.449161519997713552e-06,-5.286395771055073150e-06
3.696997185587126589e-06,-5.084893922705553867e-06
3.941989885772379020e-06,-4.863685587596709337e-06
4.186606286117614766e-06,-4.618377334205826310e-06
4.423904491648304189e-06,-4.352997781231416150e-06
4.650721945399625577e-06,-4.067072816598786284e-06
4.865266397969057151e-06,-3.764271063825314455e-06
5.064635145324433608e-06,-3.447485873652709110e-06
5.246101399826380740e-06,-3.119922359231948414e-06
5.407024007153116045e-06,-2.785480772147971547e-06
5.545193674154470433e-06,-2.449080666209605864e-06
5.659307829065082297e-06,-2.115103494113393203e-06
5.747759240528940525e-06,-1.787513216202285566e-06
5.806457391467238972e-06,-1.480846962581453992e-06
5.843639424291337951e-06,-1.203657740870263700e-06
5.867469668040971642e-06,-9.534625909591533098e-07
5.880847107823451950e-06,-7.219034106208044304e-07
5.885655355491458020e-06,-5.044165175550624683e-07
5.883314272361336801e-06,-2.963846870517248275e-07
5.874304764246090754e-06,-9.344930413459114924e-08
5.858489937283851886e-06,1.083280255488613492e-07
5.835116451973771845e-06,3.123496567314747674e-07
5.802993252991755986e-06,5.213903574050460303e-07
5.760513300263051710e-06,7.375043000997923006e-07
5.706025971088665250e-06,9.620225130777831330e-07
5.637562323899918132e-06,1.195507744747681870e-06
5.553610443849539685e-06,1.437791553064901340e-06
5.452357651721236163e-06,1.688402835319626630e-06
5.332391407697672062e-06,1.947040553604445031e-06
5.194776827161766052e-06,2.214519313603563282e-06
5.036033393763454563e-06,2.486112256538054171e-06
4.852191023247287079e-06,2.764198597566179727e-06
4.647339064853136450e-06,3.039847573115122137e-06
4.419002545155786066e-06,3.314377110377559598e-06
4.171095835600995287e-06,3.580045837031025300e-06
3.904633127409833774e-06,3.835732603832912242e-06
3.622771943321152371e-06,4.076475984991136944e-06
3.329369029731623053e-06,4.299441547331771706e-06
3.026630788002285127e-06,4.499695083597682055e-06
2.730145967323277225e-06,4.670518804896313779e-06
2.439318461731780599e-06,4.818954107485793311e-06
2.157543170884798540e-06,4.950270065174699699e-06
1.881566534416903747e-06,5.063319771326570286e-06
1.610926226889293917e-06,5.159133010446955961e-06
1.345772848880030883e-06,5.238985236053083092e-06
1.086435884576942970e-06,5.303676085779291595e-06
8.330082778374554028e-07,5.354399285810238454e-06
5.853889174738918177e-07,5.392013735841413475e-06
3.432550525053334132e-07,5.417530731905295259e-06
1.060602351904679217e-07,5.431723720386599903e-06
-3.566994692503263905e-07,5.428752355170000018e-06
-5.842427196750945886e-07,5.412253077347085070e-06
-8.107530775137853790e-07,5.385946230821091458e-06
-1.037537577724005075e-06,5.349706083613905701e-06
-1.265984372410993821e-06,5.303086344850840050e-06
-1.497517605794091773e-06,5.245445683812860687e-06
-1.733538855056433172e-06,5.175652007415392926e-06
-1.975332337286095384e-06,5.092593041729373099e-06
-2.224511236687622765e-06,4.994424944381439952e-06
-2.483573963661421267e-06,4.879153953508119770e-06
-2.759285903817093927e-06,4.747476700015818808e-06
-3.048814440775037483e-06,4.591721563638366371e-06
-3.355277598976328431e-06,4.398767063548671290e-06
-3.655751201487472243e-06,4.178108254260302908e-06
-3.949051027766468607e-06,3.934328559123017678e-06
-4.228470287548500996e-06,3.671949047189137466e-06
-4.491145167779197595e-06,3.395313581661024883e-06
-4.733904677930997236e-06,3.107252618624263442e-06
-4.952788473634848912e-06,2.815903253761119087e-06
-5.149324294466363014e-06,2.520854318203611015e-06
-5.319135621510931935e-06,2.231962273932386574e-06
-5.466002458942529214e-06,1.947204434438281909e-06
-5.593750501195944591e-06,1.672053604363038206e-06
-5.701101147891861705e-06,1.405913481313936717e-06
-5.789538657731293676e-06,1.149354512753653190e-06
-5.861045255644669817e-06,9.031126114084962371e-07
-5.917279761548662029e-06,6.675757024834178225e-07
-5.960453537758447971e-06,4.423278385303497316e-07
-5.992427865312822155e-06,2.261062501551866865e-07
-6.015058634496651725e-06,1.686356286871152205e-08
-6.029754366631732538e-06,-1.882314431642841631e-07
-6.037475145723317167e-06,-3.926779494111052351e-07
-6.038541796797175181e-06,-6.005459223234402105e-07
-6.032615049375960143e-06,-8.163413980606206180e-07
-6.018411144657930755e-06,-1.044828907109303962e-06
-5.994132276593412336e-06,-1.290700198738986973e-06
-5.957027357784263485e-06,-1.562727197975205511e-06
-5.898629927573770357e-06,-1.863630537512985978e-06
-5.809569021355369705e-06,-2.183786770166809829e-06
-5.695538662280138990e-06,-2.505875051457648762e-06
-5.561279589412431338e-06,-2.825573187032489572e-06
-5.407143064017702791e-06,-3.141558995583652429e-06
-5.234880479804512395e-06,-3.450169544634438765e-06
-5.046462749182810210e-06,-3.748611619820466921e-06
-4.843892983049664050e-06,-4.034620734019446522e-06
-4.629228651467558307e-06,-4.306192172599549759e-06
-4.403746981826719334e-06,-4.560845158336555981e-06
-4.169673672850539948e-06,-4.798901282744198181e-06
-3.931489358485989503e-06,-5.017736228608147593e-06
-3.687691771607698892e-06,-5.220122183636877196e-06
-3.442663300623889685e-06,-5.403578564539590463e-06
-3.194745761684043445e-06,-5.571092576369242070e-06
-2.945808906464189025e-06,-5.724072968568357575e-06
-2.694906757781024594e-06,-5.862282110555896162e-06
-2.441775544564280512e-06,-5.986429792875163386e-06
-2.186268367703371773e-06,-6.097213980317770485e-06
-1.928130806219775781e-06,-6.195142743877092376e-06
-1.666894660943547887e-06,-6.280718247791698484e-06
-1.401910374519811432e-06,-6.354267152533663520e-06
-1.132425386714259819e-06,-6.415935627561233459e-06
-8.576412534166423657e-07,-6.465689360691255261e-06
-5.770010925535000148e-07,-6.503245295756566793e-06
-2.859544673796665250e-07,-6.529153930165148190e-06
1.286957361305348694e-07,-7.024647371857156095e-08
1.984626533002521697e-07,-1.325332943237369130e-07
3.007551391839180076e-07,-2.124623569363215568e-07
4.548733935857371225e-07,-3.056715617116767198e-07
6.410554452628542734e-07,-4.045659669833325725e-07
8.682701615572244166e-07,-5.133941237255264886e-07
1.120697135163522470e-06,-6.258437579259146053e-07
1.404222623638438427e-06,-7.451043374390617825e-07
1.706282591008366705e-06,-8.659749734268084722e-07
2.029842727880059730e-06,-9.906528879717127929e-07
2.365499232719304845e-06,-1.115005965075184819e-06
2.713404116186176399e-06,-1.240274860647417221e-06
3.067203257764107044e-06,-1.363361466891327395e-06
3.424346763013283480e-06,-1.484583084689734257e-06
3.781400876572759146e-06,-1.601826147863584967e-06
4.133230578496769834e-06,-1.714594261478521841e-06
4.479666341981508162e-06,-1.821941751779760552e-06
4.811778392291905131e-06,-1.920705586324339742e-06
4.985001508606392251e-06,-2.339210626619816135e-06
4.825084639549006573e-06,-2.670837959403352074e-06
4.648373299781785214e-06,-3.000619525940830949e-06
4.456272356016835729e-06,-3.323482072914819516e-06
4.250503704444657668e-06,-3.635288475413914895e-06
4.032796866850459216e-06,-3.933177323591184841e-06
3.809792332561349975e-06,-4.212892420712005695e-06
3.579858606513831151e-06,-4.474790769545883717e-06
3.349560741277256197e-06,-4.712838901125726355e-06
3.116585493253307896e-06,-4.930804739257818843e-06
2.887192618818304318e-06,-5.124247301646713420e-06
2.656806946769059029e-06,-5.298453581683698983e-06
2.428910753338717558e-06,-5.448686285964957018e-06
2.200952822893064891e-06,-5.581335769967015038e-06
1.973215489221265948e-06,-5.697024107261293714e-06
1.744932020644554291e-06,-5.796300333405661157e-06
1.514756599925283641e-06,-5.879968272320682996e-06
1.280828510927167938e-06,-5.948539257466933145e-06
1.040786730581138917e-06,-6.002325826496268545e-06
7.919069246581595429e-07,-6.041308150204550195e-06
5.309125512754317912e-07,-6.065050279494932696e-06
2.814960141558050595e-07,-5.762146986191299257e-06
3.014878256997705849e-07,-5.435079766862006305e-06
3.193784947154814595e-07,-5.082389393274177569e-06
3.338578734166678549e-07,-4.714825400879867302e-06
3.456776735232056193e-07,-4.329730483999561516e-06
3.536199125111600425e-07,-3.935872570277648192e-06
3.585607304345560165e-07,-3.533933723239807937e-06
3.591385227301152000e-07,-3.130059444749823376e-06
3.563620364898660168e-07,-2.728730448982859485e-06
3.487387170684437985e-07,-2.333099772189527189e-06
3.374087002481267587e-07,-1.951818940141240398e-06
3.207481321715866507e-07,-1.584671829970839762e-06
3.000274764378820697e-07,-1.244857389319396904e-06
2.734894674767720502e-07,-9.284231704266899448e-07
2.425614120180651577e-07,-6.534713679454619576e-07
2.053478326795914937e-07,-4.117683620358794434e-07
1.631352994530985276e-07,-2.277903871726900378e-07
1.517554580117214455e-07,1.238438583535528672e-08
2.307482365844042461e-07,7.047531978732721595e-08
3.176520622529265835e-07,1.466422733409220873e-07
4.223299938968073279e-07,2.487400349208618810e-07
5.388813945490765014e-07,3.684811603354636936e-07
6.726122949135674339e-07,5.131523954612348689e-07
8.169186871858778735e-07,6.744410221379451365e-07
9.764917417325298623e-07,8.585071909929112381e-07
1.144994735819576488e-06,1.057590880121024066e-06
1.326298933335267875e-06,1.276544387687287986e-06
1.514504528204178539e-06,1.508389269618972891e-06
1.712485493471408894e-06,1.756424264146905752e-06
1.914958337728399887e-06,2.014699875060138947e-06
2.123619757769673718e-06,2.284715661400156440e-06
2.333972834004380793e-06,2.561790874350278947e-06
2.546389798403315514e-06,2.845370112145977132e-06
2.757510131007527025e-06,3.132456813649331235e-06
2.965194456116438452e-06,3.419938505351672714e-06
3.450393237696753590e-06,3.465710562512191191e-06
3.723935534807095322e-06,3.215181434595599193e-06
3.981695809255283736e-06,2.956768678013529123e-06
4.223331215268340163e-06,2.692229808222597670e-06
4.443212557130470813e-06,2.428004425436439808e-06
4.643914923560435692e-06,2.163405512400990049e-06
4.820329464263380216e-06,1.906140193695725817e-06
4.977527627606542232e-06,1.652114050070250123e-06
5.109111447350887259e-06,1.406953945778328569e-06
5.222107527998707997e-06,1.168233860163048230e-06
5.317236904138050838e-06,9.374820966632306962e-07
5.395084687376237062e-06,7.149925777775468141e-07
5.456802644035398204e-06,5.002866405823329570e-07
5.503160528543411508e-06,2.921454893248967189e-07
5.534939265024551849e-06,8.854661548517190764e-08
5.552475296290006243e-06,-1.132417661653002538e-07
5.555671844962401326e-06,-3.166095211252042118e-07
5.543802065077198951e-06,-5.254958409276435223e-07
5.515546687180255830e-06,-7.441896307462893664e-07
5.468602657241090395e-06,-9.772801211855524559e-07
5.400392353298130714e-06,-1.229428680363649556e-06
4.986657724755707975e-06,-1.375338705418064222e-06
4.660283713456312511e-06,-1.253558330171519712e-06
4.320413231379621102e-06,-1.128773575924871953e-06
3.972088890858192379e-06,-1.004996871396969923e-06
3.616899253687946804e-06,-8.817354705776415148e-07
3.259383446932409170e-06,-7.615087777222593874e-07
2.903519707626766097e-06,-6.446197207472758666e-07
2.551181931600063996e-06,-5.328332819384937958e-07
2.209334652282449157e-06,-4.273730121821555093e-07
1.877124211657120794e-06,-3.291576564284278201e-07
1.564588618349347118e-06,-2.403670947795456182e-07
1.268035938725196046e-06,-1.610407595770884622e-07
1.000689099186004792e-06,-9.435006702550921710e-08
7.559036663687033798e-07,-3.941732065334059735e-08
5.502061556610516469e-07,-4.550691004397590787e-10
3.739428048176647590e-07,2.436592931121803180e-08
2.464998890457442374e-07,2.987728334096494468e-08
2.423834082556476576e-08,8.077832749397622654e-08
-1.444254203312893784e-08,1.376385916367783043e-07
-5.122178688208068737e-08,2.314599515576042677e-07
-1.128642167576227434e-07,3.572254640822100928e-07
-1.907550170143327755e-07,5.029897924087949544e-07
-2.908732115613888846e-07,6.773944529904822741e-07
-4.060898436077774980e-07,8.694725338741613939e-07
-5.411193136125613766e-07,1.086339079672600137e-06
-6.895477751972129929e-07,1.317880488259798415e-06
-8.547894904542037851e-07,1.569598228740869759e-06
-1.031358238788744910e-06,1.832472685666868770e-06
-1.221180888250457874e-06,2.110139261387556048e-06
-1.419876769072378183e-06,2.394918751073013475e-06
-1.627705061445016855e-06,2.688334998072796404e-06
-1.841575108979527528e-06,2.984312822624559836e-06
-2.059930623740846548e-06,3.281971531892241896e-06
-2.280971173173454338e-06,3.576735711907715702e-06
-2.500974367713064674e-06,3.866714262283054729e-06
-2.466846565269885949e-06,4.343783280241983909e-06
-2.211303208415736580e-06,4.507016427423244348e-06
-1.967623056664212540e-06,4.638173635112728317e-06
-1.728840735571350968e-06,4.748956613001475350e-06
-1.494881903768176268e-06,4.841230976486831386e-06
-1.264687540194809585e-06,4.916271742788103206e-06
-1.036998808501702590e-06,4.975564059751620211e-06
-8.105600301106741485e-07,5.020015368257719999e-06
-5.840823436534379047e-07,5.050397147556839341e-06
-3.563712843485211888e-07,5.067115683881192493e-06
-1.263488188081140236e-07,5.070323669199808896e-06
1.069322382926278975e-07,5.059905232860421957e-06
3.443059296017393460e-07,5.035531770063389565e-06
5.864366740974203902e-07,4.996648349254974379e-06
8.337261987234014088e-07,4.942645581330600323e-06
1.086372109438223540e-06,4.872610404522250648e-06
1.344286751645605437e-06,4.785818617561514309e-06
1.607215944533027318e-06,4.681122602836292987e-06
1.874622997412450312e-06,4.557868189862793403e-06
2.145213629687090693e-06,4.415022088127509536e-06
2.422605379882908636e-06,4.244648639344327285e-06
2.484392008101588161e-06,3.768048740525754148e-06
2.272842151899823623e-06,3.482592742250361392e-06
2.062382885169074981e-06,3.195506298209705369e-06
1.855431103503913151e-06,2.907903484987709951e-06
1.653995265260136779e-06,2.624291050610362148e-06
1.458687684974233907e-06,2.344537046103418998e-06
1.272561614072659320e-06,2.074347601505325850e-06
1.094719642523145306e-06,1.811642835678803524e-06
9.291850004125785703e-07,1.563288676236273626e-06
7.737110146874677524e-07,1.325530646914595100e-06
6.331087724761360413e-07,1.106137968303767156e-06
5.039621773454468002e-07,8.999275455490105728e-07
3.916918552051321507e-07,7.153261419779015669e-07
2.918913489532145835e-07,5.459698311742722448e-07
2.103985000662231431e-07,4.006826023274449653e-07
1.420590121017220715e-07,2.721559850464159402e-07
9.315296133485334409e-08,1.701243223407969552e-07
-5.655693132074954218e-08,1.778716075809278093e-08
-1.608886259674004535e-07,3.239235436309706772e-08
-2.990457209272539619e-07,2.687738379813793999e-08
-4.899147528919461317e-07,5.482298695487746488e-10
-7.121700187863246298e-07,-4.114364943764105736e-08
-9.758640451967231509e-07,-9.997540220103278401e-08
-1.263225153793557967e-06,-1.714806849632723810e-07
-1.580923924366011769e-06,-2.563950585878979997e-07
-1.914875862747086424e-06,-3.514182888506365329e-07
-2.268407649679422349e-06,-4.562410427456229160e-07
-2.631011649075367402e-06,-5.686820749293083678e-07
-3.002784491196981361e-06,-6.874254403042995883e-07
-3.376683858139778963e-06,-8.113734925484650104e-07
-3.749687002621134699e-06,-9.382370536979751791e-07
-4.118126862580760348e-06,-1.067966334103118469e-06
-4.475929706104346595e-06,-1.197383924089869440e-06
-4.822268662237505085e-06,-1.327374359082422066e-06
-5.149900801779732227e-06,-1.453222179573058448e-06
-5.558569795276797067e-06,-1.316121554152346533e-06
-5.625192664135114053e-06,-1.068353436204547106e-06
-5.670823238000002329e-06,-8.384478530084700524e-07
-5.697894702840529170e-06,-6.215753123153365217e-07
-5.708533468113048748e-06,-4.129963786969598807e-07
-5.703897467049214261e-06,-2.082685978269138411e-07
-5.684525352610205938e-06,-3.322796535756635046e-09
-5.650320351924307502e-06,2.053309170971473378e-07
-5.600762099053195009e-06,4.204738276200978568e-07
-5.534868676893053542e-06,6.441197483672769393e-07
-5.451733746069003596e-06,8.774075985021975644e-07
-5.350049390837140698e-06,1.120662740267118051e-06
-5.229196445054872880e-06,1.373363299080061144e-06
-5.088431255479348482e-06,1.633629673512143519e-06
-4.920217981362203812e-06,1.903857631148894878e-06
-4.731824422683064338e-06,2.177776153853091275e-06
-4.518171677357829770e-06,2.459237504306610034e-06
-4.285093247690519494e-06,2.740001763488105026e-06
-4.030839653992129870e-06,3.019722910035393230e-06
-3.761746641110752115e-06,3.292035950428874125e-06
-3.480008042448999760e-06,3.553470017262919369e-06
-2.990908340353095636e-06,3.512896056071341301e-06
-2.780236700087645688e-06,3.217491441738641827e-06
-2.562734769656071342e-06,2.919313447064646313e-06
-2.342166441460057391e-06,2.623324546878079922e-06
-2.121814924276538139e-06,2.332128842586897159e-06
-1.901936499633627551e-06,2.047502416633741329e-06
-1.687378744278215922e-06,1.774283988736810076e-06
-1.476777698498422754e-06,1.511751799268153937e-06
-1.276079427710789565e-06,1.266446347409254290e-06
-1.082424360037157708e-06,1.035409877776884864e-06
-9.026928269053610913e-07,8.266493093080316727e-07
-7.327102534084768932e-07,6.352162295418319137e-07
-5.801125955913544784e-07,4.703364273101769777e-07
-4.395857217727028118e-07,3.253073293204212794e-07
-3.193264427456735954e-07,2.103574373116277153e-07
-2.131693692258651567e-07,1.174672131027796866e-07
-1.294937475138998291e-07,5.655215190225785520e-08
-4.228499793052087559e-08,-6.478470597775834386e-08
-1.055057673056128031e-07,-2.271487153634252463e-07
-1.493330890466261294e-07,-4.127247291816087951e-07
-1.883503115373571250e-07,-6.540959450902163362e-07
-2.210568245433951563e-07,-9.290393878031352127e-07
-2.493300737367482219e-07,-1.245489287771134956e-06
-2.717915234334320990e-07,-1.585302910085051275e-06
-2.901946756392540161e-07,-1.952449446795166306e-06
-3.032669700084163928e-07,-2.333730337715014424e-06
-3.126325069397702427e-07,-2.729361032646231678e-06
-3.171512177601147923e-07,-3.130690019472292284e-06
-3.183156750330319443e-07,-3.534564268832957362e-06
-3.151172487793467049e-07,-3.936503350965573515e-06
-3.089166335860110673e-07,-4.330361782128700447e-06
-2.988354310690058061e-07,-4.715449697815986603e-06
-2.861150543657494375e-07,-5.083011493546524665e-06
-2.700190665939051765e-07,-5.435868718982835349e-06
-2.514095540140676517e-07,-5.762593141468584660e-06
-5.174438624923728276e-07,-6.056141945307142967e-06
-8.000228408998230234e-07,-6.026235364377232012e-06
-1.075845801663113669e-06,-5.980905755533846332e-06
-1.345764145373612418e-06,-5.920297272042061265e-06
-1.610454937538714000e-06,-5.844432146519611342e-06
-1.870571846423556152e-06,-5.753207514801605908e-06
-2.126647981943587063e-06,-5.646431526359527437e-06
-2.379051865389698260e-06,-5.523771731728166698e-06
-2.627926594621284671e-06,-5.385023845491086938e-06
-2.872880882917406936e-06,-5.229956397970042481e-06
-3.115211991988871820e-06,-5.055028169301211584e-06
-3.352678878317815161e-06,-4.862968491851068226e-06
-3.587953818941914795e-06,-4.650767949558951218e-06
-3.817063077950803854e-06,-4.421162668195335765e-06
-4.041486487752185562e-06,-4.171912974870062583e-06
-4.256872323100927718e-06,-3.906961895595273134e-06
-4.464357984118687137e-06,-3.626224402293822503e-06
-4.659432996025710483e-06,-3.332658157372907549e-06
-4.840834889392420329e-06,-3.028353225173845182e-06
-5.007308615057047584e-06,-2.716320371875765611e-06
-5.157806475916106649e-06,-2.400235287280790689e-06
-4.974609361345648052e-06,-1.999057956620828569e-06
-4.638672149849942325e-06,-1.903463028763659281e-06
-4.283741621635797601e-06,-1.797506594039197230e-06
-3.920626313317746882e-06,-1.684652590311655092e-06
-3.548750881290491885e-06,-1.565762118892846332e-06
-3.174880942190422311e-06,-1.441718328487468194e-06
-2.802045292464016926e-06,-1.314653625281086723e-06
-2.434031584322669704e-06,-1.184501343603137381e-06
-2.077183024694489970e-06,-1.054507313898337287e-06
-1.732193500669611566e-06,-9.235545060419735217e-07
-1.408847562486367923e-06,-7.960499712833817400e-07
-1.104633720442920841e-06,-6.697928488429023105e-07
-8.328882490056780224e-07,-5.503862586296457253e-07
-5.877873637982011944e-07,-4.345092123364954764e-07
-3.863231906506310063e-07,-3.290063993355091875e-07
-2.191663124188272318e-07,-2.293898084900469243e-07
-1.073600530161711661e-07,-1.435521025114858348e-07
-6.932883220606678190e-08,9.441960526762774014e-08
2.172112961253895565e-07,-4.944879213611483444e-08
2.864214816112317650e-08,-2.211301413998982610e-07
-1.284365550778187707e-07,-5.402660948967501007e-08
1.606646964144151563e-07,1.172833784529764782e-07
-1.969446919811904576e-08,2.800711821804728619e-08
1.010928792541258605e-07,3.364363487798141605e-08
-3.925123772655378465e-08,-1.822180396177566927e-08
1.357822109441587861e-07,-1.361474611429252454e-08
-3.755457816360449105e-06,-4.828902180054847410e-06
3.518585417900651412e-06,-4.893759345872364170e-06
4.194260036479584228e-06,3.129030342448713352e-06
-4.254337454319671710e-06,3.200751012050002985e-06
-4.728455177558154113e-06,2.630875495463147266e-06
4.641145456254068438e-06,2.589714286617177325e-06
2.725975734697779911e-06,3.594136078219495283e-06
-2.747947938666061841e-06,3.690062356748094277e-06
3.991209113284757576e-06,-4.410796083747204671e-06
-4.215966588412475700e-06,-4.361340569332716403e-06
2.569601130556909343e-06,4.450167651372212370e-06
-2.605223358746093602e-06,4.538426987560091422e-06
-5.064439342939313740e-06,-1.728540239474842235e-06
1.471513215588198507e-08,-5.765643845276811243e-06
4.900720890731289824e-06,-1.650435256116225941e-06
2.304217835649957501e-06,3.020265126231389529e-06
-2.139939088763089610e-07,2.808217224040051712e-07
4.227815500905538675e-06,-1.421923770657928111e-06
4.981946350741259391e-07,-1.516470370663584502e-07
-4.381236309155405109e-06,-1.497828830486926475e-06
1.664818986298068699e-08,-5.084763173501576628e-06
3.146192064616407111e-07,3.222931839592167585e-07
2.707082640759713339e-08,-6.490396683209341733e-07
-4.334774250556122832e-07,-1.627163774761714335e-07
-2.311328792706375129e-06,3.100744243777933584e-06
2.535015433686915372e-08,-1.241846868340834928e-06
1.837989482986058089e-08,-4.331256387233324348e-06
1.888269222469085725e-06,2.453750063070569202e-06
3.520784855108610840e-06,-1.183225205643464472e-06
-4.335874100915248035e-07,5.712354014248836029e-07
5.305380140995889263e-07,6.120085588660136280e-07
9.310995830094721997e-07,-3.027844474153537761e-07
-3.649673231716503857e-06,-1.252160104700920152e-06
-9.008170351494134158e-07,-3.240348462134773696e-07
-1.874314343860166019e-06,2.509604368865332501e-06
1.491634794758114019e-06,1.914152792082686179e-06
-7.202852184432212831e-07,9.542533424700878919e-07
2.360696364141132420e-08,-1.950111746950175955e-06
-1.453387239971960470e-06,1.940973281791201710e-06
-2.901916518554644482e-06,-1.000887467836733220e-06
2.012254690109859553e-08,-3.534494909644381010e-06
1.481961338307137429e-06,-4.919514561404264115e-07
8.033743734554932455e-07,9.803501146725499343e-07
2.807789080881601019e-06,-9.422385265188823766e-07
-1.492380201013559477e-06,-5.254183621546541241e-07
-1.064150863914731067e-06,1.416245561646625042e-06
2.186476562170802074e-08,-2.728214088848921674e-06
1.126557759470091131e-06,1.418276606308198538e-06
-2.171309997627377420e-06,-7.549014536447161036e-07
2.118046747859359972e-06,-7.085218371595823713e-07
-3.273380730438806743e-06,-5.223057227373555901e-06
3.040300654351424199e-06,-5.288207954684973826e-06
3.671345773151506482e-06,3.643688363265847831e-06
-3.707483679824928201e-06,3.736617614742064480e-06
-5.112057909831511316e-06,2.061398162496655835e-06
5.000427848681308224e-06,2.054226672724493475e-06
1.080118989510565757e-07,-3.757690576017294029e-08
2.184820533976438101e-08,-7.389484591773499366e-08
-2.656221491792625182e-08,-3.669936348466941668e-08
3.126911572616537625e-06,4.085314663384043063e-06
-3.151293544254047298e-06,4.184949469713194259e-06
4.851806710405219566e-06,-3.221583739645088206e-06
4.660864169653967526e-06,-3.544402539370268065e-06
-4.852987870151436994e-06,-3.541031172499410686e-06
-5.033433797090682974e-06,-3.237039042302569115e-06
1.474361603264614753e-06,4.967492703717482413e-06
1.742183289525374588e-06,4.871239825418978061e-06
-1.849731218940428287e-06,4.919719479320139199e-06
-1.611258499890995067e-06,5.003970743490241635e-06
5.034935891406146928e-06,-2.894202156130899996e-06
-5.206768826225973203e-06,-2.928213503954355557e-06
1.213869826962207148e-06,5.054226490868301086e-06
-1.379447614585572943e-06,5.079683283838158020e-06
5.594446067788007130e-06,-1.346456449173619133e-06
5.526431899470659708e-06,-1.641773914662273383e-06
-5.682093752786694958e-06,-1.720724908491372741e-06
-5.748883950380304810e-06,-1.430834950625406636e-06
1.303015100771716039e-07,7.135491746581883199e-09
1.201574011951119291e-07,6.926077312873926483e-10
1.444360443261100517e-07,2.425548615576331368e-09
-3.275504729593757176e-08,1.067658719316232589e-08
-4.968938565904145844e-08,2.259048662013352025e-09
-1.765630635406982816e-08,1.702538450718590118e-09
-3.447146446809810639e-06,3.768300798606936082e-06
-3.734704060695154343e-06,3.514720156744905602e-06
3.697589774273858814e-06,3.428903891217884547e-06
3.418281202215738180e-06,3.673875846890323463e-06
5.651226813041145427e-06,-1.085216480184591841e-06
-5.804939847127290754e-06,-1.174540427148336375e-06
5.016725310602706596e-06,2.265807983076732530e-06
5.170260467101502634e-06,2.000156422383418386e-06
-5.293192207692239150e-06,2.003767971905278057e-06
-5.129098125376775102e-06,2.286555883375404582e-06
-2.536033217927435063e-06,-5.692640253081792615e-06
-2.282221703463501082e-06,-5.812793324592611766e-06
2.344183829406650814e-06,-5.736821867486098323e-06
2.113021552472070278e-06,-5.847822967107586875e-06
-2.027886344301351567e-06,-5.924881197299901432e-06
1.884686913332407912e-06,-5.950074896037114014e-06
5.332494624456497566e-06,-2.226080610694919728e-06
5.191055851969359951e-06,-2.558688416696440729e-06
-5.490801445489977286e-06,-2.292270383537640066e-06
-5.355221117652004711e-06,-2.610187590299437259e-06
3.240821043586997383e-06,-5.286355014596436114e-06
3.001820285395049388e-06,-5.459042841812862401e-06
-3.234019217568218516e-06,-5.398939471432121292e-06
-3.478218629716449401e-06,-5.221033429873127171e-06
-5.615427328777955379e-06,1.009048594736316511e-06
-5.523592290196529987e-06,1.259778417448083761e-06
5.386146171253955584e-06,1.299917674457729394e-06
5.472695108009782984e-06,1.062674628509267421e-06
-5.695139900509700603e-06,7.700465727592929294e-07
5.548193048426209051e-06,8.354615237483999415e-07
-2.820173546731946666e-06,4.563345308280212504e-06
-2.543818635465779655e-06,4.714782829468216541e-06
2.503998520896294061e-06,4.638827162269255273e-06
2.793689480590761002e-06,4.473769082995996101e-06
-4.193122150431855321e-06,-4.582292718457970596e-06
-4.420932988223712534e-06,-4.333635459260768712e-06
4.205060516546417680e-06,-4.381694599708893212e-06
3.967080726445400693e-06,-4.640617334838635115e-06
5.447160301739721503e-06,-1.896767733808321999e-06
-5.603716116409907023e-06,-1.971678904495457766e-06
1.203003327914597759e-07,-7.993584484060261241e-09
-2.065573972538844399e-08,-1.237655101729069504e-08
4.643411869323838533e-06,2.811798170784506085e-06
4.841887121955734743e-06,2.537832765887112673e-06
-4.942227633353173413e-06,2.575762848351599868e-06
-4.730376483443134588e-06,2.866265651946895170e-06
-4.496251781482813802e-06,3.154045333393901463e-06
-4.241174795249048322e-06,3.435559575207679119e-06
4.182356780677170121e-06,3.353114144704922614e-06
4.423317258596922956e-06,3.084534232261336715e-06
9.576386990017584766e-07,5.118927862845403129e-06
-1.149963159503304098e-06,5.136087353831868531e-06
7.077734037552939855e-07,5.173613083183056555e-06
-9.232913576288051822e-07,5.184124636834430848e-06
3.727023382353552363e-06,-4.878153599988229179e-06
3.484128620650706673e-06,-5.093481503750837902e-06
-3.721724146093530233e-06,-5.026583615172709846e-06
-3.960520279056841844e-06,-4.813549296964617896e-06
-1.768598283355562739e-06,-6.017442693459542423e-06
1.654384418321983488e-06,-6.033890211151642732e-06
5.685183905534257311e-06,-8.445729863476167932e-07
-5.838586133378161969e-06,-9.376818208023629185e-07
-3.786519171387527167e-06,-4.627235259503066879e-06
-3.551775517339752587e-06,-4.845449392289940052e-06
3.313796793893664282e-06,-4.911481129815631692e-06
3.549653222154969773e-06,-4.687779139265945541e-06
-1.506508327203746497e-06,-6.100663042615384967e-06
1.422857922806149846e-06,-6.109068633361295677e-06
5.708693399983867264e-06,-6.206520029260276620e-07
-5.861994349932964112e-06,-7.162450564542034023e-07
3.076584445235105127e-06,4.295128287545766602e-06
3.373744813073965269e-06,4.080324031251188636e-06
-3.400846394580056697e-06,4.180432771780565642e-06
-3.099754577594371734e-06,4.392731369571922645e-06
4.208287545249854431e-06,2.908266985258001739e-06
3.960719555964155515e-06,3.172288378385697808e-06
-4.008868947331557464e-06,3.246492517110105416e-06
-4.269298383434762210e-06,2.968392965966333755e-06
-4.509618916627989800e-06,2.685528498802291600e-06
-4.728922428775269129e-06,2.400347458477425582e-06
4.641336362050054049e-06,2.372656460587545875e-06
4.435248905944740910e-06,2.641066667699277689e-06
-5.754523429730926640e-06,5.406196494304145812e-07
5.604767066774857129e-06,6.160467666534902951e-07
3.782623732545265718e-06,-4.442417779588201101e-06
4.012642948950585124e-06,-4.174696844018534788e-06
-4.236836365183961496e-06,-4.135963216426118828e-06
-4.014647665559294234e-06,-4.391007654332745031e-06
2.634783520956707299e-06,4.255278349728881874e-06
2.353420086339244326e-06,4.430592215614934708e-06
-2.402720316469362019e-06,4.519922272259873123e-06
-2.665448724139340373e-06,4.352591555324514009e-06
-5.802640464502043595e-06,3.211186569145820261e-07
5.650952199797188139e-06,4.046168605392375568e-07
1.268788626297785881e-07,7.039255888471896358e-09
-3.268721455239666140e-08,1.215631651661354022e-08
5.217844128928448300e-06,-1.752528510058358484e-06
-5.379916761809948222e-06,-1.830250959569545753e-06
-3.313101630770674910e-06,-5.044943458375038727e-06
-3.071092761013356032e-06,-5.225818311034010113e-06
2.844982954338505783e-06,-5.292118586322445951e-06
3.078585426897178057e-06,-5.112763056240926894e-06
-6.893906300213657874e-07,-6.262608914353114395e-06
-4.043146336485136466e-07,-6.288634975962205445e-06
4.250469291742936931e-07,-6.285079253125483053e-06
6.910742415729654701e-07,-6.258966098350360960e-06
1.360190601877194165e-07,-6.303540600030669980e-06
-1.067431322167610457e-07,-6.304566516238298149e-06
4.631813071496546534e-07,5.210554700122156687e-06
-6.971789421766870761e-07,5.216644815843333737e-06
-4.925614530328686781e-06,2.119422476338408923e-06
-5.098070397147235952e-06,1.842657054419813052e-06
4.986981677524461824e-06,1.848688036705371122e-06
4.825657413864112321e-06,2.108659744417823467e-06
3.646988131061320333e-06,3.860174252377002607e-06
3.922185000859301497e-06,3.611919846186428018e-06
-3.967867915635357218e-06,3.704151045981634759e-06
-3.681589309608695778e-06,3.958459193850803913e-06
2.236668562764287729e-07,5.236930107971669446e-06
-4.704792483189967770e-07,5.239922830997330078e-06
-1.239486667965810653e-06,-6.167054762436752858e-06
1.186659941157429184e-06,-6.169468271570464583e-06
5.717343785138072506e-06,-4.087837315114945762e-07
-5.870700508909707572e-06,-5.054162705979832421e-07
-9.672769552184317798e-07,-6.222187758005244159e-06
9.436286020669188298e-07,-6.220432774322287850e-06
5.716774915233686867e-06,-2.040174529854237758e-07
-5.870177385468175177e-06,-3.000898161331045606e-07
4.663350814590103098e-09,3.965773769882168544e-08
3.461732492939323198e-08,4.803356110849524670e-08
-5.835803735809259289e-06,1.096037329335562649e-07
-5.858467202713865111e-06,-9.659008762188381234e-08
5.683052041429389637e-06,1.992070184639867590e-07
5.705201625454585105e-06,-2.818423654745748378e-09
-1.100572926334453256e-08,5.249283037920037086e-06
-2.423223205184460637e-07,5.250183377026771629e-06
-2.321662627188352915e-08,8.129049659128578275e-08
-4.041310387443340005e-08,5.645930260285433232e-08
-8.621033104832110081e-09,4.777898106492587392e-08
-6.796391380913813683e-08,4.704625565957275226e-08
-3.964581948228145725e-08,2.242603485547350751e-08
1.611749102681012572e-07,5.750328110117445493e-08
1.266239350687073276e-07,7.003192535425001748e-08
1.303706057847792480e-07,2.324297339381034962e-08
1.020673255952394577e-07,1.013934035755557836e-07
7.650646521404352141e-08,5.977066083754405783e-08
-2.734954661434617935e-06,3.923214218377920363e-06
-2.515608269268682165e-06,3.633101431373563762e-06
2.499753884606510088e-06,3.538139263535851965e-06
2.711915307305777170e-06,3.823634363099580097e-06
-2.763335682223161339e-06,3.455562908270519581e-06
-2.973067931460590039e-06,3.746706609216680979e-06
1.484596649296074292e-08,-6.070872649021311315e-06
2.937267417918481967e-06,-1.151831141486477830e-06
2.584813077476141056e-06,-1.029858676830375938e-06
-7.285031313957216374e-07,7.883382034391293256e-07
-8.953689547128583431e-07,9.948551464676523137e-07
6.478469766799974245e-07,9.400832665792056557e-07
7.902077606191037469e-07,1.147854418297857320e-06
-3.885367266715584179e-06,-1.159115311019734812e-06
-3.513243425429581615e-06,-1.032236685114199552e-06
-4.389192739972905822e-07,4.408913170618213206e-07
-5.760012221985244673e-07,6.032397040901005147e-07
-7.367193745869477231e-07,-3.846492879792013753e-07
-1.000411019670076158e-06,-4.894922640924372662e-07
3.651481550397326098e-06,-1.393452943876900344e-06
3.293811228920079573e-06,-1.273340198491595128e-06
8.407035412918645625e-07,-1.628048478629383551e-07
1.093590242795368138e-06,-2.363605982313563878e-07
1.562089083444231871e-07,-1.080058007723249532e-06
1.675811715041930351e-07,-1.409444889037846385e-06
2.530703925736869027e-06,3.076387104262156390e-06
2.319350578704110383e-06,2.789971785204324680e-06
4.354611740173003528e-06,-1.624525144215184925e-06
4.005973517438352914e-06,-1.510793145303639518e-06
-1.308730841231267444e-07,-5.263462771515071666e-06
-1.376611242644131441e-07,-4.902539164549351949e-06
4.325252257930531910e-07,-5.310735265821486410e-08
6.192037745351542162e-07,-1.013363940957941736e-07
9.451914583259943975e-07,1.371841152330560250e-06
1.112003785772736482e-06,1.610827986787528862e-06
-1.074900635866130732e-06,1.220618274223366208e-06
-1.265850223126437228e-06,1.464032316759215322e-06
2.213543119833120529e-07,2.971926845479331446e-07
3.053266322834395185e-07,4.277326120079152364e-07
1.996177542186460859e-06,-5.147823400234101107e-07
2.332171235766378296e-06,-6.225577450065032112e-07
-1.466726992880546229e-07,-2.928890407846172849e-06
-1.427713063464433576e-07,-2.529359886909590402e-06
-1.948246136904908913e-06,-8.416599359173750728e-07
-2.301882544562866661e-06,-9.669734673320621270e-07
-1.125613558648985019e-07,-5.921624133267990596e-06
-1.227511177290294119e-07,-5.604071675531852102e-06
2.948140627489965234e-06,3.649920660361929099e-06
2.741355662086086941e-06,3.364020267935319018e-06
5.016634954550924543e-06,-1.835122066440433853e-06
4.693365414804848945e-06,-1.733735191260599941e-06
-5.269040869152473336e-06,-1.650933452685609381e-06
-4.944417459474629361e-06,-1.532155243523683710e-06
-4.605135912477458922e-06,-1.410320916618581947e-06
-4.250459146845953017e-06,-1.285517050073376802e-06
-3.166331388142275711e-07,-2.029618850954635986e-07
-5.075210855286219857e-07,-2.887354700815509643e-07
-2.295983640361737350e-06,3.339601909562127284e-06
-2.076046837881212499e-06,3.042440157689741217e-06
-2.161757503905468107e-07,1.908988907075185135e-07
-3.186735931232897132e-07,3.030649854855173195e-07
1.256488941647439129e-07,-5.234142998806703497e-07
1.422582051841398324e-07,-7.830715183914508612e-07
-1.429191298885737216e-07,-4.525435583170226433e-06
-1.465584262461723563e-07,-4.135120517343017224e-06
4.047242120120591217e-07,5.789403556992426770e-07
5.191506999551757954e-07,7.501270055468809420e-07
-1.466238871728817760e-06,1.722539039464814914e-06
-1.674628635147719190e-06,1.994281924842191074e-06
-2.666409267655592331e-06,-1.093724364190016467e-06
-3.038336118394922475e-06,-1.220807389610000137e-06
2.109417762798356855e-06,2.507810792995925797e-06
1.902339317442196710e-06,2.231755242459267213e-06
1.700170133807946840e-06,1.964455837164931916e-06
1.504202016093364038e-06,1.707568872732195312e-06
-1.699403982558749124e-06,-4.416058848513753609e-07
-1.375629978325857932e-06,-3.420954560354895755e-07
1.592592828230757223e-06,-6.739915710061813784e-07
1.296010438259927647e-06,-5.626526052498463957e-07
1.896560556520212420e-07,-3.332167460403651602e-06
1.878356506957790576e-07,-3.736019850154363818e-06
1.289322057234168562e-06,1.862828817434830725e-06
1.476161937809292167e-06,2.126366621166549150e-06
1.372907633807025960e-06,-3.203567984128948621e-07
1.675364747157957036e-06,-4.136951906482186715e-07
-3.138940181196135657e-06,-9.065115142346294716e-07
-2.765808422931851976e-06,-7.830568531749063129e-07
-1.292995813701149630e-06,-6.014863281175504273e-07
-1.610748062911597774e-06,-7.194497679360345657e-07
-1.858388544595064805e-06,2.745772350214208601e-06
-1.644785049408834203e-06,2.452171836769268451e-06
-1.367154771579202670e-07,-2.139809379779830695e-06
-1.284163701428975506e-07,-1.764440003922930435e-06
1.765014062580830150e-07,-1.764124680165680207e-06
1.830583448695300109e-07,-2.139494136930439776e-06
1.841900127812228026e-07,-4.134804667623943827e-06
1.788078693438887029e-07,-4.525120970571452190e-06
-1.437617704764649319e-06,2.165061085353634989e-06
-1.238394778549674389e-06,1.886639370328838257e-06
-1.484616663070112762e-07,-3.736335147698884168e-06
-1.485398693437869894e-07,-3.332482730610072195e-06
-4.855592338044549369e-06,-1.812859556759962909e-06
-5.180807407597058164e-06,-1.912151981741792352e-06
-1.888760667927468854e-06,2.276316426279665923e-06
-2.107005001530538812e-06,2.566520371917366121e-06
6.676016696818951806e-07,6.432255318990072179e-07
5.366763661274011785e-07,4.840429076775073981e-07
1.533159500068625271e-07,-5.603572045618890701e-06
1.415585316601057426e-07,-5.922286132611631604e-06
-2.326798941926489482e-06,2.861552677387652696e-06
-2.546404782692588421e-06,3.159142578376137724e-06
1.670919636491971174e-06,2.399068056809546436e-06
1.872422809910769112e-06,2.679196647787090883e-06
4.781222454055844448e-06,-1.455027587519034746e-06
5.105964959857549237e-06,-1.572025009798033920e-06
-2.048872734010532504e-07,3.842026260412147265e-07
-1.241141618536032732e-07,2.561078532591384298e-07
-8.895550642063174474e-08,-7.833623204528126895e-07
-7.060810775232028774e-08,-5.238047581650881705e-07
-5.644716013952928682e-07,-1.081136346226975751e-07
-3.624564254896284867e-07,-5.661111729842649981e-08
-4.153025353115563931e-06,-1.589618610585852406e-06
-4.511179051277476590e-06,-1.704265844570126560e-06
2.078788125994996814e-06,2.964006815476795869e-06
2.288607603830052627e-06,3.251434795296447154e-06
-1.049218987969852935e-06,1.619967057230621645e-06
-8.714119656277487434e-07,1.366985388929852374e-06
1.873719549423557426e-07,-2.529044596450754766e-06
1.895311129335400922e-07,-2.928575116355219520e-06
1.316195373437039187e-06,1.463352532468903686e-06
1.137250908101249985e-06,1.233199199921533159e-06
4.100462262186800059e-06,-1.215221539330471515e-06
4.446582109163795126e-06,-1.336071460704229573e-06
-2.398901005351828012e-06,-6.635527818249484813e-07
-2.041691175581337069e-06,-5.491568591866919544e-07
4.200442162091197178e-07,3.453805228523115778e-07
3.182311385543488752e-07,2.278645107088363772e-07
1.718124208368672202e-07,-4.902236588111142157e-06
1.632891067662696408e-07,-5.263118066153039955e-06
5.666981111764194289e-07,-2.688312465843338571e-07
3.904232408507483764e-07,-1.885196314638298502e-07
2.240906509750362145e-06,-9.088318289360665189e-07
1.908622081403720657e-06,-7.897207315896732738e-07
-1.177535035274727020e-07,-1.409761411750843173e-06
-1.046378892525414121e-07,-1.080371334575954717e-06
3.389966966984962912e-06,-9.722439994883875807e-07
3.747261164713331172e-06,-1.093614999846323861e-06
-1.075768226402239933e-06,-2.524188004426923146e-07
-8.035257637236619421e-07,-1.738095347253146002e-07
1.023681540070928626e-06,-4.572266825528995452e-07
7.789164199918677687e-07,-3.587603811318309077e-07
-3.412589676501463387e-06,-1.346613574482656162e-06
-3.785791934514929535e-06,-1.470075068980174557e-06
-4.220672249388990259e-07,7.135448213944765715e-07
-3.044390126952136812e-07,5.370472046316962380e-07
-7.067952366860096872e-07,1.130367054311235411e-06
-5.565003374350692008e-07,9.117916776498130607e-07
9.688486308966175712e-07,1.018980534088852500e-06
8.118991992444651074e-07,8.218276025300568909e-07
2.678735781199009927e-06,-7.354844318728424102e-07
3.032813700006053889e-06,-8.525399318414817024e-07
-9.042525056627543073e-08,-2.677908673628155180e-09
-7.499511860727507892e-08,-3.364097704129054592e-08
-7.145463210700110826e-08,-6.925622357043776270e-08
-3.872700966112655256e-08,-4.399096268087387661e-08
1.656080524067171763e-07,-6.309326128420380183e-08
1.682794556178070948e-07,-2.944063224317644630e-08
1.351970928075901491e-07,-3.800885232229152223e-08
1.818230554259705272e-07,-2.019245438437424375e-09
-2.586853979239918337e-08,-1.430523592901842048e-07
2.687325128993382822e-08,-1.364975168594392274e-07
-1.669432162391613780e-08,-7.689056276880720079e-08
8.413751875214812522e-08,-1.462453961365295391e-07
7.377192868353092917e-08,-8.220925712217100075e-08
6.116205654166288566e-08,2.249405886950160931e-08
-2.808875932822226707e-09,1.567477323184933572e-08
-1.427778052704212907e-08,-4.674437295145633136e-08
-3.834510474108213245e-08,-5.691617502955465815e-08
1.114726025841060131e-07,-6.158102407190667337e-08
7.175246151137750479e-08,-5.292983344457042501e-08
1.021236384128853289e-07,8.425372667912730012e-09
-1.315457060699270178e-08,1.029019587666161293e-08
1.448672686651899939e-08,-3.922204146932326955e-08
-6.182297865169753121e-09,-1.386930969995817719e-08
6.654694069559257611e-08,-2.089915105389696374e-08
1.225035487572517408e-07,-2.525839897238557289e-08
1.243695287402834261e-07,-5.046422642054292511e-08
-3.474644638766321222e-08,-5.266179739459662159e-08
-2.694242151100833235e-08,-3.138447371094197702e-08
-1.300271621845857199e-07,1.713409771757027919e-07
-1.324721132688549638e-07,1.058929621144574464e-07
-6.295533699367777435e-08,1.543035536830408005e-07
2.279763658108729022e-07,2.069921657757691748e-07
1.534770568839329679e-07,1.883473301542789169e-07
2.317682933585836081e-07,1.319332477669161674e-07
3.325022664213382297e-07,-9.250161998291301747e-08
2.857069291363229243e-07,-1.979774094918517976e-08
2.553260497340375992e-07,-1.195209101615042946e-07
-2.539168016298736869e-07,-9.953782629299533223e-08
-1.697440837300556304e-07,-1.292073064629149656e-07
-2.032438840295670278e-07,-2.125626820066769491e-08
2.799098848283523164e-08,-4.067507760689373334e-07
1.063575262374410629e-07,-3.088615193126789091e-07
-4.942221768347588508e-08,-3.092574666040449472e-07
-3.995222521744170269e-06,3.481952132542565550e-06
3.948041924935331234e-06,3.397523607772118237e-06
5.154106115196941694e-06,1.796954578334544865e-06
-5.276243805517038190e-06,1.787536221277545202e-06
-1.307959047785519427e-08,-1.588091023235552987e-08
1.053203827952063782e-07,-1.208829106049831966e-08
2.808277690278509974e-06,-5.460646595607934612e-06
-3.032742291029145540e-06,-5.400339134818059832e-06
-2.344635104756380766e-06,4.692659185583372392e-06
2.290196854722980661e-06,4.616709372169682614e-06
-4.442996250971680003e-06,-4.107364542405596823e-06
4.228323080087245772e-06,-4.144293112600858776e-06
4.839896522276113164e-06,2.322923723635137071e-06
-4.940456199948656995e-06,2.347392258341926703e-06
-3.421714258038051307e-06,3.988717618497461378e-06
-3.172155177609800008e-06,3.994712982573003315e-06
3.393886197814673358e-06,3.890116993520325934e-06
3.147196169256549859e-06,3.895713573200635667e-06
3.281388959114476410e-06,-5.108944210091993263e-06
-3.519278685192891418e-06,-5.041721028440724783e-06
-3.992942860746593863e-06,-4.610695657048986015e-06
3.760287949753249918e-06,-4.670328165573484914e-06
4.435964180261642172e-06,2.865249551587113658e-06
-4.510031873252866351e-06,2.922893877261687148e-06
-2.956287831338523048e-06,3.977846536190730315e-06
2.931733391598684502e-06,3.878023496984172316e-06
-2.530779518427969756e-06,3.397642664015460526e-06
-1.821542483878936547e-06,-6.368490632655576180e-07
1.789713529160007534e-06,-5.969297353537978573e-07
9.580426234754242477e-07,1.189747391686232935e-06
-8.845286228832082662e-07,1.174629229529602678e-06
2.099364690146185730e-08,-3.130092844045933947e-06
-2.531532946096832916e-06,-8.762804666020154906e-07
3.163041789617995143e-06,-1.062362483491456932e-06
1.303570406816651049e-06,1.658572277506283672e-06
-1.252974706840526729e-06,1.670597449592853925e-06
-5.676325172512439280e-07,7.499010917130863849e-07
6.589154461813959944e-07,7.850753317383979974e-07
2.273588586412348038e-08,-2.331998986816595875e-06
-6.458787692537526400e-07,-2.365070396634095689e-07
1.925147223797095155e-08,-3.936927023608892000e-06
-4.020290718455889087e-06,-1.376631341086021020e-06
3.877307165952884717e-06,-1.303621142233087515e-06
6.946179981090863550e-07,-2.207486410115241032e-07
-1.660230847026493695e-06,2.220271504775030189e-06
2.622160228715622313e-08,-9.247071704295460555e-07
-3.131404324067237698e-07,4.113566061098666540e-07
1.686103415400974853e-06,2.178618674745967058e-06
-2.091677687775521212e-06,2.803521048962857546e-06
4.571381353306645820e-06,-1.538008886233737446e-06
1.576638947249555024e-08,-5.437904090403867290e-06
2.515174192199627509e-06,3.307691104882100987e-06
-4.732336499297529576e-06,-1.615851759131395438e-06
2.094365013253666298e-06,2.734360515488881209e-06
1.750829865776815281e-08,-4.716784301201839487e-06
4.137016152729529665e-07,4.548943763379437104e-07
2.447800418874122870e-08,-1.582323893317876255e-06
1.191457748405537551e-06,-3.925069174331678835e-07
-3.275764196654207352e-06,-1.126549190362093945e-06
-1.180900464324530280e-06,-4.196623777807424883e-07
2.457236379589289602e-06,-8.235708434972571995e-07
2.863551748337397235e-06,4.276968225962095725e-06
-2.887697514187147256e-06,4.374512146704025850e-06
2.912103337046924532e-06,4.068318781149717224e-06
-2.936236317348306586e-06,4.168794938543145334e-06
2.573321101963865248e-06,-5.603124642699197752e-06
4.445227709670752529e-06,-3.848620773788706847e-06
5.275533651292803118e-06,1.543096488137476266e-06
2.011737014683506415e-06,4.748344456515734047e-06
-2.091370120602710560e-06,4.810862160945115049e-06
-5.405836164175164170e-06,1.517678549185740243e-06
-4.648953948478568642e-06,-3.827714236716490958e-06
-2.783551141491384165e-06,-5.549978612638519838e-06
