Size 899,2
0.000000000000000000e+00,0.000000000000000000e+00
0.000000000000000000e+00,0.000000000000000000e+00
1.512586646198169350e-09,-2.795454586483325438e-06
-1.284564793035107906e-07,2.308686743643227820e-06
1.009580646844966457e-07,-7.512365906758749722e-08
1.558974286979574783e-07,-4.446546640531692299e-08
2.126407743786164272e-07,-2.451151540238241890e-06
1.958934803874256306e-06,-8.783086704469692551e-07
1.803964228733778342e-07,2.222671656100892618e-08
1.746868458614453201e-07,1.445346826609077883e-08
2.107659805426088008e-06,-4.699486444998948116e-07
1.376939514088879039e-06,1.380875279292067748e-06
8.742016206616448642e-08,7.556961561283042920e-08
8.209386388823119030e-09,3.742074464408639998e-08
1.031373491997960310e-06,1.634216151547226263e-06
-1.066223746274190928e-06,1.760883752229357551e-06
-3.942212051757524636e-08,-8.247190793728039263e-09
-3.031558120986877139e-08,3.050429273339014338e-08
-1.426329666868610947e-06,1.484115555041557448e-06
-2.313283010557530148e-06,-5.555732384000114526e-07
-4.256731004942025260e-09,-4.718107147724164619e-08
-4.273062216717064669e-08,-5.616939501650046825e-08
-2.159566742422859065e-06,-9.911137947376278265e-07
-2.165037580502767125e-07,-2.445955742980691073e-06
6.561033141459951907e-08,0.000000000000000000e+00
1.031449299484251158e-07,0.000000000000000000e+00
1.253014823108806987e-07,0.000000000000000000e+00
1.390991240932904554e-07,0.000000000000000000e+00
1.479653316596245235e-07,0.000000000000000000e+00
1.566108472934915423e-07,0.000000000000000000e+00
1.613732503601853873e-07,0.000000000000000000e+00
1.603279109107788163e-07,0.000000000000000000e+00
1.549905807120918370e-07,0.000000000000000000e+00
1.428162027714437979e-07,0.000000000000000000e+00
1.157816552135286713e-07,0.000000000000000000e+00
7.891454315187393270e-08,0.000000000000000000e+00
4.154843069982216198e-08,0.000000000000000000e+00
0.000000000000000000e+00,0.000000000000000000e+00
0.000000000000000000e+00,0.000000000000000000e+00
0.000000000000000000e+00,0.000000000000000000e+00
0.000000000000000000e+00,0.000000000000000000e+00
0.000000000000000000e+00,0.000000000000000000e+00
0.000000000000000000e+00,0.000000000000000000e+00
0.000000000000000000e+00,0.000000000000000000e+00
0.000000000000000000e+00,0.000000000000000000e+00
0.000000000000000000e+00,0.000000000000000000e+00
0.000000000000000000e+00,0.000000000000000000e+00
0.000000000000000000e+00,0.000000000000000000e+00
0.000000000000000000e+00,0.000000000000000000e+00
0.000000000000000000e+00,0.000000000000000000e+00
1.674161773263041982e-07,-2.779125662131791463e-06
3.160328818186045894e-07,-2.749325108383862313e-06
4.416122206746860961e-07,-2.716272155239064506e-06
5.517943084969555568e-07,-2.682211809954268885e-06
6.500313671824397666e-07,-2.647896109585826046e-06
7.392418477938575131e-07,-2.613539627468730152e-06
8.219899523909490115e-07,-2.578943017604132349e-06
9.005307587416136366e-07,-2.543643977068017439e-06
9.768512505191637487e-07,-2.506901772592843181e-06
1.052587332895204863e-06,-2.467745547316957027e-06
1.129778617132481467e-06,-2.425790702676265253e-06
1.209729434705960542e-06,-2.379216469368941660e-06
1.293602807918017598e-06,-2.326106034886024125e-06
1.381338354621526113e-06,-2.265178145261299241e-06
1.473131019841669641e-06,-2.194941650748149940e-06
1.568331930223210415e-06,-2.114252088532821496e-06
1.666217464560256244e-06,-2.022054931079293902e-06
1.765456056704606602e-06,-1.917776880166190057e-06
1.864622227566825510e-06,-1.801053856659829252e-06
1.961898121313421750e-06,-1.672166805160756082e-06
2.055403072526607552e-06,-1.531708333829601364e-06
2.143199944265166506e-06,-1.381035349740124049e-06
2.223460718944651367e-06,-1.221416804340742338e-06
2.293944963462167768e-06,-1.054861730884295554e-06
2.352417806768009140e-06,-8.838800082397080213e-07
2.394773396216637974e-06,-7.134711286268844367e-07
2.421757696312702655e-06,-5.528391766821720077e-07
2.434616291660283217e-06,-4.088938148506124775e-07
2.438849911687887896e-06,-2.835479230153624820e-07
2.437873522643023231e-06,-1.730590121323320684e-07
2.433366190549019050e-06,-7.445197822868136963e-08
2.426382186182099101e-06,1.487653110211083346e-08
2.417565769471606948e-06,9.726359831527818403e-08
2.407237410388704243e-06,1.749220269957819098e-07
2.395403160922417606e-06,2.498599316588834277e-07
2.381803458841205205e-06,3.238715585631299907e-07
2.365953651537044712e-06,3.985206192267720214e-07
2.347178092945566906e-06,4.750827456874690341e-07
2.324678745079779316e-06,5.545927955997560440e-07
2.297546028617766242e-06,6.377617333032452607e-07
2.264850956332130177e-06,7.250667024531886411e-07
2.225630729689312768e-06,8.166626178259330114e-07
2.178998618945672561e-06,9.124962180057388506e-07
2.124096531669054316e-06,1.012244678938104334e-06
2.060176583323587399e-06,1.115457755856133383e-06
1.986461900983576589e-06,1.221453666659453828e-06
1.904082943283592106e-06,1.331787712983096721e-06
1.809634370582810716e-06,1.444832875984112578e-06
1.701892445698225964e-06,1.559595369533612227e-06
1.581053727302741599e-06,1.673257564992230005e-06
1.447292379906457270e-06,1.782351289830803464e-06
1.304784390004113937e-06,1.881009140276163642e-06
1.160041059414529752e-06,1.967812995996527752e-06
1.017044842963735448e-06,2.042129942505778074e-06
8.778437679488240042e-07,2.105182162075070058e-06
7.430658095572304579e-07,2.157952025138391059e-06
6.133989665275923464e-07,2.201199097029787817e-06
4.893966883203967549e-07,2.235686841847083828e-06
3.715034278521464341e-07,2.262277734526034398e-06
2.598824483750765730e-07,2.281874296259090918e-06
1.545207186412087789e-07,2.295419260794913804e-06
5.509124675869807730e-08,2.303831264447959922e-06
-3.894173279369018002e-08,2.307990619645536652e-06
-2.144669559086531445e-07,2.306273785427303912e-06
-2.980583196440727890e-07,2.300938978468911094e-06
-3.804393527053584970e-07,2.292969240940363399e-06
-4.630493343990411654e-07,2.282410915752153238e-06
-5.474999076441340721e-07,2.269031532425194269e-06
-6.354939127880072821e-07,2.252299771160655609e-06
-7.288518268944218712e-07,2.231368348144973386e-06
-8.293684154312139274e-07,2.205046275110156108e-06
-9.389657993471731334e-07,2.171791071798265040e-06
-1.059665635674858420e-06,2.129467443991997830e-06
-1.193936072840864749e-06,2.074607660805346064e-06
-1.340804597712580643e-06,2.002258030316356520e-06
-1.495642989335241354e-06,1.912063709782377484e-06
-1.646672555259281356e-06,1.803319982120127501e-06
-1.787551079176602914e-06,1.683740143237932088e-06
-1.916131331355698361e-06,1.558080156412797877e-06
-2.031214755314293248e-06,1.430102853138677029e-06
-2.132719652825304921e-06,1.302174892904434654e-06
-2.223663236473689233e-06,1.177225927136440341e-06
-2.302535934773183206e-06,1.054556384553126067e-06
-2.369920227799086817e-06,9.356152713418268238e-07
-2.426538448345146554e-06,8.215100450906320026e-07
-2.473370038848987744e-06,7.130909206195661572e-07
-2.511519602068428157e-06,6.108040923197151908e-07
-2.542253788912434340e-06,5.147536783483948435e-07
-2.566843396825749562e-06,4.245741890283681902e-07
-2.586566108184254888e-06,3.395444299328152634e-07
-2.602575456954681289e-06,2.584832593913588536e-07
-2.615876103396536827e-06,1.798724651407674826e-07
-2.627230655339138805e-06,1.018018952205865736e-07
-2.637110407489220689e-06,2.207033444289239103e-08
-2.645647535516120344e-06,-6.179315465585854309e-08
-2.652572927678561871e-06,-1.524823647340575444e-07
-2.657219911203816100e-06,-2.528203930739971221e-07
-2.658424931973896617e-06,-3.659056202818898308e-07
-2.654275213309231739e-06,-4.953166176619607758e-07
-2.640623218606113395e-06,-6.457075052280886400e-07
-2.610459885768445545e-06,-8.145976577713933016e-07
-2.561397116369832234e-06,-9.912964651388671646e-07
-2.494880180049574431e-06,-1.161591127913919247e-06
-2.419188799845346700e-06,-1.317731013087593427e-06
-2.338957920202900601e-06,-1.460680211386974995e-06
-2.256425160008709519e-06,-1.591069782279496278e-06
-2.172191282283986922e-06,-1.710291816910791996e-06
-2.087097977551398611e-06,-1.818612003386060535e-06
-2.001833444871608151e-06,-1.916854507041555919e-06
-1.916917371639475816e-06,-2.005891030757479543e-06
-1.832458754192820610e-06,-2.086866341890786500e-06
-1.748418846849402553e-06,-2.160867387797334027e-06
-1.664351574175676105e-06,-2.229055096644380872e-06
-1.579694651827420392e-06,-2.292467646647104185e-06
-1.493568126485570932e-06,-2.352076947853132662e-06
-1.404918499146445820e-06,-2.408752820561840003e-06
-1.312434274203376792e-06,-2.463167508276017822e-06
-1.214906967015298236e-06,-2.514286733402120267e-06
-1.111969203558042343e-06,-2.562832102450274703e-06
-1.002707408588375480e-06,-2.608643120461631295e-06
-8.862515198764711433e-07,-2.651433013035076842e-06
-7.617999537786670061e-07,-2.690690514191513752e-06
-6.286933396685700825e-07,-2.725776040749664526e-06
-4.863334873771084229e-07,-2.755830226876321335e-06
-3.340093451662841786e-07,-2.779742739964845454e-06
-1.691652603747337914e-07,-2.795242266079389588e-06
1.131588384312842511e-07,-5.982908449139311432e-08
1.294691374066925730e-07,-4.755478201602280080e-08
1.411793482543568090e-07,-3.580805058514593890e-08
1.469589386579330000e-07,-2.838023512688717215e-08
1.503868423965696469e-07,-2.921875775648893725e-08
1.933658614705192694e-07,-1.122953791129471839e-07
2.667763992056863581e-07,-1.818163446186399582e-07
3.699899143045901879e-07,-2.548618905293545315e-07
4.991037017703705306e-07,-3.306322236508257131e-07
6.499127250754762598e-07,-4.078097219816926477e-07
8.182066001129694928e-07,-4.850724674930578694e-07
9.998084788112023835e-07,-5.611159316884510099e-07
1.190596243960582277e-06,-6.346472632404813950e-07
1.386497874547261739e-06,-7.043373674404353185e-07
1.583269843619681391e-06,-7.687119087409260220e-07
1.775775033036427676e-06,-8.264248045595447974e-07
1.895501326802469107e-06,-1.031931352014173016e-06
1.826284230846355914e-06,-1.183901597227817323e-06
1.753367219625542944e-06,-1.330498205827652578e-06
1.677683977666353036e-06,-1.469495054953084359e-06
1.600138264005150420e-06,-1.599715001340602541e-06
1.522046462042657404e-06,-1.719855016399793750e-06
1.444100093222928789e-06,-1.829644331868532978e-06
1.367401146276573360e-06,-1.928516293880509767e-06
1.292235480870946856e-06,-2.016926594331542488e-06
1.219244486637221111e-06,-2.094907750543442363e-06
1.148159858708192117e-06,-2.163315088039813295e-06
1.078962658274689848e-06,-2.222724848547978910e-06
1.010969120572623009e-06,-2.273749953565393410e-06
9.428536651195937027e-07,-2.317211944651285479e-06
8.733145009731029436e-07,-2.353909753832256607e-06
8.009732906311896044e-07,-2.385045038488636511e-06
7.243494516809384864e-07,-2.410890424852914387e-06
6.416405586883510451e-07,-2.431478164383753699e-06
5.508505247081718292e-07,-2.446675648423460548e-06
4.498759545636942752e-07,-2.455949617568466633e-06
3.369846900564162159e-07,-2.458370180345775235e-06
2.443023867847464424e-07,-2.249964644639484169e-06
2.650655177799190535e-07,-2.032894055798903880e-06
2.793357965957392443e-07,-1.803645436478761069e-06
2.873103821847207392e-07,-1.566738190732915809e-06
2.887807900572169460e-07,-1.327454815309136627e-06
2.835594533944276751e-07,-1.091337600358060580e-06
2.714801774962840682e-07,-8.640739732870493478e-07
2.523715083415904348e-07,-6.514678463097759014e-07
2.259976721241933317e-07,-4.594650443034825804e-07
1.920174316271389522e-07,-2.944631903971100449e-07
1.502958336369673877e-07,-1.636313079742406132e-07
1.644667589414729207e-07,1.110577612926946677e-08
1.622828074273943884e-07,4.538627882577414694e-09
1.627767364367298676e-07,2.190297257986993083e-09
1.647295725195876413e-07,2.599518065699025208e-09
1.681239615423600083e-07,6.341345531552825599e-09
2.401938284377791831e-07,4.286319172001917501e-08
3.156334202675752129e-07,9.640790237515519431e-08
4.011428523168585878e-07,1.699631036492403525e-07
4.958030704542071229e-07,2.614374723039014242e-07
5.981070198792308794e-07,3.688729899606100965e-07
7.063671796136509939e-07,4.901888295368775512e-07
8.188135003753248007e-07,6.231853196616238116e-07
9.336135024305694041e-07,7.655681584858117573e-07
1.048868495786682261e-06,9.149584420676472754e-07
1.162591381083428368e-06,1.068881273422575194e-06
1.272696863202112712e-06,1.224722827606663005e-06
1.496977468577993077e-06,1.289312960692062433e-06
1.607134181917025230e-06,1.196284796952403207e-06
1.706815145095662946e-06,1.104631138659327122e-06
1.796406092045984507e-06,1.015110101836215421e-06
1.873894291371098589e-06,9.268712065118379966e-07
1.942840570788697207e-06,8.405280047924633613e-07
2.003445488863460729e-06,7.568092515734354767e-07
2.056127808678750971e-06,6.760502807844125743e-07
2.101309134694995188e-06,5.983567180259162156e-07
2.139511599796983731e-06,5.236156825078149722e-07
2.171198540898658187e-06,4.514969427904574571e-07
2.196829541161974922e-06,3.814363764818933913e-07
2.216755611826704282e-06,3.126467442185404079e-07
2.231216522211668796e-06,2.441095514787633962e-07
2.240291674448160940e-06,1.746022417818478242e-07
2.243844252115141873e-06,1.026985641069725903e-07
2.241525551230567970e-06,2.681252239743041296e-08
2.232683245662807858e-06,-5.479343730600455879e-08
2.216413254032537584e-06,-1.439313886915267490e-07
2.191454300136777961e-06,-2.423902725977755255e-07
2.156177304516354715e-06,-3.514044119681206447e-07
1.924409579527642095e-06,-3.866935471125780169e-07
1.733904372210686541e-06,-3.123962181711740398e-07
1.538848833876992285e-06,-2.418906216545285438e-07
1.341950019192158409e-06,-1.757696875927498923e-07
1.146957988434967779e-06,-1.154739688672034043e-07
9.579336067707545667e-07,-6.243677359110537234e-08
7.789985935337697286e-07,-1.805755265498811000e-08
6.143048171080578909e-07,1.626079171433556670e-08
4.680499400757588978e-07,3.909682325860336993e-08
3.445139016409295771e-07,4.903324625119068974e-08
2.475595210997790890e-07,4.466937203212612066e-08
6.183065915577593681e-08,6.763012082588052547e-08
3.584324473818296379e-08,6.104496420054486075e-08
1.429656063314445991e-08,5.032610998878198709e-08
2.060114647655416179e-09,3.802636861764327364e-08
1.758421587458044265e-09,2.895410711804815299e-08
1.189733913045792123e-08,1.022972488727418587e-07
-1.053769551276845954e-08,1.937174253696062080e-07
-5.541409738063548055e-08,3.076856380799787337e-07
-1.202402180370212624e-07,4.407131190078486258e-07
-2.025603608457422983e-07,5.893063418227370140e-07
-2.999533884028880356e-07,7.499519426914088203e-07
-4.099524288660786498e-07,9.190317498812833429e-07
-5.300125654454433571e-07,1.092825893632661353e-06
-6.574927790510642439e-07,1.267555228641633973e-06
-7.897539564315230441e-07,1.439569308910333410e-06
-9.250095064963979452e-07,1.605646410146202474e-06
-9.620759812064448809e-07,1.846377157823229684e-06
-8.618055030657561255e-07,1.916319477043443902e-06
-7.679239604066801869e-07,1.973058502659196436e-06
-6.800322745712686911e-07,2.018433009091307834e-06
-5.970066518926118413e-07,2.054029832301728756e-06
-5.175540870916753566e-07,2.081224047641542927e-06
-4.403627599318189434e-07,2.101109958074984021e-06
-3.641493003572460355e-07,2.114512178522231135e-06
-2.877134648257904653e-07,2.122012369703130995e-06
-2.099631959439714524e-07,2.123941474768648941e-06
-1.299460296936297388e-07,2.120436792078390051e-06
-4.681283207791826610e-08,2.111424821295742779e-06
4.020020625709688843e-08,2.096688552777606902e-06
1.317203928971097569e-07,2.075888585787335221e-06
2.281651878950395143e-07,2.048589902056462122e-06
3.297460780183155111e-07,2.014305095127196698e-06
4.364534968052750137e-07,1.972495113928805635e-06
5.480916117186203706e-07,1.922652507312470894e-06
6.642607675828485822e-07,1.864268597052577449e-06
7.843702090404867908e-07,1.796954484505644332e-06
9.074361793109129072e-07,1.720375896370405277e-06
9.135855846849489961e-07,1.486107924530741737e-06
7.989701591268299039e-07,1.333213433890106608e-06
6.873104555825996251e-07,1.177838518206721291e-06
5.803109177132467179e-07,1.022509038154991697e-06
4.797375228981068012e-07,8.698296009238982547e-07
3.872804084761057934e-07,7.223426341523878124e-07
3.045579824257677887e-07,5.824994810203790351e-07
2.331284903443216977e-07,4.526599756414285042e-07
1.745059111630346343e-07,3.351210078344311608e-07
1.301143564954630458e-07,2.322141233522426085e-07
1.008249915068120112e-07,1.459546223821791922e-07
-1.849601310285923733e-08,-6.388712002490914800e-09
-9.427305169995835124e-09,-2.715374249331154177e-09
-5.876807217105846947e-09,1.189464482180152012e-09
-5.505389488319832139e-09,5.859610000631980663e-09
-9.015339806624221941e-09,1.514521476884063897e-08
-1.139722767152018296e-07,6.149201307240237770e-08
-2.342818171055699821e-07,6.935222800531487146e-08
-3.873303048792139581e-07,5.891629521636992195e-08
-5.678476930225825221e-07,3.197711443778038836e-08
-7.699308410051956932e-07,-9.557085318754976924e-09
-9.877806350684614864e-07,-6.374523373852289575e-08
-1.215655202503417496e-06,-1.286656827889284260e-07
-1.447846470396688125e-06,-2.024048655882473137e-07
-1.678700575480827979e-06,-2.830262191565066049e-07
-1.902810121467982943e-06,-3.685809352778613623e-07
-2.115716065585089770e-06,-4.578581207676329337e-07
-2.365584712500977085e-06,-4.346849181784923658e-07
-2.403467543670187339e-06,-3.231091285147549446e-07
-2.430183714062921041e-06,-2.227714570444943431e-07
-2.447416251819172591e-06,-1.323345340023649198e-07
-2.456461405588902385e-06,-4.966497990276708483e-08
-2.458213951955287066e-06,2.743871356772446112e-08
-2.453286170987366292e-06,1.011065928746505316e-07
-2.441935614970774812e-06,1.732908073346121613e-07
-2.424175294878252432e-06,2.457469783068019342e-07
-2.399773855021049201e-06,3.199640044699148542e-07
-2.368322499308638299e-06,3.971592030979105615e-07
-2.329313835672931022e-06,4.782277726993994251e-07
-2.282142704769778501e-06,5.637538451948762089e-07
-2.226264070761172683e-06,6.539831570556806645e-07
-2.161123251511676198e-06,7.488500143293905560e-07
-2.086383749160931462e-06,8.479703453603848546e-07
-2.001808441626725672e-06,9.506452581392514850e-07
-1.907544915498516511e-06,1.055699245258471705e-06
-1.800389461808655731e-06,1.162061044773202372e-06
-1.683585138089571347e-06,1.270285503073235707e-06
-1.558052320032965255e-06,1.378844816911843439e-06
-1.315349698179832505e-06,1.315991222119326725e-06
-1.195119290376743833e-06,1.142373281914378229e-06
-1.067008658141553790e-06,9.676819183388730166e-07
-9.342633183490807220e-07,7.966427531343762707e-07
-7.999747220656407776e-07,6.331033198963560931e-07
-6.669926184013335672e-07,4.806801390134695856e-07
-5.380629269203890328e-07,3.429180546485343606e-07
-4.158733229364926606e-07,2.232874296286093030e-07
-3.030687225136515752e-07,1.251539096131222025e-07
-2.021989441015130920e-07,5.165333470229357184e-08
-1.148460905389907982e-07,5.361466593851746674e-09
-1.379502534497798864e-09,-2.286015070156811370e-08
-4.923745906467234709e-09,-1.377843743160410769e-08
-1.100636006817275196e-08,-1.191699663978255740e-08
-1.903428366287272912e-08,-1.745397930568643030e-08
-2.849142338427668237e-08,-2.944019222162115718e-08
-1.057886547228003958e-07,-1.580793692193559477e-07
-1.510241596175470626e-07,-2.931748938366817137e-07
-1.884262038669333952e-07,-4.585425605016591779e-07
-2.187922419840328159e-07,-6.503933062000789405e-07
-2.420503169505292644e-07,-8.629374626248153110e-07
-2.582880661917197047e-07,-1.090193542827770605e-06
-2.676620607836345536e-07,-1.326316298827356741e-06
-2.703342953293588903e-07,-1.565619392651697545e-06
-2.664472871576212500e-07,-1.802545378237382009e-06
-2.561470961306437957e-07,-2.031556366751683786e-06
-2.397569036362252002e-07,-2.247233703152558494e-06
-3.607261483178170630e-07,-2.445876203906086733e-06
-4.997495972178871345e-07,-2.437640587872378841e-06
-6.311187014545296872e-07,-2.423031712045344402e-06
-7.544480279783217561e-07,-2.402642605685499899e-06
-8.699723926349144523e-07,-2.376932377031684204e-06
-9.781659371733226431e-07,-2.346170777694224667e-06
-1.079654089226201227e-06,-2.310588275765737989e-06
-1.175221549654630808e-06,-2.270220652988776121e-06
-1.265295058417128416e-06,-2.226302098216581200e-06
-1.350091791796569027e-06,-2.177166654554918010e-06
-1.430592111316342859e-06,-2.122580278041818911e-06
-1.507650357186197961e-06,-2.062013002953113934e-06
-1.581941248002564991e-06,-1.994870654380592456e-06
-1.654123387238317798e-06,-1.920319311894105448e-06
-1.724478278070496800e-06,-1.837779088059604818e-06
-1.793379062769805057e-06,-1.746300216497395802e-06
-1.860659939855593569e-06,-1.645478373377495230e-06
-1.926367777894799458e-06,-1.534475972710983534e-06
-1.989921298262763349e-06,-1.413270070260174155e-06
-2.051002130474317943e-06,-1.281424488721763151e-06
-2.108991421217654175e-06,-1.139770032465191347e-06
-1.952932921274133174e-06,-9.457046762209881691e-07
-1.732125811783818069e-06,-8.885619814234420373e-07
-1.502336455956060272e-06,-8.210545543209186145e-07
-1.269850308372259186e-06,-7.450344693443487048e-07
-1.040453436837106038e-06,-6.624362662512517324e-07
-8.198140925954402872e-07,-5.750925553871279387e-07
-6.136488634762558657e-07,-4.848129085347820056e-07
-4.277234269743560362e-07,-3.934202508976743393e-07
-2.678273682222398111e-07,-3.027497179650918306e-07
-1.397380359032714069e-07,-2.146017090235600971e-07
-4.896304236516920455e-08,-1.300890045739319846e-07
-5.495758753571427142e-08,5.956971956308634387e-08
2.374822623084766073e-08,-1.689445068198046130e-07
1.739960003553341778e-07,9.773355134331936044e-08
2.268536831101172900e-07,-3.604681810912288402e-08
-8.944155180222679720e-08,-3.738625466343455533e-08
-1.119765884378364508e-06,1.458908330785237085e-06
1.848046245934004033e-06,-6.070325176252860496e-07
2.144883354387861836e-09,-2.245003318893552067e-06
-2.030903931317073522e-06,-7.015586930365382092e-07
1.092861909824600070e-06,1.354669918573777644e-06
1.203551606860416759e-07,2.829083042799361889e-08
-9.288474778985368342e-09,1.008843285295682219e-08
1.290809402691887008e-06,1.626469996465192629e-06
-1.332808640351908492e-06,1.747193425801860416e-06
6.396603930597402193e-09,-1.801840277749266861e-06
-1.589726541460922965e-06,-5.518306076856813404e-07
2.896914827251448776e-07,2.552250892115106544e-07
1.888467926247413628e-08,-4.634017098380469724e-07
-3.324496080786666463e-07,-1.234487885885418723e-07
-1.817998350726580995e-07,2.200204399944452262e-07
4.230151342744877658e-07,-1.091441776768316768e-07
8.683433303833436744e-07,1.046757930828110171e-06
1.462565638769576078e-06,-4.731487708075224701e-07
-1.129133238245007873e-06,-3.958818740729053339e-07
4.527362880743890779e-07,4.776325303855551455e-07
-6.947473041343555835e-07,-2.481321223309428206e-07
1.056214067039301788e-08,-1.327424828737702647e-06
6.501241848616486971e-07,7.476905258273889750e-07
1.470515395261868203e-08,-8.659322757773456603e-07
1.074633116285345609e-06,-3.386794483210575373e-07
7.170619897668034212e-07,-2.137671682905537265e-07
-3.720934150723378763e-07,4.685721148771481567e-07
-8.623354212500650279e-07,1.117625446862458562e-06
-6.058820383506277574e-07,7.773559715362817748e-07
1.628249652638948180e-07,-7.389001264002362457e-09
-1.136447737209710851e-08,-6.654029609208326680e-09
3.512098307875601022e-08,-5.834363951870197670e-08
2.147538996717997837e-06,-7.191024414386927507e-07
-2.352676806482535905e-06,-8.207270198504146243e-07
1.649655130273642761e-07,7.144663238982871396e-09
-9.820709134965780435e-09,9.690163734687875552e-09
-1.818534798107876482e-06,-1.921921668717254804e-06
1.553056212471643809e-06,-1.925866086496178840e-06
9.774582436893840104e-10,-2.564677329648838685e-06
1.733630063977876784e-06,-1.695827568808220817e-06
-1.974844242427313619e-06,-1.727994952998237772e-06
-8.669575666848628917e-09,-1.051794349204251140e-08
1.295913045214582612e-07,-2.031921168701106192e-08
-1.657167593045248989e-06,-2.078023063719439043e-06
1.374541331996334610e-06,-2.105742651016743978e-06
1.903774022889662089e-06,-1.417608375774232353e-06
-2.122884151003003405e-06,-1.489901871450446435e-06
1.550837760433660750e-09,1.922505701479829762e-08
6.041340064733334430e-08,3.623437066083576685e-08
-1.687750000942897445e-06,1.500298099887257742e-06
1.611520273546839076e-06,1.397023593326340046e-06
-1.493435431279832853e-06,-2.205948585244895310e-06
1.210095106092307425e-06,-2.242517149417193347e-06
2.043788994693071914e-06,-1.133397898785452616e-06
-2.249717867153971475e-06,-1.233907841638522571e-06
-1.899482316550295915e-06,1.292020026020710895e-06
1.791293099871169323e-06,1.214912601297744022e-06
-1.334462258580670081e-06,-2.307628032957988102e-06
1.070069867444470580e-06,-2.340229453730428340e-06
8.427327630767722542e-08,-3.204361571461030308e-08
-3.059815089506405336e-09,-3.022161936425014597e-08
-1.627683893070814457e-08,-2.109265778387871552e-08
1.611943877779006674e-07,1.495672736701113627e-09
1.585549642000275264e-07,2.252236670689488462e-09
-1.147867277020552808e-08,-1.072611466461834206e-09
-7.760249817694935060e-09,1.258507289563385281e-09
-2.111750287001745340e-06,1.058243759112166123e-06
-2.192109561560826869e-06,9.509700333707684617e-07
2.031675629215321246e-06,9.262354457454838165e-07
1.966195683494012936e-06,1.016471760922280788e-06
-1.142849465872904786e-06,-2.413115863780529293e-06
-1.044828433254526042e-06,-2.455509847794336351e-06
9.218709351851922520e-07,-2.430432934089360588e-06
8.506384148429278713e-07,-2.464800332309686292e-06
-2.263766834408499854e-06,8.372759762134957180e-07
-2.323760931728507137e-06,7.374551062467856125e-07
2.089987249577952724e-06,8.305869261610367865e-07
2.139050884125400379e-06,7.462132126766985534e-07
-9.315769331988163935e-07,-2.493781614726736652e-06
-8.200442732487760832e-07,-2.528656609789815945e-06
7.697598047036853355e-07,-2.495837667332500078e-06
6.901559815419959086e-07,-2.524270412751962336e-06
-1.331976590132815856e-08,-1.444712622222016977e-08
-2.018062428724635283e-06,1.178849092876797724e-06
1.889621657377649194e-06,1.118298178958728333e-06
-1.243568503152926538e-06,-2.367243776815471599e-06
9.977420262471118866e-07,-2.392100766752265166e-06
-2.375521916241355098e-06,6.341924108286749875e-07
-2.417810533714736086e-06,5.442666172749103129e-07
2.181639874940645770e-06,6.581965845232081229e-07
2.216878824643245454e-06,5.805727116120247188e-07
-6.912382972118470206e-07,-2.558159119368898055e-06
-5.637494688502419099e-07,-2.583792753515386525e-06
5.963948885109632073e-07,-2.549530874778534538e-06
5.001470684791324918e-07,-2.572575166557941938e-06
-7.346756902000475737e-09,4.391223505616177861e-09
1.629313137431432334e-07,3.161750151380906287e-09
1.027410419247690325e-06,1.843107982773363451e-06
9.000027799802762936e-07,1.916800765786029774e-06
-9.591384575681281974e-07,2.017537002013956909e-06
-1.070802893560848247e-06,1.955907884223548932e-06
-2.453078939295813349e-06,4.524109179930699014e-07
-2.481227933362129518e-06,3.721017259741028322e-07
2.246652127932421178e-06,5.000045736817368457e-07
2.270884908262493425e-06,4.281901857068576840e-07
-4.173308165385943045e-07,-2.602096094094716977e-06
-2.722461304816639188e-07,-2.615748389576950867e-06
2.598731079436805230e-07,-2.606981968544778141e-06
3.835443482152735310e-07,-2.591213537116865711e-06
1.522474342315923994e-07,6.434726512800059037e-09
-1.693202221046205083e-08,-2.048373069300087180e-09
7.654815168553090841e-07,1.982856264262768529e-06
6.450347953464020410e-07,2.037250405799055673e-06
-7.539067467274749953e-07,2.107919927935615803e-06
-8.483626455443508261e-07,2.068553468935689514e-06
-2.503806958133021126e-06,2.896144637660662330e-07
-2.521308535323819897e-06,2.157717744550573159e-07
2.306379826983321754e-06,2.839318818800332146e-07
2.290675735264934233e-06,3.528550673873595458e-07
5.200285846200485823e-07,2.084387716568347056e-06
4.091430211993079871e-07,2.121751978504771318e-06
-5.761234863074398654e-07,2.164408428245679000e-06
-6.590406885885922480e-07,2.140010523001021099e-06
-2.534350776731244379e-06,1.376389563781012190e-07
-2.543599775765230546e-06,6.441864384704440008e-08
2.318301126616609871e-06,2.095297502830090508e-07
2.326948397345460505e-06,1.386397989230332277e-07
1.169472899216733957e-06,1.756186834832373674e-06
-1.206659885376502638e-06,1.876996119597498513e-06
2.956227093941329829e-07,2.152661394438144820e-06
1.955424698535059984e-07,2.175747171606348845e-06
-4.134515348025765214e-07,2.197619724249007688e-06
-4.907421949936749739e-07,2.183680169615020360e-06
-2.548593876754748983e-06,-1.698495388271702700e-08
-2.549951338372951594e-06,-9.762493954936298368e-08
2.331702755948856461e-06,5.893186098531432797e-08
2.333088502124760920e-06,-2.047705475440657516e-08
-5.469542534985611541e-09,-1.329998496803859163e-08
-3.852380587772529407e-09,-1.880933405213122223e-08
1.494417280013156159e-07,-1.903700798924431234e-08
1.431531457961172224e-07,-1.768249533865929824e-08
6.611446570138103776e-09,2.485229155784153581e-08
2.461638521397813861e-08,3.231393538704395936e-08
9.380236853185351619e-08,2.193401371282231415e-06
4.058916392934279425e-09,2.205037320333774097e-06
-2.539496448755193005e-07,2.213081026679317067e-06
-3.311736302986407414e-07,2.207468154928200654e-06
-2.545834892362344374e-06,-1.918661859907834001e-07
-2.536808310961831190e-06,-2.893854111664178888e-07
2.329294239597069970e-06,-1.133098444502817123e-07
2.320879078374483223e-06,-2.090283471444799439e-07
2.280697074817112999e-06,-4.445502150229384258e-07
2.304360255623743887e-06,-3.238418650389928001e-07
-2.519113651969058015e-06,-4.070713333804125250e-07
-2.493648967911074994e-06,-5.317447319350669656e-07
-8.750233956014858944e-08,2.212187257240821222e-06
-1.692065429902291020e-07,2.214659597321890758e-06
2.245396246247026006e-06,-5.943300014678713067e-07
-2.455556450433669897e-06,-6.886976619977158254e-07
-2.382448818611285238e-09,-8.331219330433100411e-09
-1.090588573863147384e-08,-2.743947972576591916e-08
1.612769878540994003e-07,-2.598684894099447179e-08
1.504918736244343938e-07,-8.055291460369806907e-09
1.076098949861492362e-07,-2.504825285561062620e-06
1.664708237603880168e-07,-2.665234908213665239e-06
-1.700193600542177494e-07,-2.674275934707159548e-06
-1.074731268703736476e-07,-2.504239313182974236e-06
-2.482466881040800289e-06,-8.180307941046403809e-07
-2.329520472358085755e-06,-6.865914659481125417e-07
2.124519637497601497e-06,-5.927999240741266093e-07
2.272622902069115264e-06,-7.169911802613793945e-07
1.732612180419054526e-09,2.831415367837622061e-08
1.708108905213341451e-09,1.054464590086756596e-08
3.439105498081040344e-08,1.712173226892632676e-08
4.729693596359477147e-08,5.023002701866705020e-08
9.042251408187292573e-10,-2.678976056745759211e-06
1.339675340560990741e-07,-8.608223850191389187e-09
1.404628829299113895e-07,-2.561253396162519827e-08
-8.345876670267702100e-09,-1.301472466617075081e-08
-3.880414727522135002e-09,-6.649657898510538184e-09
-4.856806470086187354e-09,-9.178847477905753579e-10
1.579318415320012175e-07,-1.309156668212789959e-09
-6.358627469505576046e-09,-6.902058011417362888e-09
-1.391731716688331465e-08,-1.451852891638922516e-08
1.291278186888769851e-07,-3.337529078744962479e-08
1.107629399121541250e-07,-2.418762505357830891e-08
1.110680963402170068e-07,-4.203260114805540194e-08
-9.474569619053351605e-09,9.309201043854386772e-09
-4.658481872518092139e-09,3.572753962790359332e-09
1.624879589049004635e-07,2.539057699877698254e-09
1.646370808152831542e-07,6.807612402775481468e-09
1.499754282783035096e-07,2.388986204494852451e-08
1.310583283224126160e-07,6.932233028342342265e-09
-7.248794674667112318e-09,6.547864106073724643e-10
-2.516010232733400747e-08,3.392670190370740540e-09
1.180425703615491005e-07,-1.169906010131071272e-08
9.287296760002154323e-08,-1.440086922318756734e-08
-2.329477125161638687e-06,-1.073298589663230847e-06
-2.255637798549760117e-06,-9.050358156239742544e-07
-2.423687631033503014e-06,-9.924406030469034190e-07
2.126154112651810121e-06,-9.656967093183742191e-07
2.218537132080796393e-06,-8.855548360789607339e-07
2.053899202111304582e-06,-7.980847726303073480e-07
1.061584853575657497e-06,-2.405053201427436143e-06
1.005438151878458239e-06,-2.328184222661230919e-06
-1.255531199033788226e-06,-2.289601173894404093e-06
-1.323296468416472544e-06,-2.384691359262738510e-06
1.891286909450352225e-06,1.219253775385378019e-06
1.792477314771580594e-06,1.112108659124552466e-06
-1.902084169084066569e-06,1.171009649285308277e-06
-2.018351615252865116e-06,1.298097838936877417e-06
-1.337857536335713090e-06,1.877386129259008056e-06
-1.197469720976492648e-06,1.751374760171951924e-06
1.160860607584912155e-06,1.629364629169408002e-06
1.297887629485708609e-06,1.754166607111444936e-06
-2.369874969519427395e-06,-1.197757754349322586e-06
-2.207070663102416870e-06,-1.113133422407415742e-06
2.001355517335319922e-06,-1.005303099933225591e-06
2.168561590904394106e-06,-1.094258461742217525e-06
8.943056388048203173e-08,-5.280045253287654156e-08
-1.535480370227940273e-06,1.644625543954729278e-06
-1.378875338076643511e-06,1.616737954838674161e-06
-1.488439593514932675e-06,1.774036285516894967e-06
1.477636400816070458e-06,1.528741475551790581e-06
1.436897084635739909e-06,1.650295733474308785e-06
1.333105013115679785e-06,1.503201223105193396e-06
1.496300950562794131e-06,1.390507197339197757e-06
1.595725560454696388e-06,1.532293399788821468e-06
-1.667218644058364568e-06,1.650484985430936030e-06
-1.557634766304167661e-06,1.493034121345259672e-06
-5.184059533100787690e-08,-2.268888059711376687e-07
-2.549045394965944335e-08,-1.115501444247746973e-07
-3.930191597807554131e-08,1.181466345074999904e-07
-1.168238622700306196e-08,5.295645422723832011e-08
2.372551617617418557e-07,9.958024456589112559e-08
1.812546564898959446e-07,4.836610953479801726e-08
2.469032684053604450e-07,-9.813199941249456778e-08
1.847774386604405240e-07,-5.181795591975055048e-08
-1.541891211927989336e-07,5.075166091155951111e-09
-6.186809266388689914e-08,1.187177359946633218e-08
-5.642228715821331649e-08,1.612957906817707078e-08
-1.181977196618018472e-07,5.897939966001294267e-08
7.591900433122492276e-08,-1.184096988440048202e-07
9.630172243088242606e-08,-2.284422956110048737e-07
2.050732028280565944e-07,5.410011288403210310e-09
2.795704402259592894e-07,-2.226865896178525369e-09
1.240177328748652321e-07,9.034481357285191855e-08
1.565856963176495900e-07,1.590463411651991913e-07
-3.829270929115638624e-08,-5.706408846227745129e-08
-1.146992551121388363e-07,-1.123726230210425669e-07
-2.465808389909232077e-09,6.309181967482397441e-09
1.005823392865935770e-07,1.620115408735914344e-08
-1.155673626007719907e-06,1.302589958525246850e-06
-1.275358205558562331e-06,1.470292311251001152e-06
-1.884230509053874603e-06,-7.909098842289051307e-07
-2.094310365173113435e-06,-8.519553418441332895e-07
1.282337299542439505e-07,-2.140819003090186045e-06
1.152516719466092435e-07,-2.348339735129961392e-06
1.791286712291054264e-06,-4.626009360503449720e-07
1.978232493084009565e-06,-5.336308431173356976e-07
9.469990372120001677e-07,1.343610625936785660e-06
1.060435245020926685e-06,1.494930706850012465e-06
1.903546564384025467e-06,-7.451773353197133540e-07
1.716892731526962937e-06,-6.856690889587733734e-07
-1.088516554660931923e-06,1.611982787644347609e-06
-9.576648067700035366e-07,1.448540289300876812e-06
-1.133047883182164806e-07,-2.346056927034463655e-06
-1.218229149223629728e-07,-2.139805919737690537e-06
-2.173712948748978720e-06,-6.214057097192119192e-07
-1.967067177380743455e-06,-5.402998836115849325e-07
1.236129428988491190e-06,1.366578190770297107e-06
1.127034270836832532e-06,1.212683557186213645e-06
2.088870629339746822e-10,8.803792653626020528e-09
6.933739691889318558e-08,1.800165300139857371e-08
-8.813409397071593734e-08,2.098386444962150181e-07
-1.091317444022833811e-07,1.269574334047572604e-07
-1.972306066307721756e-07,1.292624769414450817e-07
-7.406288837400048616e-08,-3.761266133273842322e-07
2.120305333398488103e-08,-2.992144527926671370e-07
1.138603242554423985e-07,-3.765922937294322352e-07
3.404767505837002558e-07,-1.522045817937229906e-07
3.103444259990463200e-07,-6.785662462021804732e-08
3.841011454792987046e-07,-2.198733297831069292e-08
3.065655377698890328e-07,1.709536020288986687e-07
2.249986437334374023e-07,1.673021947817567639e-07
2.039912780087740099e-07,2.458559590462841151e-07
-2.837743569226758265e-07,-1.719513406184137833e-08
-1.928338947307899083e-07,-7.447583371221576978e-08
-2.307027897236022740e-07,-1.772502914257406224e-07
1.406605247097575056e-07,5.621527710897243284e-08
1.047790947840230646e-07,5.091188416442458878e-08
-2.377050644932617924e-08,2.595468167161156761e-08
-2.644139975864260145e-09,2.423418313785916092e-08
-4.648088159470043059e-09,3.976483961926977377e-09
-1.172816566096925854e-08,7.632397651028771461e-09
1.649417318980929131e-07,5.122299604136797100e-09
1.610546673541486756e-07,2.990177144341484934e-09
-1.806886668425753844e-06,-1.835631821703765763e-06
-1.881990254647866650e-06,-1.736433196005416926e-06
-1.894537700888196410e-06,-1.827751574541935263e-06
1.538962953848855103e-06,-1.825251773626057498e-06
1.640455178504563595e-06,-1.814429958612149846e-06
1.625499057305170947e-06,-1.707009312381234736e-06
-1.734765857555605778e-06,-1.920424341504162862e-06
-1.736122276946699829e-06,-2.001726115573929415e-06
-1.656107828654085546e-06,-2.000138991500646243e-06
1.457699582199966694e-06,-1.926004122118741934e-06
1.372057432859732639e-06,-2.019553084198075868e-06
1.460287110979065327e-06,-2.019094761642725869e-06
1.707047403511103312e-06,-1.584582336966301455e-06
1.816847273510328008e-06,-1.559789317157376369e-06
1.789103098983653606e-06,-1.443168268843677944e-06
-1.951961700631818911e-06,-1.633048484105156158e-06
-2.022238073314462073e-06,-1.511680009870502828e-06
-2.046766600386792942e-06,-1.612574903854765449e-06
-2.266633665748622431e-08,9.602563007732722287e-09
-1.742192304846236543e-08,1.772322468304653277e-08
1.732899574546907154e-07,5.489909574555513244e-09
1.702529278394890427e-07,1.295324805571667573e-08
-1.581561126010725386e-06,-2.069574992341653253e-06
-1.574504297975498563e-06,-2.142757380712999754e-06
-1.500652775785850687e-06,-2.134218357778447662e-06
1.294652841276055235e-06,-2.099042457335148808e-06
1.215326704095887861e-06,-2.170704491339438833e-06
1.288993280169499171e-06,-2.176698819307368676e-06
1.865957800795853338e-06,-1.301888879467175069e-06
1.973130822008189542e-06,-1.276914721229381118e-06
1.934793068430058891e-06,-1.158564817131083824e-06
-2.088508692673870374e-06,-1.387437071708556352e-06
-2.148528500730788152e-06,-1.257355357482518218e-06
-2.184824175268362010e-06,-1.365316582288148633e-06
-1.421616966512991104e-06,-2.191525194116043322e-06
-1.414254935494748195e-06,-2.256751799940640566e-06
-1.342166676679112126e-06,-2.241907226512553015e-06
1.142835579987186498e-06,-2.231488452542466768e-06
1.074842466084204981e-06,-2.282384717351894218e-06
1.137872716895970133e-06,-2.292857029607402643e-06
1.608359741722512431e-06,1.294670498970657186e-06
1.701041984209807455e-06,1.206561208315784590e-06
1.703966434914144968e-06,1.303299000242066402e-06
-1.685056941356429926e-06,1.384128339601835759e-06
-1.795603680466934979e-06,1.394172004820273919e-06
-1.793224840758634836e-06,1.281998888239071404e-06
1.598275709564554329e-06,-3.926278969298572386e-07
1.657693133547765406e-06,-5.408172756948741287e-07
1.522888711277087859e-06,-6.214266094017340231e-07
-1.028908715257176108e-06,1.129901428313497764e-06
-9.923659355674138282e-07,1.290126811139593463e-06
-8.260437326532545090e-07,1.278480055264875976e-06
1.381370589201577119e-07,-1.917994515585999632e-06
4.251620494115435882e-09,-2.030119335259751752e-06
-1.274069440391584185e-07,-1.917409559339963135e-06
-1.660822334711465074e-06,-7.220766600653314117e-07
-1.815668137863143696e-06,-6.284023268036299823e-07
-1.747121893029781759e-06,-4.588354637237876459e-07
8.340917235254870939e-07,1.189382363371627522e-06
9.807689067098803821e-07,1.200948423539771124e-06
1.014790514171614918e-06,1.058021360745186398e-06
1.210639322157659535e-06,-2.312419012702139087e-06
1.138642303811418626e-06,-2.358713271484737404e-06
-1.493570189072653983e-06,-2.279144114848572489e-06
-1.414387735221391163e-06,-2.330187644375611479e-06
1.711800308615108253e-06,1.422053392805299661e-06
1.799012044306031856e-06,1.327106687890570840e-06
-1.802511792456200829e-06,1.529792543613618304e-06
-1.906523437914596612e-06,1.422587043287304525e-06
1.194097345037607558e-06,1.493623022078866027e-06
-1.230901510772334504e-06,1.607995876577357954e-06
-2.228866974331307839e-06,-1.474686250836934972e-06
-2.296208505279669496e-06,-1.348936322136446373e-06
2.022214829160505327e-06,-1.398944948059230957e-06
2.093947762685564977e-06,-1.257608447125995808e-06
1.378960549874548800e-06,-2.187421569753524543e-06
1.293351417435092055e-06,-2.252473778227575299e-06
-1.661139935008198630e-06,-2.154246096305487074e-06
-1.578462711146063157e-06,-2.217285805752340170e-06
7.487673226894793934e-08,5.392421648649182777e-08
8.942017453400243073e-08,3.416493890981156371e-08
-5.656647319309127954e-10,1.611652702677321866e-08
3.057384723603169361e-09,2.711341209802758121e-08
-2.071563042950518959e-06,-1.718518617165161920e-06
-2.149153154499454040e-06,-1.602263198013310497e-06
1.845766492038352564e-06,-1.683341148507964619e-06
1.933998878407534643e-06,-1.546466668243900318e-06
1.561916455990263153e-06,-2.022229575848892731e-06
1.468748125996564326e-06,-2.108712384681979108e-06
-1.826229580224488851e-06,-2.005673211111409437e-06
-1.743623825479146895e-06,-2.081903803001484272e-06
-8.984897324088906247e-07,9.569614471852583037e-07
-7.673932985934481082e-07,7.879222056515453485e-07
-7.326120297857632378e-07,9.454124801874655864e-07
-6.959031201007229837e-07,1.105342059665392477e-06
-5.696657160674721722e-07,9.328399817718285624e-07
1.016421629879558720e-06,-1.979480886377904463e-07
8.346887569182332718e-07,-1.422579788601690538e-07
8.899941639939720449e-07,-2.743647972222593412e-07
9.450038758166343436e-07,-4.140869574596865774e-07
7.677905514459824429e-07,-3.444154820699707237e-07
7.234425115948668726e-07,1.034969363678463201e-06
6.168318091474277217e-07,8.829969772180054206e-07
7.575157898663446043e-07,8.948189828378073039e-07
9.015817842065555124e-07,9.054330907742654197e-07
7.893705362225968364e-07,7.575041758741233415e-07
-9.220352387574555078e-08,-5.546913745024323170e-07
-1.066722040273066376e-07,-7.569215433771710822e-07
1.677445402652504617e-08,-6.543343676873088667e-07
-4.448735141592705972e-07,-5.356441021069661410e-08
-6.315885378463641550e-07,-1.020109857186455541e-07
-5.016952692859732419e-07,-1.819700112213751522e-07
1.278159227392621060e-07,-5.551767796578109100e-07
1.381564596401818177e-07,-7.574757347142766403e-07
-3.803987278720890614e-07,-2.490140501048184263e-07
-5.579126737998272777e-07,-3.258674058743768142e-07
1.132660369040269952e-06,-4.843470310591678943e-07
-3.976567529052138394e-07,3.413150657572730580e-07
-5.142834533768414665e-07,4.765082612211071130e-07
-1.291097871212430960e-07,-1.446265870194164191e-06
-1.250465898707214538e-07,-1.208544253032468113e-06
6.659299246121755631e-07,-9.344260215733325698e-08
3.385878347489281032e-07,4.667580306842901043e-07
4.227327860848484770e-07,5.964783115720718838e-07
-1.287392688593564795e-06,-3.007192083006781090e-07
-1.058599166240898561e-06,-2.274834280612294081e-07
1.263470981777986390e-08,-1.092237203506887025e-06
-1.175935635545802013e-07,-9.768424863912354880e-07
2.651661876874685864e-07,3.491398497141844551e-07
-6.384167413256334044e-07,6.265600119253658731e-07
5.479562649286955440e-07,6.078371617611625936e-07
5.160268299935008596e-07,7.360138107540736632e-07
-9.058115610079180448e-07,-3.200588895372817485e-07
-8.380878519919520746e-07,-1.606173643620073614e-07
-2.911376935887117683e-07,2.244453416022483551e-07
-1.518774036358146087e-06,-3.784460645987155707e-07
-4.848290082697181429e-07,6.171972243582187927e-07
1.326660926757555636e-06,-5.538883387515648679e-07
5.143240596616063402e-07,-5.288592897024151746e-08
-1.298652329216553585e-07,-1.684390329566234629e-06
1.449370918373042795e-07,-9.774139105810192964e-07
-7.574473835064784598e-07,-4.059700555295129749e-07
6.800319954083322096e-07,6.167031291309490485e-07
3.870231848804794095e-07,2.603953773430397553e-07
1.482432013462097624e-07,-1.209115434828487026e-06
-1.560723468421216457e-07,3.238783554819477982e-07
-9.732251904774031833e-07,-4.874737540502807980e-07
-1.430604751330569948e-06,-6.473418603398786891e-07
-4.499718883318348631e-07,7.647649312574701901e-07
1.447704089698473145e-07,-1.684938806580935755e-06
5.753766862783290479e-07,4.854075160260973953e-07
1.402280186411287668e-06,-3.244661686701871478e-07
4.613227585435776797e-07,-2.121411206066973859e-07
-2.702514696961532015e-07,3.350255035448269926e-07
3.661198810935281511e-07,3.593624395083789210e-07
1.481603441261276545e-07,-1.446829972284291306e-06
-1.199508286674114879e-06,-5.685392285617270907e-07
4.771500259156931658e-07,3.659066887372113953e-07
-3.394480874518348840e-07,6.048427405707740464e-07
1.206987800544904604e-06,-2.591385586889043235e-07
1.266854527184416862e-06,-4.053725182803194773e-07
6.051667790837557040e-07,-2.766555097196904423e-07
-1.358998105943826196e-06,-4.737456329384505673e-07
-2.406525326730160111e-07,4.567026910999308568e-07
8.487672273005997397e-09,-1.565808372222209764e-06
5.600008992542075218e-07,-1.582398983668820708e-07
-1.908490333453748352e-06,-1.918750156452861278e-06
-1.989492595689186345e-06,-1.824210261495156503e-06
1.656747838034643067e-06,-1.920845972550149803e-06
1.750865253500020800e-06,-1.808875511055729213e-06
4.986576851941494671e-08,-1.677879895872421651e-08
1.834653097758169230e-07,-1.739933436141277208e-08
-3.615977452912082410e-08,-1.654104096629804350e-08
2.002575518775210082e-06,-6.656478930929212232e-07
-2.200083544617564028e-06,-7.647602840121476153e-07
3.288365723951273878e-08,-1.011903753042196174e-07
-5.377161375236675909e-09,-6.119289124393152510e-08
6.909613760608175246e-08,-6.945384566918644340e-08
1.049159810338286374e-09,-2.413764304938340325e-06
6.211202977173957305e-08,-4.408172064275742664e-08
2.298461096687538570e-08,-2.759849973936739032e-08
