Size 899,2
0.000000000000000000e+00,0.000000000000000000e+00
0.000000000000000000e+00,0.000000000000000000e+00
1.068157230611192036e-08,-1.750188281575134672e-06
-6.330930011499115904e-08,1.215525506091600508e-06
7.596666507218249041e-08,-5.947318835028592216e-08
1.124189754865514191e-07,-2.889632848270713083e-08
1.317461773227735785e-07,-1.563745814610421618e-06
1.179946973316022651e-06,-5.364445379282421764e-07
1.218674693165651398e-07,1.127275032012573534e-08
1.181892752936326189e-07,5.969157988033582028e-09
1.269765029901903518e-06,-3.026839187088867765e-07
7.614902811276092574e-07,7.011810067923160805e-07
7.264982045449070917e-08,4.058799475656345320e-08
2.058672588594520096e-09,2.162891849564638314e-08
5.650970160196529374e-07,8.489011333661574325e-07
-5.578542798205968834e-07,9.218001107112584207e-07
-2.262540209630439846e-08,1.083706865393518528e-09
-2.245770624121252435e-08,1.341203409521433056e-08
-7.625386585674426709e-07,7.622098281006669595e-07
-1.362796602620687383e-06,-3.536354835930219095e-07
-1.039660907706106883e-08,-3.382061680977348884e-08
-2.524406083616082297e-08,-4.703938350843418171e-08
-1.270211897513929395e-06,-6.008363165647861663e-07
-1.094576674588712016e-07,-1.561339684156669062e-06
5.084698236912390833e-08,0.000000000000000000e+00
7.927793479659040383e-08,0.000000000000000000e+00
9.380767462786421502e-08,0.000000000000000000e+00
1.005703988819298124e-07,0.000000000000000000e+00
1.012126859901180441e-07,0.000000000000000000e+00
1.044641247536351122e-07,0.000000000000000000e+00
1.091611887054326240e-07,0.000000000000000000e+00
1.097014169909083997e-07,0.000000000000000000e+00
1.064569014865485857e-07,0.000000000000000000e+00
9.896823789192382996e-08,0.000000000000000000e+00
8.118824206139550551e-08,0.000000000000000000e+00
5.755355878959695844e-08,0.000000000000000000e+00
3.165724520303116258e-08,0.000000000000000000e+00
0.000000000000000000e+00,0.000000000000000000e+00
0.000000000000000000e+00,0.000000000000000000e+00
0.000000000000000000e+00,0.000000000000000000e+00
0.000000000000000000e+00,0.000000000000000000e+00
0.000000000000000000e+00,0.000000000000000000e+00
0.000000000000000000e+00,0.000000000000000000e+00
0.000000000000000000e+00,0.000000000000000000e+00
0.000000000000000000e+00,0.000000000000000000e+00
0.000000000000000000e+00,0.000000000000000000e+00
0.000000000000000000e+00,0.000000000000000000e+00
0.000000000000000000e+00,0.000000000000000000e+00
0.000000000000000000e+00,0.000000000000000000e+00
0.000000000000000000e+00,0.000000000000000000e+00
1.028826197505684047e-07,-1.740951854814493949e-06
1.848582437550715146e-07,-1.722678474870865160e-06
2.491407195622023762e-07,-1.704379311689649946e-06
3.053088242194805779e-07,-1.686060690988842740e-06
3.552369356601360231e-07,-1.668105833263639691e-06
4.005987422568683163e-07,-1.650519825330250879e-06
4.432710709054678859e-07,-1.633035570991515104e-06
4.846630420011069368e-07,-1.615198091024859962e-06
5.261934558713519133e-07,-1.596348364392538750e-06
5.692770351116713587e-07,-1.575632516049218122e-06
6.152135134274918633e-07,-1.553154432415991106e-06
6.648169532672216943e-07,-1.526840679195228184e-06
7.189034571776518783e-07,-1.495050872685244754e-06
7.770069891650223243e-07,-1.456923765941174834e-06
8.391136541581591776e-07,-1.411319314076391057e-06
9.042777191024516317e-07,-1.357504655953154288e-06
9.717124342618258767e-07,-1.294842628706714869e-06
1.039963949495425105e-06,-1.223225484785701308e-06
1.107654322844081147e-06,-1.142703570323866768e-06
1.173062181225028458e-06,-1.054010792878293930e-06
1.234459132151774307e-06,-9.581271620310264390e-07
1.290108865838387297e-06,-8.566909894372304842e-07
1.338220497610867328e-06,-7.518782149910903948e-07
1.377454921250407503e-06,-6.457927447074888904e-07
1.407414103378868184e-06,-5.421903555128035174e-07
1.425871452409876036e-06,-4.427047156728911966e-07
1.434972987645274543e-06,-3.529241430449034998e-07
1.434730928906988442e-06,-2.779387347957619630e-07
1.431165682701187615e-06,-2.197710101976012983e-07
1.426294016297547750e-06,-1.724135947782185952e-07
1.421155211601553370e-06,-1.327229515831878464e-07
1.416323876162254770e-06,-9.848348033297308853e-08
1.412037090276428424e-06,-6.726831455907215043e-08
1.408218714175087679e-06,-3.714551562866396386e-08
1.404509326297827596e-06,-6.299687324193292276e-09
1.400354051158407490e-06,2.676865549303890197e-08
1.395010878202873766e-06,6.318525481421718480e-08
1.387645272342796950e-06,1.039172927104692303e-07
1.377354707998535864e-06,1.493890080258619981e-07
1.363230047803494154e-06,2.000011171244035631e-07
1.344418712513982667e-06,2.555285553725089553e-07
1.320129201498107482e-06,3.158341823272837563e-07
1.289741819453959143e-06,3.801523534799600344e-07
1.252743666361461666e-06,4.479052260616307381e-07
1.208844600304540718e-06,5.180757920023411193e-07
1.157671430052645919e-06,5.901631802676142692e-07
1.100931686367765904e-06,6.637151808423336107e-07
1.036078219175296005e-06,7.368457447615519741e-07
9.639319145157379643e-07,8.078318228934752806e-07
8.861698021629580449e-07,8.745608326286012204e-07
8.045322290301899525e-07,9.357318999356177524e-07
7.207636309425994817e-07,9.895623888338943629e-07
6.374322194578603909e-07,1.036980586383706422e-06
5.565182106279431919e-07,1.076882598053469160e-06
4.791469932395070330e-07,1.110422723701098638e-06
4.050349657360717691e-07,1.138264020390028709e-06
3.342034184002980027e-07,1.160914028133269448e-06
2.669901766291814602e-07,1.178831362215716097e-06
2.033458585624149357e-07,1.192540289856786478e-06
1.434318026787137164e-07,1.202538859404033826e-06
8.702285612949104014e-08,1.209352825289676259e-06
3.404173938113147521e-08,1.213478359460733686e-06
-1.594835651625434165e-08,1.215391493984672620e-06
-1.086576167493024869e-07,1.214083131204166550e-06
-1.525548277072569596e-07,1.211193593284374469e-06
-1.957278722917874214e-07,1.207022273061311902e-06
-2.389869392255419625e-07,1.201619023945998304e-06
-2.832305780995154207e-07,1.194869478793345475e-06
-3.295244767607871917e-07,1.186497558730232000e-06
-3.788573628736016231e-07,1.176037688012546429e-06
-4.324790866788770932e-07,1.162807717052403862e-06
-4.913659139868748934e-07,1.145938035128376865e-06
-5.570160424060033096e-07,1.124250130587732571e-06
-6.322369421451955557e-07,1.095779438782892339e-06
-7.163441606535084943e-07,1.056950571219165068e-06
-8.066975931736365605e-07,1.008423059416673776e-06
-8.975566496843674352e-07,9.478196463834228699e-07
-9.865017119335204760e-07,8.780015538742702670e-07
-1.070410443916746756e-06,8.009716410649622144e-07
-1.147020767432463299e-06,7.193008604379387829e-07
-1.214611607655261777e-06,6.355818387120754801e-07
-1.275682965314117358e-06,5.524762692646291861e-07
-1.328202013769464044e-06,4.709381728555393749e-07
-1.372435035286463487e-06,3.919066362049206095e-07
-1.408638377921341806e-06,3.168163866158755583e-07
-1.437390916272365214e-06,2.465019661455123476e-07
-1.459417348293337029e-06,1.820188775585749381e-07
-1.475675993575727830e-06,1.236119913322407880e-07
-1.487202341677446414e-06,7.164655921255233812e-08
-1.495111290354356835e-06,2.568512157643369094e-08
-1.500505895168775304e-06,-1.470466634915484509e-08
-1.504409936569827005e-06,-5.064751948855878385e-08
-1.507731637364613880e-06,-8.340328183650493258e-08
-1.511155985706270399e-06,-1.147102752761080886e-07
-1.515136854834688047e-06,-1.466050870384000595e-07
-1.519796540654762807e-06,-1.812894114200447618e-07
-1.524902937229369709e-06,-2.214486378874575880e-07
-1.529842649213785366e-06,-2.695459937228140285e-07
-1.533499426785492029e-06,-3.290219043907812332e-07
-1.533635651745273017e-06,-4.068538358411058956e-07
-1.523259956759966320e-06,-5.003968828298822501e-07
-1.501323749364584362e-06,-6.028103278107456895e-07
-1.466992001348837591e-06,-7.054510956700549509e-07
-1.425246936247186591e-06,-8.044498298745670192e-07
-1.377630991875807745e-06,-8.991296582288688403e-07
-1.325509470842296232e-06,-9.885193533892516044e-07
-1.269839955510504735e-06,-1.071969272284244553e-06
-1.211799997988615008e-06,-1.148707683426403301e-06
-1.152431238171217329e-06,-1.218569165937078400e-06
-1.092698700352471459e-06,-1.281488347892459015e-06
-1.033229503417722443e-06,-1.337835003801519484e-06
-9.746545254844048668e-07,-1.388018501008403175e-06
-9.171271093028986138e-07,-1.432707355290262901e-06
-8.608455483687279799e-07,-1.472565434157815861e-06
-8.054941053746448530e-07,-1.508384045024596639e-06
-7.508817796699421335e-07,-1.540820680828342935e-06
-6.962007727204977079e-07,-1.570799071153213836e-06
-6.408555855226252657e-07,-1.598498489759607869e-06
-5.840746460803016685e-07,-1.624214485886379084e-06
-5.251894356181730838e-07,-1.648166422738844299e-06
-4.634114166509909236e-07,-1.670452312797999853e-06
-3.981116904339276720e-07,-1.691028588077279404e-06
-3.284601325474287846e-07,-1.709706480041706120e-06
-2.539356721187498696e-07,-1.726159343665620187e-06
-1.739170274240150851e-07,-1.739868090032796197e-06
-8.349851356442490994e-08,-1.750100636592268054e-06
8.759227738381950038e-08,-5.095568728499187755e-08
1.016095762329039297e-07,-3.956980332449534725e-08
1.107612232903975399e-07,-2.832454830471698136e-08
1.149734505069466227e-07,-2.053846939565738359e-08
1.160103402879263713e-07,-1.852040850565682608e-08
1.368303687408581083e-07,-7.190038782735812177e-08
1.807317738699568389e-07,-1.155521785161843647e-07
2.428491605042657699e-07,-1.611690453876600436e-07
3.205600218779369740e-07,-2.081463210879810901e-07
4.111530429922993584e-07,-2.556791319631082725e-07
5.119421062038796458e-07,-3.029586728111674625e-07
6.202893639716697920e-07,-3.491890920918388132e-07
7.336037954744010845e-07,-3.935921426668919164e-07
8.493886710586224696e-07,-4.354221258535973431e-07
9.652960171513624043e-07,-4.738603848448161555e-07
1.077182868184333999e-06,-5.070938450066031459e-07
1.134878682642236784e-06,-6.300396995852779710e-07
1.086839272039551849e-06,-7.265232542373191716e-07
1.036158483428443226e-06,-8.222159167105935899e-07
9.834938209145209467e-07,-9.150259178851835435e-07
9.295895823849327137e-07,-1.003339492654934868e-06
8.755282121751937085e-07,-1.085689013969183670e-06
8.219913175401547933e-07,-1.161367031933671877e-06
7.700040289029685015e-07,-1.229554377905405843e-06
7.199777869299684657e-07,-1.290346830731483676e-06
6.726174417857926557e-07,-1.343468251408942273e-06
6.278729360675977088e-07,-1.389492839423097998e-06
5.859566305690442432e-07,-1.428687754605812809e-06
5.463939113273159875e-07,-1.461534021729265470e-06
5.080939345620887036e-07,-1.488921880529999750e-06
4.709182477306067115e-07,-1.510489424496989326e-06
4.330486483319134560e-07,-1.528448907667013151e-06
3.937035530453526943e-07,-1.542976709277730447e-06
3.517225256947063832e-07,-1.554214999002199077e-06
3.056289457784603385e-07,-1.562148354807133785e-06
2.540950105023264669e-07,-1.566577748400379477e-06
1.951155261638472602e-07,-1.567028515185368909e-06
1.525542542937536456e-07,-1.445710246116329267e-06
1.682755416762598489e-07,-1.317782520797423943e-06
1.799455352742715144e-07,-1.179258001202354571e-06
1.874933544871782892e-07,-1.033354178074193244e-06
1.907212531076141286e-07,-8.835797232718106783e-07
1.894470898089941741e-07,-7.336476945607662590e-07
1.834853286618529138e-07,-5.874130259367331062e-07
1.726515606675102385e-07,-4.488869150261187613e-07
1.567628973379001129e-07,-3.221969142120697751e-07
1.355416260926911366e-07,-2.115880334249234375e-07
1.083769111513905822e-07,-1.227343389863776501e-07
1.151359119390884359e-07,3.937387684306957181e-09
1.142463063711411850e-07,1.263170367874468515e-09
1.143072124780834947e-07,7.059168610267569091e-10
1.150783032663830678e-07,1.364158687133498157e-09
1.161684264907167674e-07,3.647776890708225829e-09
1.515080966912146324e-07,2.240577697282099638e-08
1.885047559740034946e-07,4.817657934451777706e-08
2.308544138566819493e-07,8.288142702463421944e-08
2.784333958835697856e-07,1.263289464262172995e-07
3.306827859498069337e-07,1.780164155006412792e-07
3.869407080090069480e-07,2.372854272891314514e-07
4.464751287481298537e-07,3.033830514249302880e-07
5.084803475112773976e-07,3.754552504069300627e-07
5.720852629794643264e-07,4.525576323303914050e-07
6.363382956623842662e-07,5.336959400772893848e-07
6.996491932024681705e-07,6.172639862475397835e-07
8.343770988630246570e-07,6.390743981159664703e-07
9.041930338477585264e-07,5.762281344582561267e-07
9.695879287708104012e-07,5.135605114714225941e-07
1.030444252646140370e-06,4.517919558050364669e-07
1.083137284214715220e-06,3.916879006214331211e-07
1.130673336839265103e-06,3.332082148526333541e-07
1.172730362311622822e-06,2.775697111990413876e-07
1.209398215261299288e-06,2.251532085483497985e-07
1.240791489156248551e-06,1.766735524347572101e-07
1.267242635120069342e-06,1.321147673474952044e-07
1.289055206043882451e-06,9.178916043106753441e-08
1.306644731169548324e-06,5.524941199753413448e-08
1.320355621233995548e-06,2.228488536917214049e-08
1.330519017931234017e-06,-7.984604482700875409e-09
1.337341834593516428e-06,-3.636494085064185929e-08
1.340896782628964867e-06,-6.411216655114647691e-08
1.341057895307717335e-06,-9.264192730061754160e-08
1.337476529962601055e-06,-1.234697742588154506e-07
1.329500218018634391e-06,-1.585724774871813843e-07
1.316230838713817584e-06,-1.995418542773831210e-07
1.296395512775311717e-06,-2.485569093199079405e-07
1.158759126976670904e-06,-2.519445596474146899e-07
1.047781390821598443e-06,-2.066422068770702820e-07
9.338869359166286739e-07,-1.630125801731043287e-07
8.179296693678749683e-07,-1.217621324275039915e-07
7.024033323426582384e-07,-8.387668864834352593e-08
5.898740051198339830e-07,-5.024246821492733561e-08
4.828957050823310204e-07,-2.174689252165298440e-08
3.840669776727987100e-07,7.049263904803815340e-10
2.960318776619107904e-07,1.619057926247385873e-08
2.214928730273495815e-07,2.375135936540248347e-08
1.632892881999578367e-07,2.233119335772315163e-08
5.471378066243156492e-08,4.395172119947499762e-08
3.329203026615317818e-08,4.353346175939039675e-08
1.527794268099313271e-08,3.798673953495077238e-08
2.832569658983456245e-09,2.971922883643336176e-08
-4.497954990339943378e-10,2.229599031101827918e-08
2.425055123397618800e-09,5.148396953241166429e-08
-8.676682771892366730e-09,9.455972176798525324e-08
-3.084720369828848915e-08,1.495522544656613751e-07
-6.280427281120070580e-08,2.148094584784825278e-07
-1.036820922048463201e-07,2.889620472422279993e-07
-1.525697733903103397e-07,3.704998171905364750e-07
-2.084733425249863751e-07,4.577971896128429524e-07
-2.703254116505641206e-07,5.491250234935794319e-07
-3.369609784848134639e-07,6.426141330202655997e-07
-4.070775298514647289e-07,7.363548014980934873e-07
-4.797881981469860623e-07,8.292484653377202759e-07
-5.019926521925095674e-07,9.676582052089172594e-07
-4.475423800732636915e-07,1.006179770898080328e-06
-3.974591223474865894e-07,1.037055255257097571e-06
-3.508347404392267786e-07,1.061496951950404186e-06
-3.071864257610168459e-07,1.080456429532486089e-06
-2.654878322250039270e-07,1.094826842085359583e-06
-2.251188781882383816e-07,1.105240661542155751e-06
-1.852249917670785557e-07,1.112207145187170033e-06
-1.451688473388800899e-07,1.116057027491453669e-06
-1.043322950575438009e-07,1.116989079852231340e-06
-6.215829487265691239e-08,1.115080191857414561e-06
-1.827095032062434336e-08,1.110281813584562820e-06
2.787272424211149593e-08,1.102454429359371728e-06
7.649018857768214687e-08,1.091402346324863690e-06
1.279900945202584559e-07,1.076850586807103939e-06
1.823242485384542768e-07,1.058506658299711723e-06
2.397344159011600643e-07,1.035997788209595691e-06
2.999535179299905421e-07,1.008992858756287689e-06
3.630746790588949558e-07,9.770688209520306299e-07
4.286556123000594024e-07,9.399005305426193736e-07
4.965887571890675138e-07,8.970850965964792182e-07
4.995342352392398340e-07,7.621011453876508745e-07
4.377061107280798661e-07,6.763931770813628291e-07
3.786451540543445383e-07,5.915897915839575386e-07
3.230242382978536940e-07,5.086624965722091949e-07
2.715968245773820634e-07,4.288393102724978104e-07
2.250097116282576629e-07,3.532711740819400184e-07
1.838246554119257401e-07,2.829893808974081629e-07
1.485285495816078655e-07,2.189219906043583222e-07
1.195315256690593991e-07,1.618891959306416047e-07
9.720738955921166771e-08,1.126313047297651686e-07
8.210305878802015125e-08,7.221670411855757607e-08
-1.492619174945619644e-08,5.540306325963228597e-09
-1.286219900243300639e-08,5.276858942559432212e-09
-1.265200799528375923e-08,4.029096996214186603e-09
-1.336770821145517658e-08,2.930074516578302327e-09
-1.456381302655526428e-08,4.829596447680403227e-09
-7.348074940106927739e-08,2.843396886722798430e-08
-1.447045404274304508e-07,3.146433762513239874e-08
-2.355541933221856093e-07,2.332028651699291364e-08
-3.423356037700397351e-07,5.333086019981987614e-09
-4.614852347938979960e-07,-2.125731577809347585e-08
-5.895049527903444152e-07,-5.525030823550829354e-08
-7.229427194033431699e-07,-9.546346276033501661e-08
-8.583912331083275448e-07,-1.407318148129587501e-07
-9.924355044700514655e-07,-1.898933796452068502e-07
-1.121740719071113073e-06,-2.417036805360222043e-07
-1.244302999862645741e-06,-2.951646846984959277e-07
-1.390636374518817520e-06,-2.990064210701583785e-07
-1.411543077684432523e-06,-2.490524291396921907e-07
-1.425480492025018721e-06,-2.074811346497050415e-07
-1.433731687068274237e-06,-1.719563390359026497e-07
-1.437201731616898977e-06,-1.406799054423183941e-07
-1.436531078489695799e-06,-1.114719758944599457e-07
-1.432031609960113546e-06,-8.258590880778576128e-08
-1.423770710051580791e-06,-5.244854293270759845e-08
-1.411595418711120650e-06,-1.959007278984125140e-08
-1.395211326012996030e-06,1.687213924138991607e-08
-1.374184979367574338e-06,5.797366985892295112e-08
-1.348088923331330497e-06,1.038984242762076084e-07
-1.316420686879607590e-06,1.551574165912086067e-07
-1.278841479181942201e-06,2.113026240389665154e-07
-1.234996435235119531e-06,2.723017546868921370e-07
-1.184830510190102357e-06,3.372096982505533546e-07
-1.128350627137802321e-06,4.054812800206737313e-07
-1.066075209331975941e-06,4.756071814165094464e-07
-9.951910932704711733e-07,5.473503249526221141e-07
-9.201419786635317374e-07,6.197959188375695713e-07
-8.417282563354798203e-07,6.917965232931644302e-07
-6.980118603247430737e-07,6.720729315583825948e-07
-6.295393477409939230e-07,5.787191652777188350e-07
-5.574091361680326514e-07,4.861719532474893777e-07
-4.843561411463013387e-07,3.973194176283884018e-07
-4.118545178088970880e-07,3.137977912620837975e-07
-3.412688595523202491e-07,2.372329405628367819e-07
-2.739104124049111911e-07,1.691765064932558078e-07
-2.110175851216797710e-07,1.110784519733472834e-07
-1.537622356310868235e-07,6.430249325388126866e-08
-1.032666221781638773e-07,3.009948664684330757e-08
-6.023389921040506145e-08,9.124801729085606239e-09
-1.513596747110408501e-08,-2.060293642377492658e-08
-1.545850185300425101e-08,-2.019154301538509914e-08
-1.460427445385562805e-08,-2.335120656122266769e-08
-1.381055517878757280e-08,-2.983110198712629398e-08
-1.486448732315729988e-08,-3.668569958276613393e-08
-6.265664153822291732e-08,-1.219747217607140157e-07
-9.106181030170425261e-08,-2.129981644120904477e-07
-1.142494302889971109e-07,-3.233214934270762111e-07
-1.322402222275620282e-07,-4.499420788547166858e-07
-1.451597102926163372e-07,-5.884746065045411643e-07
-1.532028721551612797e-07,-7.347114418908322057e-07
-1.565587671200403655e-07,-8.846426769550763193e-07
-1.554142380574441145e-07,-1.034415924520979848e-06
-1.499539223703297154e-07,-1.180339350619284175e-06
-1.403373117287434573e-07,-1.318903358247061183e-06
-1.265862557008902149e-07,-1.446065836653200853e-06
-1.846062968498867805e-07,-1.560815938065082364e-06
-2.585114086634522959e-07,-1.556908725894799958e-06
-3.274983510276806544e-07,-1.549245890449713455e-06
-3.921540339320220555e-07,-1.538089832918959071e-06
-4.528314873941708119e-07,-1.523601482412145255e-06
-5.101967291066979830e-07,-1.505864090956063266e-06
-5.647312275371001566e-07,-1.484870106083356455e-06
-6.169912236293295027e-07,-1.460551349770763833e-06
-6.675920492684691365e-07,-1.432668497581052774e-06
-7.168362186438044885e-07,-1.400515818402362217e-06
-7.653751844176966048e-07,-1.363731731734383258e-06
-8.136496125352624652e-07,-1.321927176235266265e-06
-8.618257844410674079e-07,-1.274781109135460510e-06
-9.101646079264194441e-07,-1.221776911400532543e-06
-9.584896627235149964e-07,-1.162848810959075221e-06
-1.006772748156547224e-06,-1.097654087371306092e-06
-1.054533115235583981e-06,-1.026446850538937992e-06
-1.101518003302238655e-06,-9.493131043938236860e-07
-1.147057079991091700e-06,-8.669613796843185551e-07
-1.190780029661765850e-06,-7.800294683959630277e-07
-1.232300003405429727e-06,-6.899276834025329236e-07
-1.154738031650706096e-06,-5.742854423915792806e-07
-1.028072861370069617e-06,-5.415571761366972606e-07
-8.946283036829565736e-07,-5.016077249746442366e-07
-7.592667438112135513e-07,-4.564871316747046785e-07
-6.251908193993979598e-07,-4.072815728288681301e-07
-4.957574111592437480e-07,-3.550179967040844329e-07
-3.744106444135795421e-07,-3.007522655234448155e-07
-2.646418282526077570e-07,-2.455573937456299771e-07
-1.699902920247911482e-07,-1.905188740232134472e-07
-9.401233296765252507e-08,-1.367106323509751171e-07
-4.018365510799073539e-08,-8.495785714599635528e-08
-2.569825490710065048e-08,2.635814859228652547e-08
2.348455149067961588e-08,-1.146340746001513343e-07
1.150588544488312953e-07,4.431665314696450209e-08
1.439454671720612001e-07,-2.300187779646313504e-08
-4.934206998478562914e-08,-2.612764435910395881e-08
-5.901970561352373784e-07,7.511564365671016340e-07
1.119646863825362138e-06,-3.812090983929563924e-07
1.295059585390690374e-08,-1.450355742903837820e-06
-1.202541722632814788e-06,-4.367617012387384904e-07
6.000170743613492010e-07,6.895505470144543024e-07
8.764183655946594878e-08,1.148926012557113526e-08
-4.330413017533502460e-09,4.471675451965148084e-09
7.128979517081930933e-07,8.455215664800310212e-07
-7.095475440693442933e-07,9.162262419455727524e-07
1.500114510555106489e-08,-1.181980372112124530e-06
-9.445489114783024500e-07,-3.460947085181847166e-07
1.734245444413638480e-07,1.199098420820794536e-07
2.123938963577439111e-08,-3.177568862827840549e-07
-1.974837441292913418e-07,-8.191198517802571652e-08
-8.983384693205915292e-08,1.034907044801234291e-07
2.649916005377350810e-07,-7.107358563712958861e-08
4.747712042570074075e-07,5.212356499552266032e-07
8.919353755525715612e-07,-2.993252974926909617e-07
-6.730321252737966417e-07,-2.510627156441435438e-07
2.557818260119302848e-07,2.284505535581491364e-07
-4.148135321883850981e-07,-1.600124147449525169e-07
1.708128967306640427e-08,-8.840860588178195930e-07
3.579582416632616673e-07,3.646015962497404002e-07
1.916306025631381448e-08,-5.855241957800076952e-07
6.601120566976803325e-07,-2.161582501538098833e-07
4.442100361451254406e-07,-1.378245379231648174e-07
-1.869315446760703148e-07,2.264771915600710507e-07
-4.468116460889888089e-07,5.638686154842279684e-07
-3.090023894893260216e-07,3.841723142324873116e-07
1.077095657879812512e-07,-4.089969958713204668e-09
-4.647303621535343030e-09,-5.247435901232025720e-09
2.753888517951725351e-08,-4.097690153215066774e-08
1.292132201558069676e-06,-4.426266505156103537e-07
-1.385118204123828012e-06,-5.020248906335862513e-07
1.124073328991601707e-07,4.810203547550638889e-09
-9.024221802458683365e-09,5.242870912752952444e-09
-1.022921520228259192e-06,-1.223557466149071339e-06
8.936841992827894448e-07,-1.230047812809619168e-06
1.322136016050978420e-08,-1.628520523061064900e-06
1.018297856695632277e-06,-1.071465587972766549e-06
-1.132753457882334973e-06,-1.086195713327579072e-06
-9.719895827358610206e-09,-1.403417314831251010e-08
1.013103404498858677e-07,-1.452327509088079243e-08
-9.117603587260912352e-07,-1.332400922909932452e-06
7.721053093854015528e-07,-1.352466329937512700e-06
1.134437947190525665e-06,-8.817658640105901541e-07
-1.235216986092725376e-06,-9.206446270136163919e-07
-5.259778160580443317e-11,1.238356520847443786e-08
4.903398894112428237e-08,2.218563150324723077e-08
-9.242087805498113726e-07,7.658402303732069199e-07
9.083308667690149655e-07,7.057232961419513805e-07
-8.049038959760771018e-07,-1.417448658700156461e-06
6.646005756372907846e-07,-1.442066185749037138e-06
1.226805194360032885e-06,-6.945519643465916012e-07
-1.319054611092683609e-06,-7.513048158879214582e-07
-1.061913238154596328e-06,6.298099463824097154e-07
1.027492483284689102e-06,5.852949162769445299e-07
-7.085566390161779295e-07,-1.480627628600033814e-06
5.791931610693171186e-07,-1.502254757586859253e-06
6.744822577405823165e-08,-2.574957886263749786e-08
-2.829265905997611613e-09,-2.135437642932644591e-08
-1.193573918842581562e-08,-2.078999943812415491e-08
1.118625786232362861e-07,-7.119306084208238516e-11
1.101065989593235149e-07,-1.463118098607767476e-10
-9.479541735290445548e-09,3.437653500952805249e-09
-8.967993010168841350e-09,3.073767020198246021e-09
-1.202575556675070633e-06,4.734251215049698167e-07
-1.256111398560025341e-06,4.017879553811123034e-07
1.191467025828390251e-06,3.886440046791598419e-07
1.146540716728858773e-06,4.500836320717669946e-07
-6.006321292550285900e-07,-1.541632281945610520e-06
-5.475823240636203238e-07,-1.565128646229050625e-06
4.963603875619921793e-07,-1.553361281873958294e-06
4.588198682316865126e-07,-1.571889070233365085e-06
-1.303597955402227141e-06,3.264845912665205317e-07
-1.342868810011973054e-06,2.612966514590078076e-07
1.231231635961962450e-06,3.241426668303583879e-07
1.264151889956605947e-06,2.682628307457966184e-07
-4.873431103493439958e-07,-1.585967736427379790e-06
-4.287761681032832550e-07,-1.604730408266378781e-06
4.172905418852738942e-07,-1.588216453583207768e-06
3.771464087055184170e-07,-1.603001218929708781e-06
-1.016912522236548987e-08,-1.821339719853056320e-08
-1.140299982067240070e-06,5.541008056958374342e-07
1.094128482644752390e-06,5.195659789113197914e-07
-6.564993728867084278e-07,-1.515595314922942651e-06
5.377917376824782167e-07,-1.532199799570160675e-06
-1.376061731862167131e-06,1.955018635941104232e-07
-1.402411798909715854e-06,1.401328809430193194e-07
1.292021656710824831e-06,2.116866193648114019e-07
1.314262212505979149e-06,1.638183433494838270e-07
-3.615023352029330545e-07,-1.620553295024786173e-06
-2.949576255416587261e-07,-1.634353865535458242e-06
3.301874445645610779e-07,-1.616080814476429078e-06
2.818816883212245023e-07,-1.628158356441800164e-06
-9.476309728868376143e-09,2.630517634591591196e-09
1.126307982007376298e-07,9.510267760941951125e-10
5.613438973273229891e-07,9.672892076370809652e-07
4.903787630546838520e-07,1.007559650993952987e-06
-4.984445413677310592e-07,1.063723040013800934e-06
-5.588752459958523434e-07,1.031164239026569255e-06
-1.423553200983519680e-06,8.620951154404641851e-08
-1.439650782714247968e-06,4.185618995719163850e-08
1.332213432317882940e-06,1.168164056596318363e-07
1.346029980643743581e-06,7.771844607788752308e-08
-2.180911574999931239e-07,-1.644456244164932326e-06
-1.409015738109754557e-07,-1.652217232957191778e-06
1.585016233846487599e-07,-1.646939847185645564e-06
2.227392111038693124e-07,-1.638228126116544961e-06
1.063523185877953775e-07,4.202560326707808066e-10
-1.114118510658281721e-08,1.446464711499641103e-09
4.162262024072576257e-07,1.043285667203785988e-06
3.503922287061475305e-07,1.072472779007729748e-06
-3.891787202986882327e-07,1.110791988828976079e-06
-4.391585951244226368e-07,1.090385475255310668e-06
-1.451892266574566298e-06,-3.980359003396995946e-10
-1.460885696390928210e-06,-3.509137601595312485e-08
1.364626233142153521e-06,8.284758750257651306e-09
1.356666460312264368e-06,3.991153788828486953e-08
2.825538160564948454e-07,1.097531239871788547e-06
2.227319663937690418e-07,1.117266711885582401e-06
-2.961641715723216493e-07,1.139678190836703960e-06
-3.393822285051599092e-07,1.127235879396560505e-06
-1.467363824610818732e-06,-6.866867820761839067e-08
-1.471948293721695997e-06,-9.770050017913789482e-08
1.370476943151297609e-06,-2.299644449854100957e-08
1.374724671187042630e-06,-5.066465318247732289e-08
6.425626296800358081e-07,9.193829779399896422e-07
-6.363171258623779248e-07,9.893250022338571746e-07
1.618064394617188680e-07,1.133452016642412269e-06
1.083421378320532612e-07,1.145468927997648029e-06
-2.117120837303368675e-07,1.156526947092314610e-06
-2.518010258550761908e-07,1.149445482306870066e-06
-1.474812907413158497e-06,-1.283086852774873945e-07
-1.476291386067277330e-06,-1.581072543037844184e-07
1.377453823217958558e-06,-8.041469641951044931e-08
1.378924346909716619e-06,-1.097663550186150800e-07
-1.031976668340769908e-08,-1.336311900321163643e-08
-7.726577934577969156e-09,-1.570247401261823275e-08
1.083728255004180399e-07,-1.307151970320192875e-08
1.089203823977882660e-07,-1.129197759924231474e-08
3.692424330156940573e-09,1.710011042012658780e-08
1.964552535324226620e-08,2.304572052671282704e-08
5.423072656120853127e-08,1.154568979640528165e-06
6.712904002779585232e-09,1.160519235082335781e-06
-1.287551751561295763e-07,1.164443167583469345e-06
-1.689692956239609382e-07,1.161542719693922081e-06
-1.475775176625725335e-06,-1.937890052214558449e-07
-1.473197338925915658e-06,-2.327009177696277715e-07
1.378524982925137649e-06,-1.450877965425106363e-07
1.376173674115311737e-06,-1.835557342621165894e-07
1.360486807477457477e-06,-2.895685002679797607e-07
1.370218714954560541e-06,-2.331925104741060839e-07
-1.466802790229980921e-06,-2.831707842854602136e-07
-1.456411764114458976e-06,-3.408609656312800529e-07
-4.155428419020124890e-08,1.164115113197939614e-06
-8.444003364110039891e-08,1.165312138758383402e-06
1.345391164280493471e-06,-3.706088008350507093e-07
-1.440500010871168567e-06,-4.255550610451204765e-07
-2.676118951059575491e-09,-6.074062310611287470e-09
-6.783820138412942794e-09,-2.027811329520789063e-08
1.092057791587909349e-07,-1.717055125015721933e-08
1.044171947729923053e-07,-5.248300238115729710e-09
7.444805828188219329e-08,-1.595489439098125092e-06
1.059400922455237334e-07,-1.679354870279503029e-06
-8.421874709602313902e-08,-1.684743122767462758e-06
-4.915596302326205097e-08,-1.595128369819810450e-06
-1.455809936241127983e-06,-5.000561652197073275e-07
-1.373246700740142086e-06,-4.251870069816471318e-07
1.279993113403031966e-06,-3.701506506461259879e-07
1.361091907004038815e-06,-4.415966213381189380e-07
6.603792824371911563e-14,2.030860347892095421e-08
3.755475771977907253e-10,6.536573015025648586e-09
2.727509012755267316e-08,1.190877751686341964e-08
4.060015153587942882e-08,3.343150068557056463e-08
1.222163109898016742e-08,-1.688009577517779686e-06
1.014268686637649116e-07,-5.511862375978544285e-09
1.097993541713373114e-07,-1.833788359367159627e-08
-1.336027989930741002e-08,-1.811495393997749734e-08
-5.556100114674158326e-09,-7.209797302964343616e-09
-1.909082237908640331e-09,-1.085861062083337068e-09
1.056071350054108736e-07,-3.784756782531681592e-10
-5.869083087566145616e-09,-8.485511915632663657e-09
-1.261241036609163579e-08,-2.203865243142838795e-08
1.019579260577594696e-07,-2.613638299761835138e-08
8.778381318985176488e-08,-1.870437525837610825e-08
8.760505136899835835e-08,-3.434463999964149187e-08
-1.245995389995707157e-08,3.724060423225597695e-09
-4.975554077997039042e-09,1.773082191827121492e-09
1.111289201688158267e-07,1.336693920474151250e-09
1.140259348251663850e-07,2.641414281491117463e-09
1.044443508708102650e-07,8.213200434401318213e-09
9.298594584239459017e-08,1.385344967465918243e-09
-3.884454191845856446e-09,8.080499728581321350e-10
-1.365835079599778249e-08,2.006984125066976093e-09
9.198595312695564288e-08,-8.368488361814089856e-09
7.388956056478044694e-08,-1.136343188021778137e-08
-1.368584358582150415e-06,-6.511979367496340431e-07
-1.328457153145484865e-06,-5.516054896455328572e-07
-1.423672490580307323e-06,-6.026799269736349289e-07
1.277730685659062457e-06,-5.890731945253388989e-07
1.331745707791519455e-06,-5.410324364803619304e-07
1.237117038824158139e-06,-4.892777755930119750e-07
5.742045314646280300e-07,-1.540280843779164181e-06
5.424147417274794252e-07,-1.494917714719335915e-06
-6.626355613179875512e-07,-1.470486434489130890e-06
-7.024286413666442108e-07,-1.525894093061628779e-06
1.094318427527090901e-06,5.877372196372009867e-07
1.028469721602933660e-06,5.166717682657572635e-07
-1.063516374831253106e-06,5.508539706629483232e-07
-1.139936905951899462e-06,6.325981575283509604e-07
-7.126606744031838051e-07,9.895261028234484155e-07
-6.318241244279064139e-07,9.186776190019859847e-07
6.382545520402134016e-07,8.470008042491576588e-07
7.167316298925200123e-07,9.187286163898220630e-07
-1.393011705336206695e-06,-7.283751520087216381e-07
-1.294426073919921271e-06,-6.747034269280644734e-07
1.202273330996523398e-06,-6.132751860486746462e-07
1.303272704531092793e-06,-6.697303564226317709e-07
7.057034309333411322e-08,-4.153737757027247666e-08
-8.292380971914708033e-07,8.552017832516982663e-07
-7.360506139400169719e-07,8.402924184803088140e-07
-8.013163427124538612e-07,9.309007372372472360e-07
8.238514886276647082e-07,7.878343006543377315e-07
7.989525389972185451e-07,8.597074775149385594e-07
7.371896517074567970e-07,7.734795048992402091e-07
8.351824094302792858e-07,7.035730816072125080e-07
8.970799155530633264e-07,7.899256212106739589e-07
-9.106617227200789902e-07,8.577990509312871159e-07
-8.424213664818498072e-07,7.638759188091506667e-07
-2.604650551132310444e-08,-1.595468460827594763e-07
-1.039671456452518358e-08,-7.730283433158315128e-08
-1.935359244471816632e-08,5.496694429218987869e-08
-5.341879965599157019e-09,2.450423754908665136e-08
1.476549827110527349e-07,4.642613102674705751e-08
1.192582702008693056e-07,2.062626449193867707e-08
1.607104781267333885e-07,-6.207947941126648467e-08
1.218694540678076841e-07,-3.222840922579044648e-08
-9.041502928198624664e-08,-3.223618077113090660e-09
-3.413161097185721378e-08,3.213269403148337738e-09
-2.756265332602457152e-08,7.831370972417162779e-09
-5.855529411499441547e-08,2.859915720204635948e-08
5.781984180295209193e-08,-8.180160100957187141e-08
7.193426140607162620e-08,-1.588981958526389459e-07
1.314426186327376467e-07,1.993447172229710820e-09
1.772690864254940490e-07,-4.438443917655654667e-09
9.065421785388224627e-08,4.284295280593854806e-08
1.074970652289531882e-07,7.492978801815012459e-08
-2.208779473333609806e-08,-3.757812360067752090e-08
-6.972963617028998474e-08,-7.261170289199319762e-08
-1.334624573581513979e-09,2.869858481101477534e-09
7.448292032657975365e-08,7.013261695074484758e-09
-6.091951397646550471e-07,6.654008701070982060e-07
-6.768948863879707466e-07,7.573789937580073192e-07
-1.117581930967519141e-06,-4.866396054560338751e-07
-1.237799878249439146e-06,-5.219918377132121947e-07
8.643590283353156872e-08,-1.386274993086543889e-06
7.748589558044332904e-08,-1.509017232397708769e-06
1.083841116443419598e-06,-2.959679413979930595e-07
1.195295720318303284e-06,-3.392912415176471570e-07
5.185980749937985576e-07,6.826543412336268398e-07
5.823337887251402247e-07,7.687278096354228570e-07
1.151212933998901821e-06,-4.603517036809815609e-07
1.043694820706295364e-06,-4.260266841065582261e-07
-5.727124932083953457e-07,8.369535818028653210e-07
-4.993882035673834513e-07,7.432600882174642755e-07
-5.242935621343204687e-08,-1.507962928570088529e-06
-5.961589500247468505e-08,-1.386752723974347853e-06
-1.284347755488311363e-06,-3.915742275013586286e-07
-1.162514639258002151e-06,-3.426834205692163714e-07
6.805441657285663886e-07,6.957391240884096002e-07
6.179657778689807368e-07,6.112714137046160410e-07
-3.774258077539588678e-10,4.917875543693805594e-09
5.355013487354639152e-08,1.002583015723883078e-08
-4.409258300690662650e-08,9.896037746046357280e-08
-5.318508151989029299e-08,5.857385781553298607e-08
-9.805942399452178228e-08,6.185563196359489116e-08
-3.962644567741120466e-08,-2.613134535793451589e-07
2.236665452170884076e-08,-2.059465699390031058e-07
8.318125698005054905e-08,-2.606361721940373751e-07
2.180577035497782628e-07,-9.649651472357572900e-08
1.958435256512729533e-07,-4.422440957481248702e-08
2.412241413697903635e-07,-1.829076698612991157e-08
1.821173390584028963e-07,8.055239679511481658e-08
1.409817869110107249e-07,7.778361373997304104e-08
1.316296215979560234e-07,1.162710397596947897e-07
-1.686279313710609217e-07,-1.882501111548789161e-08
-1.129922544894497086e-07,-5.060089014213267345e-08
-1.399825018315922843e-07,-1.130657332198554208e-07
9.868740627598827462e-08,2.450582494047396720e-08
7.972311903975550475e-08,2.485921639543444009e-08
-1.098391026962144010e-08,1.113334114773866677e-08
-1.107989194027085930e-09,1.235544830396303001e-08
-2.943093098851854050e-09,1.901124856525975312e-09
-6.833074865773786435e-09,3.779972303579690312e-09
1.099974656208306231e-07,3.897976362944892159e-09
1.081483179556619533e-07,2.418006130234687202e-09
-1.015251500345372473e-06,-1.162205352504601247e-06
-1.068191440769147071e-06,-1.091844443322410848e-06
-1.076320423182851800e-06,-1.156847086696219793e-06
8.852887763559931927e-07,-1.160084014414126423e-06
9.540409166148257197e-07,-1.153240694226703973e-06
9.451116858052727357e-07,-1.078598087874681882e-06
-9.649347443342659906e-07,-1.222362107668277247e-06
-9.656261500469297631e-07,-1.279650673584267769e-06
-9.111231923495116355e-07,-1.278535379617235693e-06
8.294578557539857081e-07,-1.229454702538100600e-06
7.714592774176179730e-07,-1.293496555286362655e-06
8.301359803914526467e-07,-1.293861612719326099e-06
1.001605091650803379e-06,-9.946431593344839299e-07
1.075501742572784942e-06,-9.781617519597659033e-07
1.058306692301675465e-06,-8.986414796035802963e-07
-1.117695717696624603e-06,-1.019130749458208784e-06
-1.167246150096808808e-06,-9.351067919321174265e-07
-1.182978833336480792e-06,-1.005214620211679903e-06
-1.236405401993825701e-08,4.276742995331182502e-09
-1.446558036939812456e-08,9.099788914837766608e-09
1.139202121996284786e-07,3.820236844082822075e-09
1.157190028827325399e-07,8.018393468052834630e-09
-8.614176726700456968e-07,-1.326736592910550578e-06
-8.568912585157601113e-07,-1.376091566737158532e-06
-8.092328139840543313e-07,-1.370691178118631238e-06
7.199763524189619452e-07,-1.347294496753460523e-06
6.686799874202388618e-07,-1.395001913572111082e-06
7.154443476832900423e-07,-1.399497532146218903e-06
1.110971574998993881e-06,-8.043098384032024812e-07
1.180803676552607239e-06,-7.879611936927767690e-07
1.157692088039051861e-06,-7.106979820424020622e-07
-1.213475901014855520e-06,-8.511354131693672227e-07
-1.254813251158869008e-06,-7.657547881803736963e-07
-1.276870102531987060e-06,-8.368204082884552663e-07
-7.600880555235324408e-07,-1.408585304889005972e-06
-7.559648262354664085e-07,-1.449595868014360282e-06
-7.125702019839308046e-07,-1.440878903788720724e-06
6.232907502818545929e-07,-1.434546061178727866e-06
5.824441447884281839e-07,-1.466756754931580087e-06
6.196822586384133771e-07,-1.473588583417601798e-06
9.063138179058955395e-07,6.402621292783540690e-07
9.669892990387365672e-07,5.811128501479194370e-07
9.688657578117431528e-07,6.444495760281254916e-07
-9.224231225074387707e-07,6.927090402212715008e-07
-9.936698237712764610e-07,6.971930895259260327e-07
-9.919959723055061381e-07,6.251915915336127072e-07
9.705432691524002925e-07,-2.530367859598329392e-07
1.007461772391493035e-06,-3.408053597917581633e-07
9.291445952789398207e-07,-3.870829634790099405e-07
-5.375975877355893301e-07,5.716491403746521131e-07
-5.184723275295324743e-07,6.574633693081321145e-07
-4.275473042638111125e-07,6.496157024488336426e-07
9.368594110824780005e-08,-1.251944400926883536e-06
1.394253105918192127e-08,-1.321489905577556068e-06
-6.473611529321662613e-08,-1.252510836784203642e-06
-9.872433688276746772e-07,-4.451932488995648796e-07
-1.076797864684616168e-06,-3.924773031089430369e-07
-1.034673536477944642e-06,-2.934680848561690229e-07
4.568688254266240920e-07,5.978023279286771727e-07
5.367517167924454489e-07,6.045158194112660380e-07
5.544420236681810007e-07,5.277176493304801862e-07
6.648454640849323486e-07,-1.486227616837355036e-06
6.201282406604711378e-07,-1.513925379817378612e-06
-8.053024687910846184e-07,-1.463658499433628538e-06
-7.564537109209503217e-07,-1.494394516712771502e-06
9.726243489825995445e-07,7.211472378182055622e-07
1.031279970354878592e-06,6.595247747592708829e-07
-9.972160099661820084e-07,7.829829288523402118e-07
-1.065570809153927382e-06,7.141761493706011210e-07
6.573620203398605617e-07,7.684773532300468856e-07
-6.518899315732802207e-07,8.360287697691123588e-07
-1.305599792935851053e-06,-9.097845987612426854e-07
-1.348375096810748550e-06,-8.256929800212327214e-07
1.211932753681135729e-06,-8.689533258891786068e-07
1.257754514231104694e-06,-7.751413213261417435e-07
7.748049694745112471e-07,-1.406771056347862729e-06
7.181256420530742435e-07,-1.448831828307654487e-06
-9.146190078945063030e-07,-1.383683220539988897e-06
-8.597532464936130309e-07,-1.424830136017831047e-06
6.162413135992132781e-08,3.089831051606066237e-08
6.906269707975663599e-08,1.747064089264667314e-08
-6.505534512125002181e-10,8.819607397151128248e-09
3.964735891275626235e-10,1.724627382371752369e-08
-1.199989180242473217e-06,-1.079003701807667666e-06
-1.252847086709554646e-06,-9.975349847588483869e-07
1.094331981839041528e-06,-1.062543187568823762e-06
1.153787423995503932e-06,-9.687772121751842754e-07
8.993233157135363098e-07,-1.295872336409475817e-06
8.355328657747616426e-07,-1.354499527522965332e-06
-1.028347981029605762e-06,-1.282091423698909425e-06
-9.709132658914192093e-07,-1.334885556096861854e-06
-4.655433399421260679e-07,4.795488175869765472e-07
-3.944644589645175534e-07,3.911588572828085247e-07
-3.765609719961786212e-07,4.721289778280118443e-07
-3.576013238674508427e-07,5.561326068145924004e-07
-2.907482742157731914e-07,4.646494201820641026e-07
6.241059501413085685e-07,-1.317039542191789779e-07
5.147291330560018305e-07,-9.642671177128736112e-08
5.488907321924487397e-07,-1.759710980590569033e-07
5.844000351668827355e-07,-2.602721572212299478e-07
4.776210978992828829e-07,-2.171330776507127371e-07
3.975490072377690908e-07,5.147410363209679035e-07
3.414056719255241596e-07,4.346845090183201811e-07
4.149042512237280876e-07,4.408678139487779732e-07
4.918521321727657154e-07,4.469805703042226290e-07
4.311074870684296643e-07,3.702952690706538946e-07
-5.048056440620509269e-08,-3.813513900557485023e-07
-5.874865528894935321e-08,-5.154414332306596963e-07
2.020100919823554400e-08,-4.457266797079926793e-07
-2.653302780723945397e-07,-4.265562623572818544e-08
-3.768596185665153733e-07,-7.355238433123236548e-08
-2.992835886125179091e-07,-1.187733512642517044e-07
9.192359120036270067e-08,-3.808196473283183163e-07
9.811510097947730278e-08,-5.149139138654588815e-07
-2.299352874216187586e-07,-1.575458683275889842e-07
-3.360839580574045215e-07,-2.048657192320260571e-07
6.969272007641180983e-07,-3.034989495757847116e-07
-2.000288772375523765e-07,1.649667108977716280e-07
-2.604561087743456696e-07,2.322754652279758205e-07
-6.903794975230218482e-08,-9.599301165671932636e-07
-6.793601103144054665e-08,-8.087439782351882850e-07
4.126931726473078626e-07,-6.517489330764003239e-08
1.990838185957376603e-07,2.236222711620175167e-07
2.415480693039572691e-07,2.881378323317389269e-07
-7.652670999894522014e-07,-1.969982623095015234e-07
-6.302897419100586321e-07,-1.518779628182414500e-07
1.812220272121714814e-08,-7.329809464010924742e-07
-6.453705315963583724e-08,-6.592707275625760862e-07
1.623012873939681006e-07,1.660886507058912121e-07
-3.256734161409884563e-07,3.081875851099198725e-07
3.046888656354512865e-07,2.934818700444355192e-07
2.891841889842164952e-07,3.588035879323039116e-07
-5.405536459314022399e-07,-2.044851088703593502e-07
-4.996746527818249769e-07,-1.103467325673538873e-07
-1.455359091965801487e-07,1.077048182273619987e-07
-9.012062545742450054e-07,-2.445689044404513823e-07
-2.453948020612494333e-07,3.017421424785577749e-07
8.126535578362319536e-07,-3.460139320389400985e-07
3.206300770896168215e-07,-3.883228114819322515e-08
-6.793748154487830141e-08,-1.109055142545944934e-06
1.018224507587524484e-07,-6.587390633673729828e-07
-4.548809399214512758e-07,-2.538950500711406635e-07
3.730425447332095871e-07,2.986931985917266722e-07
2.223780313082408096e-07,1.233530253843121799e-07
1.031393537341649117e-07,-8.082121926582705097e-07
-7.823864823219040225e-08,1.546044283737124617e-07
-5.828216275946272399e-07,-3.035238715399868595e-07
-8.523533827143940118e-07,-4.002196992911599388e-07
-2.282517751569592839e-07,3.770689663740031450e-07
9.897850121103695403e-08,-1.108522475328322419e-06
3.184387178971424000e-07,2.331209469040558168e-07
8.545819644804547139e-07,-2.108616144997490966e-07
2.917761070756058922e-07,-1.344028761280746004e-07
-1.347306587115477450e-07,1.599142371149358044e-07
2.118484518920057384e-07,1.703472140006844741e-07
1.021596729467167849e-07,-9.593995599092433514e-07
-7.164470452619831754e-07,-3.526575864426704437e-07
2.680051310281515060e-07,1.744253777324243003e-07
-1.712853236279395857e-07,2.951306945618712580e-07
7.382395540458231012e-07,-1.701360864245647066e-07
7.753024482788224941e-07,-2.575471505208333709e-07
3.791960888146898456e-07,-1.748991517577137218e-07
-8.088236341718119110e-07,-2.986293658671811552e-07
-1.209420334265577579e-07,2.204663519162156467e-07
1.604134507782226240e-08,-1.034984578154682408e-06
3.486882555011243889e-07,-1.025699282357179416e-07
-1.086109540080827220e-06,-1.220918186303102204e-06
-1.142945333612045161e-06,-1.153849812750887434e-06
9.646790319232749241e-07,-1.226351516613384322e-06
1.029459904579701174e-06,-1.149093754132780607e-06
3.932247466694288200e-08,-1.374211324590735065e-08
1.183661406010119838e-07,-1.093585597321908621e-08
-1.789722668668920068e-08,-1.258956001366045200e-08
1.209432379394566209e-06,-4.136230260895695378e-07
-1.299521212047566493e-06,-4.717658160461849064e-07
2.786060315172174884e-08,-6.794011558251145832e-08
-1.327380601023013767e-09,-4.246302256551878928e-08
5.390604230513936414e-08,-5.056784361137216808e-08
1.300001424447150299e-08,-1.546517711656179181e-06
4.922788665772587379e-08,-3.318483726285804709e-08
1.638032566605470270e-08,-2.029442281174747551e-08
