Size 955,2
0.000000000000000000e+00,0.000000000000000000e+00
0.000000000000000000e+00,0.000000000000000000e+00
1.095807156749019231e-09,-5.836888430928501562e-07
5.822903154648868980e-11,-4.998639486771421248e-07
1.200489219899685757e-08,-9.443091076480872748e-09
3.756732270176993999e-09,-9.055504166865403796e-09
-2.154589946693264030e-08,-6.355000021258875191e-07
1.600224079622170097e-07,-1.339791074864880818e-07
-4.864553747738052565e-10,-2.767268302543174212e-09
-6.610391584105813093e-09,-1.737455685000667147e-09
1.680913257876099668e-07,-1.504914739050308178e-07
-2.444215593585815564e-07,-4.550376457672100552e-07
3.554973431100129903e-09,-1.379981690902177011e-08
-3.325135212205525647e-09,-1.375549970934714115e-08
-2.693121031035085639e-07,-4.259591204512821819e-07
2.693534171141274397e-07,-4.259605018218138662e-07
6.676771940495277959e-09,-1.969450926595926646e-09
1.159991466938455015e-09,-2.336928912835313770e-09
2.445346540645697727e-07,-4.549785029850416473e-07
-1.676868522513109470e-07,-1.503636896260317206e-07
-2.433644467413617716e-09,-9.362338679863874678e-09
-9.506930300319264896e-09,-9.647421560084962706e-09
-1.596764810853492941e-07,-1.336928430764895809e-07
2.373483936222385145e-08,-6.354854915050712246e-07
4.334505691755107882e-09,0.000000000000000000e+00
2.708663168078420445e-09,0.000000000000000000e+00
-4.536154877647250825e-10,0.000000000000000000e+00
-1.212605681609016219e-09,0.000000000000000000e+00
8.655937700816673851e-10,0.000000000000000000e+00
0.000000000000000000e+00,0.000000000000000000e+00
0.000000000000000000e+00,0.000000000000000000e+00
0.000000000000000000e+00,0.000000000000000000e+00
0.000000000000000000e+00,0.000000000000000000e+00
0.000000000000000000e+00,0.000000000000000000e+00
-3.098293191130590133e-08,-5.832394229663088921e-07
-6.568581719219226005e-08,-5.842318853942843009e-07
-1.017478865941634657e-07,-5.886968977478887376e-07
-1.358738822748534680e-07,-5.958947285223515826e-07
-1.664391998014929152e-07,-6.051910939971478609e-07
-1.919682005017516921e-07,-6.157560576650557998e-07
-2.112961202228900233e-07,-6.265194848595107043e-07
-2.235748081270020358e-07,-6.364311746530807846e-07
-2.283395264521489067e-07,-6.442102275093335628e-07
-2.254850816557161696e-07,-6.488849220492636330e-07
-2.150668384991174703e-07,-6.492283162897748185e-07
-1.969486361948620491e-07,-6.442558144538412414e-07
-1.700977113365684119e-07,-6.344407621550324073e-07
-1.373219261483648749e-07,-6.174147340185592211e-07
-9.706751800963791602e-08,-5.903295925877801653e-07
-5.458873606752621618e-08,-5.559755130175853125e-07
-9.178663727210305770e-09,-5.127671670046663031e-07
3.458564429843253268e-08,-4.632749060536612320e-07
7.563156835321171312e-08,-4.086671552883012383e-07
1.120561735365959543e-07,-3.513734127267357844e-07
1.417710395548301537e-07,-2.939280783187868335e-07
1.630803119761173456e-07,-2.394780646835251905e-07
1.741192644363613614e-07,-1.918371341901441353e-07
1.738800133482813795e-07,-1.555489188052454031e-07
1.607711448951903143e-07,-1.380548895368822735e-07
1.411727301310705296e-07,-1.391420935204201226e-07
1.160298012707030149e-07,-1.610372076388746777e-07
8.933708899522230381e-08,-2.050683104687771563e-07
6.628114293412136301e-08,-2.676606548985012029e-07
4.888819851290404353e-08,-3.417021395738227607e-07
3.822973903530824917e-08,-4.222090091630772666e-07
3.473728258728068465e-08,-5.044006293732603633e-07
3.808718395064988314e-08,-5.839228295063589913e-07
4.734970078163314377e-08,-6.569808956009680378e-07
6.110157766330522861e-08,-7.204557633080146010e-07
7.762148535377870569e-08,-7.719445239486185730e-07
9.485352939096586663e-08,-8.098494644440748403e-07
1.109050292713877934e-07,-8.333354253862875727e-07
1.236315045171598890e-07,-8.423517906488980744e-07
1.315474269498200415e-07,-8.375621702361353427e-07
1.329496709486609430e-07,-8.199469863939016133e-07
1.267430156217973180e-07,-7.903917983030680539e-07
1.141139650059881299e-07,-7.489585777654597875e-07
9.190889159895006743e-08,-7.003942471509849869e-07
5.842264630823317797e-08,-6.441864281602438233e-07
1.673695941233574767e-08,-5.876684492710150796e-07
-3.198313204551528066e-08,-5.323108184888139617e-07
-8.563381937248421052e-08,-4.828155027538553728e-07
-1.383928163579069242e-07,-4.440027353008667120e-07
-1.890953002057607041e-07,-4.169174363698011583e-07
-2.254330344676262126e-07,-4.063614098219444894e-07
-2.516874314558591537e-07,-4.022783985967922419e-07
-2.652364061560377598e-07,-4.066554675256567728e-07
-2.696766779185655477e-07,-4.153266948690959576e-07
-2.636558507621805752e-07,-4.254733279955290024e-07
-2.502437125975522717e-07,-4.371134316964711796e-07
-2.309705707451932886e-07,-4.492776782382895897e-07
-2.068012774355323497e-07,-4.611019895665534270e-07
-1.784783508367947980e-07,-4.720636161820417744e-07
-1.467513569444879617e-07,-4.816120539254189299e-07
-1.123448610636334989e-07,-4.894093618906947406e-07
-7.595962603113938602e-08,-4.951567165188420316e-07
-3.827312003880698640e-08,-4.986791490388566299e-07
3.838723168352389988e-08,-4.986778064475040742e-07
7.606690181081616135e-08,-4.951547402313614105e-07
1.124414243108652709e-07,-4.894081164351523055e-07
1.468343227023845021e-07,-4.816133579876893698e-07
1.785461571536743586e-07,-4.720695726995051664e-07
2.068539636868421081e-07,-4.611146571494827697e-07
2.310099758430460597e-07,-4.492987490645383997e-07
2.502735821474564725e-07,-4.371439506985004167e-07
2.636821518587795573e-07,-4.255131566824375745e-07
2.697081986881609321e-07,-4.153741110623005206e-07
2.652876519903649153e-07,-4.067085557008234862e-07
2.517727060520602923e-07,-4.023303271645596007e-07
2.255704919356828152e-07,-4.063946781925899378e-07
1.892876100615061944e-07,-4.169201901091823928e-07
1.386421272533227680e-07,-4.439651467081912164e-07
8.593702101464122316e-08,-4.827312088784072296e-07
3.233539721031868664e-08,-5.321763565034780328e-07
-1.634248664200414676e-08,-5.874822157864392328e-07
-5.799533543004106429e-08,-6.439523063411338305e-07
-9.145669103804846893e-08,-7.001155343471065820e-07
-1.136475578757474906e-07,-7.486451025353445599e-07
-1.262700559374244316e-07,-7.900515440700405717e-07
-1.324747893014269733e-07,-8.195911944972723827e-07
-1.310758447041077760e-07,-8.372010820146971995e-07
-1.231670917724544156e-07,-8.419953696424340234e-07
-1.104500120927763031e-07,-8.329934113594365603e-07
-9.440873643344500052e-08,-8.095310476743692081e-07
-7.718603500569438579e-08,-7.716576708803907269e-07
-6.067319249776274798e-08,-7.202065878750514958e-07
-4.692482502711551528e-08,-6.567730166083555329e-07
-3.766137096465068602e-08,-5.837567700108074160e-07
-3.430563578587593338e-08,-5.042732947947976823e-07
-3.778749785646722909e-08,-4.221132600950594168e-07
-4.843129162440660488e-08,-3.416264598480572106e-07
-6.580707346976550655e-08,-2.675889691741346164e-07
-8.884529293297493461e-08,-2.049801202243100061e-07
-1.155224954994962052e-07,-1.609033013989361349e-07
-1.406607568686047122e-07,-1.389303000553735517e-07
-1.602761862766615392e-07,-1.377430470737636555e-07
-1.734177564359359220e-07,-1.551369310612398296e-07
-1.736963414349673419e-07,-1.913333384567079282e-07
-1.627015216327408705e-07,-2.388920469953945274e-07
-1.414374399242175032e-07,-2.932731862625213926e-07
-1.117654729539445328e-07,-3.506654167173676058e-07
-7.537756357130412673e-08,-4.079235674970444769e-07
-3.435849011501432213e-08,-4.625154422506938248e-07
9.389152541413544682e-09,-5.120166813678878817e-07
5.479934235124413819e-08,-5.552531692763739930e-07
9.730688144475318197e-08,-5.896608894830711976e-07
1.376102550854948714e-07,-6.168124002640250927e-07
1.704664653876763708e-07,-6.339235553973906751e-07
1.974211992918391258e-07,-6.438304586719231087e-07
2.156694605127608160e-07,-6.488954958075216234e-07
2.262381782765929191e-07,-6.486441618516296062e-07
2.292596028552491023e-07,-6.440570133303629951e-07
2.246744706954328448e-07,-6.363571580337773207e-07
2.125833135027782589e-07,-6.265130056988801199e-07
1.934449829007752922e-07,-6.158024665625908600e-07
1.681005514886589619e-07,-6.052732712369969334e-07
1.377066172817693651e-07,-5.959941549906354845e-07
1.037297476195808693e-07,-5.887944865806935890e-07
6.778488471709974477e-08,-5.843094755563291458e-07
3.315224302742643652e-08,-5.832802075517424146e-07
7.300263790856168232e-09,-7.247931120528995069e-09
6.111887188781158641e-09,-2.053799239656127378e-08
1.362558118179364509e-08,-3.190380073823165926e-08
2.550193277989841666e-08,-4.364890545402854802e-08
3.962420691797057103e-08,-5.511136792124619965e-08
5.586254913292303465e-08,-6.654750134581254085e-08
7.303589609640992493e-08,-7.740588214849982498e-08
9.050762584893646367e-08,-8.775517235880468762e-08
1.077694799236549331e-07,-9.731318152954355882e-08
1.238587613954324651e-07,-1.059988847349067205e-07
1.388315285480625476e-07,-1.137558744546395702e-07
1.515069201115603891e-07,-1.203896701594049059e-07
1.623953519066265545e-07,-1.260345283569120347e-07
1.702094580249225476e-07,-1.304162012154480273e-07
1.757853344192654826e-07,-1.338108600105881249e-07
1.778457556604918089e-07,-1.359698926906214293e-07
1.778680125488949047e-07,-1.374809734571999233e-07
1.735052538507676831e-07,-1.363960530962165169e-07
1.374012489116775756e-07,-1.484142572257951086e-07
1.103320050412318597e-07,-1.794781125238194121e-07
7.879394961565182667e-08,-2.230832935771396006e-07
4.313038704789988260e-08,-2.743964456670163606e-07
4.398978697269174920e-09,-3.294726307709735273e-07
-3.643831060508172274e-08,-3.851798214132072336e-07
-7.705645705746580088e-08,-4.385363630946881159e-07
-1.162613744352234927e-07,-4.887459232526108606e-07
-1.508224046999980682e-07,-5.319310835412770658e-07
-1.811636278744926077e-07,-5.696877878959213403e-07
-2.030848577774704781e-07,-5.984760286645081872e-07
-2.193059095287900223e-07,-6.219173088252785225e-07
-2.270798390697048203e-07,-6.357789514907613597e-07
-2.280653212968662520e-07,-6.450875634831842956e-07
-2.216206612819280187e-07,-6.504284507649485962e-07
-2.078512962021089843e-07,-6.523210727620375104e-07
-1.872397509528313800e-07,-6.517146733647101669e-07
-1.606330361588147118e-07,-6.493229654573937176e-07
-1.292383147117314080e-07,-6.459694863117150017e-07
-9.455556961665799966e-08,-6.422541644026739981e-07
-5.841596708794274362e-08,-6.386569317245023924e-07
-1.380204216298451660e-08,-6.567844396167703139e-07
-5.452927190232748153e-09,-6.707241082605575908e-07
3.062098515761384708e-09,-6.725390701573088153e-07
1.156483340738846772e-08,-6.660729455383465834e-07
1.988211788187821497e-08,-6.475294263210191982e-07
2.770296727744267333e-08,-6.211256306615442533e-07
3.498597072139847622e-08,-5.838536008477868725e-07
4.128865386741305485e-08,-5.399452975934969285e-07
4.670102791679212681e-08,-4.875563506190134257e-07
5.064920688868745202e-08,-4.305572870273300648e-07
5.335461489887732564e-08,-3.686436555566673212e-07
5.411194713650646135e-08,-3.049482010444526860e-07
5.327407489606093632e-08,-2.410827464656784855e-07
5.000438728220507690e-08,-1.790655998928792124e-07
4.478621243472465469e-08,-1.228015295473592042e-07
3.665040389862113161e-08,-7.282444421887712529e-08
2.620796105123378668e-08,-3.568788327656479455e-08
-3.353451049085936636e-09,-1.787392000726419865e-09
-2.570063873101248872e-08,-1.360664546635511366e-08
-4.728772978623510205e-08,-3.389474972667728420e-08
-7.366067460781491702e-08,-6.374929933712581976e-08
-1.012118183628055806e-07,-9.921868064214024384e-08
-1.303349307185921464e-07,-1.394853175847697818e-07
-1.588193419047475823e-07,-1.821746153033696491e-07
-1.862717217018079398e-07,-2.255847887326765808e-07
-2.116608801536749046e-07,-2.687922429916531227e-07
-2.339701586738576575e-07,-3.094170659871552467e-07
-2.531728959918942718e-07,-3.477370938538967253e-07
-2.678084856978675045e-07,-3.809423635169264902e-07
-2.786752061567623778e-07,-4.102656344621207132e-07
-2.840485431581563123e-07,-4.327120824127705870e-07
-2.853843432894489026e-07,-4.502314198740201461e-07
-2.808307885624053730e-07,-4.599027067812686784e-07
-2.720991719988477924e-07,-4.639248418328092779e-07
-2.586822832589050509e-07,-4.599823931523781753e-07
-2.100812278840613795e-07,-5.003322288778077880e-07
-1.678238387653212430e-07,-5.484962698195975897e-07
-1.194939444199122755e-07,-6.025105174887887094e-07
-6.931408956857279788e-08,-6.571285560279763981e-07
-2.191338672976570219e-08,-7.093537650715889300e-07
2.225338775693607272e-08,-7.568554846230603816e-07
5.845597963305310256e-08,-7.940871812703096311e-07
8.995471982293173672e-08,-8.227934284573059599e-07
1.104963382335359642e-07,-8.380602537747168669e-07
1.258472646092370301e-07,-8.413474168858763397e-07
1.366633318661832179e-07,-8.308805154384477601e-07
1.435212425314456065e-07,-8.059758734491126772e-07
1.477345790692862103e-07,-7.666969854781294241e-07
1.502993033794355311e-07,-7.138643827607428703e-07
1.524265607534139800e-07,-6.491484195074966619e-07
1.549545331847011724e-07,-5.750065238910736299e-07
1.584269747196226266e-07,-4.946736795222898590e-07
1.628757026119370334e-07,-4.120587968667973744e-07
1.677287870954349384e-07,-3.316089450405362182e-07
1.716197990162070056e-07,-2.582173079001971461e-07
1.726579176569762239e-07,-1.970003170123935369e-07
1.689787833612636028e-07,-1.436026326975271660e-07
1.734788318088055664e-07,-1.392245161073682244e-07
1.758661732702710215e-07,-1.329090626694221844e-07
1.753699736026732554e-07,-1.257181270459000523e-07
1.712980852524818541e-07,-1.174209180262793131e-07
1.649176374209089107e-07,-1.084755104814407761e-07
1.553502476992658467e-07,-9.860829334820597627e-08
1.437959635212832373e-07,-8.836328696917905585e-08
1.297660174919340851e-07,-7.754416647625160941e-08
1.143284733409677908e-07,-6.669230350453575724e-08
9.747262238828885707e-08,-5.572434614420367435e-08
8.002349025227898804e-08,-4.514551676698202463e-08
6.256005076171983687e-08,-3.502109737814081364e-08
4.555164355188430211e-08,-2.578240679529263374e-08
3.027486944725758229e-08,-1.768661473999960504e-08
1.678990339669505853e-08,-1.109428683693615252e-08
7.165525792874427637e-09,-6.261618960103073377e-09
1.709185413520398428e-10,-1.272102785752182959e-08
-4.305557598999138992e-09,-3.794952486328813104e-08
3.219184339596133968e-09,-6.822113743360599250e-08
1.866202095529143254e-08,-1.059119595856565652e-07
3.909821726308532004e-08,-1.463850034020025857e-07
6.369758730142389033e-08,-1.898179483667888071e-07
9.088295821998181544e-08,-2.333602415709628279e-07
1.191605936495277571e-07,-2.761142683018408519e-07
1.479621237334201612e-07,-3.168066029569333527e-07
1.753430278719068928e-07,-3.537372854627575922e-07
2.015685470085717297e-07,-3.869608735877246721e-07
2.244209311971012146e-07,-4.142206004012002975e-07
2.448200913227015572e-07,-4.366533239974150902e-07
2.604554363683933746e-07,-4.516910866137158282e-07
2.727181780626092123e-07,-4.612931045803207548e-07
2.793589198533614258e-07,-4.628629527915460604e-07
2.822037512640059557e-07,-4.592187029639898886e-07
2.793572989355627931e-07,-4.466382975456523224e-07
2.703041738981000626e-07,-4.124305663299877669e-07
2.648089059372429076e-07,-4.059718759767948482e-07
2.507126109974498963e-07,-4.074918089130173419e-07
2.314518862642558403e-07,-4.113583644948383884e-07
2.073246290356209543e-07,-4.165637444165065297e-07
1.790274381344040973e-07,-4.223930230768283962e-07
1.472979450641039685e-07,-4.280549232863950106e-07
1.128389956868886801e-07,-4.330400507319323279e-07
7.636000640430450785e-08,-4.368877462320184900e-07
3.854149204808953340e-08,-4.393161601106561585e-07
5.752037379545037231e-11,-4.401423225366754977e-07
-3.842881714064125537e-08,-4.393101617011339402e-07
-7.625421518263780141e-08,-4.368755935120606193e-07
-1.127439878041474568e-07,-4.330214842313882044e-07
-1.472165928195917959e-07,-4.280297845080433862e-07
-1.789612923370681163e-07,-4.223614316564804261e-07
-2.072736482597691237e-07,-4.165263955299143837e-07
-2.314142180875182567e-07,-4.113168773487898575e-07
-2.506845758010969125e-07,-4.074488992520052079e-07
-2.647854699679263125e-07,-4.059317730786962515e-07
-2.702746778642683963e-07,-4.124051613274109981e-07
-2.793630077160093750e-07,-4.466857766550830674e-07
-2.822541142842851921e-07,-4.593171331837623575e-07
-2.794551252651235228e-07,-4.630162535689127888e-07
-2.728586627123472307e-07,-4.615037472361400106e-07
-2.606374349437576967e-07,-4.519586105236390689e-07
-2.450393516335967952e-07,-4.369763950891840841e-07
-2.246709009768040015e-07,-4.145934953204589091e-07
-2.018423845257222534e-07,-3.873787018607953977e-07
-1.756303712752852719e-07,-3.541890820857814377e-07
-1.482535392042808886e-07,-3.172839092672245332e-07
-1.194419108691017119e-07,-2.766008779822987424e-07
-9.114214671285330335e-08,-2.338441260502550403e-07
-6.391667542281660090e-08,-1.902776477048428977e-07
-3.926269842908451281e-08,-1.468049919383752238e-07
-1.874980477804301321e-08,-1.062656924876508185e-07
-3.210847594798345020e-09,-6.848751970473221921e-08
4.425098490436403168e-09,-3.810133051428802239e-08
3.817817458552334059e-09,-1.754279724025685443e-09
-6.804678817316808315e-09,-5.760874756800700195e-09
-1.683498791831913160e-08,-1.075929448127914432e-08
-3.060506419927577264e-08,-1.751996984799107131e-08
-4.609931634840919816e-08,-2.574954910924336862e-08
-6.324631132863720223e-08,-3.508993586375146619e-08
-8.080086649012330682e-08,-4.529353430121754757e-08
-9.827738336935000060e-08,-5.592553777107460129e-08
-1.151238339370717245e-07,-6.692739327260418408e-08
-1.305044100430128825e-07,-7.779236885689194511e-08
-1.444515795993315921e-07,-8.860890033856107156e-08
-1.558916350993827496e-07,-9.883576899892774386e-08
-1.653299581530325876e-07,-1.086727108204623343e-07
-1.715660043924194362e-07,-1.175775326275932123e-07
-1.754896087034505916e-07,-1.258255836409010745e-07
-1.758383273127060991e-07,-1.329622559375068077e-07
-1.733108868745866306e-07,-1.392184732080183662e-07
-1.686866325842647143e-07,-1.435379012124245435e-07
-1.722212465174789863e-07,-1.969115819290700457e-07
-1.711619823894465009e-07,-2.581476271613759628e-07
-1.672579457603027956e-07,-3.315370088933156368e-07
-1.623974198255335102e-07,-4.119679808786750611e-07
-1.579444731096138421e-07,-4.945519798355129520e-07
-1.544696086987767046e-07,-5.748463368373367882e-07
-1.519401167551130575e-07,-6.489462809670926706e-07
-1.498119541030732261e-07,-7.136205304917879352e-07
-1.472470933747552368e-07,-7.664148183682490023e-07
-1.430349507780143872e-07,-8.056613581361878419e-07
-1.361802365494103998e-07,-8.305414746788013226e-07
-1.253703374033066068e-07,-8.409929324346722783e-07
-1.100291686511683964e-07,-8.376999395334446551e-07
-8.950162510015713878e-08,-8.224364132013883394e-07
-5.802681451519579373e-08,-7.937449988395829591e-07
-2.185328772834771577e-08,-7.565359734522490226e-07
2.227544869127685274e-08,-7.090680569073173127e-07
6.963293293656637165e-08,-6.568825300812675791e-07
1.197628605415717504e-07,-6.023102408503803373e-07
1.680403545258034328e-07,-5.483437759034031827e-07
2.102442545072835932e-07,-5.002272731773646038e-07
2.587637246486286926e-07,-4.598734116699941012e-07
2.721431571082035530e-07,-4.637606949930782037e-07
2.808322235512316494e-07,-4.596807110515279085e-07
2.853407730494103279e-07,-4.499526223045546247e-07
2.839596029138885647e-07,-4.323792291273997046e-07
2.785408313225868350e-07,-4.098831700189781698e-07
2.676320935797970075e-07,-3.805182900750176446e-07
2.529570242394912743e-07,-3.472794298599134763e-07
2.337220336168682815e-07,-3.089390544141856862e-07
2.113856312277946575e-07,-2.683054700827306910e-07
1.859803842011615023e-07,-2.251077394603010095e-07
1.585196368497796327e-07,-1.817224388438328749e-07
1.300416884500092825e-07,-1.390817438829536774e-07
1.009353836699215442e-07,-9.888255941115004519e-08
7.341992888256291737e-08,-6.350935105951931694e-08
4.709448795744711755e-08,-3.377071783255564961e-08
2.558292366172374448e-08,-1.364228380578973172e-08
-5.258539648013681902e-09,-7.707422718856175852e-09
-2.386938531884558866e-08,-3.567883546456936313e-08
-3.436489912962950658e-08,-7.281425649082715937e-08
-4.250170854954413539e-08,-1.228048740460709026e-07
-4.772508759661278175e-08,-1.790684020168658304e-07
-5.100155860397692286e-08,-2.410850311050844140e-07
-5.184595551534164988e-08,-3.049505336762418978e-07
-5.109509321692558295e-08,-3.686460042111919612e-07
-4.839616603481996807e-08,-4.305596333962165001e-07
-4.445446941672541626e-08,-4.875586966085323856e-07
-3.904857732732042605e-08,-5.399476436350175704e-07
-3.275237623156519749e-08,-5.838559467364070560e-07
-2.547585562138060341e-08,-6.211279777784990062e-07
-1.766148498273265521e-08,-6.475317764442611699e-07
-9.350662194867602718e-09,-6.660752580579764372e-07
-8.545002369897719089e-10,-6.725413620282084502e-07
7.653724425982189791e-09,-6.707273242370429167e-07
1.599838416587671732e-08,-6.567860877451449822e-07
6.053590484611799557e-08,-6.386016651420443735e-07
9.656579394414512522e-08,-6.421578496470485282e-07
1.311046512095682989e-07,-6.458281576594449990e-07
1.623316374217988570e-07,-6.491305397460781471e-07
1.887561066892459428e-07,-6.514644479176520127e-07
2.091793725303677172e-07,-6.520066018626469193e-07
2.227616835892888762e-07,-6.500445427358613831e-07
2.290266262385926607e-07,-6.446309396078004962e-07
2.278735373277842351e-07,-6.352483219929447732e-07
2.199467697596232101e-07,-6.213136368377872689e-07
2.035950936928404567e-07,-5.978130512277806399e-07
1.815616194580625692e-07,-5.689733068164075384e-07
1.511382527782560432e-07,-5.311848686835086302e-07
1.165150700984580218e-07,-4.879820332579722178e-07
7.727655496726989069e-08,-4.377799379585942568e-07
3.664026642777246474e-08,-3.844461958894889314e-07
-4.190130065232565619e-09,-3.287821593351847610e-07
-4.290499376640601229e-08,-2.737641181633920666e-07
-7.854439169421003933e-08,-2.225237929476526275e-07
-1.100526385983926162e-07,-1.790035950190147971e-07
-1.370890238439023879e-07,-1.480332168799386706e-07
-1.732756890037737760e-07,-1.361316617651691771e-07
-1.777700584398991843e-07,-1.372482645833100504e-07
-1.778939453696552139e-07,-1.357796571474705690e-07
-1.759822059751088780e-07,-1.336711789188671548e-07
-1.705526627219738763e-07,-1.303316036830684596e-07
-1.628767317044710953e-07,-1.260096852537205901e-07
-1.521080067930785332e-07,-1.204239114197240838e-07
-1.395331829438112339e-07,-1.138502973053727507e-07
-1.246263990121139858e-07,-1.061475811402036669e-07
-1.085729917215728848e-07,-9.751368488081716149e-08
-9.129630880606302699e-08,-8.799633681212067498e-08
-7.376868238012406254e-08,-7.768167259440364528e-08
-5.647264564301391301e-08,-6.684157625392906358e-08
-4.005915717679198419e-08,-5.541422293682085542e-08
-2.567854714592746717e-08,-4.393771154195673657e-08
-1.349296533036957982e-08,-3.216403972433964768e-08
-5.566355175003546444e-09,-2.078676311785213427e-08
9.671270693613453941e-09,-2.476834972267889801e-08
6.002764050118403573e-09,-1.354110246098964106e-08
1.115039167248108998e-09,-3.397154852586728580e-08
-5.587358543541156209e-09,-1.333436721524862634e-08
-9.672701781178268712e-09,-2.482991652117558497e-08
5.561306103847138961e-10,-5.187682222595789525e-09
-6.421242230408359065e-10,-5.130977679091464936e-09
-2.443214438344252950e-10,-5.207519851879583665e-09
1.112206602616037456e-09,-5.733403609177054785e-09
1.253971110962563743e-07,-5.599478706187446878e-07
-1.251210227512256590e-07,-5.606581762415178858e-07
-7.722854349174048375e-08,-5.685110726051724011e-07
7.753824341113854021e-08,-5.683423799415048808e-07
-1.670027198504047634e-08,-6.781104073108021924e-07
1.709413636147313111e-08,-6.783720163728280763e-07
-2.686504419673093743e-07,-4.548049855863178476e-07
2.686896598045226794e-07,-4.547269859994044514e-07
-4.437936980166020969e-08,-4.750320290992745784e-07
4.459387362907939040e-08,-4.742755338256910833e-07
-2.692081396755456071e-07,-4.095325411397990237e-07
2.692457534440027645e-07,-4.095711106282908019e-07
-1.707783848671403040e-07,-1.415918767214767126e-07
1.096299931779597535e-09,-6.579795430923350645e-07
1.710417012153835953e-07,-1.417583904531180283e-07
-2.807282506930314034e-07,-4.621830122738813742e-07
4.559465590517529866e-08,-8.409594251332916586e-08
1.772167021406991032e-07,-1.344787672195934747e-07
2.759733409171308411e-08,-3.057257334421284659e-08
-1.772261559633114412e-07,-1.344100724022847130e-07
1.103889041272940867e-09,-6.736823700306977470e-07
-4.576147010301220260e-08,-8.439538144297834072e-08
1.143531218879526719e-09,-1.218890531523118176e-07
-2.785879943499368103e-08,-3.063811603114621215e-08
2.806808983428352332e-07,-4.619954878967454384e-07
1.136213450473922598e-09,-2.407956664050654892e-07
1.110313127367136791e-09,-6.486128936796425029e-07
-2.728523636737723118e-07,-4.430497027973089016e-07
1.710660677585483745e-07,-1.240332211070741932e-07
9.671843422161942642e-08,-1.642519873733908503e-07
-9.697634290190475152e-08,-1.646860576661067012e-07
5.910514069420376913e-08,-5.076006114179127935e-08
-1.713724799432108630e-07,-1.240695036246995262e-07
-5.976037835183707328e-08,-5.094375926448614569e-08
2.727165995806365531e-07,-4.427491056924347701e-07
-2.466664084925292947e-07,-3.983650822944393863e-07
1.526656364836588057e-07,-2.507518967325175745e-07
1.129762099813663590e-09,-3.688690798866738654e-07
2.464525655314002811e-07,-3.979656870177407686e-07
-1.542605902770514034e-07,-1.097244017410127805e-07
1.116797345060417449e-09,-5.847642803416971319e-07
9.403880667034114346e-08,-7.176549970996613328e-08
-1.529533581377957780e-07,-2.512356442601816210e-07
1.536869551407694516e-07,-1.095927640332603087e-07
-9.484102352280551631e-08,-7.198846422995342913e-08
2.048200320290807990e-07,-3.317438016528662632e-07
1.123279221948300592e-09,-4.881810163617562318e-07
-2.050887941339192026e-07,-3.322101205324266400e-07
-1.277395006241179536e-07,-9.203647133302610984e-08
1.269825388687991640e-07,-9.183673959206574323e-08
1.886745209958982131e-07,-6.152936113293724364e-07
-1.882361951739700703e-07,-6.158864003823097057e-07
-1.767911697353500010e-07,-4.729257407194762364e-07
1.769957377624160278e-07,-4.728531976160296510e-07
-8.456844716651132514e-08,-7.733838354567545715e-07
8.501527351599757719e-08,-7.737136551300082099e-07
6.903770381262183390e-09,-4.785960030967704343e-09
9.297763218645885721e-10,-7.629994559425442084e-09
-4.236776083103045062e-09,-5.140162977581367109e-09
-2.439761230658213520e-07,-4.233585383481004098e-07
2.440807212375880507e-07,-4.233604766870219980e-07
1.089001409956746504e-07,-2.563570355172420905e-07
7.736476173811178760e-08,-3.120047016768309882e-07
-7.710591346471553855e-08,-3.113309402711313200e-07
-1.086084130164634798e-07,-2.557470506560351072e-07
-2.199741445863364302e-07,-4.330997610283372890e-07
-2.418831470595172200e-07,-4.246769149146371786e-07
2.419159521862329172e-07,-4.247125264450436577e-07
2.200187899153989437e-07,-4.331288665066489760e-07
1.352269578631601634e-07,-2.064937611929959831e-07
-1.348968193226280985e-07,-2.059609256801773759e-07
-1.936881512809366076e-07,-4.422950612173125633e-07
1.937473872329782075e-07,-4.423171142838156665e-07
1.414775787830313718e-07,-1.739802665078539417e-07
1.536260031544056488e-07,-1.426870082790171411e-07
-1.531690254977923672e-07,-1.425185690200107353e-07
-1.410117810663538532e-07,-1.738771776104982251e-07
-2.161989645114353446e-09,-9.698226284302738250e-10
-8.384686468578099808e-10,-1.155970066010869789e-09
3.721163519716206006e-11,-4.305009457907287519e-09
2.353193275191225575e-09,-7.835584386540853368e-10
6.841818762001605767e-10,-3.820680689859385972e-09
1.064031245978197487e-09,-9.316323052595953822e-10
2.147905342353748764e-07,-4.651996555220604745e-07
1.720748189218754936e-07,-5.086712883919180436e-07
-1.718641979413399110e-07,-5.087834680206446951e-07
-2.146339144874175330e-07,-4.652659080781154058e-07
1.276622927640847535e-07,-2.285166602007868489e-07
-1.271923816318142606e-07,-2.284428762099138521e-07
8.737990982369892965e-08,-7.401201741529190222e-07
1.090470448164719434e-07,-7.824903636921902497e-07
-1.085842315273246682e-07,-7.821549753027098225e-07
-8.693153188316142357e-08,-7.398126789189366529e-07
2.294637467559633274e-07,-6.459325960117032504e-07
2.278951188397751138e-07,-6.461674353759284501e-07
-2.286090269655130779e-07,-6.462803672398406566e-07
-2.268653551948591396e-07,-6.464374746616012942e-07
2.188137049131696253e-07,-6.430451901684332953e-07
-2.176002024962102519e-07,-6.432393382026672593e-07
1.619985867552961033e-07,-1.390430238118517916e-07
1.527080232547778200e-07,-1.655003956215442764e-07
-1.615950271866744189e-07,-1.386951552132439776e-07
-1.523407014135533558e-07,-1.650568086912246101e-07
-1.654830725197227637e-07,-6.159845581532786632e-07
-1.926779353425101889e-07,-6.326131839747547726e-07
1.931333147233062231e-07,-6.320983042959272035e-07
1.658388115509067708e-07,-6.153888384586572504e-07
-1.274348105381764930e-07,-8.397297111606484539e-07
-1.264582685500035853e-07,-8.422575640937098792e-07
1.269312291974659029e-07,-8.426176808331585068e-07
1.279071588633077052e-07,-8.400797305447243099e-07
-1.238634130136606741e-07,-8.229912398424758910e-07
1.243323764815592395e-07,-8.233216808028899272e-07
2.634881235127249839e-07,-4.069067101894041495e-07
2.697391276483211768e-07,-4.098557940084549585e-07
-2.697048674686623364e-07,-4.098091056512029243e-07
-2.634313352360712546e-07,-4.068625875551394040e-07
4.951605757186786859e-08,-5.162635508777711958e-07
5.721963878755866048e-09,-4.682969950514733811e-07
-5.508115985952201934e-09,-4.690544996061884952e-07
-4.930225978957266753e-08,-5.170110143450705497e-07
1.593532328656104234e-07,-1.343397259343313182e-07
-1.589166869000722631e-07,-1.340939128700288409e-07
1.660804395725400307e-09,-3.114350131705902088e-09
-5.181575309101365461e-10,-2.710392722873820976e-09
1.656735568725125875e-08,-6.341027306615901682e-07
5.643176178200971389e-08,-6.894807455288777966e-07
-5.600633268247086215e-08,-6.892105344293706296e-07
-1.617376816730808710e-08,-6.338768002879830440e-07
3.033620527284887708e-08,-5.779962949539900382e-07
8.163586024830147381e-08,-5.245996531692190091e-07
-8.132957363955020244e-08,-5.247266788332342850e-07
-2.998258454630883916e-08,-5.781737187933780512e-07
-1.634754100667759000e-07,-4.502967335968972454e-07
1.635502149655237650e-07,-4.503126598944285410e-07
-1.302711835926977435e-07,-4.578202903176184550e-07
1.303607478566185219e-07,-4.578308387021526070e-07
-9.160130148548635114e-08,-5.579972144783837201e-07
-1.310849860099680568e-07,-5.911853369213624283e-07
1.313677737113847890e-07,-5.905220853710109818e-07
9.183739690323322355e-08,-5.572821448762992787e-07
2.023873258837366968e-07,-6.379078267169007091e-07
-2.009838788548464051e-07,-6.380388353526377330e-07
1.154733556849439103e-07,-2.975537926345869250e-07
-1.150054030157888356e-07,-2.974862667536771116e-07
1.207212922882350549e-07,-5.258330687055270965e-07
1.558761998413297879e-07,-5.639684264889925918e-07
-1.555468884597777693e-07,-5.646791390046869491e-07
-1.204554438181425009e-07,-5.265779199633785501e-07
1.793979726799746049e-07,-6.312452841900434190e-07
-1.778068531119855855e-07,-6.313213727854399060e-07
1.047744680937165452e-07,-3.758757300272769725e-07
-1.043107933251863679e-07,-3.757957596760186742e-07
-2.476399788487081524e-07,-4.100999336506040692e-07
-2.206689639198664255e-07,-4.208539764101035316e-07
2.208152859939856566e-07,-4.208555624613419138e-07
2.477346729439713839e-07,-4.101300449810019360e-07
-7.326823164158172657e-08,-6.130174119993247576e-07
-1.238802700312131061e-07,-5.586288528714227165e-07
1.241439377647863520e-07,-5.584683447657376620e-07
7.358220163049534484e-08,-6.128086383167192530e-07
2.532411400353564681e-08,-6.674489624777987962e-07
-1.857277136677838863e-08,-7.197029405193092726e-07
1.896887721526159799e-08,-7.199963356181458330e-07
-2.496570934048454355e-08,-6.677026996099474990e-07
-1.178137032473319331e-07,-7.915810245908384691e-07
1.182784398730106269e-07,-7.918831207611794442e-07
-8.160800889551279973e-08,-4.817507172017682669e-07
-4.026666675740915071e-08,-4.308365534891830222e-07
4.047673018609991382e-08,-4.300840911693967568e-07
8.183513167749717533e-08,-4.809915007880204888e-07
-2.693798517468384618e-07,-4.142203467914533424e-07
-2.696799449916297023e-07,-4.089923050715029828e-07
2.697071137059998512e-07,-4.090299431884161352e-07
2.694195158064767193e-07,-4.142443083646729284e-07
-1.100551065633768888e-07,-7.460299216181132359e-07
1.105152695487122085e-07,-7.462965457813105156e-07
-3.173053730455361881e-09,-5.137109074250029843e-10
3.030523661560377546e-09,-7.831575242298520942e-10
1.653575258436721471e-07,-1.390042524040435099e-07
-1.649827817889454018e-07,-1.388011286588093763e-07
1.850097949399754183e-07,-5.944049749137984328e-07
2.070918920030156402e-07,-6.173551426587110769e-07
-2.065586940578422044e-07,-6.179511835475809670e-07
-1.845913647164312518e-07,-5.950648613087191973e-07
8.232095784685758756e-08,-6.134865702730059400e-07
4.592456163869884607e-08,-6.101829033117197952e-07
-4.376722613458417495e-08,-6.101720661991622155e-07
-8.025817654071518774e-08,-6.134799108517247713e-07
-1.069742981487181848e-08,-6.096294684399870452e-07
1.289416227147785623e-08,-6.096325656587124568e-07
-9.468706846458853341e-08,-4.633607470026171180e-07
9.478910892990545701e-08,-4.633672786153952958e-07
-5.571740103344727373e-08,-7.650564901159641267e-07
-8.536555303007000514e-08,-8.016393955995740181e-07
8.581398741386328497e-08,-8.019861978648909616e-07
5.614347769856362761e-08,-7.653812599137552177e-07
-1.829844851529041691e-07,-4.421251476063288160e-07
-1.336226035323652836e-07,-4.783889291108338545e-07
1.338763274528903277e-07,-4.783104108658366597e-07
1.831829154517126016e-07,-4.420911692090364707e-07
-5.742959482018162732e-08,-4.675166722070320492e-07
5.754065217465474649e-08,-4.675200955685701452e-07
1.507591906500436112e-07,-6.246271611560030082e-07
-1.489894134895719154e-07,-6.246632762470837543e-07
9.880253062611126030e-08,-4.583957990425408892e-07
-9.834307774408246904e-08,-4.582893699706991193e-07
1.178488112102264055e-07,-6.183696122551819828e-07
-1.159185559831375573e-07,-6.183777177305744263e-07
9.647857395054262276e-08,-5.406492085490161040e-07
-9.602219440748830752e-08,-5.405067473203466622e-07
-8.502768803601327690e-10,-8.543187676468340535e-09
1.162287403364057652e-09,-8.485158795242643298e-09
-1.031870377851410816e-07,-6.875211554899259337e-07
-9.797931823615763846e-08,-6.180110353309269404e-07
1.036440325876367653e-07,-6.877473634295291013e-07
9.843485727465357485e-08,-6.181946844061668595e-07
-1.923377253292809545e-08,-4.694811400618014283e-07
1.934954105831401682e-08,-4.694822039137511815e-07
-7.059017583959531679e-10,-1.933196770100411649e-08
3.221445852684334467e-09,-1.267156709683954163e-08
-1.815109418465719191e-09,-9.950784015480119242e-09
9.454927079739558422e-09,-1.026771924039245306e-08
3.746032567731847817e-09,-3.262073792072768013e-09
-9.455623168756901316e-09,-1.018023277974983007e-08
-3.205625207919214127e-09,-1.263906559315135575e-08
-3.802945030438943776e-09,-3.071806548598011683e-09
8.235385439537498697e-10,-1.939184030591346746e-08
2.028190785453203867e-09,-1.001049367358767158e-08
2.691432418788874649e-07,-4.429199627738997183e-07
2.778497691211613123e-07,-4.570205874844953919e-07
-2.778543781095348754e-07,-4.571089777676097281e-07
-2.691041331882785942e-07,-4.429573729508398922e-07
2.698105919325382020e-07,-4.609187073874423417e-07
2.577898191639905676e-07,-4.539046277819481637e-07
1.097982751764485036e-09,-6.356248420038651287e-07
1.582681628668747769e-07,-1.184755202584564742e-07
1.467247044286609781e-07,-1.113372995136152481e-07
1.555199229157722258e-07,-2.163959477034916939e-07
1.826792573289942903e-07,-2.595774748447425647e-07
-1.222114928909830182e-07,-2.425217557319897702e-07
-1.504396496048342651e-07,-2.849155099193903140e-07
-1.740644297186411859e-07,-1.244996357469156208e-07
-1.685860258205921352e-07,-1.170906504270153156e-07
9.905944774631843427e-08,-1.307557184603716373e-07
1.273766129065544935e-07,-1.730428694432998787e-07
-4.961816888746866098e-08,-5.337891060243918922e-08
-6.675515105791015668e-08,-6.422109813471220061e-08
1.736876637952339792e-07,-1.296962847046080332e-07
1.673251050287910550e-07,-1.246078196818892149e-07
5.220998670951356607e-08,-3.794790339537764430e-08
6.947176705078611374e-08,-4.804804817285424177e-08
2.636298076155629107e-08,-2.093114848383255506e-07
2.738308918440080606e-08,-2.727798906770342911e-07
-2.786627521013416280e-07,-4.631041031711667954e-07
-2.824044203138714272e-07,-4.582803338513903909e-07
1.777108135547410733e-07,-1.366454956004064529e-07
1.771265021970705683e-07,-1.336898638060571005e-07
2.254234489000610232e-09,-6.737743064814336024e-07
-2.001025957679400896e-09,-6.714460583989362537e-07
2.191162108357559896e-08,-2.003477951383314116e-08
3.613227003253148710e-08,-2.852827495273645894e-08
-1.776420330283315157e-07,-3.247381837604511002e-07
-2.030831819531305613e-07,-3.610998248473175182e-07
2.077890923733498603e-07,-3.009553279803825144e-07
2.302289871081832025e-07,-3.395532608504765200e-07
-2.242512182347460798e-08,-7.640721393352200807e-08
-4.297859585767030185e-08,-1.143622238473268580e-07
1.207629715911108707e-07,-7.961325507053780505e-08
1.357926436063466352e-07,-8.982831135642876954e-08
-2.029539562480057326e-08,-5.150942573480823390e-07
-2.263590371505487483e-08,-4.600828473118657045e-07
-1.184381515317010006e-07,-9.456737719836261599e-08
-1.338103682100724460e-07,-1.034333528234125106e-07
1.064102809002075560e-08,-6.479934879892630842e-07
6.451115320691191487e-09,-6.658520626297021987e-07
-2.577118719627826534e-07,-4.539724185209849431e-07
-2.697695410153321323e-07,-4.610384274134987366e-07
1.672937410591603570e-07,-1.386017366180715055e-07
1.754972081910139101e-07,-1.389468974179860932e-07
-1.685836472525257863e-07,-1.446604912549989055e-07
-1.721068954461210667e-07,-1.407819285157625701e-07
-1.760810443823856135e-07,-1.362969927465287726e-07
-1.766359444103712399e-07,-1.309332632451379785e-07
-2.002149973175272067e-08,-3.186507622165226872e-08
-3.382293018538622537e-08,-4.253309779301573276e-08
2.807925587638582590e-07,-4.625568760062037529e-07
2.788148257775913062e-07,-4.616560592333361534e-07
4.694897369426603589e-08,-5.693562377343665331e-08
7.191444174588816357e-08,-9.155075811248182557e-08
2.090138941255122642e-08,-9.584127298232361558e-08
2.423212107300751050e-08,-1.495954099921670517e-07
-6.190339771824393946e-09,-6.588865245399364766e-07
-1.022524579699384981e-08,-6.363052631108251360e-07
-6.726603735543321287e-08,-1.557177054638853033e-07
-9.417842830871573133e-08,-1.990718998266405248e-07
2.492144408839634302e-07,-3.741260001048210927e-07
2.643149305058418348e-07,-4.039586496795253477e-07
-1.473679763946804732e-07,-1.114464323882857226e-07
-1.587969853935020606e-07,-1.185334108705792440e-07
-2.811996757174531479e-07,-4.466660813743491626e-07
-2.751607940538386369e-07,-4.285352141885144890e-07
-2.644911992266453336e-07,-4.043495273857913425e-07
-2.494284319207793450e-07,-3.745573889269255066e-07
-1.051798766418420146e-07,-6.933905362086193206e-08
-8.783222012529335767e-08,-5.870468832484454190e-08
1.009952932918213423e-07,-8.476500440821602082e-08
8.355365353014781702e-08,-7.456635552303000524e-08
1.961915110087190995e-08,-5.635046557039221068e-07
1.621587773335590945e-08,-6.043073327013837255e-07
-2.258230833963532717e-07,-3.928720568179717137e-07
-2.453163169857555094e-07,-4.194264326038481654e-07
8.703785051517311483e-08,-5.850565762215581231e-08
1.043713564669378803e-07,-6.911725352764686673e-08
-1.603536166048760391e-07,-1.088106355987645532e-07
-1.495417786427449772e-07,-9.974444058803806952e-08
-8.433280314719214943e-08,-7.480747453852962641e-08
-1.018017816158569701e-07,-8.498830391159207173e-08
2.720903193475477188e-07,-4.540333431106655958e-07
2.607249544554085269e-07,-4.397102921496319817e-07
-2.428361543065944023e-08,-4.002594722138379170e-07
-2.514967086125449899e-08,-3.370326274667488182e-07
2.741243673229326955e-08,-3.370314545378861722e-07
2.653989708509967141e-08,-4.002582978288258436e-07
1.244911669547376230e-08,-6.363040870542492336e-07
8.407725221825418542e-09,-6.588853548446289359e-07
2.451004822786070754e-07,-4.190631617912651187e-07
2.255762562578159544e-07,-3.924633854391281433e-07
-1.398552399038650438e-08,-6.043085057679189246e-07
-1.738231554674711248e-08,-5.635058286385218658e-07
-1.753132138091460185e-07,-1.387501319157153752e-07
-1.669867142472135336e-07,-1.383710436502128106e-07
2.750261532889953758e-07,-4.281921785029541194e-07
2.811092761054917875e-07,-4.463764390509796877e-07
-1.276618557170845393e-07,-1.734859494567652923e-07
-9.932443219949652362e-08,-1.311477891383322922e-07
-4.253712734710958351e-09,-6.658497693305272437e-07
-8.449425482602737421e-09,-6.479974964308595096e-07
2.823589512290158995e-07,-4.580470022344084596e-07
2.786616671917922347e-07,-4.629282955705552912e-07
-2.609040319597372171e-07,-4.400221840352533261e-07
-2.722281636160321368e-07,-4.542896521729208581e-07
1.723233829292029351e-07,-1.408720367970963488e-07
1.689211437274804111e-07,-1.448037463429315152e-07
4.281542628962861606e-08,-1.139948456351328485e-07
2.233621163093362032e-08,-7.612390148305775348e-08
-2.194961485544377668e-08,-1.495976368148748554e-07
-1.861155963376679977e-08,-9.584053747513822728e-08
-3.655340957977053846e-08,-2.853273427280044640e-08
-2.207411676575280408e-08,-1.992544834758473971e-08
-1.772292864634990593e-07,-1.335861352971018116e-07
-1.776656335469875297e-07,-1.364922938389950079e-07
-2.789088690425339456e-07,-4.618551941056369905e-07
-2.808415738244414741e-07,-4.626990967770574218e-07
2.028130367063798466e-07,-3.606543600436017922e-07
1.773575349849830585e-07,-3.242663094922881201e-07
2.488570310858685767e-08,-4.600816743095628138e-07
2.253871312031548675e-08,-5.150930843455272442e-07
-2.304748860791680544e-07,-3.400152021856556022e-07
-2.080597939648163611e-07,-3.014360865214153449e-07
1.765714581155193265e-07,-1.309145126084769782e-07
1.761627029746756953e-07,-1.363328361891259082e-07
-1.365056502634866903e-07,-9.004593945348439493e-08
-1.215425491449075349e-07,-7.984066285703071354e-08
-7.214371873156247455e-08,-9.186845012486889927e-08
-4.712636019220751553e-08,-5.715466146174733124e-08
4.211955273686292580e-09,-6.714449563050145136e-07
-4.974214923409910630e-11,-6.737729816416315254e-07
3.346928474845760668e-08,-4.233097747868467540e-08
1.994415073326517737e-08,-3.171228907714716112e-08
1.330785904087235908e-07,-1.032782458879892753e-07
1.176492745211683327e-07,-9.437333953126570143e-08
-2.511385286466649724e-08,-2.727810217160587665e-07
-2.408731540651412393e-08,-2.093126951557738274e-07
1.682255519051123019e-07,-1.169709840838967776e-07
1.738507089387452136e-07,-1.244284484179315004e-07
-7.020078991525317604e-08,-4.820450584527444554e-08
-5.281709256712468144e-08,-3.804020575372078453e-08
6.605634277106310735e-08,-6.397622749302604157e-08
4.905823754266294808e-08,-5.314618643826255421e-08
-1.677216143013903905e-07,-1.246118247434007702e-07
-1.739394631003328446e-07,-1.296455368219303113e-07
9.392190912903943406e-08,-1.986068337834742445e-07
6.704764336224754440e-08,-1.552906196319467494e-07
1.501516731966608921e-07,-2.844302380044957097e-07
1.219322038260696806e-07,-2.420378758014575286e-07
-1.829657467364199507e-07,-2.600626869160752545e-07
-1.558118952875156283e-07,-2.168694734906178180e-07
1.489248913919280410e-07,-9.954935445890406815e-08
1.598569340865442403e-07,-1.086490785046228701e-07
-2.081359368548666350e-09,-6.819507933206365301e-09
-1.932362468220505555e-09,-9.210390549316484784e-09
-2.557612779074456651e-09,-1.235199202506926633e-08
-1.384630923940789528e-09,-7.977143807101230159e-09
3.287853896142565198e-09,-1.238286635796014798e-08
2.565490782248546731e-09,-9.565202643539872477e-09
2.506579185975965829e-09,-8.035290915241508111e-09
2.665160113645737546e-09,-7.256026465179569833e-09
-7.886129870073146735e-09,-1.938251127591176303e-08
1.065455272707141062e-09,-1.777158202073887150e-08
-4.954627647230610018e-09,-8.530751257996010585e-09
1.020616306940977196e-08,-1.935305943224552230e-08
7.427419688843879482e-09,-8.483364165398051511e-09
7.333766428424577259e-10,-3.523237323710160211e-09
-1.378660213246538453e-10,-3.486200522251597681e-09
-3.549724947931850304e-09,-5.073317331261741508e-09
-6.822020098089730200e-09,-6.921614812893548268e-09
9.377098690925632030e-09,-6.587643396933236625e-09
6.256026916489652985e-09,-5.017517467857364356e-09
-1.177567559669877580e-09,-1.129904985694799427e-09
7.859253151306708689e-10,-1.243570580444333690e-09
6.783034917411118545e-10,-3.569092539361351913e-09
-1.287318117295044699e-09,-1.754090748922401748e-09
4.658020497909664303e-09,-1.892433854604293088e-09
3.501406235050441979e-09,-5.388509756336954944e-09
5.806014644817742130e-09,-7.240959436527632038e-09
-3.845122093469523940e-09,-7.562628162747224852e-09
-1.919421116432187626e-09,-5.486054382833836161e-09
2.455703951546433394e-08,-5.013468268212872486e-08
2.579671573603774434e-08,-2.936174911840636631e-08
7.341333874372893197e-09,-4.395449201417696486e-08
-2.465280888167845510e-08,-5.033249672567003640e-08
-7.333048434831774812e-09,-4.412755092819341283e-08
-2.590326724237727959e-08,-2.945594070709634788e-08
1.482110984347195375e-08,-2.133494196874351165e-08
1.066170100162247053e-08,-1.291740910673602009e-08
9.473533480503785928e-09,-2.162668835378427002e-08
-1.478360002817980854e-08,-2.130989403673952754e-08
-9.217597747786850356e-09,-2.170483432757811883e-08
-1.046942944985850552e-08,-1.264993503988416089e-08
1.146701140882013890e-09,-7.154882777730501844e-08
1.625142100046595706e-08,-5.161361901071447953e-08
-1.396584892478117204e-08,-5.159151684671075801e-08
1.278232421918043080e-07,-5.154148209940485868e-07
-1.275632955691699301e-07,-5.155332243895698349e-07
1.076123586266826723e-07,-8.088472228207300079e-07
-1.071499774238742781e-07,-8.084965932273953082e-07
-1.912728641882241224e-09,-2.582277377965450241e-09
4.779618038165891227e-09,-2.288129723548053544e-09
-2.096311861867521228e-07,-6.328820907591036724e-07
2.101846152068048994e-07,-6.323680609191512855e-07
2.685583723078200725e-07,-4.108868108583756358e-07
-2.685325185018878381e-07,-4.108432762933395437e-07
1.101669892476710594e-09,-4.237038562874260464e-07
-8.872974828318904325e-10,-4.244539114636760179e-07
5.701156895577372926e-08,-7.298388779681004040e-07
-5.658547083175300003e-08,-7.295383966433182526e-07
2.191170843775647803e-07,-4.382881085725573287e-07
2.440120628413226099e-07,-4.383564050898027487e-07
-2.189661417246931849e-07,-4.383169381816645658e-07
-2.439031197959715697e-07,-4.383835928329470463e-07
-1.602289158150932747e-07,-5.937729870066017599e-07
1.605691032483124629e-07,-5.931138818679879516e-07
8.596904767576441278e-08,-5.221387927446852690e-07
-8.573837756885359047e-08,-5.228844480847153875e-07
-2.614221833535763200e-08,-6.225880702624953039e-07
2.649929138174322870e-08,-6.223714181674511502e-07
2.582785482886868620e-07,-4.396851477297894657e-07
-2.582034133569618279e-07,-4.397136910503935436e-07
2.778208798076315631e-07,-4.621522702925201497e-07
-1.119657769823765629e-07,-8.226860524598329474e-08
1.111616197275972724e-07,-8.204927513850394301e-08
-1.801549694745425135e-07,-2.933201938944111999e-07
1.798704265654806965e-07,-2.928364875984419945e-07
1.120038252612981925e-09,-5.407239515153615525e-07
-1.422130188298477242e-07,-1.013112457973147223e-07
1.639457392551985438e-07,-1.173581818200569257e-07
-2.278704487908983786e-07,-3.680672070678146417e-07
2.276247492342175978e-07,-3.676282979735336984e-07
1.246786078327732582e-07,-2.075199546590393182e-07
-1.249596350498238293e-07,-2.079901526757733347e-07
1.126520060554895515e-09,-4.309933127201159858e-07
-4.288964829723770079e-08,-4.053212354381379157e-08
1.113556591190612690e-09,-6.221336843300669775e-07
-1.760585658781850576e-07,-1.298791968968462840e-07
1.759002341335102417e-07,-1.298952940161777144e-07
4.239038888016076549e-08,-4.039498521086107400e-08
2.621543873809618365e-07,-4.239297006362802795e-07
1.139397631173593311e-09,-1.784769154675995093e-07
6.971987812772726037e-08,-1.222373128917852231e-07
-2.623316842904611117e-07,-4.242831274866512910e-07
2.795525217908868635e-07,-4.563700431636040962e-07
1.760636813518917266e-07,-1.382914714175727560e-07
1.100607406951356192e-09,-6.718491522522414008e-07
-2.778239047863554866e-07,-4.622831534632798366e-07
-1.759292420790478585e-07,-1.381717128615563220e-07
-2.796446555043618836e-07,-4.566149239538448886e-07
1.107069066285454032e-09,-6.671971447054203229e-07
-6.994220055925697373e-08,-1.226180988967415304e-07
1.133006591618698065e-09,-3.049283626399047038e-07
7.650425552038588115e-08,-6.127727416418297834e-08
-1.643942132333984343e-07,-1.174448885389050799e-07
-7.726560180183614966e-08,-6.149122892392679448e-08
1.415312111901373201e-07,-1.011401969339205950e-07
-2.609515769652439292e-07,-4.125980723698124900e-07
2.610154138151818359e-07,-4.126255222967080363e-07
-2.586712454925736298e-07,-4.253101592599459767e-07
2.587426371247352725e-07,-4.253111051768779226e-07
-2.229608380700427708e-07,-6.418458101119600618e-07
3.901550866101842276e-08,-3.682181365579392383e-07
1.201893078496319028e-07,-8.319827413914839173e-07
-2.583544904913082419e-07,-4.166236916036591822e-07
2.583801958968202543e-07,-4.166646881842606743e-07
-1.197194088776846204e-07,-8.316223248254741500e-07
-3.878427526031553546e-08,-3.674976177171910153e-07
2.236570386838207175e-07,-6.414124925107658546e-07
