Size 899,2
0.000000000000000000e+00,0.000000000000000000e+00
0.000000000000000000e+00,0.000000000000000000e+00
6.044890967821120837e-10,-6.617821674939351108e-06
-3.230430020087673703e-07,6.112767498273100144e-06
2.343568420754022059e-07,-1.780038160774875050e-07
3.883907935978674231e-07,-1.018007726463637014e-07
5.305812948754835789e-07,-5.739822606203638293e-06
4.820809073754424141e-06,-2.093337210705236687e-06
4.446560676809958412e-07,6.006298844062927486e-08
4.387248691353324465e-07,3.879861181840774735e-08
5.176437843320718285e-06,-1.064055848870134540e-06
3.587182178529122930e-06,3.737252995885051646e-06
2.022606526710471042e-07,2.001322729880355729e-07
2.991672627635242127e-08,1.041609803663275841e-07
2.713804723309009102e-06,4.364080982346753380e-06
-2.806377713388878202e-06,4.679762867440384865e-06
-1.056137195601367818e-07,-1.869709586202722286e-08
-7.310383156956059711e-08,8.077857218178403786e-08
-3.716512757059188883e-06,3.994137768572994290e-06
-5.695659583448007563e-06,-1.278167962976887898e-06
-1.339826790807198870e-08,-1.081121994321320720e-07
-9.604309991012976518e-08,-1.312313859408490320e-07
-5.327431757682965121e-06,-2.375764149245265645e-06
-5.465843370310359465e-07,-5.726849256678630846e-06
1.557891163654890689e-07,0.000000000000000000e+00
2.476353987014794357e-07,0.000000000000000000e+00
3.047101729989312288e-07,0.000000000000000000e+00
3.416530003690527006e-07,0.000000000000000000e+00
3.659675467553588685e-07,0.000000000000000000e+00
3.883629492270770081e-07,0.000000000000000000e+00
4.003633562734151588e-07,0.000000000000000000e+00
3.977786523850165360e-07,0.000000000000000000e+00
3.843033015357570512e-07,0.000000000000000000e+00
3.526427749057217069e-07,0.000000000000000000e+00
2.819143086999274892e-07,0.000000000000000000e+00
1.877390185025715643e-07,0.000000000000000000e+00
9.706021280584119075e-08,0.000000000000000000e+00
0.000000000000000000e+00,0.000000000000000000e+00
0.000000000000000000e+00,0.000000000000000000e+00
0.000000000000000000e+00,0.000000000000000000e+00
0.000000000000000000e+00,0.000000000000000000e+00
0.000000000000000000e+00,0.000000000000000000e+00
0.000000000000000000e+00,0.000000000000000000e+00
0.000000000000000000e+00,0.000000000000000000e+00
0.000000000000000000e+00,0.000000000000000000e+00
0.000000000000000000e+00,0.000000000000000000e+00
0.000000000000000000e+00,0.000000000000000000e+00
0.000000000000000000e+00,0.000000000000000000e+00
0.000000000000000000e+00,0.000000000000000000e+00
0.000000000000000000e+00,0.000000000000000000e+00
4.206911292916118540e-07,-6.578306274441507319e-06
8.015521303487899282e-07,-6.506697390085625667e-06
1.129986255867188298e-06,-6.425385490080524052e-06
1.422201403111569086e-06,-6.339321207626441826e-06
1.685167344337450404e-06,-6.250481609193604001e-06
1.924876056750693063e-06,-6.159753925615047062e-06
2.146622875498077807e-06,-6.067136225390579930e-06
2.355130364510051203e-06,-5.972100550245224136e-06
2.554596750407792930e-06,-5.873510847152591958e-06
2.748569763358178405e-06,-5.769799520601207220e-06
2.940599206918401547e-06,-5.659604032018627317e-06
3.133842385483125443e-06,-5.540915735189683474e-06
3.331217379084485623e-06,-5.410131895320073698e-06
3.533512499913423231e-06,-5.264494671376805992e-06
3.741772207678541987e-06,-5.100895964019503694e-06
3.955510288580187625e-06,-4.916706970260280895e-06
4.174083912325813409e-06,-4.709324648443376437e-06
4.395637548096582235e-06,-4.476897180180116270e-06
4.618131026031892045e-06,-4.217763804314716016e-06
4.838638783696906847e-06,-3.931372409326087708e-06
5.054079155229068529e-06,-3.617516366340144671e-06
5.261175278265243307e-06,-3.277498841748092608e-06
5.457098446832673512e-06,-2.911125897871447178e-06
5.636718370655020003e-06,-2.520508147382799028e-06
5.792923899095783786e-06,-2.107534916846143740e-06
5.914168464708922543e-06,-1.685123657477884258e-06
5.999248501042291248e-06,-1.274481924257623277e-06
6.050585012930931967e-06,-8.922156181520265496e-07
6.078275133505022434e-06,-5.441511388233462111e-07
6.088772579919965659e-06,-2.252860373676432671e-07
6.085532656209842558e-06,6.809726055257854737e-08
6.071098309352572271e-06,3.393066326661926809e-07
6.047423671630741290e-06,5.914030284420383718e-07
6.016016799224462178e-06,8.275840099416100393e-07
5.977856387860712798e-06,1.050936556338251609e-06
5.933478360795415061e-06,1.264535151597987955e-06
5.882939847208568579e-06,1.471291102961515712e-06
5.825890593142412137e-06,1.673938737661530393e-06
5.761589055758665207e-06,1.875004218621073669e-06
5.688938843053669964e-06,2.076703921038701455e-06
5.606561545659139418e-06,2.281013532195887185e-06
5.512788701936618076e-06,2.489503721991384616e-06
5.405794038863914054e-06,2.703492161808065489e-06
5.283513380864435391e-06,2.923878965363413456e-06
5.143738939475735516e-06,3.151411902066055220e-06
4.983798301566849818e-06,3.386357989760083593e-06
4.805497662814207218e-06,3.634854615386719171e-06
4.599080041584139817e-06,3.895738369084485166e-06
4.357657247167383277e-06,4.169812997833707326e-06
4.077810385942765489e-06,4.450922109700788125e-06
3.755717982443916946e-06,4.728515549844454678e-06
3.403359772142116958e-06,4.982948205573968612e-06
3.039813685011244449e-06,5.207332156709791020e-06
2.677402175413834816e-06,5.400868795155171166e-06
2.321565687674829959e-06,5.566349553515289149e-06
1.974376136377534801e-06,5.705840086522490162e-06
1.638087804261557263e-06,5.820916885916691014e-06
1.314583938281074385e-06,5.913286599912748282e-06
1.005375766965528106e-06,5.984993279920913017e-06
7.111902210813132161e-07,6.038247492686367701e-06
4.322275352664101839e-07,6.075399304854395685e-06
1.678361909903062898e-07,6.098760808782728831e-06
-8.321315429668952388e-08,6.110553581438910934e-06
-5.541341586748399848e-07,6.106292020856396628e-06
-7.791444782525935550e-07,6.091585836140964193e-06
-1.001020666553154688e-06,6.069344861372667877e-06
-1.223246968577414642e-06,6.039659577657562020e-06
-1.449681571005203988e-06,6.001929489596870035e-06
-1.684342298664060309e-06,5.954830151430223212e-06
-1.931454200656085823e-06,5.896287368184228509e-06
-2.195095649146860003e-06,5.823435382880177170e-06
-2.479563154202223514e-06,5.732621115193389069e-06
-2.789366707586853187e-06,5.618831640026765284e-06
-3.130164164696027867e-06,5.473793308001964141e-06
-3.499196135640316200e-06,5.285393829314055036e-06
-3.882514208574516581e-06,5.051964445292736876e-06
-4.247864762293604798e-06,4.775100833370133262e-06
-4.577842213103490647e-06,4.479082407404286549e-06
-4.871345967590810394e-06,4.177689793063839569e-06
-5.129297971234103506e-06,3.879449060776446467e-06
-5.355338560903911534e-06,3.586982700405178690e-06
-5.558271500860596654e-06,3.304707335971673340e-06
-5.735342425457994963e-06,3.028611495507024164e-06
-5.888743374327881423e-06,2.760341938451712873e-06
-6.020622504035290681e-06,2.500789125589450325e-06
-6.133350727275905838e-06,2.250366685534583926e-06
-6.229301469353213530e-06,2.008734353419790299e-06
-6.310904513294141261e-06,1.774964186671235968e-06
-6.380393715693098371e-06,1.547354823970641651e-06
-6.439785864209113080e-06,1.323659713765160013e-06
-6.490710740858894752e-06,1.100982689471718064e-06
-6.534339920602559995e-06,8.759790274859469349e-07
-6.571309460527008751e-06,6.448679292464868871e-07
-6.601610509633165954e-06,4.035545166459371685e-07
-6.624607372305389386e-06,1.477925411087940049e-07
-6.638917457470782804e-06,-1.268197715896922774e-07
-6.642527573016673315e-06,-4.245593010735993183e-07
-6.632618368432767303e-06,-7.499720597369255358e-07
-6.605146799625688538e-06,-1.108284592637865629e-06
-6.551822335478128837e-06,-1.506779403403351638e-06
-6.458769216533909463e-06,-1.938202581272380673e-06
-6.320707971550403395e-06,-2.376476310390748863e-06
-6.144326387947607825e-06,-2.787848135486914802e-06
-5.951621930310394846e-06,-3.152507753033256584e-06
-5.755716248392157065e-06,-3.477256562481803265e-06
-5.561737157400359065e-06,-3.766587223538050567e-06
-5.369445339275737211e-06,-4.027352182503462985e-06
-5.179379975799958889e-06,-4.262306922215248178e-06
-4.991642246412979308e-06,-4.475203224452778702e-06
-4.805912842280520171e-06,-4.669477712022534861e-06
-4.620940424797568957e-06,-4.848746223341891629e-06
-4.435154448934653683e-06,-5.016147668458068475e-06
-4.246272288008575110e-06,-5.174554259644587587e-06
-4.051751106089128396e-06,-5.326331862460174261e-06
-3.848831847162822084e-06,-5.473293270281929107e-06
-3.633939688757560037e-06,-5.617170085246279901e-06
-3.403782394130157417e-06,-5.758456174386699823e-06
-3.155439372673586000e-06,-5.892023477055411216e-06
-2.889538790682061346e-06,-6.020078228971102498e-06
-2.604335999171712667e-06,-6.141360546270904858e-06
-2.298422105840578897e-06,-6.254438288249740647e-06
-1.970705148289859834e-06,-6.357405662067720180e-06
-1.620648593121907286e-06,-6.448167084721439957e-06
-1.248057745971151325e-06,-6.524222600399959607e-06
-8.528127347101202780e-07,-6.582698202178592376e-06
-4.314105491226614908e-07,-6.618576167331608406e-06
2.690053460811052081e-07,-1.459860120070335614e-07
3.125356232877701488e-07,-1.179067768393768609e-07
3.444872085397630831e-07,-8.960072670417461511e-08
3.617804265789505245e-07,-7.050321225492509465e-08
3.730014124878456134e-07,-7.008817726235862736e-08
4.806725142694519168e-07,-2.582249600666600486e-07
6.583496681337428784e-07,-4.202348911091494653e-07
9.081951660734923708e-07,-5.918145927114367216e-07
1.221238494466033860e-06,-7.708493114795278368e-07
1.587659447766547899e-06,-9.541670838589608985e-07
1.997614106455533337e-06,-1.138612864114713106e-06
2.441294844024056332e-06,-1.321053287722349062e-06
2.908954423094970567e-06,-1.498365891121327266e-06
3.390898424487024685e-06,-1.667375835549735419e-06
3.877189052211036996e-06,-1.824718595127681835e-06
4.356859790958450593e-06,-1.967212392271828588e-06
4.681615719964026989e-06,-2.463990158449846619e-06
4.527925797201976457e-06,-2.821199299471537189e-06
4.366156034004836752e-06,-3.158966911531135492e-06
4.198288895109742598e-06,-3.474280915041666229e-06
4.026002657214546539e-06,-3.766477875018429487e-06
3.851824520523488512e-06,-4.034056752532611647e-06
3.676728470187631804e-06,-4.277707246641304695e-06
3.502540634344019618e-06,-4.497149269288866612e-06
3.329374661513693858e-06,-4.694039584226882742e-06
3.157990809949039531e-06,-4.869005901107800621e-06
2.987425822749296193e-06,-5.024091523911324181e-06
2.817077244599139576e-06,-5.160689750899695391e-06
2.645144739549792641e-06,-5.280173390453292330e-06
2.468659553825361078e-06,-5.383951310738104742e-06
2.285285120081748186e-06,-5.474664685558908738e-06
2.092315955475713002e-06,-5.553071921202161705e-06
1.886462882020071390e-06,-5.619496696675867096e-06
1.663935418015515113e-06,-5.673678172673422116e-06
1.420606297203763385e-06,-5.715018862307408102e-06
1.152181303064796326e-06,-5.742021700296315611e-06
8.551542683793426483e-07,-5.752372767356465528e-06
5.967280873564938993e-07,-5.242312427363236585e-06
6.377717463439059183e-07,-4.714470027209794114e-06
6.639681315539003930e-07,-4.164777732664373290e-06
6.759985466929050170e-07,-3.603440848403256330e-06
6.735924781433027555e-07,-3.042239863486001818e-06
6.565275030950775538e-07,-2.493396527504645211e-06
6.246342842855573369e-07,-1.969289530625869537e-06
5.777313428354775882e-07,-1.482382733011354825e-06
5.154790784991482554e-07,-1.045284052813654060e-06
4.372639493916247475e-07,-6.715016915600062418e-07
3.430089726419199243e-07,-3.764241498683403729e-07
4.055629962143683180e-07,2.899951675979692096e-08
4.015084166302075192e-07,1.136233887896680039e-08
4.038948612756391356e-07,5.200951095022072418e-09
4.100155505517528868e-07,6.418036939488310534e-09
4.200515658177450016e-07,1.660386280729752990e-08
6.182914270322527924e-07,1.184413598438050902e-07
8.250774810561996780e-07,2.691418210799077926e-07
1.058455724836920661e-06,4.761436698492187643e-07
1.314956139575311488e-06,7.323394366722756216e-07
1.589799999901267730e-06,1.031082571373972406e-06
1.877881532811416247e-06,1.365595746362932998e-06
2.173981035004891388e-06,1.728946519185539979e-06
2.472817358977960453e-06,2.114089828466282914e-06
2.769072972623045342e-06,2.513885082857581122e-06
3.057469021026127277e-06,2.921188626683880544e-06
3.332777779791780200e-06,3.329488237605035689e-06
3.876928365784505372e-06,3.534180176228779850e-06
4.134661623345329197e-06,3.327453500018021259e-06
4.361617516375294357e-06,3.125751212065825733e-06
4.560877172801714587e-06,2.929366407284941111e-06
4.730141611719258130e-06,2.735215041945029062e-06
4.879229811762613884e-06,2.543511895817188517e-06
5.009515809784111235e-06,2.354721200089845119e-06
5.122538973679329215e-06,2.168423292784548241e-06
5.219633115319378773e-06,1.983810427610636416e-06
5.302052139082078072e-06,1.799727009338943555e-06
5.370778847694043895e-06,1.614754376017283147e-06
5.426552058152558473e-06,1.427184154362818284e-06
5.469813447284996827e-06,1.235099969334037642e-06
5.500631074107523389e-06,1.036363468872484994e-06
5.518753297463366717e-06,8.287084610143009763e-07
5.523457329504643001e-06,6.097346014590608434e-07
5.513681958918427050e-06,3.770144929260554583e-07
5.487845010970608073e-06,1.280897667225104243e-07
5.444029489431732294e-06,-1.393774840995395533e-07
5.379813545638964430e-06,-4.274531390102534239e-07
5.292303052700624767e-06,-7.369255671054164084e-07
4.720567695461660465e-06,-8.707218766829441696e-07
4.247382284439724330e-06,-6.943641492181673589e-07
3.763848013542186070e-06,-5.273769967268169593e-07
3.277720565718858581e-06,-3.718631379640790767e-07
2.798288323938917444e-06,-2.311296468573811409e-07
2.335241838508963081e-06,-1.084595330091435153e-07
1.898338638775188751e-06,-7.085485636680335314e-09
1.497362838722777589e-06,6.976046362178133927e-08
1.142142743036176969e-06,1.188288509228403281e-07
8.425840438131935774e-07,1.368887704202115515e-07
6.074726950908896609e-07,1.205687593190755362e-07
1.427656900221428009e-07,1.701463093966497297e-07
8.303454990413770551e-08,1.506629521241419579e-07
3.331599964548135326e-08,1.233900179763989432e-07
6.305703333501369090e-09,9.378988880855644795e-08
9.597041385450286569e-09,7.393592319455739951e-08
4.307987851318857623e-08,2.894583437437085568e-07
-1.741433254155432606e-08,5.450005506598771594e-07
-1.396523106467032214e-07,8.597935545062013149e-07
-3.159816090672680888e-07,1.223760808461240529e-06
-5.389686067916215213e-07,1.626719022417301154e-06
-8.013449484631976941e-07,2.058540984201892293e-06
-1.095820162896515586e-06,2.508973381495919932e-06
-1.415016001156484175e-06,2.967649389028733140e-06
-1.751439354937041743e-06,3.424165372482853179e-06
-2.097650434881480327e-06,3.868392099140711995e-06
-2.447812834435684377e-06,4.291019656572121861e-06
-2.539521504392528695e-06,4.894104756311979351e-06
-2.279800852363246572e-06,5.071527653609392667e-06
-2.034299437001869952e-06,5.217050172423139202e-06
-1.802449470403830561e-06,5.334661610738138613e-06
-1.581773394144207450e-06,5.427897283351290546e-06
-1.369319345259012870e-06,5.499875605979946794e-06
-1.162033697585739377e-06,5.553103336058800669e-06
-9.568830153592169397e-07,5.589481413044545288e-06
-7.509941187513486504e-07,5.610356552337779420e-06
-5.417267838166998483e-07,5.616489305200803549e-06
-3.267625861009020648e-07,5.608187297756172487e-06
-1.040274522879824083e-07,5.585256375481631780e-06
1.283400338267718500e-07,5.547167197047215659e-06
3.718471883575986241e-07,5.493109396367623911e-06
6.274507710889995132e-07,5.422064397369981936e-06
8.955560938743967922e-07,5.332922524312672235e-06
1.175969333011956800e-06,5.224497456613314323e-06
1.467980807279154222e-06,5.095749113141312139e-06
1.770317297997767517e-06,4.945723612550965741e-06
2.081176862657774239e-06,4.773877627645241314e-06
2.397676958895452729e-06,4.579979001365745163e-06
2.413904957300064351e-06,3.993331800989146126e-06
2.115442954315869880e-06,3.603837773507519938e-06
1.820817207500366980e-06,3.201386059184631053e-06
1.535647657171894683e-06,2.793533490066665896e-06
1.265183636816056435e-06,2.387783274413720461e-06
1.014533745238174970e-06,1.991436731781641630e-06
7.887527839359351985e-07,1.611679116706684894e-06
5.928528499894877190e-07,1.255608890836889677e-06
4.318248982517584589e-07,9.303064176385515597e-07
3.104946927230284849e-07,6.430379604597615208e-07
2.323921419420454958e-07,4.000971375181073228e-07
-5.014268298706818515e-08,-1.569813980260854805e-08
-2.548765608944008745e-08,-7.055218614525483805e-09
-1.520959111881933060e-08,2.666817212959208325e-09
-1.309658109424265110e-08,1.468233273616666793e-08
-2.050144466983411989e-08,3.912880553098841092e-08
-2.771326532273617312e-07,1.627202550720624025e-07
-5.705803114563410462e-07,1.878716212556693294e-07
-9.439317098267426053e-07,1.686451516253901313e-07
-1.384885739595722199e-06,1.093718085374133676e-07
-1.879463202543339334e-06,1.450873134431613825e-08
-2.413819553393434698e-06,-1.113917689979937280e-07
-2.974184844499836170e-06,-2.637970054351150625e-07
-3.546825136499120717e-06,-4.381854875529807172e-07
-4.118056821985185265e-06,-6.300126195671492657e-07
-4.674437622530565322e-06,-8.346971739584373066e-07
-5.203822022125881480e-06,-1.048588244115925701e-06
-5.821041417779661259e-06,-9.450932895753324856e-07
-5.915112827507052944e-06,-6.291496726549290713e-07
-5.983761663555965903e-06,-3.363326447900997903e-07
-6.030018975296491794e-06,-6.559757452239689564e-08
-6.056396091531259544e-06,1.859826619402804681e-07
-6.064788663987934337e-06,4.217203910646874654e-07
-6.056680612411234011e-06,6.450566621443291155e-07
-6.032906747789313892e-06,8.593361909886968393e-07
-5.993881601785823778e-06,1.067785202733206827e-06
-5.939477619367237775e-06,1.273338584235703373e-06
-5.869204483223884277e-06,1.478634964291504596e-06
-5.782229193072012842e-06,1.685864091790474546e-06
-5.677448104159221082e-06,1.896788059393259590e-06
-5.553672547660326048e-06,2.112618035994061131e-06
-5.409564994823101426e-06,2.334066976524013840e-06
-5.244001489665480648e-06,2.561250121634961895e-06
-5.055893172367458520e-06,2.793681570592402022e-06
-4.844732380523715074e-06,3.029782405960848134e-06
-4.601576395377687909e-06,3.268196036327633955e-06
-4.331798248212225132e-06,3.511274043061174542e-06
-4.035572126785799937e-06,3.756802432113194629e-06
-3.445154518101487716e-06,3.556236453725384118e-06
-3.144407574444473834e-06,3.103322823865078026e-06
-2.819916487375326734e-06,2.643951482326074634e-06
-2.479815036267439932e-06,2.189920049386303541e-06
-2.132149502752295791e-06,1.751813769797354440e-06
-1.784622394717467774e-06,1.339877829956972971e-06
-1.444806000709737669e-06,9.642944051007119583e-07
-1.120222703603547999e-06,6.351841586700427620e-07
-8.183843786700389007e-07,3.625464241510414052e-07
-5.466889671779467912e-07,1.559619039919347108e-07
-3.102072652284922211e-07,2.367373132275346835e-08
-5.316292918058491951e-09,-5.319693656873304877e-08
-1.259725832765360065e-08,-3.260932084366750053e-08
-2.604017253586224073e-08,-2.846211448451657733e-08
-4.407421348439922313e-08,-4.152245492290184581e-08
-6.506696677280214818e-08,-6.951070841290078747e-08
-2.381804199924660067e-07,-3.628712525199289482e-07
-3.411251134254726882e-07,-6.683372049542741839e-07
-4.279181255099998718e-07,-1.042974677423125303e-06
-5.001601154848400115e-07,-1.479692999541988970e-06
-5.574349873073262321e-07,-1.966448277424008209e-06
-5.997207578754933263e-07,-2.490537324616990651e-06
-6.271638291423664178e-07,-3.039394551914339349e-06
-6.399231018013053984e-07,-3.600644740853140448e-06
-6.381083834984861936e-07,-4.162028319103548134e-06
-6.218344708410051621e-07,-4.711126745007829567e-06
-5.917205821534245609e-07,-5.235489380829862014e-06
-9.208214576000335348e-07,-5.721180493491768513e-06
-1.283129027202491902e-06,-5.696318663578741651e-06
-1.627475345555880950e-06,-5.656007840077680751e-06
-1.952075422059737327e-06,-5.601720885846608938e-06
-2.256554792054883538e-06,-5.534770252826242540e-06
-2.541238559635213007e-06,-5.456096475991647066e-06
-2.806977312857857866e-06,-5.366617152635500829e-06
-3.055322997015759985e-06,-5.266779155792517908e-06
-3.286604191755771994e-06,-5.161913370491654007e-06
-3.500447798877898762e-06,-5.047208549003123990e-06
-3.698962107209067157e-06,-4.922723075814013335e-06
-3.884375884177239742e-06,-4.787289785805678677e-06
-4.058932339081202406e-06,-4.639468618090213762e-06
-4.224572090529700042e-06,-4.477267080933917681e-06
-4.382842535266344872e-06,-4.298687106186577269e-06
-4.535278513050992968e-06,-4.100833567179074713e-06
-4.682393884773170506e-06,-3.881557242475285365e-06
-4.825060961804509273e-06,-3.637394154585109471e-06
-4.962588897100961661e-06,-3.366528893973082850e-06
-5.094762223028559184e-06,-3.065588306651805895e-06
-5.220384184162143534e-06,-2.734095265917343333e-06
-4.804601112311212114e-06,-2.265804547873815762e-06
-4.253966132658388353e-06,-2.124691469084332331e-06
-3.684916034297405131e-06,-1.959455368630942908e-06
-3.111298466225692261e-06,-1.774546582344301642e-06
-2.546918141777754730e-06,-1.574483610210012469e-06
-2.005470638624844885e-06,-1.363703532601132152e-06
-1.500699942464833986e-06,-1.146624140158278339e-06
-1.046395920719092508e-06,-9.276783676111571528e-07
-6.563592262857250519e-07,-7.113068066905065417e-07
-3.443499730742819219e-07,-5.018850252938311851e-07
-1.233863003837069775e-07,-3.022971456841050682e-07
-1.432101236509819234e-07,1.722570230204800482e-07
5.618226256805272377e-08,-3.878111005794138898e-07
4.350919763767663247e-07,2.688264891123904476e-07
5.595362540440016775e-07,-7.393889317219209056e-08
-2.196802311248329198e-07,-7.709678241403511314e-08
-2.944030118224876114e-06,3.918250690695379207e-06
4.534529113110454366e-06,-1.419135340001365177e-06
2.185576310298958911e-09,-5.231762506549946916e-06
-4.996586155273505680e-06,-1.655623588264543944e-06
2.871226920427248884e-06,3.658942480874584563e-06
2.926934414446350671e-07,7.583513868865145918e-08
-2.154192324637321812e-08,2.972625140557083150e-08
3.366846409845959968e-06,4.343802032366553917e-06
-3.477597194798150832e-06,4.644625840716912696e-06
1.281081309605491561e-08,-4.161465863699055691e-06
-3.899882415301463239e-06,-1.294253957997893955e-06
7.501983068086505263e-07,7.104162840926533323e-07
4.401701823343176726e-08,-1.054415700493421051e-06
-8.120949553391663280e-07,-2.751411139808868390e-07
-4.858117452042112900e-07,6.206716240913495652e-07
1.034918580266083214e-06,-2.396255905087496664e-07
2.295018343586648446e-06,2.857834975785692842e-06
3.577479911715092873e-06,-1.097507797836208172e-06
-2.763444743833519676e-06,-9.200610863558371283e-07
1.192798348065560750e-06,1.326245075262156309e-06
-1.697485613909110360e-06,-5.684489790287829606e-07
2.322127322488162030e-08,-3.042865164696240717e-06
1.721424432442836079e-06,2.060907934754122981e-06
3.357564474623751019e-08,-1.973997812186462628e-06
2.623108846347654969e-06,-7.771451267882294274e-07
1.749518377831519116e-06,-4.827314451064964825e-07
-9.963624572557522565e-07,1.301665266340625156e-06
-2.285330845916935967e-06,3.033380392673066423e-06
-1.616006668725469650e-06,2.133207269292930855e-06
4.036259094422511001e-07,-1.255350740604460537e-08
-2.881153389969363761e-08,-1.071414102481486860e-08
8.277768532719155333e-08,-1.369652731671275086e-07
5.285393954356672152e-06,-1.695904632840459343e-06
-5.803424119686564384e-06,-1.950235948576766694e-06
4.087331836473226821e-07,1.926317211619226772e-08
-2.433474308651864184e-08,2.563462087563145190e-08
-4.589402408480617401e-06,-4.484422886210766372e-06
3.920579590006044500e-06,-4.493683432780682207e-06
-7.327598348040653663e-10,-6.030269002581658046e-06
4.324996064853063192e-06,-3.981803777448811607e-06
-4.933106789740398486e-06,-4.062879953448152543e-06
-2.027461561130004929e-08,-2.466344730554784333e-08
3.147929827362038670e-07,-4.988185509653997105e-08
-4.228552995383946808e-06,-4.828651142556770893e-06
3.516752183255382359e-06,-4.897449402950672681e-06
4.709315736479885110e-06,-3.357117747236321889e-06
-5.262169058080573566e-06,-3.538496702615174389e-06
6.649141337037914439e-09,5.121616747454172889e-08
1.414562832577700860e-07,9.368265971751123315e-08
-4.339354838150635687e-06,4.044380548591088322e-06
4.142790422388087358e-06,3.787354448227235518e-06
-3.847222508945793707e-06,-5.121669892243606749e-06
3.133479522327077310e-06,-5.212709211173674509e-06
5.033581358038064709e-06,-2.702152766743332518e-06
-5.553522413878120909e-06,-2.953979793852779936e-06
-4.827219652659391278e-06,3.564387782644362591e-06
4.550754998798354104e-06,3.372779743107057789e-06
-3.458437803163904067e-06,-5.366107089250045768e-06
2.791888965125892812e-06,-5.447339843458890402e-06
1.997370676879785185e-07,-7.681657222954607574e-08
-5.834024635206961572e-09,-7.095003638250540970e-08
-3.684105788879311460e-08,-4.939509439066860553e-08
4.002313914335990720e-07,3.719178084888153624e-09
3.940309051644243839e-07,5.832772723639765952e-09
-3.044369009348044694e-08,-2.535688237159299624e-09
-2.028867827545657408e-08,3.145304421515809846e-09
-5.304828955589864973e-06,3.036303868793899946e-06
-5.484799516253023912e-06,2.794252050115975747e-06
5.077896156100834343e-06,2.733373151075306383e-06
4.935057185821945943e-06,2.932917480415658335e-06
-2.969725019588506145e-06,-5.631857845223529134e-06
-2.714745816005430113e-06,-5.741317166504782719e-06
2.411501151898389568e-06,-5.674996584194586527e-06
2.223394332660257044e-06,-5.764433222824404300e-06
-5.645985373519246455e-06,2.535907014997132660e-06
-5.782424539757101845e-06,2.306099156162203149e-06
5.205789715436579683e-06,2.520031795394466890e-06
5.314971908785009905e-06,2.328729885350341431e-06
-2.417947922142397411e-06,-5.841028778061925368e-06
-2.124486373679724630e-06,-5.932412261496249979e-06
2.007424493801555594e-06,-5.846095248499574466e-06
1.793694469091598594e-06,-5.921402563215345260e-06
-3.061532481932212929e-08,-3.388049768384406857e-08
-5.095048790986322100e-06,3.308122599978979144e-06
4.768000962501713518e-06,3.157862997342409894e-06
-3.228735091650386651e-06,-5.514986138238200104e-06
2.608499510421057763e-06,-5.576924406587007108e-06
-5.901952486665504685e-06,2.063638572287588203e-06
-6.001844778951483422e-06,1.846821527031313428e-06
5.411636730442043659e-06,2.124255228441508240e-06
5.493963994955416615e-06,1.938071065608643242e-06
-1.785458588968599342e-06,-6.009888552060334818e-06
-1.450840813691760874e-06,-6.077147954956007027e-06
1.542190145596617785e-06,-5.988295286040508464e-06
1.285604007059730064e-06,-6.049096496831603631e-06
-1.854307735061188868e-08,1.119549822848640985e-08
4.040185198359789705e-07,8.089933743410352873e-09
2.702747153458715590e-06,4.892045308733859553e-06
2.377663360894827823e-06,5.081263788949125289e-06
-2.530727567707913628e-06,5.332534676459570624e-06
-2.816651048777369096e-06,5.173350964510751433e-06
-6.087299726795038041e-06,1.617949196236753915e-06
-6.157713613493586081e-06,1.410024480842375875e-06
5.565733484025643759e-06,1.737287179270001121e-06
5.626399453171288337e-06,1.550484185639589640e-06
-1.068816016483398221e-06,-6.125115302102324805e-06
-6.937529777480824800e-07,-6.160750064137125814e-06
6.564900866661203865e-07,-6.138838229339135970e-06
9.780582229738615927e-07,-6.097909698638254484e-06
3.778302346535903066e-07,1.717542569161618533e-08
-4.453271153561513294e-08,-4.308788221310453335e-09
2.031735796834829112e-06,5.252104718638750551e-06
1.719898093103352425e-06,5.393644151096064632e-06
-1.996867330776943263e-06,5.569973830937749511e-06
-2.243938336239196983e-06,5.465899121098012865e-06
-6.215837264190827550e-06,1.187471001875381667e-06
-6.262285570290025053e-06,9.798753810119364778e-07
5.719566482504246773e-06,1.150306892811151609e-06
5.677586754833259858e-06,1.345696826940572503e-06
1.394338414969837420e-06,5.516999599094257612e-06
1.104017287898111007e-06,5.615223981371089899e-06
-1.525846429387033532e-06,5.721687701940055756e-06
-1.746437617208997013e-06,5.655805642873276622e-06
-6.297324149603236616e-06,7.521205903505037262e-07
-6.322242972347407843e-06,5.327422942561065538e-07
5.751820438107514267e-06,9.317962037578200588e-07
5.775246387609803601e-06,7.181860238632055329e-07
3.062091150354198005e-06,4.670416908102430982e-06
-3.160673341472937711e-06,4.971614553204855480e-06
8.053576315415193755e-07,5.696811467082758948e-06
5.408631273956473440e-07,5.757924445771418332e-06
-1.089686153585873188e-06,5.812531177824930209e-06
-1.297350869299586695e-06,5.774240955079689004e-06
-6.334564428756174702e-06,2.852283323609185730e-07
-6.336143485741182919e-06,3.977498061374500307e-08
5.786975857892570089e-06,4.748721826436244342e-07
5.788630806428663138e-06,2.324833650330598864e-07
-1.326034696608145970e-08,-3.071849961568464602e-08
-9.965850349814819882e-09,-4.262877436587895026e-08
3.690256348827450815e-07,-4.343673006788855293e-08
3.513249274032867635e-07,-4.223837385359967660e-08
1.603556388998932167e-08,6.311323017947088069e-08
5.735101654064252228e-08,8.142551780291499688e-08
2.708352017769518408e-07,5.804734439829162856e-06
3.168899223931880708e-08,5.835553900603675020e-06
-6.602678203754361329e-07,5.855641004644779669e-06
-8.681927116476732955e-07,5.839858503749143585e-06
-6.321256573196400532e-06,-2.434856195796284657e-07
-6.292615623849122716e-06,-5.297852035270016626e-07
5.774555435637452397e-06,-4.724399776952817371e-08
5.747451678021268015e-06,-3.290054787122558842e-07
5.631178023020665041e-06,-9.877069810083950514e-07
5.698100761200387062e-06,-6.563666380953970600e-07
-6.240309520162225456e-06,-8.643930929918816885e-07
-6.168860226763853316e-06,-1.205732061878538440e-06
-2.131919846770981424e-07,5.854324841771764554e-06
-4.323900157183712605e-07,5.860499310755850995e-06
5.535307661641335143e-06,-1.379848568818010321e-06
-6.065976400200439305e-06,-1.615929313261447295e-06
-6.176450931116757017e-09,-1.802149788700663496e-08
-2.842076496089321481e-08,-5.999824669869428866e-08
4.003083971360505621e-07,-5.650722049552946284e-08
3.721325747478055829e-07,-1.730306425385435489e-08
2.667651512976731976e-07,-5.878059638797774605e-06
4.182090646933198965e-07,-6.287512673078712297e-06
-4.334248123883051664e-07,-6.310106072327846591e-06
-2.727733195665781638e-07,-5.876599609442564072e-06
-6.131529243110141349e-06,-1.944203060893970472e-06
-5.742960324708956809e-06,-1.612062153123088524e-06
5.225287567349049653e-06,-1.377423516041021704e-06
5.601634564706348708e-06,-1.691338198827332527e-06
6.589788554268913914e-09,7.245463112434081770e-08
4.609770804863703862e-09,2.756314681436743293e-08
8.023572787400906093e-08,4.370976484635340500e-08
1.099998256235240402e-07,1.268974061759298731e-07
-9.157215873105595171e-10,-6.321711275430922400e-06
3.271389241817586237e-07,-2.069164024941421011e-08
3.433892442090257254e-07,-6.312745088721747199e-08
-1.992534035959250573e-08,-3.058520009867201596e-08
-9.164620322200792516e-09,-1.537769992990724353e-08
-1.239534719760428078e-08,4.303623648576068958e-10
3.913964900464321197e-07,-5.035587603993095747e-10
-1.468269495243577499e-08,-1.611558663920213477e-08
-3.233701569719311184e-08,-3.426749020740835445e-08
3.126280720165841723e-07,-8.232234836190489118e-08
2.659681297109481917e-07,-5.888762092815667638e-08
2.654161041917696945e-07,-1.022111286693110773e-07
-2.309353998503246838e-08,2.399671959375759849e-08
-1.176565845516955499e-08,9.279901228390300403e-09
4.030631527069098845e-07,6.687111076735951851e-09
4.074676867309122000e-07,1.771498012419664633e-08
3.715823494737774437e-07,6.446598559004525693e-08
3.217274349198198837e-07,1.862250586370246808e-08
-1.826238777704236266e-08,2.628681744478720583e-09
-6.517955297045035412e-08,1.255552074658782074e-08
2.852129343925022562e-07,-2.859442993652688389e-08
2.217359362031558502e-07,-3.479829506390491328e-08
-5.745245170320832172e-06,-2.572930787470662269e-06
-5.562384458268957996e-06,-2.160922217051711307e-06
-5.978255941268628193e-06,-2.376615280587277363e-06
5.231772550230715034e-06,-2.303467331681568263e-06
5.460146455455875771e-06,-2.109000299425473515e-06
5.052926846204461595e-06,-1.893203977630575225e-06
2.770495109317135414e-06,-5.609637718050040447e-06
2.629313025879772563e-06,-5.415386965669352437e-06
-3.260201194210447904e-06,-5.319217878459349871e-06
-3.430355804332944927e-06,-5.558919715534452262e-06
4.773748462079471556e-06,3.382475813949313072e-06
4.552442112845694746e-06,3.143479410407859187e-06
-4.832454252507433261e-06,3.289611450414739571e-06
-5.097364177568086856e-06,3.578421185509451772e-06
-3.490166443207600985e-06,4.970147475066073247e-06
-3.137907925950416610e-06,4.655971477836105963e-06
3.040779047480470207e-06,4.351928979105813879e-06
3.384476422551818433e-06,4.662937775208413501e-06
-5.840184630047231347e-06,-2.870575168513039189e-06
-5.449765277679010451e-06,-2.669125405873839985e-06
4.930388210521967594e-06,-2.399061498097777590e-06
5.331714718399871917e-06,-2.611293110775310099e-06
2.100955782273056939e-07,-1.259973108606730888e-07
-3.977052317196185683e-06,4.389675545805314242e-06
-3.594351241593623874e-06,4.320418152815232740e-06
-3.862520966912879492e-06,4.708519196810916806e-06
3.826519362704444536e-06,4.101048894943756391e-06
3.727769331980622685e-06,4.400139112028943984e-06
3.474126212822178583e-06,4.037684975685439948e-06
3.872416020675242448e-06,3.768618483026666750e-06
4.108133548122256328e-06,4.108288660990456867e-06
-4.292859757668083300e-06,4.402678055859114092e-06
-4.031690432485327748e-06,4.023759493580133541e-06
-1.158895744650736345e-07,-5.186001866660433259e-07
-5.595020404257529739e-08,-2.574910445975446735e-07
-9.820785377652862246e-08,3.352973530454098314e-07
-2.429234092550861679e-08,1.510135504974167502e-07
6.088889375581489759e-07,2.761082340107710844e-07
4.561068161823587457e-07,1.324462596025932744e-07
6.092191833927325959e-07,-2.211700576357397145e-07
4.584935040976097773e-07,-1.150427180857359761e-07
-3.763717037776933593e-07,2.882944150764183171e-08
-1.512487086369007551e-07,3.963796917849210375e-08
-1.495067290555058172e-07,5.092622120132990781e-08
-3.166536282735247247e-07,1.733724895579718625e-07
1.754882541527711116e-07,-2.742924678630038117e-07
2.206126783201621105e-07,-5.223828279313364765e-07
5.055775163592107320e-07,2.339695626608253296e-08
6.862103897664746975e-07,1.039899962932753564e-08
2.989061535540942149e-07,2.454820814178403769e-07
3.855883379718832244e-07,4.390392014806374699e-07
-9.608517375483942820e-08,-1.278944618587318205e-07
-2.823450284472082502e-07,-2.564819125691050046e-07
-4.616076641583862660e-09,1.804439532090026460e-08
2.423534552366195364e-07,4.320973223824782415e-08
-3.038556469641601168e-06,3.517681164214323130e-06
-3.338597507205849819e-06,3.950948078404348821e-06
-4.631946938490107112e-06,-1.880559508260063164e-06
-5.158343289521861266e-06,-2.029663228308357515e-06
3.093929011501870757e-07,-4.976889113057242855e-06
2.825312220045167124e-07,-5.485883621389306559e-06
4.391388339844533512e-06,-1.062811478043682482e-06
4.856588446530760190e-06,-1.232115001172472977e-06
2.497974075315436902e-06,3.629678149109310015e-06
2.787511203743185941e-06,4.014598957600632748e-06
4.676459059872600494e-06,-1.762415837074221488e-06
4.208823464906059957e-06,-1.617202845700531610e-06
-2.863213880689064605e-06,4.306090252648887326e-06
-2.530031900340591962e-06,3.890690437589773593e-06
-2.840152177457740615e-07,-5.480182095813548481e-06
-2.997218499645017762e-07,-4.974357559049209294e-06
-5.350329515817141857e-06,-1.451655287667513334e-06
-4.835691445038309943e-06,-1.257087622479919966e-06
3.234826149009149884e-06,3.692921657059044482e-06
2.961375546770460482e-06,3.294356801849640177e-06
2.077235367050905909e-09,2.404547024233555928e-08
1.639561062882966665e-07,4.715519838859872289e-08
-2.303660075315318474e-07,5.907436556862807894e-07
-2.895889516218537853e-07,3.619245407982751423e-07
-5.301386594179949442e-07,3.708866232575430014e-07
-1.671731141761875125e-07,-8.563055398904256380e-07
4.979961794207967522e-08,-6.822697565587688905e-07
2.602769716487737381e-07,-8.574605889187521984e-07
8.357953184607581461e-07,-3.463433510887306676e-07
7.618384563723750682e-07,-1.452950960791445972e-07
9.395928040544363908e-07,-3.168361532752821260e-08
7.981931411292031645e-07,4.766434810995043879e-07
5.737503492816199340e-07,4.642895332045231300e-07
5.144504238505593076e-07,6.825351548282602285e-07
-6.923581923237063395e-07,-1.946726695482833242e-08
-4.716590951597153966e-07,-1.616030917058261299e-07
-5.649432717273664970e-07,-4.086972466762512155e-07
3.454452284228634250e-07,1.525328126538697700e-07
2.502281677470193262e-07,1.359126752990782477e-07
-5.923507855273989856e-08,7.603179385589060142e-08
-1.622455023574499659e-09,6.861129199218838937e-08
-1.174642118288588131e-08,1.113067750878781163e-08
-2.923009040144187843e-08,2.239184457625269979e-08
4.086500036790314870e-07,1.613304699342803815e-08
3.993953545242040454e-07,8.666179360187615723e-09
-4.564141303694902085e-06,-4.295482376360752408e-06
-4.729187450953539266e-06,-4.080192216152936935e-06
-4.756642691539187587e-06,-4.279602354177819674e-06
3.889204873368668721e-06,-4.268895619648158293e-06
4.116341879947035205e-06,-4.245661535269691669e-06
4.082866465667886451e-06,-4.005973785652743431e-06
-4.404179038831952047e-06,-4.479627858760464807e-06
-4.406495987809742348e-06,-4.659148749352236655e-06
-4.227076626216485806e-06,-4.653887466781100417e-06
3.706341757813880238e-06,-4.492974016039463888e-06
3.511718553259331042e-06,-4.701863801877433927e-06
3.711732919261824295e-06,-4.702014591792277488e-06
4.265092568658475131e-06,-3.732728074661839618e-06
4.512128819315874682e-06,-3.677701846806656670e-06
4.448802348144328611e-06,-3.414565185812418217e-06
-4.882451119254186624e-06,-3.854557949989470158e-06
-5.036703064020643557e-06,-3.586496095301140340e-06
-5.091997499110313384e-06,-3.810327499190640945e-06
-5.589815605612858408e-08,2.986434766407692434e-08
-4.255056240112181023e-08,4.703365957732197018e-08
4.287521363428762806e-07,1.957131045999310368e-08
4.210398258265013094e-07,3.510067851243693467e-08
-4.055803468568676396e-06,-4.807706372791335843e-06
-4.038365903494573893e-06,-4.975161864656899430e-06
-3.865542876958440418e-06,-4.953385365770927925e-06
3.333232979094855411e-06,-4.880865999800455607e-06
3.146845699104327308e-06,-5.044147230156075274e-06
3.319278653285481117e-06,-5.059571030260273703e-06
4.621818210137120382e-06,-3.092841182899371483e-06
4.868556177216324615e-06,-3.035725631799425374e-06
4.777957740312590149e-06,-2.761110530439694799e-06
-5.183260154004358067e-06,-3.307330561130035102e-06
-5.317370270082390949e-06,-3.008652726010613243e-06
-5.402882914853591563e-06,-3.257339642157776981e-06
-3.674985918331510402e-06,-5.085398504429257791e-06
-3.655937792716833280e-06,-5.242246524900846821e-06
-3.478769301563788485e-06,-5.204173965587637978e-06
2.972564131594057810e-06,-5.184909521070414088e-06
2.804900795187642417e-06,-5.305024783196257361e-06
2.959503936828872649e-06,-5.332181991738688072e-06
4.135500921866519680e-06,3.550467907166199597e-06
4.347629181007284875e-06,3.352821186180230707e-06
4.354791735049182532e-06,3.571935927231655931e-06
-4.333237380138610948e-06,3.772928310697469276e-06
-4.589889954669849397e-06,3.797943531564901232e-06
-4.584094597655107631e-06,3.540249031785669314e-06
3.912263202585189582e-06,-8.960062971968082659e-07
4.060653045454650615e-06,-1.259751758355564220e-06
3.727274470424870680e-06,-1.461426706047471955e-06
-2.716821431164843094e-06,3.067553661236966369e-06
-2.619933592889065252e-06,3.483117732984345990e-06
-2.190358491084918136e-06,3.452060605256149626e-06
3.290775155096546600e-07,-4.438893721091683227e-06
7.450240583658122516e-09,-4.708931582798634684e-06
-3.086119771131571764e-07,-4.437431676379758953e-06
-4.076677112612114559e-06,-1.713246981531959798e-06
-4.460302832045234517e-06,-1.478823355734341617e-06
-4.289024476138367271e-06,-1.061481171412461965e-06
2.205183475299046209e-06,3.230801934468884484e-06
2.585507678863208487e-06,3.261634038940978908e-06
2.676059036373012709e-06,2.889460114245179593e-06
3.134851518907877803e-06,-5.379354337109391301e-06
2.961280265193353706e-06,-5.492846293128965274e-06
-3.847571874942784573e-06,-5.296472870113948035e-06
-3.656123424656566873e-06,-5.421780205975341918e-06
4.375353644337861588e-06,3.845650660916264802e-06
4.570709409399565622e-06,3.626286275872610578e-06
-4.608147893932880544e-06,4.113842930003698130e-06
-4.845488474182693079e-06,3.863810231898831253e-06
3.126028512027822382e-06,4.011992909113502718e-06
-3.223687978287838690e-06,4.296795775940625550e-06
-5.502869958306067674e-06,-3.506069787789802712e-06
-5.661207422506374223e-06,-3.221481177601907753e-06
4.981133588545291775e-06,-3.316072950653333692e-06
5.150416880962347261e-06,-2.992556959647048664e-06
3.527036832715984303e-06,-5.084616208279540269e-06
3.329516727852849374e-06,-5.236277839002344511e-06
-4.237717642988541171e-06,-5.002114149243835704e-06
-4.047601874270160975e-06,-5.148681062589973329e-06
1.747210162299316448e-07,1.408426705482998123e-07
2.127886005631351828e-07,9.039672886249185910e-08
2.127797527757626675e-09,4.487140820651845422e-08
1.319719245647307702e-08,7.361643738725806289e-08
-5.146482187115223218e-06,-4.043574628525583517e-06
-5.320442086916445932e-06,-3.789107086231536817e-06
4.576921778374382821e-06,-3.954970268715668695e-06
4.777475758838507501e-06,-3.648953083678424985e-06
3.940573119203827063e-06,-4.709665401928673528e-06
3.731016303098932492e-06,-4.904620506762101030e-06
-4.606477835745281448e-06,-4.668830407769018631e-06
-4.423375783882817340e-06,-4.838099336387239348e-06
-2.382045469699841385e-06,2.612512194838296600e-06
-2.042138934775323871e-06,2.163547305301871622e-06
-1.948202680434940641e-06,2.579898153741896290e-06
-1.851076386803132125e-06,3.000269550314771598e-06
-1.519196290329779877e-06,2.545570624851947840e-06
2.479535484966831474e-06,-4.358862712944168933e-07
2.035326919368969400e-06,-3.060103477308283516e-07
2.171342014569857946e-06,-6.251174078429714169e-07
2.306594000175113806e-06,-9.637046520037393536e-07
1.873967848897782735e-06,-7.981093506440632752e-07
1.914710282087315003e-06,2.825984250717693943e-06
1.631950521596815374e-06,2.422746371891622327e-06
2.005214354361755978e-06,2.455175147726610661e-06
2.384416958498448280e-06,2.485438538713019408e-06
2.091817098476507710e-06,2.089356912271855474e-06
-2.098910316917851123e-07,-1.261874108822096544e-06
-2.449007958686420295e-07,-1.723687766977642457e-06
3.874691982559785883e-08,-1.489240522710361535e-06
-1.085515273240966951e-06,-1.021149235276743517e-07
-1.541910566785559540e-06,-2.143543329782121207e-07
-1.225314779068966987e-06,-4.122673813792988134e-07
2.925427250576852030e-07,-1.263090637006244166e-06
3.172353970988643412e-07,-1.725074208291007109e-06
-9.300227730953556998e-07,-5.782376742289099142e-07
-1.363612133001545227e-06,-7.607828524313374825e-07
2.766176759243100104e-06,-1.131542688535917471e-06
-1.067551725203965386e-06,9.568379303057778805e-07
-1.377371477298419358e-06,1.325477715051899407e-06
-3.050743726030808365e-07,-3.320728946107048023e-06
-2.924187821702348779e-07,-2.765657057202647149e-06
1.624053570072166751e-06,-1.932053516709409034e-07
8.819119392230202610e-07,1.295018448479905039e-06
1.110438791494231646e-06,1.650112784898856208e-06
-3.152138990710231670e-06,-6.834068168648955426e-07
-2.589002581462165370e-06,-5.095029843281669024e-07
2.840107160987922022e-08,-2.496044076415981816e-06
-2.723853632088176893e-07,-2.229157141215388662e-06
6.815855301997339574e-07,9.701506072260757605e-07
-1.704731524723354241e-06,1.731111256946260102e-06
1.448896109610364296e-06,1.682226476721559069e-06
1.362144807488265009e-06,2.028391124900329446e-06
-2.214789608932582378e-06,-7.392050941529961774e-07
-2.047674220232622749e-06,-3.516529167185281416e-07
-7.827075781170081795e-07,6.353069941972591938e-07
-3.723362591237906712e-06,-8.688776130489192818e-07
-1.296237536174927101e-06,1.703702915599306279e-06
3.242990258789188366e-06,-1.298487114570357671e-06
1.255524433847285677e-06,-1.006852132843755721e-07
-3.104343537185897933e-07,-3.882067325952461038e-06
3.343710812768037493e-07,-2.230585412322629236e-06
-1.851906247225392406e-06,-9.519053841277914268e-07
1.803576380920412952e-06,1.708387829721886820e-06
1.017232404491653282e-06,7.269271491838055071e-07
3.440404657588086374e-07,-2.767084510579475225e-06
-4.142171902626341428e-07,9.051118909749481142e-07
-2.381105083977346289e-06,-1.147152815538655190e-06
-3.507204327065902748e-06,-1.532248310646855805e-06
-1.202149411428257193e-06,2.098383366251274132e-06
3.413341586126439970e-07,-3.883438123932219334e-06
1.524953269226101052e-06,1.349654951221647908e-06
3.427696019161321110e-06,-7.340401463847666493e-07
1.128733477646957501e-06,-4.862692184667631650e-07
-7.237851457863209762e-07,9.372827816716706730e-07
9.582257926462191771e-07,9.999942342862416582e-07
3.463342767563818978e-07,-3.322138730433430591e-06
-2.937443943169503873e-06,-1.342078100958693913e-06
1.261137977316152185e-06,1.020191967119034566e-06
-9.073920041781661719e-07,1.669080808578678385e-06
2.946905867796528507e-06,-5.796278087908212987e-07
3.095063471672171433e-06,-9.356466692759866053e-07
1.478073906249976450e-06,-6.379095268595148252e-07
-3.329710250764894239e-06,-1.106553532898138594e-06
-6.423110887333695581e-07,1.267934254946842358e-06
1.803677394295531752e-08,-3.602084338219924414e-06
1.367433076964703979e-06,-3.531708849197328413e-07
-4.787237711415438095e-06,-4.478574876936788489e-06
-4.965074681637662565e-06,-4.273191043886226673e-06
4.152792480220122801e-06,-4.483210054397246553e-06
4.363434785915733133e-06,-4.234214212807709801e-06
1.179803299798366265e-07,-4.001984586459519330e-08
4.541470761259286608e-07,-3.304873371314388321e-08
-8.966280163059501853e-08,-3.079937778853005029e-08
4.921287941812219879e-06,-1.562670551695280314e-06
-5.420121016790712877e-06,-1.810677601829933726e-06
7.734740161863687550e-08,-2.346150245187670701e-07
-1.042954688754508783e-08,-1.427894805191540536e-07
1.611074370924123384e-07,-1.635133371415187391e-07
-5.529101430162576585e-10,-5.649575765485389000e-06
1.460336996826507084e-07,-1.046492119754803956e-07
5.446163889597182954e-08,-6.529874922807525186e-08
