Size 955,2
0.000000000000000000e+00,0.000000000000000000e+00
0.000000000000000000e+00,0.000000000000000000e+00
2.777425001250950670e-08,-1.293109039177757978e-05
-2.633612478830403386e-07,1.181015246482152154e-05
2.280268068453077714e-07,-1.737594995767260441e-07
2.762031917532273105e-07,-1.189494691778666578e-07
5.599318971550425098e-07,-1.191295291849382339e-05
1.046194721486244906e-05,-4.030168269784924213e-06
3.204686518819640967e-07,3.614830491597349298e-08
3.245447107776021915e-07,3.624827972224771696e-08
1.082794061666777290e-05,-2.949599670727802435e-06
6.831625671232338175e-06,8.171888200501647669e-06
1.069398563186701502e-07,1.918023952656233013e-07
1.059491101905341190e-08,1.588367407844727527e-07
5.888422965079300500e-06,8.862603511564552748e-06
-5.941373924796161257e-06,9.074561662803614420e-06
-1.271824860412798294e-07,4.128372876935544038e-08
-1.266381627958897108e-07,4.083462480330423670e-08
-6.884512438650124383e-06,8.372379146033080062e-06
-1.116091363503515161e-05,-3.117346082225943789e-06
-8.022138479703785073e-08,-1.253314227505425484e-07
-9.063915234748333272e-08,-1.609336308741222370e-07
-1.080319610486935101e-05,-4.183490865801969156e-06
-5.043623990318667211e-07,-1.190823362414538110e-05
1.477628590807425049e-07,0.000000000000000000e+00
2.162597657831655779e-07,0.000000000000000000e+00
2.314524100394886018e-07,0.000000000000000000e+00
2.158515533069216069e-07,0.000000000000000000e+00
1.327223751748578017e-07,0.000000000000000000e+00
0.000000000000000000e+00,0.000000000000000000e+00
0.000000000000000000e+00,0.000000000000000000e+00
0.000000000000000000e+00,0.000000000000000000e+00
0.000000000000000000e+00,0.000000000000000000e+00
0.000000000000000000e+00,0.000000000000000000e+00
6.742512051090774845e-07,-1.289628891039161752e-05
1.285395371359912610e-06,-1.282522908429190077e-05
1.858966401122151995e-06,-1.273418419788326493e-05
2.408332945016712657e-06,-1.262265993923385724e-05
2.937569454924370858e-06,-1.249158846472819893e-05
3.450840243780486688e-06,-1.234100712816763513e-05
3.951841993218536385e-06,-1.217047387931620967e-05
4.443670622231757385e-06,-1.197891220129042673e-05
4.928724392711722288e-06,-1.176491393456286922e-05
5.408653684588724008e-06,-1.152691672341203442e-05
5.884659219321300078e-06,-1.126303460906254413e-05
6.358017030803454894e-06,-1.097129860542738425e-05
6.831361312853051741e-06,-1.065176996752937466e-05
7.301310365962075365e-06,-1.030122720237716507e-05
7.772103676090952578e-06,-9.912388893017097787e-06
8.234611323205716772e-06,-9.490485248520942922e-06
8.693190073595409036e-06,-9.028106726532536446e-06
9.138358018697922540e-06,-8.530848232719857058e-06
9.564707854092481591e-06,-7.996471448406304117e-06
9.970566214799096317e-06,-7.429975909668458682e-06
1.035215579574245700e-05,-6.834640506983399260e-06
1.070564251066451501e-05,-6.213732865183862482e-06
1.102755126411254730e-05,-5.571246131678125117e-06
1.131438236008614579e-05,-4.912503628175372250e-06
1.156514346457552642e-05,-4.238600121072225942e-06
1.176964839187479512e-05,-3.557985884850237382e-06
1.191839807201725225e-05,-2.898420388121112067e-06
1.202418631181715217e-05,-2.276216747394290226e-06
1.209837579594336308e-05,-1.690064662661165177e-06
1.214480290729968515e-05,-1.130267734474473401e-06
1.216622354394883110e-05,-5.927134700816625582e-07
1.216511912103601077e-05,-7.296015876702047161e-08
1.214283469176895490e-05,4.333555879295810098e-07
1.210008494027591378e-05,9.303264877420885910e-07
1.203683606636571565e-05,1.421659170256775702e-06
1.195246656817551304e-05,1.910527807908434718e-06
1.184585150848594388e-05,2.399476844484842430e-06
1.171560025260749517e-05,2.890369908122645709e-06
1.155993240076086753e-05,3.384319815231626166e-06
1.137730769686221122e-05,3.881689970829351422e-06
1.116579579301974876e-05,4.382556319109361931e-06
1.092364332538869012e-05,4.887245641303192322e-06
1.065178502894736032e-05,5.397514052236777192e-06
1.034638928451288633e-05,5.908656242913870779e-06
1.000105329971745125e-05,6.425056549542210715e-06
9.620948681192469134e-06,6.936068444946479542e-06
9.199690814680444557e-06,7.446004842241379759e-06
8.743138750119016966e-06,7.943859822617205406e-06
8.247142428609748052e-06,8.432485327003188207e-06
7.716999680214905473e-06,8.902713312577115225e-06
7.147489725075034058e-06,9.353822447992161799e-06
6.547787356941675003e-06,9.764777657079117785e-06
5.947408482676423646e-06,1.012378000293326476e-05
5.348979877328381659e-06,1.044095935441131942e-05
4.758090240775725037e-06,1.072421661174347806e-05
4.171288627425924291e-06,1.097119240854666794e-05
3.589259803478804081e-06,1.118298146437707960e-05
3.013352448442231779e-06,1.136130108046658351e-05
2.445047456429874809e-06,1.150724829281372504e-05
1.885342689279795874e-06,1.162270769569714557e-05
1.334806671701072726e-06,1.170909773713589203e-05
7.935226654427217350e-07,1.176819496136659848e-05
2.610849484309853007e-07,1.180141562405600087e-05
-7.810518472582539390e-07,1.179525135048675795e-05
-1.293464157493068130e-06,1.175724659225616594e-05
-1.802332346791022371e-06,1.169651194463617667e-05
-2.309640716614187591e-06,1.161297504740997605e-05
-2.817517147057501858e-06,1.150603152419118893e-05
-3.328138901850950401e-06,1.137471413352110487e-05
-3.843609799318580530e-06,1.121726571915979954e-05
-4.365797929238019000e-06,1.103194011908928971e-05
-4.897015218415117947e-06,1.081583988040929531e-05
-5.440802921655387901e-06,1.056586922213063988e-05
-6.007901910969697768e-06,1.028345339775593384e-05
-6.593889487006520636e-06,9.955703167544821311e-06
-7.201373656049418798e-06,9.559866657640242780e-06
-7.785607659214242992e-06,9.113509123926085076e-06
-8.339536222027283617e-06,8.636940267629349618e-06
-8.862463273787065057e-06,8.134383349223725168e-06
-9.349698315958643468e-06,7.613728655929514391e-06
-9.800915866973780631e-06,7.075671472979631438e-06
-1.021015882587537988e-05,6.532044371705767769e-06
-1.058184870009923002e-05,5.980414493707025502e-06
-1.091021533458225139e-05,5.433355348218268276e-06
-1.120127053500121397e-05,4.887220084043598471e-06
-1.145956509283276843e-05,4.348264656388598443e-06
-1.168372085487070168e-05,3.815184653547398045e-06
-1.187564138659482661e-05,3.288211771282578397e-06
-1.203761045207976336e-05,2.767819060636290405e-06
-1.217147450032543058e-05,2.254097750731226853e-06
-1.227951856664676697e-05,1.746238186734877880e-06
-1.236357170594089589e-05,1.242516324724659653e-06
-1.242527636223029797e-05,7.403991406002815457e-07
-1.246570603482460564e-05,2.365920515597203029e-07
-1.248532381059959546e-05,-2.728162834115686439e-07
-1.248379634618580419e-05,-7.921958167692058423e-07
-1.246007161026769764e-05,-1.326220400391598150e-06
-1.241194878330236805e-05,-1.879642164973809669e-06
-1.233684785879975999e-05,-2.456843974471410666e-06
-1.223123621775425348e-05,-3.068389885821765711e-06
-1.208311526790476501e-05,-3.716086328573724472e-06
-1.187732792835597689e-05,-4.381389264380151044e-06
-1.162670549858090984e-05,-5.030741894877791780e-06
-1.134794301693628268e-05,-5.654941883433051789e-06
-1.104006169826778962e-05,-6.259238277845062723e-06
-1.070561553900122076e-05,-6.840910041931069111e-06
-1.034669310107111502e-05,-7.398257503171204486e-06
-9.965631712903699218e-06,-7.929962094006445309e-06
-9.564459513450256943e-06,-8.434585654237936156e-06
-9.143782039107531027e-06,-8.909586809945808114e-06
-8.707070567238491118e-06,-9.356893652830314625e-06
-8.258714903874025953e-06,-9.773817098236456342e-06
-7.796349460638886096e-06,-1.016441782473099187e-05
-7.323432267623290356e-06,-1.052654129809377292e-05
-6.838184310963568656e-06,-1.086333701732647842e-05
-6.341470820358698763e-06,-1.117518945588081573e-05
-5.832432767114932432e-06,-1.146211540379430344e-05
-5.310665117083770946e-06,-1.172453382889105117e-05
-4.775799537184642586e-06,-1.196257865348881339e-05
-4.227416317962486257e-06,-1.217626351067635303e-05
-3.665037220290151535e-06,-1.236525735603612755e-05
-3.088218388369357323e-06,-1.252911236730540673e-05
-2.496641228466774872e-06,-1.266698380993442647e-05
-1.890224910303369791e-06,-1.277790971444353903e-05
-1.269548986760548247e-06,-1.286062073927696972e-05
-6.286987082753155492e-07,-1.291546267597224778e-05
2.590834643050783252e-07,-1.379115743137699493e-07
4.050616221294215617e-07,-2.528245432728427315e-07
6.091535500810007932e-07,-4.063956189551035771e-07
9.160501429195699763e-07,-5.871033006491709901e-07
1.287037138892789412e-06,-7.799060879423458528e-07
1.740856106437530153e-06,-9.933404908481135532e-07
2.245962898587209038e-06,-1.214906655324573397e-06
2.815249828601260062e-06,-1.451146025817855787e-06
3.423204062579851881e-06,-1.691574667125595439e-06
4.077010670286150651e-06,-1.940836807350564403e-06
4.757105260118223535e-06,-2.190422717730283807e-06
5.465071445905186902e-06,-2.443114497001145955e-06
6.187182086697853772e-06,-2.692342238704950527e-06
6.919531238907270979e-06,-2.939058610855646367e-06
7.654099010624616201e-06,-3.178583292257402197e-06
8.381606824874442632e-06,-3.410153750808412186e-06
9.100116350778325589e-06,-3.631177383484727598e-06
9.793627266211346729e-06,-3.837186175870603981e-06
1.019168321409305892e-05,-4.692288183738527992e-06
9.889078156525313597e-06,-5.346742951897235362e-06
9.556439957443450220e-06,-5.983899151452932649e-06
9.196313680091075537e-06,-6.598425860225632216e-06
8.811134658062460583e-06,-7.185979530351342032e-06
8.403456826158833048e-06,-7.743989415359225114e-06
7.984555803296824531e-06,-8.266830365757521176e-06
7.549765210839148680e-06,-8.756098151881827022e-06
7.109231488035862030e-06,-9.203443546714651057e-06
6.658612289691794762e-06,-9.614967341306571147e-06
6.206379503110206043e-06,-9.985260839866462042e-06
5.745965167241654349e-06,-1.032139989584001032e-05
5.281641359535297047e-06,-1.061810522031156150e-05
4.809898209500769331e-06,-1.088323193581533671e-05
4.330632070448482094e-06,-1.111744160705793907e-05
3.842365931427726252e-06,-1.132131503655338213e-05
3.342826735287501291e-06,-1.149549985640456982e-05
2.829064971094292378e-06,-1.164029002958208390e-05
2.297480284490460956e-06,-1.175544924230011377e-05
1.744033297353621144e-06,-1.184029199970617840e-05
1.163895027284570723e-06,-1.189339862857894027e-05
5.986679972263787005e-07,-1.124568447836903403e-05
6.311649271778781107e-07,-1.055235060545098770e-05
6.591257314940920255e-07,-9.818895245914997739e-06
6.800244682933823339e-07,-9.063485399631207890e-06
6.956062295946573618e-07,-8.284687133858722295e-06
7.036788499952853841e-07,-7.496156282677663552e-06
7.061039872009147991e-07,-6.702538265716212933e-06
7.005328227219627686e-07,-5.912033869755406256e-06
6.889608940411928106e-07,-5.135917418127989754e-06
6.689089283284315739e-07,-4.376571308769787196e-06
6.425038257380809995e-07,-3.652266450090074132e-06
6.071351427066403884e-07,-2.959189787280647730e-06
5.650589049276821307e-07,-2.322985698048186046e-06
5.135289955239054161e-07,-1.733288700657530369e-06
4.549866241444484020e-07,-1.223450077249143387e-06
3.865413653847490403e-07,-7.758192328877823670e-07
3.102054021110421745e-07,-4.341227039955982748e-07
3.183539141343728291e-07,2.760592483205356474e-08
5.061933219804322041e-07,1.607855778108061641e-07
7.096244273451927557e-07,3.405524071827526640e-07
9.550607063004258016e-07,5.843767237313457366e-07
1.226388912275874431e-06,8.708254286787611784e-07
1.535037083716912454e-06,1.214133635412174369e-06
1.864933596264568232e-06,1.594509660054138574e-06
2.225385818913134890e-06,2.022902268044400948e-06
2.602143345011731873e-06,2.482224589917048134e-06
3.002143495962598245e-06,2.979984449589958949e-06
3.413121000830391642e-06,3.502006453799565328e-06
3.839467893104213576e-06,4.052114321494135612e-06
4.271083230379522440e-06,4.619292431885531591e-06
4.709633831485929448e-06,5.203434318409161166e-06
5.147356439196667606e-06,5.796925896981714843e-06
5.583034100517601699e-06,6.395477917246765525e-06
6.011534903613036750e-06,6.995237069529163570e-06
6.427876843361527922e-06,7.587260907931258450e-06
7.382013918511920128e-06,7.725534256474956513e-06
7.903973336400045078e-06,7.257650037433897614e-06
8.386677350067145886e-06,6.779698143965057043e-06
8.833950197751263281e-06,6.289688754097073968e-06
9.239088520313770703e-06,5.797759483396936878e-06
9.607921705946186850e-06,5.299982105745946197e-06
9.934934264170748442e-06,4.806384380656663916e-06
1.022714291762466692e-05,4.310347980446568507e-06
1.047799428569152512e-05,3.818265468009070904e-06
1.069586849389561231e-05,3.326672986816217361e-06
1.088155660824962174e-05,2.836834511846949545e-06
1.103565277233584629e-05,2.348625341491226350e-06
1.115913494995523384e-05,1.861120891254559164e-06
1.125252993195733664e-05,1.372674599795969436e-06
1.131615655306946138e-05,8.808857187854414495e-07
1.134981235106082688e-05,3.827277831969818973e-07
1.135271257036548987e-05,-1.253554270866503458e-07
1.132331550453378067e-05,-6.473356277076873361e-07
1.125949918593668996e-05,-1.187331844051760857e-06
1.115795455605728362e-05,-1.749606838418713558e-06
1.101536631753123887e-05,-2.338333207079937029e-06
1.016120171833296346e-05,-2.698314473272719568e-06
9.479444461424741769e-06,-2.450435377095847472e-06
8.771963728314683504e-06,-2.198405819619217537e-06
8.050046203409871621e-06,-1.949407364626119082e-06
7.317730099263131913e-06,-1.702665907250456540e-06
6.583068910975239645e-06,-1.462914872174265336e-06
5.855257244558671582e-06,-1.231076432878171795e-06
5.136892758926101873e-06,-1.010226975202766346e-06
4.442945384605825646e-06,-8.031151017543647083e-07
3.770497392097255486e-06,-6.110648843727994781e-07
3.140379856647199049e-06,-4.386870819624343227e-07
2.544049295846338702e-06,-2.855208338747851174e-07
2.008309177604757008e-06,-1.580737744930459314e-07
1.518874349493617338e-06,-5.406222797601404312e-08
1.108650864592147315e-06,1.805288713199047069e-08
7.575514726675091812e-07,6.245282773522709091e-08
5.035627209388784345e-07,6.869314095856235449e-08
5.008853485813229137e-08,1.812035599602563981e-07
-2.533041408826220502e-08,3.262332332954805137e-07
-1.096954220218480629e-07,5.533396363377841995e-07
-2.541331372552972761e-07,8.546693583297044677e-07
-4.376344141894082197e-07,1.200466417588516190e-06
-6.717085100261715370e-07,1.608844800177815767e-06
-9.398754399399293217e-07,2.053996613523173756e-06
-1.250308836153441703e-06,2.549714882429963989e-06
-1.589095434929519255e-06,3.073655493637275526e-06
-1.961228109576902033e-06,3.635403018500379312e-06
-2.355612920675328158e-06,4.216308705644671166e-06
-2.773864307573861478e-06,4.821488713965571344e-06
-3.207884489153232688e-06,5.436236873694888855e-06
-3.655729278443212220e-06,6.060955571972536924e-06
-4.112482689624138136e-06,6.685148779470515554e-06
-4.572500847762414413e-06,7.304201121158439659e-06
-5.034010877786205779e-06,7.911649667336448737e-06
-5.487256496684700476e-06,8.499574370263261120e-06
-5.406749180029359368e-06,9.452309209706335650e-06
-4.870831006887182359e-06,9.783929734667317236e-06
-4.350279859758337142e-06,1.005759201782184241e-05
-3.834340196072382762e-06,1.029151708591696705e-05
-3.323177790085236409e-06,1.048849191343870063e-05
-2.815344352412475313e-06,1.065039309748611938e-05
-2.309021234098035159e-06,1.077945105438105174e-05
-1.802358973282426441e-06,1.087700075649728626e-05
-1.293446341787799556e-06,1.094414752685956288e-05
-7.805368545221256634e-07,1.098143130577759230e-05
-2.621185890897492660e-07,1.098897226455399970e-05
2.630607776665296312e-07,1.096646985359864283e-05
7.960186729382990041e-07,1.091330258004621223e-05
1.337408488217735091e-06,1.082851588666338518e-05
1.887331408154941939e-06,1.071114869119323823e-05
2.445433897008074291e-06,1.055980231671904842e-05
3.010777533963904610e-06,1.037352246156591704e-05
3.582040913181609200e-06,1.015077976459399217e-05
4.157360737153437032e-06,9.890986488577971179e-06
4.733731153861701782e-06,9.593083588132141239e-06
5.314958003988327522e-06,9.246669335446799885e-06
5.452869586368478308e-06,8.294985766779362240e-06
5.017204779220898230e-06,7.716495897126542894e-06
4.577690351323252827e-06,7.125030479037219150e-06
4.141371939399193736e-06,6.526896399939647841e-06
3.710452588229661390e-06,5.928411022157818570e-06
3.288616704989524831e-06,5.332088488460765500e-06
2.880700224383482069e-06,4.747654677302217231e-06
2.487323286514452524e-06,4.173554832564378686e-06
2.115838535262816806e-06,3.622801802337511117e-06
1.763969228791464136e-06,3.090035151606934457e-06
1.441403942357144648e-06,2.591301898647481275e-06
1.143148296442962843e-06,2.117682291087106638e-06
8.810491607172843758e-07,1.688011683598343336e-06
6.475753220190707386e-07,1.290061300001273041e-06
4.565207508210881512e-07,9.451826169403770474e-07
2.980896005001405788e-07,6.380323381416614567e-07
1.884532574587033399e-07,3.937740952702723746e-07
-1.214038830292514545e-07,3.877611512858170859e-08
-3.263861970864426455e-07,7.337174817068839108e-08
-6.021609494799763430e-07,6.730196374588033972e-08
-9.832473762835244572e-07,1.995481454662693808e-08
-1.427579284228219395e-06,-5.767805331964457423e-08
-1.956083082344163078e-06,-1.696671986429223162e-07
-2.533236411944117106e-06,-3.070150305408895408e-07
-3.173396118266859504e-06,-4.717141712678618573e-07
-3.847942836261872936e-06,-6.569825808776641328e-07
-4.564674068028141880e-06,-8.627229474491761010e-07
-5.301761325153188447e-06,-1.084316219976151692e-06
-6.060558267341106482e-06,-1.319614339852110340e-06
-6.825915788405651107e-06,-1.566126176072078488e-06
-7.592853960176389143e-06,-1.819686159623157693e-06
-8.352811275776543946e-06,-2.079895277628261175e-06
-9.094546323491274373e-06,-2.340651629674467843e-06
-9.815593627544427413e-06,-2.603541778596119206e-06
-1.050009374188288077e-05,-2.859920093343124016e-06
-1.134390706439514694e-05,-2.518235956081210419e-06
-1.148322555680526022e-05,-1.938574481181902472e-06
-1.158205997100989185e-05,-1.382907642795947023e-06
-1.164342875891392537e-05,-8.467091103723180870e-07
-1.167027714059559839e-05,-3.253996228425760658e-07
-1.166439399276949289e-05,1.854630436233432670e-07
-1.162693165435965385e-05,6.901246423900262656e-07
-1.155827375392677085e-05,1.192352831873015794e-06
-1.145824111743475386e-05,1.695280137640929229e-06
-1.132609743273873795e-05,2.201292031518208400e-06
-1.116103189976907134e-05,2.711871398492687340e-06
-1.096174164828956234e-05,3.227626218349737200e-06
-1.072756123948526105e-05,3.748208974760434954e-06
-1.045765191294948063e-05,4.271626553635030737e-06
-1.014257140177301837e-05,4.801282647608118341e-06
-9.790682255008387983e-06,5.329444701785401568e-06
-9.394948168705344519e-06,5.862232330452416952e-06
-8.962391688652041166e-06,6.388507077351677975e-06
-8.488894159610636044e-06,6.910054771798845734e-06
-7.982628925230588862e-06,7.416888205568279881e-06
-7.443612319589291497e-06,7.907441135138348982e-06
-6.481296817793487643e-06,7.779944698631524873e-06
-6.058718734342347522e-06,7.171428880221188475e-06
-5.616936322733497288e-06,6.548603430458967579e-06
-5.164303790236038679e-06,5.924251841918851469e-06
-4.705794944740729665e-06,5.301415258660208658e-06
-4.243930645213823544e-06,4.686916537417094404e-06
-3.787205177603901845e-06,4.088701226749138304e-06
-3.334640899617996548e-06,3.508489024304743342e-06
-2.897718017215029309e-06,2.958526946332527184e-06
-2.472072113773210183e-06,2.435696718113491389e-06
-2.072008485758534091e-06,1.956314275697726472e-06
-1.689957162476587060e-06,1.512668864107071172e-06
-1.342870892626349273e-06,1.124896678353284354e-06
-1.020145421494059812e-06,7.809186864850450847e-07
-7.411651337481745003e-07,5.045106513479347592e-07
-4.927120276960346771e-07,2.799079520234135313e-07
-2.960575777602367042e-07,1.319461746451867479e-07
-8.205415640701555532e-08,-1.260899354980081660e-07
-1.931892877738193161e-07,-4.328015471593975298e-07
-2.728174398770397823e-07,-7.778137515536563123e-07
-3.450025130939402843e-07,-1.224741904265942159e-06
-4.072279474482119756e-07,-1.734563771446333063e-06
-4.623495877432887671e-07,-2.324293848365294869e-06
-5.080293531496397116e-07,-2.960496188757745096e-06
-5.470053355318756957e-07,-3.653571644958463202e-06
-5.770170899070351630e-07,-4.377876628197094794e-06
-6.006755812407222773e-07,-5.137222775582085118e-06
-6.158540506294585318e-07,-5.913339208609557648e-06
-6.250318075471526016e-07,-6.703843544318220610e-06
-6.262135566672098402e-07,-7.497462047564330484e-06
-6.217462343412902369e-07,-8.285993968727811457e-06
-6.097635128760068308e-07,-9.064777753896504853e-06
-5.925060166792828932e-07,-9.820183066315217168e-06
-5.682602093579531570e-07,-1.055398349638461176e-05
-5.386254845848552093e-07,-1.124660806724566133e-05
-1.138236939381148118e-06,-1.187498144410054688e-05
-1.763025438536302775e-06,-1.180913337474932800e-05
-2.372199978110143135e-06,-1.171117422613456060e-05
-2.965570709806966995e-06,-1.158192073959751226e-05
-3.542940853545553444e-06,-1.142206406025270799e-05
-4.104378687661073129e-06,-1.123227510423273450e-05
-4.650087966451257998e-06,-1.101292119289887205e-05
-5.180321326846749873e-06,-1.076433030501836508e-05
-5.695267444727143463e-06,-1.048663453913431119e-05
-6.194806845193560282e-06,-1.017998005215272767e-05
-6.679856601968836073e-06,-9.842407319692036892e-06
-7.148714928476449041e-06,-9.475037345642210393e-06
-7.604015631386298706e-06,-9.075505286044158033e-06
-8.042017340545015776e-06,-8.645689972266506760e-06
-8.465343042523536813e-06,-8.182648416650224515e-06
-8.868422833576270189e-06,-7.690404644255967851e-06
-9.254908591639725483e-06,-7.167921588850388443e-06
-9.617925983181380861e-06,-6.618136905568491818e-06
-9.955887592219785285e-06,-6.042021842810265106e-06
-1.026732423798676932e-05,-5.441586510861487674e-06
-1.055042886755037197e-05,-4.819267115155509318e-06
-1.013159732538494010e-05,-3.999978770728102421e-06
-9.430011382671594131e-06,-3.800508496204358325e-06
-8.693726116288833742e-06,-3.582324396316767847e-06
-7.942651423219670228e-06,-3.350521496085917505e-06
-7.177185966661155583e-06,-3.107520804150172563e-06
-6.409996541547523458e-06,-2.854886856312246990e-06
-5.648274198900019505e-06,-2.597344785897141970e-06
-4.898492804250069887e-06,-2.334459862680730876e-06
-4.174373452377852132e-06,-2.073115905004184018e-06
-3.476082177069061658e-06,-1.810783526818493282e-06
-2.823995190399534963e-06,-1.556552015100213688e-06
-2.211859120015237585e-06,-1.305764105511946054e-06
-1.666816110486843479e-06,-1.069749060146935638e-06
-1.176088023963257852e-06,-8.416853077667004330e-07
-7.736822481064016107e-07,-6.351912829948826579e-07
-4.400747199241769640e-07,-4.412248912259361757e-07
-2.166940236181166275e-07,-2.754111693580883744e-07
-1.541807936846794551e-07,2.224362963141537295e-07
4.440649022575634640e-07,-8.801631026920974037e-08
5.820830195375746492e-08,-4.221523316254632534e-07
-2.603856907041627885e-07,-9.773309147151030501e-08
3.436196777315114130e-07,2.699235825557271411e-07
-4.144511320743110068e-08,6.366079238928796814e-08
2.103638077620691419e-07,7.529044051846111385e-08
-8.114755477342916222e-08,-3.220010896938977990e-08
2.804277696369624077e-07,-2.207989167863518878e-08
-7.923783435211886560e-06,-9.414075278857190248e-06
7.432195998056208955e-06,-9.547830923416310690e-06
8.782155129531773774e-06,7.100463672277927148e-06
-8.907092784281136059e-06,7.249036464445931186e-06
-9.789228911638575350e-06,6.184971427616467061e-06
9.607719043745472086e-06,6.099881019465977073e-06
5.942426038666438603e-06,7.942998656430318369e-06
-5.988040139880090220e-06,8.141873085328776277e-06
8.325730030874196080e-06,-8.638098171922679522e-06
-8.792124073441656996e-06,-8.536336304167891557e-06
5.618692536789345891e-06,9.669845580858869283e-06
-5.692616076306748544e-06,9.852943407328297847e-06
-1.032059364986502569e-05,-3.433040314821459662e-06
2.934276661264712684e-08,-1.125165359345396042e-05
9.980746633287947232e-06,-3.270865946586107648e-06
5.080641380581239807e-06,6.760672346649224259e-06
-4.928112532929071921e-07,6.727703213286306334e-07
8.578458609238763551e-06,-2.804735056059741359e-06
1.003650990056425214e-06,-2.816899782108939483e-07
-8.896654574209259122e-06,-2.962241555203563468e-06
3.334392019905837899e-08,-9.822590653175349861e-06
7.016947438736849235e-07,7.591068236720720872e-07
5.491866168689292944e-08,-1.215238471232825356e-06
-8.691418702003765689e-07,-3.045782123465253253e-07
-5.095339172242067145e-06,6.927390581875366601e-06
5.135772019975031307e-08,-2.317049999818241671e-06
3.692870461093805522e-08,-8.286688245990407915e-06
4.209473864580187235e-06,5.565127556550650077e-06
7.118630922085880731e-06,-2.320875843699804456e-06
-1.003175162789555078e-06,1.361203329208039225e-06
1.204534908954051394e-06,1.446236101155661789e-06
1.867686196356773066e-06,-5.734773038906354849e-07
-7.385625851617330243e-06,-2.463812959741587216e-06
-1.804174175513432243e-06,-6.173548994718129050e-07
-4.180384592117592569e-06,5.680650659938414611e-06
3.358699030405420674e-06,4.397968260581847818e-06
-1.657899089769929252e-06,2.248518215367608756e-06
4.774914282029928898e-08,-3.648483482546423808e-06
-3.279141085882037787e-06,4.453166962528864710e-06
-5.853102484460955362e-06,-1.958062602805097207e-06
4.053612954223915715e-08,-6.702724070658422078e-06
2.972692930635495693e-06,-9.432622934714526591e-07
1.830541185442160188e-06,2.303164434386447111e-06
5.658491334012183109e-06,-1.836561743457968214e-06
-2.993440783224229769e-06,-1.012435654787997917e-06
-2.427119589624333833e-06,3.293715598718100506e-06
4.414265818643729573e-08,-5.134175511694989377e-06
2.556844783437910267e-06,3.298428996784452234e-06
-4.366256063846371827e-06,-1.466867538246616893e-06
4.256597171992998794e-06,-1.370887305337292629e-06
-6.991884479789638895e-06,-1.017213661461975159e-05
6.507988345038204319e-06,-1.030662734895878478e-05
7.804529853391273492e-06,8.065236798680488648e-06
-7.879702269516394267e-06,8.257901032171617868e-06
-1.051195394239613137e-05,5.106163980030557259e-06
1.027994500334952001e-05,5.091644029859314959e-06
2.166095173804065468e-07,-7.279681006074175070e-08
4.431614738123136645e-08,-1.450682040332478808e-07
-5.054138970977603329e-08,-7.059628219025374736e-08
6.747494614970109726e-06,8.927963606751150743e-06
-6.798176976125301478e-06,9.134615656224460983e-06
9.946039638623683217e-06,-6.406456832703154757e-06
9.583882000296501107e-06,-7.016237217304911171e-06
-9.982638806553205995e-06,-7.009968422372406317e-06
-1.032306100566547927e-05,-6.439167443994967956e-06
3.294203683610431727e-06,1.076812899354885692e-05
3.873217587821114571e-06,1.055944663466032194e-05
-4.096315193858340429e-06,1.066003527680863277e-05
-3.578185938563209065e-06,1.084381841114059077e-05
1.029758617191720307e-05,-5.781000031351623716e-06
-1.065433499839555836e-05,-5.852114390515214725e-06
2.725691343200854010e-06,1.095789772527399806e-05
-3.069175561676553964e-06,1.101072068592013936e-05
1.145133808678578171e-05,-2.605782706159405936e-06
1.129722335685920443e-05,-3.251904278606899745e-06
-1.162056839722876136e-05,-3.415835403374888915e-06
-1.177215399462142858e-05,-2.780900692584518268e-06
2.725771193891079847e-07,1.584119968716422336e-08
2.501159266914583635e-07,2.678117196328836565e-09
2.995310852098556432e-07,9.654666470093540384e-09
-7.046389788194542034e-08,2.298563237155931049e-08
-1.037943279965017091e-07,8.789128267360006931e-09
-3.776333541608300808e-08,4.531832936552125422e-09
-7.380337977551603417e-06,8.315393830999632602e-06
-7.930873924165834246e-06,7.836140552230372593e-06
7.853669922809942039e-06,7.658271750968872099e-06
7.320301101215313764e-06,8.119620647920464121e-06
1.158394419816089453e-05,-2.005375536386208571e-06
-1.190326113462350166e-05,-2.190719267436414833e-06
1.031120735188332041e-05,5.494397451227412713e-06
1.060637852998703155e-05,4.988925161083738420e-06
-1.086184516038392641e-05,4.996055550303256664e-06
-1.054475848347989889e-05,5.537099860438031037e-06
-5.506381778289654869e-06,-1.111317804978972530e-05
-4.978273076755503841e-06,-1.136213218409924673e-05
5.107553905247703770e-06,-1.120444045821990653e-05
4.626233389750162612e-06,-1.143449621487406557e-05
-4.441008593927142424e-06,-1.159796425622442869e-05
4.142698976883715240e-06,-1.165000932395194676e-05
1.088599031006930534e-05,-4.467713550736777886e-06
1.060261457387163604e-05,-5.129149597401392788e-06
-1.121476383439561739e-05,-4.605369678447740241e-06
-1.094350002428970772e-05,-5.236439142840511920e-06
6.899443944513588811e-06,-1.030267878526547714e-05
6.432947967769464104e-06,-1.064298575295267954e-05
-6.915034861568138038e-06,-1.051887993027099637e-05
-7.392206210529049586e-06,-1.016783682772622842e-05
-1.150993774914956499e-05,2.994773420863088709e-06
-1.132051395599745603e-05,3.517520744175668770e-06
1.103493253090979984e-05,3.601159328086558494e-06
1.121339321505195078e-05,3.106373733341251288e-06
-1.167910347210177992e-05,2.481087168244477731e-06
1.137382111609639425e-05,2.617117539471452283e-06
-6.132254565017979087e-06,9.901764086616856149e-06
-5.565788052857194377e-06,1.021902425587795591e-05
5.483161388082809737e-06,1.006143642986867531e-05
6.077263655543559050e-06,9.715928970139365155e-06
-8.750029807253100535e-06,-8.949509185714342907e-06
-9.175488256991931732e-06,-8.485295247392702378e-06
8.727523074150733253e-06,-8.584159848079279687e-06
8.280973518004601790e-06,-9.069675928645868222e-06
1.112665672320905234e-05,-3.789745944518447389e-06
-1.145183396048690306e-05,-3.945381282087023345e-06
2.477279730574374244e-07,-1.323424354797126871e-08
-4.228499444684263854e-08,-2.275872092769668785e-08
9.612985553767882500e-06,6.512950951812143448e-06
9.981820602735107565e-06,6.004206500840618696e-06
-1.019039119722827456e-05,6.082586074344480775e-06
-9.793779346435770901e-06,6.625677875799742505e-06
-9.358142530783288780e-06,7.162534447481321125e-06
-8.884193598469881643e-06,7.689063886741541207e-06
8.761871705522075618e-06,7.518202392715087730e-06
9.206491113736693481e-06,7.018553841893530584e-06
2.161798284928070195e-06,1.110068755147710711e-05
-2.560773806086929048e-06,1.113629471268510469e-05
1.607895358448359726e-06,1.122218960572815037e-05
-2.054991755285748332e-06,1.124400267626182997e-05
7.828509110617098125e-06,-9.518321520659992955e-06
7.367135786842257539e-06,-9.929281039331788199e-06
-7.860230238522433337e-06,-9.791242245066906488e-06
-8.313052551764970290e-06,-9.385095449129761264e-06
-3.885582804280122686e-06,-1.179546156345204834e-05
3.647187383156137044e-06,-1.182943422031610234e-05
1.166746554411615452e-05,-1.432112114137636418e-06
-1.198613574187875968e-05,-1.625299260489734112e-06
-7.983184810323438498e-06,-9.032444973518007758e-06
-7.534068060450239696e-06,-9.444077047786663415e-06
7.040128857852460430e-06,-9.580268404027408866e-06
7.491621747726777764e-06,-9.157217438775395256e-06
-3.317296556124657613e-06,-1.197522279524865661e-05
3.142090441766905224e-06,-1.199257488820999697e-05
1.172771737444424939e-05,-8.835598488215971135e-07
-1.204617291956999101e-05,-1.081912815802898056e-06
6.647047677881923185e-06,9.348891879221442628e-06
7.234411421710880408e-06,8.914922581071566281e-06
-7.290779269716591366e-06,9.122557226793947876e-06
-6.695205956910206230e-06,9.551360241894678364e-06
8.806995553398469693e-06,6.690387223895412354e-06
8.347882285752320424e-06,7.179569806721701503e-06
-8.448030888198128282e-06,7.333302288605028424e-06
-8.933873777445572559e-06,6.814868722582104341e-06
-9.380483601848611320e-06,6.286874622926719641e-06
-9.788186822250356252e-06,5.751512666492265803e-06
9.606101385979943076e-06,5.694394614063182947e-06
9.225849738492012262e-06,6.194930024726275100e-06
-1.180876714616083669e-05,1.971501839766043567e-06
1.149766219646724341e-05,2.128267740886936556e-06
7.933094818456893762e-06,-8.696467542459899796e-06
8.365768045826201479e-06,-8.195880076611400131e-06
-8.830987419153940636e-06,-8.116351864526871222e-06
-8.414573586546157083e-06,-8.590654589763174241e-06
5.754070073547222103e-06,9.270665785675874588e-06
5.170823793973358512e-06,9.628664423739085413e-06
-5.273105303784926621e-06,9.813982003374891293e-06
-5.817714578234742003e-06,9.472526317868485758e-06
-1.191689874741725520e-05,1.467315266210144446e-06
1.160179180284320282e-05,1.640783098731887626e-06
2.665642528023911791e-07,1.515170162070743080e-08
-7.105071074786962118e-08,2.605426996942603767e-08
1.064458894166073580e-05,-3.485573064812294690e-06
-1.098114208867010638e-05,-3.646993351382607431e-06
-7.070332381713057247e-06,-9.825151408702488776e-06
-6.592105869701932778e-06,-1.017564906929459176e-05
6.122564690262515912e-06,-1.031252055856400131e-05
6.583478980915848584e-06,-9.965105510720667886e-06
-1.518266030469199873e-06,-1.233018470139423497e-05
-8.879048753369971456e-07,-1.238771306372807104e-05
9.285880536385498265e-07,-1.238034987107963469e-05
1.519542385622071514e-06,-1.232263638391924836e-05
2.936034366762644400e-07,-1.241922286203862699e-05
-2.352424471633790666e-07,-1.242134736159311295e-05
1.062373259821768144e-06,1.130476011607845676e-05
-1.547811284391773371e-06,1.131739848257072365e-05
-1.015624472513362515e-05,5.217566518736172126e-06
-1.048208665440206881e-05,4.682827285590300712e-06
1.025119877062864814e-05,4.695708480839721409e-06
9.948468624593108798e-06,5.195592642431602310e-06
7.760662379154814844e-06,8.481162448055946893e-06
8.278422752214163559e-06,8.005214410345281543e-06
-8.373445019143822056e-06,8.196424415205808827e-06
-7.832640914957486207e-06,8.684976200609780632e-06
5.255852635285538585e-07,1.136392843686217702e-05
-1.037611728051609512e-06,1.137013924301050653e-05
-2.732713685541618373e-06,-1.212003249360599366e-05
2.621246269903823133e-06,-1.212499950001781675e-05
1.175207321706360226e-05,-3.554966965773217809e-07
-1.207063990660926637e-05,-5.560340522192319439e-07
-2.132782395754079045e-06,-1.224110348068667301e-05
2.081660722782038354e-06,-1.223745480866843151e-05
1.175338944033800914e-05,1.575499843612347228e-07
-1.207204771044205999e-05,-4.186422610048680353e-08
1.058539531336029081e-08,9.142910144465475002e-08
7.055051300421122399e-08,1.087388522165639553e-07
-1.199305864280711239e-05,9.657749003565281701e-07
-1.204565782817941306e-05,4.634546280835380855e-07
1.167574946918958425e-05,1.151861714892487875e-06
1.172728438700875382e-05,6.581412568464246113e-07
-2.168201400345620514e-09,1.139165931243687198e-05
-5.233772799878369231e-07,1.139352782508160981e-05
-4.739481160538444424e-08,1.893664756169666547e-07
-8.727984197582126646e-08,1.307109766821948868e-07
-1.593109920936984608e-08,1.097850243860644166e-07
-1.511174827755461895e-07,1.086057095323564252e-07
-8.625188230360332205e-08,5.001696607473955308e-08
3.444447405447161100e-07,1.302003878360136993e-07
2.660704983392241548e-07,1.588266924721551348e-07
2.744829366216003326e-07,5.150699599675351260e-08
2.108106512809505571e-07,2.311257011907878998e-07
1.565016480156839807e-07,1.347207889662460097e-07
-5.961578301325716966e-06,8.612765696810831620e-06
-5.515989093665487033e-06,8.026195405285001678e-06
5.483110876051802976e-06,7.829331773741410165e-06
5.913750968874531067e-06,8.406269883107017960e-06
-6.021159423800816213e-06,7.662154228860409790e-06
-6.443248441820189895e-06,8.258474186545711098e-06
2.961231924439883988e-08,-1.190873134312215559e-05
5.922118438152887526e-06,-2.261731611837682853e-06
5.203500561642904834e-06,-2.016418664281738640e-06
-1.678009364898967447e-06,1.867497095134005758e-06
-2.053272577653995667e-06,2.342208688478608727e-06
1.474946805642133890e-06,2.210288647513841357e-06
1.800532746127468240e-06,2.686755436074846763e-06
-7.871581382920275633e-06,-2.270369172738098033e-06
-7.105653187112639412e-06,-2.015171304594246423e-06
-1.016748265329993026e-06,1.054882570960409299e-06
-1.331481111193549638e-06,1.437024681682083471e-06
-1.474716958108529633e-06,-7.404582080748257910e-07
-2.003226571674635565e-06,-9.462649930803065695e-07
7.386889759564492580e-06,-2.750821193113220880e-06
6.651888882119135088e-06,-2.507163851604729596e-06
1.687604016909182409e-06,-2.969104534689518820e-07
2.193569334769016965e-06,-4.386222239382807991e-07
2.956730513140499620e-07,-2.015304263178027591e-06
3.181642953702587485e-07,-2.630307281805567385e-06
5.548171807138719850e-06,6.878062805474897406e-06
5.113828140762519463e-06,6.278835135533622288e-06
8.840912688102899888e-06,-3.222618083276210160e-06
8.118438786721821936e-06,-2.989904061679135102e-06
-2.738616840869995077e-07,-1.019312810788067315e-05
-2.833701172049057699e-07,-9.447046526918290372e-06
8.735546484211093215e-07,-8.862974566078349971e-08
1.245465754246242693e-06,-1.795377064244919594e-07
2.151197788169388659e-06,3.194093012612474387e-06
2.524504588059069802e-06,3.728824502867034287e-06
-2.452604403515639369e-06,2.854901014905579494e-06
-2.872750098649189639e-06,3.401216805608004501e-06
4.831914788654750669e-07,6.984666453504635740e-07
6.794322437477596008e-07,1.009982614747217633e-06
4.010511689354139733e-06,-9.821861670791113964e-07
4.691244513570523361e-06,-1.194748612150079331e-06
-2.824112832722139902e-07,-5.521486245846251522e-06
-2.718056263300625993e-07,-4.751916683772138124e-06
-3.913595433795167374e-06,-1.644092675706124003e-06
-4.630552635339202389e-06,-1.894479506464334583e-06
-2.448898409390391150e-07,-1.158589402585106158e-05
-2.615238850962693571e-07,-1.090808527788122731e-05
6.391463646133528150e-06,8.057805772662556302e-06
5.975527142410524042e-06,7.472416601080904561e-06
1.022518657335544155e-05,-3.657310549619658550e-06
9.545890474422185270e-06,-3.446655933243888835e-06
-1.074730967932785984e-05,-3.268782171970033314e-06
-1.007023245565434168e-05,-3.026593232767100959e-06
-9.362268868766102615e-06,-2.778716968564225484e-06
-8.626046984784576388e-06,-2.525625548769732656e-06
-6.352160070605441291e-07,-3.867325297250028014e-07
-1.016307987752222620e-06,-5.531750523425805485e-07
-5.063632121337262312e-06,7.423402043573313238e-06
-4.605342672166090007e-06,6.806099017644365994e-06
-4.987911917965794438e-07,4.570915145641362364e-07
-7.381940705942202560e-07,7.269115204343599217e-07
2.381554721561746335e-07,-9.826593980009091039e-07
2.690269608550889234e-07,-1.463471775790804407e-06
-2.897759769832697852e-07,-8.678395639370273417e-06
-2.929903592579630474e-07,-7.893107232245085436e-06
9.116766967255138425e-07,1.368017524179975346e-06
1.177911608548495921e-06,1.769636930193088668e-06
-3.308762780653583396e-06,3.974512576727591673e-06
-3.757197628139565274e-06,4.570169922154986531e-06
-5.372046181578770944e-06,-2.148763613143561188e-06
-6.131174413806585526e-06,-2.404731280211066209e-06
4.677117947450450916e-06,5.681137772732472509e-06
4.241135708821131818e-06,5.089104221308665656e-06
3.810361913695440929e-06,4.508728238916483582e-06
3.387730995942592741e-06,3.943926685737308059e-06
-3.411718744924505231e-06,-8.414480326957733658e-07
-2.758820148468280032e-06,-6.464781292544552007e-07
3.194679052560788240e-06,-1.306864543268457940e-06
2.598278822935545996e-06,-1.086893386463163400e-06
3.722882845396012565e-07,-6.305916367414274311e-06
3.721679974886441125e-07,-7.099711037119718884e-06
2.916700154077242087e-06,4.285618619777562677e-06
3.325157080861572374e-06,4.860736909333857035e-06
2.754027016106392817e-06,-6.016043170360243941e-07
3.362728000840625501e-06,-7.837974155030845887e-07
-6.338162753859803272e-06,-1.763301337805094652e-06
-5.575872566783695275e-06,-1.516984992285132279e-06
-2.591189403934600546e-06,-1.167178424142245737e-06
-3.231468125724574633e-06,-1.400908370254942603e-06
-4.146680633579017308e-06,6.182600651233369256e-06
-3.691443920857641193e-06,5.558267423952450317e-06
-2.574756236651332615e-07,-4.008214816344299805e-06
-2.393324533864418588e-07,-3.297581243943250200e-06
3.366340014668883976e-07,-3.296928498929437792e-06
3.511707499756573399e-07,-4.007562240703393735e-06
3.686524547792514819e-07,-7.892453399706893328e-06
3.618302444331478104e-07,-8.677744365878741460e-06
-3.244981664374539161e-06,4.940601914118488611e-06
-2.810808095644129255e-06,4.334564526626397207e-06
-2.928990028270998418e-07,-7.100363727618518759e-06
-2.894127960100710365e-07,-6.306569001353538417e-06
-9.882558751785550235e-06,-3.610977068179568507e-06
-1.056602216957063804e-05,-3.817324080334754160e-06
-4.212827969902232234e-06,5.181158971143229010e-06
-4.672016606006778599e-06,5.802594690301007710e-06
1.521773595358886184e-06,1.520434150768052508e-06
1.219788327494474182e-06,1.144803278768492095e-06
3.225574378328247287e-07,-1.090705147161095044e-05
3.026781876322235346e-07,-1.158726275615610648e-05
-5.129227760567236643e-06,6.427048591961270818e-06
-5.580735382040199773e-06,7.049514957500884417e-06
3.745841332569920399e-06,5.448461246289092172e-06
4.175936794213469634e-06,6.044793008536181350e-06
9.731521404155503446e-06,-2.866527978959850593e-06
1.040871566939096664e-05,-3.104966350671143628e-06
-4.709383184103521988e-07,9.193036084931595144e-07
-2.814127094924400838e-07,6.129493638474848508e-07
-1.609247966018033511e-07,-1.464072529031155429e-06
-1.264562514386522524e-07,-9.834700273903938822e-07
-1.131494838474782087e-06,-1.935894155782960718e-07
-7.280522347066872263e-07,-9.601424279291965820e-08
-8.423324787064076895e-06,-3.153505326805682928e-06
-9.165693413812627216e-06,-3.388170751665679284e-06
4.611129316173061356e-06,6.643636342507549894e-06
5.048386321086320763e-06,7.240689674329098984e-06
-2.393994111398798989e-06,3.747301149639096030e-06
-1.997868084032315809e-06,3.183514971775931608e-06
3.618942235894138448e-07,-4.751264007900587584e-06
3.688933182482148876e-07,-5.520833567834277524e-06
2.977433782800131894e-06,3.400303041849838103e-06
2.582214239521641122e-06,2.881511156860820616e-06
8.315011599877441693e-06,-2.379847592783073826e-06
9.033328830387955650e-06,-2.624679599367448659e-06
-4.828881175923529816e-06,-1.279541606022050528e-06
-4.104073011849218980e-06,-1.053237212889807712e-06
9.486905111241864726e-07,8.150183036883282353e-07
7.106521515868617962e-07,5.339962109218800675e-07
3.518277338020111111e-07,-9.446420144706293453e-06
3.387271278247889856e-07,-1.019241458640606526e-05
1.139425363149841657e-06,-5.121093108351334408e-07
7.883452223347435767e-07,-3.569423307691046458e-07
4.504869806641787344e-06,-1.774056038638093285e-06
3.832259520355168794e-06,-1.536575329995939019e-06
-2.172553494860107937e-07,-2.630962558535184014e-06
-1.911551713596636410e-07,-2.015952826305804758e-06
6.850355857788729074e-06,-1.890870561898766345e-06
7.585368650797192504e-06,-2.134593136695367832e-06
-2.155822128272360460e-06,-4.717600775112347277e-07
-1.609842476089521803e-06,-3.196358494897903952e-07
2.052241926320327384e-06,-8.796067964947861409e-07
1.562838163241661826e-06,-6.870126608584331867e-07
-6.897818299135247278e-06,-2.659133958504734889e-06
-7.665188992517269243e-06,-2.909795662406718761e-06
-9.762777704987396846e-07,1.693263255509647401e-06
-7.034431946218410824e-07,1.280669304329528542e-06
-1.627219685739160764e-06,2.649964130027266990e-06
-1.285187133324804113e-06,2.151090073838715005e-06
2.205982579007294379e-06,2.392767682898127735e-06
1.851292586110375765e-06,1.937465190931360814e-06
5.395940041586818668e-06,-1.418525804111930173e-06
6.118582045663614891e-06,-1.651533802922725711e-06
-1.853131327035859478e-07,1.770475669362293188e-09
-1.534699299287858320e-07,-5.988123632993123223e-08
-1.454551335674635892e-07,-1.303755827336675611e-07
-7.883549010388158463e-08,-8.267247143353482395e-08
3.399519674862989379e-07,-1.175599811859615828e-07
3.462685270820662628e-07,-5.078831566203080940e-08
2.777165318606773682e-07,-7.020267719765344713e-08
3.742519039166509828e-07,3.605445234653097165e-09
-4.518297987559062163e-08,-2.758829353857435277e-07
5.459273560861183656e-08,-2.640179640446607954e-07
-2.930362242881993633e-08,-1.503140632466031560e-07
1.635452703144411026e-07,-2.825371637515145966e-07
1.450308450001765439e-07,-1.613963264996436022e-07
1.260669342668147550e-07,5.043856189334511709e-08
-5.677738400092527375e-09,3.625507815803772095e-08
-2.580050676823502255e-08,-9.150217296024859814e-08
-7.220323233378778132e-08,-1.106140354365377473e-07
2.211307352384979700e-07,-1.206479878774746913e-07
1.421004831119219444e-07,-1.043912093211283770e-07
2.130767843981295000e-07,1.868844855796493357e-08
-2.812769569872669715e-08,2.267831527397990480e-08
2.931799626074888897e-08,-7.751594917531352363e-08
-1.143986865001661361e-08,-2.688195213972401721e-08
1.330202246511254510e-07,-4.131377301555782372e-08
2.503206634512519359e-07,-4.660013160893009893e-08
2.517155240179450243e-07,-9.688921639511089711e-08
-6.793675731648177738e-08,-1.011016453178050515e-07
-5.381897720684257009e-08,-5.920129417731746981e-08
-2.960620437405163487e-07,4.092222389579973070e-07
-3.024645574437933670e-07,2.511665393135359526e-07
-1.384591678702662995e-07,3.672473782966343537e-07
4.993188098404362228e-07,4.833779114727860744e-07
3.261990200338670652e-07,4.380425701643384495e-07
5.085266333067127778e-07,3.052771891140727446e-07
6.737153569239760593e-07,-1.689399029695508545e-07
5.811258747571690825e-07,-2.718772692422895291e-08
5.193898607021789999e-07,-2.246665546976352408e-07
-5.107635710110607009e-07,-1.835604193114938734e-07
-3.421614187069657229e-07,-2.446729234642841646e-07
-4.102979256531533045e-07,-3.050010742399466294e-08
5.682374124966059213e-08,-7.667824945100637943e-07
2.031381567673114097e-07,-5.851648167222422103e-07
-8.750498372625840335e-08,-5.860097800905649617e-07
-8.423679036292169720e-06,7.775420296604164944e-06
8.325543782261143598e-06,7.600436457238170956e-06
1.057441416692598390e-05,4.595778705605673712e-06
-1.082823341415929833e-05,4.575867733368261385e-06
-2.507362713811384092e-08,-3.016462685120425929e-08
2.133086104691381008e-07,-2.261439016321821483e-08
6.049735338213171025e-06,-1.064602323129969752e-05
-6.515885968390093904e-06,-1.052149319720408472e-05
-5.151398439401482903e-06,1.017424556837977829e-05
5.038461708083708589e-06,1.001667327096111471e-05
-9.216286560064071814e-06,-8.063888941312987571e-06
8.770808252520837832e-06,-8.139675916118752809e-06
9.977069195723567633e-06,5.601816853730490031e-06
-1.018609507588520089e-05,5.652243667721884645e-06
-7.332236769750185472e-06,8.743649645560205578e-06
-6.841371804572312259e-06,8.756157830203740899e-06
7.274357188236019266e-06,8.539175611860227243e-06
6.789487959815731703e-06,8.550854924647337428e-06
6.977941452450671238e-06,-9.958572509653788255e-06
-7.471707749601508610e-06,-9.819854579909811088e-06
-8.373996345798519531e-06,-9.002108539050066762e-06
7.891205072558502730e-06,-9.124989889216588806e-06
9.228596928196415835e-06,6.611445476276689380e-06
-9.382602332014363300e-06,6.730771376626729346e-06
-6.408970202663314969e-06,8.722602739237286980e-06
6.357961775592363899e-06,8.515593020395073880e-06
-5.547424358783829975e-06,7.543348290464332341e-06
-3.657754483026937451e-06,-1.232509548928781544e-06
3.592602598049913557e-06,-1.149949483084478859e-06
2.180551136340052513e-06,2.782671818654004408e-06
-2.027772034304860153e-06,2.750796094262095718e-06
4.233937448430461985e-08,-5.911266810387855686e-06
-5.097839507570427541e-06,-1.708654806092867641e-06
6.384293068989114109e-06,-2.077367093097733801e-06
2.948451308450409553e-06,3.835333182419143059e-06
-2.843248179922511323e-06,3.859802859069849911e-06
-1.311225940052743377e-06,1.778242204746108940e-06
1.500855339362794363e-06,1.851701211153454461e-06
4.594594518607253737e-08,-4.373819874491829938e-06
-1.293533744189635422e-06,-4.469986140157964968e-07
3.873293698640699716e-08,-7.497260572683155688e-06
-8.149280764704120011e-06,-2.715735481829430712e-06
7.852892347079019810e-06,-2.564289632574467734e-06
1.395158756187069868e-06,-4.144618248279847836e-07
-3.725014965904583211e-06,5.060339436182356003e-06
5.316174774457112894e-08,-1.726213732118634517e-06
-7.243607616056926839e-07,9.844759945471862604e-07
3.778867018918562700e-06,4.974327988392290023e-06
-4.638554552664582298e-06,6.304885518384399393e-06
9.292278062271316718e-06,-3.041409056658144215e-06
3.151852559894641031e-08,-1.055700008108304785e-05
5.515061005464177270e-06,7.356922672981468830e-06
-9.626255353572043481e-06,-3.202989569863410582e-06
4.644227223168914154e-06,6.161704469845799486e-06
3.512443395908174093e-08,-9.066340830813797075e-06
9.331708934646186359e-07,1.075185546898308270e-06
4.955226060261973358e-08,-2.954341300683542593e-06
2.389000376278732290e-06,-7.482720860801655931e-07
-6.617605995445097821e-06,-2.210401947553245938e-06
-2.366286044899618756e-06,-8.043647187908813326e-07
4.944475237927857369e-06,-1.599514863101949434e-06
6.219499729000726426e-06,9.313909752516364519e-06
-6.269648401179519103e-06,9.516252551759995428e-06
6.317750074958897035e-06,8.894809073637210324e-06
-6.367880343359075904e-06,9.103205081595884762e-06
5.576735005872310249e-06,-1.093190555481941790e-05
9.177825949719183948e-06,-7.586830974342296875e-06
1.081275529509644591e-05,4.094107485535301371e-06
4.449983420446103619e-06,1.029590277930701301e-05
-4.615175989478132648e-06,1.042561316189012020e-05
-1.108351706367389900e-05,4.041001683541781124e-06
-9.600617619328856832e-06,-7.544243158657589559e-06
-6.013515449087548193e-06,-1.082214216752917227e-05
