Size 899,2
0.000000000000000000e+00,0.000000000000000000e+00
0.000000000000000000e+00,0.000000000000000000e+00
7.420796125570363430e-10,-6.038675239048844956e-06
-2.935602002555265208e-07,5.536391718579620276e-06
2.141449093409922012e-07,-1.624159159942938332e-07
3.531645318249919247e-07,-9.311360642403049953e-08
4.824084964472430710e-07,-5.241539191085746938e-06
4.387191829514983336e-06,-1.909242006788007019e-06
4.046167339649226622e-07,5.433022089126302395e-08
3.987191144341488299e-07,3.510995429460564260e-08
4.711471548337359074e-06,-9.740396201863314230e-07
3.252296979922842316e-06,3.380226126252843527e-06
1.848605811209850169e-07,1.812591461024017526e-07
2.662773591054115509e-08,9.404882505666026831e-08
2.458890941169299800e-06,3.950465165070816475e-06
-2.542718063587352771e-06,4.237508526805476973e-06
-9.558469100681775103e-08,-1.711377716561598993e-08
-6.662076437053448569e-08,7.316125833261588747e-08
-3.369515374671110729e-06,3.613831433432404408e-06
-5.183178366522212187e-06,-1.168683931316019919e-06
-1.201318678072592056e-08,-9.888021182517587790e-08
-8.796545305968089195e-08,-1.198583588326016651e-07
-4.847452286713005753e-06,-2.165968674553811495e-06
-4.965721360965116469e-07,-5.229744258382410300e-06
1.421256662863546196e-07,0.000000000000000000e+00
2.257429069386636893e-07,0.000000000000000000e+00
2.775270423954971409e-07,0.000000000000000000e+00
3.109630240255454393e-07,0.000000000000000000e+00
3.329369133893913037e-07,0.000000000000000000e+00
3.532490000068867903e-07,0.000000000000000000e+00
3.641527399590481556e-07,0.000000000000000000e+00
3.618012730695424995e-07,0.000000000000000000e+00
3.495589554549027856e-07,0.000000000000000000e+00
3.208508751235951984e-07,0.000000000000000000e+00
2.567426985627788557e-07,0.000000000000000000e+00
1.712504642694220335e-07,0.000000000000000000e+00
8.864933807491137924e-08,0.000000000000000000e+00
0.000000000000000000e+00,0.000000000000000000e+00
0.000000000000000000e+00,0.000000000000000000e+00
0.000000000000000000e+00,0.000000000000000000e+00
0.000000000000000000e+00,0.000000000000000000e+00
0.000000000000000000e+00,0.000000000000000000e+00
0.000000000000000000e+00,0.000000000000000000e+00
0.000000000000000000e+00,0.000000000000000000e+00
0.000000000000000000e+00,0.000000000000000000e+00
0.000000000000000000e+00,0.000000000000000000e+00
0.000000000000000000e+00,0.000000000000000000e+00
0.000000000000000000e+00,0.000000000000000000e+00
0.000000000000000000e+00,0.000000000000000000e+00
0.000000000000000000e+00,0.000000000000000000e+00
3.823161427095937842e-07,-6.002672940435315458e-06
7.279886196143794291e-07,-5.937398650612558215e-06
1.025687176313756298e-06,-5.863398711083044523e-06
1.290321561391952771e-06,-5.785213811787848552e-06
1.528328585014231507e-06,-5.704635408709642608e-06
1.745234538681699278e-06,-5.622448814895035141e-06
1.945920949563857920e-06,-5.538622187560944094e-06
2.134736520111187466e-06,-5.452637516211251959e-06
2.315544440188194157e-06,-5.363418644743143136e-06
2.491602769554271027e-06,-5.269488392577620925e-06
2.666232494788911148e-06,-5.169632393847069901e-06
2.842310166859017311e-06,-5.061870468530758256e-06
3.022487948001433367e-06,-4.942855324564020469e-06
3.207425560376448080e-06,-4.810052846191214468e-06
3.398038749367286795e-06,-4.660599926395457501e-06
3.593816655791029847e-06,-4.492092662179262248e-06
3.794104208309611121e-06,-4.302162635200804573e-06
3.997125264677952867e-06,-4.089151742217279434e-06
4.200932789985879564e-06,-3.851595689014513517e-06
4.402769056105239602e-06,-3.589068584675712528e-06
4.599734366908715287e-06,-3.301484896827827659e-06
4.788754848700991239e-06,-2.990155934388420726e-06
4.967153414937821593e-06,-2.655109409511253771e-06
5.130237632420301724e-06,-2.298440544050208719e-06
5.271635180634142849e-06,-1.922132687630740411e-06
5.380926872983302421e-06,-1.537903600904155429e-06
5.457204526446670685e-06,-1.165142131513285995e-06
5.502711051913401598e-06,-8.189850536111268647e-07
5.526847157821819349e-06,-5.046658094125165558e-07
5.535606144596763765e-06,-2.173728529920384129e-07
5.532174189344050828e-06,4.649889449600584207e-08
5.518868682077431843e-06,2.901505645366071994e-07
5.497445289603180149e-06,5.165334297959094050e-07
5.469232130825812611e-06,7.286958465295022914e-07
5.435060531232557063e-06,9.295613295947502956e-07
5.395345885994465957e-06,1.122010387578489305e-06
5.350063236154966237e-06,1.308750146584019546e-06
5.298813025929854254e-06,1.492293919455906543e-06
5.240845152611198823e-06,1.674941913809633418e-06
5.175091529142594491e-06,1.858682412325863136e-06
5.100241840408630762e-06,2.045264050257821965e-06
5.014734543405999913e-06,2.236042989186703260e-06
4.916885720131939109e-06,2.432129183437913554e-06
4.804813934850990364e-06,2.634237453156769633e-06
4.676532596629944446e-06,2.842934050481618680e-06
4.529656495353288404e-06,3.058342235712210299e-06
4.365889442313554254e-06,3.285905140551424980e-06
4.176436825722009625e-06,3.524389111363952349e-06
3.955268705266351563e-06,3.774325541672298753e-06
3.699513983039888807e-06,4.030063912688326210e-06
3.405956583475826932e-06,4.282127097022124058e-06
3.085393856026060537e-06,4.512957513303125316e-06
2.754999696400165941e-06,4.716495998771880541e-06
2.425832922869447473e-06,4.891969050420142832e-06
2.102819977261112678e-06,5.041930335689010046e-06
1.787813995497126078e-06,5.168281375352486851e-06
1.482831944597345272e-06,5.272474884442134123e-06
1.189555587079443589e-06,5.356074604511274218e-06
9.093345188300976697e-07,5.420945560260243402e-06
6.428102664605541363e-07,5.469100129745822478e-06
3.901507516009376432e-07,5.502675147390349637e-06
1.507536264156959452e-07,5.523771575881810709e-06
-7.650536423312021523e-08,5.534407770320226657e-06
-5.026694392173542299e-07,5.530531774276669854e-06
-7.062526477018802806e-07,5.517245495054815583e-06
-9.069932098024324187e-07,5.497166828613239166e-06
-1.108065527282455017e-06,5.470379568453676525e-06
-1.312987401457933648e-06,5.436338980519897275e-06
-1.525425901988259679e-06,5.393840789632535803e-06
-1.749241748937107225e-06,5.340996696418735039e-06
-1.988167313510606484e-06,5.275194696694144498e-06
-2.246139349905333685e-06,5.193101497971818812e-06
-2.527290829532332266e-06,5.090140179763655191e-06
-2.836796318929559449e-06,4.958765262043337009e-06
-3.172167167066814279e-06,4.787949090875269132e-06
-3.520867112007862749e-06,4.576221985728150959e-06
-3.853744793983968753e-06,4.324831079466332565e-06
-4.155070896818590981e-06,4.055545768478285170e-06
-4.423586245863414841e-06,3.780779305561795526e-06
-4.659891498472512592e-06,3.508336058391237823e-06
-4.867063046894883055e-06,3.240799754657979974e-06
-5.053027905277325841e-06,2.982361719541640903e-06
-5.215220313119241010e-06,2.729512284127466138e-06
-5.355588437431352696e-06,2.483868245246617408e-06
-5.476064400908517799e-06,2.246352941981242428e-06
-5.578808287453177819e-06,2.017446152360204646e-06
-5.666001276559320859e-06,1.796926771990815226e-06
-5.739896919142985336e-06,1.584023231112272404e-06
-5.802583153768956328e-06,1.377236573168010387e-06
-5.855964782465214070e-06,1.174551361284268498e-06
-5.901599428464561574e-06,9.733312810958946473e-07
-5.940633376625008118e-06,7.705083530968395728e-07
-5.973721858385297886e-06,5.625852099835611540e-07
-6.000928772084080919e-06,3.457538922269153808e-07
-6.021734766221189519e-06,1.160371377404746964e-07
-6.034925958686371077e-06,-1.307080426561051846e-07
-6.038693175416119977e-06,-3.985382585703574183e-07
-6.030467944101260122e-06,-6.917801842817110851e-07
-6.006529988386744175e-06,-1.015410671895284507e-06
-5.959216503496282415e-06,-1.376313985160356330e-06
-5.875692138498154039e-06,-1.767959438283863488e-06
-5.751115508869968708e-06,-2.166600609841791214e-06
-5.591380081282961951e-06,-2.541445598006326016e-06
-5.416404874965576936e-06,-2.874511321763346572e-06
-5.238025675436405497e-06,-3.171714739990490949e-06
-5.060932389439486194e-06,-3.436963421541713630e-06
-4.885012983907381511e-06,-3.676282486312087231e-06
-4.710852475272162431e-06,-3.892050175573114953e-06
-4.538640985326314323e-06,-4.087574692926188746e-06
-4.368186325856005783e-06,-4.265904037008707740e-06
-4.198443269578220741e-06,-4.430279641591830296e-06
-4.028073362236539201e-06,-4.583529513334436609e-06
-3.855072242444090530e-06,-4.728266579080887522e-06
-3.677197157796298939e-06,-4.866655539673068581e-06
-3.491973764763572140e-06,-5.000381781943403586e-06
-3.296209259520028373e-06,-5.131046335043588028e-06
-3.086911517567876506e-06,-5.259170092740551495e-06
-2.861419358253423321e-06,-5.380245264447003471e-06
-2.620210108452840493e-06,-5.496253142098144716e-06
-2.361665039425843380e-06,-5.606100415880820155e-06
-2.084456899777428167e-06,-5.708528485411272137e-06
-1.787537723882838700e-06,-5.801842849764409101e-06
-1.470352366646078550e-06,-5.884168531935186008e-06
-1.132644997983554149e-06,-5.953254150311940365e-06
-7.742061731138651401e-07,-6.006492921308753728e-06
-3.916764208213474749e-07,-6.039283244677234737e-06
2.453922426395318276e-07,-1.329319341690738520e-07
2.847982813801271783e-07,-1.072473853898258318e-07
3.136829922130730847e-07,-8.145032253565913086e-08
3.292317214956799088e-07,-6.412094401426405229e-08
3.392719375677015771e-07,-6.389584196436412066e-08
4.371412102043192269e-07,-2.361144210356019969e-07
5.990203944555086695e-07,-3.841108746934605374e-07
8.266489288528751284e-07,-5.407611611554283314e-07
1.111824149442683693e-06,-7.041497633895315557e-07
1.445576633728424849e-06,-8.713856786377339266e-07
1.818916028025627805e-06,-1.039591607742713335e-06
2.222887853936928357e-06,-1.205911282503571485e-06
2.648597164883289580e-06,-1.367499453290133200e-06
3.087201420057373697e-06,-1.521460939485620332e-06
3.529625591367960670e-06,-1.664717607638938705e-06
3.965786405360196446e-06,-1.794365815728451411e-06
4.259477243087770587e-06,-2.247011586130712997e-06
4.118586231430311765e-06,-2.573123929732732905e-06
3.970279004257396783e-06,-2.881926242872269445e-06
3.816379120239042931e-06,-3.170525530295776745e-06
3.658447504931043731e-06,-3.438180522443309338e-06
3.498827901475557073e-06,-3.683420181947676561e-06
3.338451497499121805e-06,-3.906788682537858128e-06
3.179034703064455150e-06,-4.107962517102937980e-06
3.020717259286346869e-06,-4.288416468839409136e-06
2.864241414022914913e-06,-4.448688066757997906e-06
2.708749206119211825e-06,-4.590640618131426793e-06
2.553726591837605689e-06,-4.715543624797061241e-06
2.397542412654478246e-06,-4.824654760777503350e-06
2.237476880404630345e-06,-4.919293905373168706e-06
2.071350212022149915e-06,-5.001823104891345550e-06
1.896658007259092146e-06,-5.073067924864391912e-06
1.710385117716892555e-06,-5.133344309032533848e-06
1.509042282294305976e-06,-5.182435825773768375e-06
1.288825140637904940e-06,-5.219815424284818668e-06
1.045771418802334895e-06,-5.244132070454441626e-06
7.766437387708887668e-07,-5.253281546148839714e-06
5.433302624801847045e-07,-4.788926472219574130e-06
5.813011146876943652e-07,-4.308170702609978411e-06
6.056905143695073014e-07,-3.807030472300056904e-06
6.171064099780433695e-07,-3.294849586009625974e-06
6.152876862469048857e-07,-2.782423988666108844e-06
6.000172015760212683e-07,-2.280963390714163786e-06
5.711260948484930453e-07,-1.801832654791877471e-06
5.284344061027013379e-07,-1.356486558199958856e-06
4.716182663691577574e-07,-9.565236111804511194e-07
4.001053920393444299e-07,-6.143746550695904930e-07
3.138100168584568085e-07,-3.441828153460295782e-07
3.690332691389887524e-07,2.628834437077733435e-08
3.652621180049464969e-07,1.032844343887653485e-08
3.673618179029092248e-07,4.744791495729597548e-09
3.728510143719926564e-07,5.839473566332800095e-09
3.818807227924454863e-07,1.504893619612452066e-08
5.610039212596966389e-07,1.069901240814900292e-07
7.478889993474739624e-07,2.429700194030399557e-07
9.588628812990385960e-07,4.297526823929925642e-07
1.190842058051578790e-06,6.609906656080227175e-07
1.439543511817754528e-06,9.307478023649055132e-07
1.700379386484825386e-06,1.232958355944604485e-06
1.968652653519620386e-06,1.561406970306426739e-06
2.239604690754505592e-06,1.909768396009157312e-06
2.508435972380063717e-06,2.271623509378535668e-06
2.770366394243959511e-06,2.640536042306282079e-06
3.020644357522574651e-06,3.010584438629894894e-06
3.516329802691413525e-06,3.194048834356358774e-06
3.751702981372001755e-06,3.004549202733377813e-06
3.959374797206915433e-06,2.819520946910172293e-06
4.142017985159228454e-06,2.639327619532254119e-06
4.297376935454312484e-06,2.461223595566514247e-06
4.434322422194175808e-06,2.285484074825169766e-06
4.554050682519042075e-06,2.112613367839766464e-06
4.657931295743747900e-06,1.942306205932960606e-06
4.747159860517470772e-06,1.773893232472432079e-06
4.822879406767129855e-06,1.606376839239953141e-06
4.885994030290622980e-06,1.438503277970972290e-06
4.937200239935131625e-06,1.268737546702016522e-06
4.976925975319985796e-06,1.095334351527524188e-06
5.005265312169711224e-06,9.163250157462573308e-07
5.022016767393461937e-06,7.296014739574130050e-07
5.026546336678668650e-06,5.329109717277996139e-07
5.017900764351327745e-06,3.239535967902512008e-07
4.994638761806678499e-06,1.003801947880866061e-07
4.954996804737699463e-06,-1.400674695333813189e-07
4.896728888765518550e-06,-3.994133152523098422e-07
4.817132560821203060e-06,-6.785132802184582068e-07
4.296907442651242121e-06,-7.973842627244817448e-07
3.866552358671148820e-06,-6.364902295314794923e-07
3.426726979653497651e-06,-4.841214922731078628e-07
2.984422044991064642e-06,-3.421520138737176347e-07
2.548086797985719845e-06,-2.136060620868851196e-07
2.126558806483371595e-06,-1.014863887584761333e-07
1.728741689358972344e-06,-8.747919767403210116e-09
1.363566190188617426e-06,6.165445402367594385e-08
1.040007486201996863e-06,1.067482426035809231e-07
7.671188828312160071e-07,1.235773294941300348e-07
5.529404047264937630e-07,1.090688539943712893e-07
1.305028085196025204e-07,1.546135560378342235e-07
7.588435329575158868e-08,1.370844712779718609e-07
3.043426692287111426e-08,1.123197306586118471e-07
5.662432423417788575e-09,8.534087194965460681e-08
8.409371909115047764e-09,6.712049760676649090e-08
3.835525208992741933e-08,2.611006066338309990e-07
-1.637241800692942784e-08,4.917758432227604888e-07
-1.268889470424677821e-07,7.761408532806021474e-07
-2.863238272927796361e-07,1.105117238133095424e-06
-4.879976685915370393e-07,1.469535308082674693e-06
-7.253765424271893182e-07,1.860269949029735457e-06
-9.919008258826372456e-07,2.268073172825619979e-06
-1.280924592957924958e-06,2.683585268509897686e-06
-1.585689900262112136e-06,3.097406312061094166e-06
-1.899484333489581875e-06,3.500388704956053370e-06
-2.217085094391628489e-06,3.884144987365119093e-06
-2.300514645181194230e-06,4.432327921334349170e-06
-2.064953106542303595e-06,4.593465885165049411e-06
-1.842424395490490957e-06,4.725536361707184402e-06
-1.632386286124165973e-06,4.832202812094154185e-06
-1.432566335858010510e-06,4.916705327104197998e-06
-1.240264023761304794e-06,4.981898180017192510e-06
-1.052689633618079813e-06,5.030074120048967457e-06
-8.670748910918599839e-07,5.062971007207083488e-06
-6.808000915088297586e-07,5.081819639534811494e-06
-4.914595815757103976e-07,5.087315476166785237e-06
-2.969419005074783176e-07,5.079740335992879455e-06
-9.535857182499637200e-08,5.058918345425136760e-06
1.149855166347545521e-07,5.024367486108874780e-06
3.354643463818086274e-07,4.975348750333535798e-06
5.669529651331987765e-07,4.910931979861251164e-06
8.098273173097739790e-07,4.830101782160143899e-06
1.063921496968896994e-06,4.731769907770262492e-06
1.328603678736985871e-06,4.614976977060493070e-06
1.602733002021113345e-06,4.478836563692540883e-06
1.884691037486825119e-06,4.322828738731314898e-06
2.171882937509686568e-06,4.146705872962886468e-06
2.186583876608542682e-06,3.613449456246325055e-06
1.915977411201715245e-06,3.259803837701831544e-06
1.649073787719044901e-06,2.894787995970944102e-06
1.390899689504501218e-06,2.525196494832150334e-06
1.146176668899906432e-06,2.157790330380799947e-06
9.194953760864246807e-07,1.799149778058274599e-06
7.153899469603269043e-07,1.455742833219172254e-06
5.383491678547483014e-07,1.133949983757548579e-06
3.928371791733197757e-07,8.401268245212081844e-07
2.831643431220104709e-07,5.807919344937443748e-07
2.124577283989402113e-07,3.615907019918753685e-07
-4.534773377180425313e-08,-1.428762066463748964e-08
-2.305426997583580690e-08,-6.397666543189250467e-09
-1.379553317814231977e-08,2.442975925928497125e-09
-1.194640073191956832e-08,1.334555677800013588e-08
-1.876112602961696245e-08,3.549492872420454547e-08
-2.524113880142552741e-07,1.473826451018893811e-07
-5.196260022831569247e-07,1.699141403030554980e-07
-8.595981771159387455e-07,1.520195699810865311e-07
-1.261092115982532564e-06,9.764534161067376812e-08
-1.711352265571678410e-06,1.086239606968862534e-08
-2.197753085187563075e-06,-1.041725981440505523e-07
-2.707741001979883610e-06,-2.433225658858463508e-07
-3.228798116761869981e-06,-4.024611566075508223e-07
-3.748457449832552814e-06,-5.774389309470246019e-07
-4.254494128954471845e-06,-7.640735127308637218e-07
-4.735927255088931815e-06,-9.590836942929730153e-07
-5.297487455293958990e-06,-8.677587002220739122e-07
-5.383045445389831202e-06,-5.827799006589144364e-07
-5.445340848264963904e-06,-3.191264069755793146e-07
-5.487200467681197297e-06,-7.570923343179470331e-08
-5.510951529417192611e-06,1.502784794949188178e-07
-5.518338037475707235e-06,3.619807525174353190e-07
-5.510711845005056899e-06,5.626399981689284992e-07
-5.488820299567619559e-06,7.553899373694838444e-07
-5.453017096368462193e-06,9.432339765361961348e-07
-5.403158953004570448e-06,1.128887913443909419e-06
-5.338767903864166476e-06,1.314775026691888838e-06
-5.259060283233735563e-06,1.502888921204222168e-06
-5.163007974440950817e-06,1.694813210770091563e-06
-5.049519828794599099e-06,1.891612786667271834e-06
-4.917376930647228554e-06,2.093882626742207806e-06
-4.765574635834311520e-06,2.301662318278926913e-06
-4.593153135687580962e-06,2.514433689142803122e-06
-4.399704047936561319e-06,2.730678944620078753e-06
-4.177154200623274253e-06,2.949084725028717622e-06
-3.930553901786682343e-06,3.171730379208176808e-06
-3.660190397944936316e-06,3.396505881396809583e-06
-3.122456869744986117e-06,3.216805412336471553e-06
-2.849060911992712601e-06,2.806209304441021888e-06
-2.554324434531609904e-06,2.389971285995153925e-06
-2.245640571020457583e-06,1.978817462518491352e-06
-1.930304871307037540e-06,1.582312213599274983e-06
-1.615284576915138815e-06,1.209696382461234895e-06
-1.307420708480880633e-06,8.701464882776880109e-07
-1.013503117547312133e-06,5.727755733461100032e-07
-7.403062614418746213e-07,3.265778670972358835e-07
-4.944935174873359351e-07,1.401575778403786607e-07
-2.806070919812628988e-07,2.089914620170203762e-08
-4.719809622047221995e-09,-4.860045459702402361e-08
-1.143460511652864459e-08,-2.975615714683077812e-08
-2.376232252642588264e-08,-2.595527884852936571e-08
-4.028028533059040364e-08,-3.787571677649876337e-08
-5.952521866122050288e-08,-6.343941905229492846e-08
-2.181210648277714895e-07,-3.318421842572204210e-07
-3.123219432145977964e-07,-6.114944396373602517e-07
-3.916314765214607736e-07,-9.544243708454979276e-07
-4.575286263209085834e-07,-1.354041550958054434e-06
-5.096494388383484645e-07,-1.799249695872874678e-06
-5.479885401399565475e-07,-2.278364058293622202e-06
-5.726938729547227492e-07,-2.779837282369721388e-06
-5.839248067501328218e-07,-3.292307616217170677e-06
-5.817961051840767113e-07,-3.804530961020376364e-06
-5.664273017197342983e-07,-4.305131298110114608e-06
-5.383927606075120395e-07,-4.782723441503125477e-06
-8.359585455292830346e-07,-5.224922347198273056e-06
-1.164435193165541045e-06,-5.202579640197235653e-06
-1.476512241815840966e-06,-5.166163050569161445e-06
-1.770616755020190026e-06,-5.117012133072571408e-06
-2.046466583332646170e-06,-5.056310045168580834e-06
-2.304409412306387657e-06,-4.984895688005376056e-06
-2.545261714788174149e-06,-4.903582548407436140e-06
-2.770459186933203256e-06,-4.812755212860024375e-06
-2.980345281160443615e-06,-4.717123854949630277e-06
-3.174636334783298741e-06,-4.612353786087733927e-06
-3.355269738579745775e-06,-4.498459083427737362e-06
-3.524266013462851977e-06,-4.374369127198350894e-06
-3.683630718663007438e-06,-4.238772021033544215e-06
-3.835110228102486931e-06,-4.089850814278121673e-06
-3.980060136500046366e-06,-3.925822314613581364e-06
-4.119839268872616375e-06,-3.744086146882648360e-06
-4.254858506979207097e-06,-3.542757468032068318e-06
-4.385865095119840682e-06,-3.318770238614310355e-06
-4.512184787523478805e-06,-3.070580634701636494e-06
-4.633586525217556306e-06,-2.795260498702735178e-06
-4.748961113689163419e-06,-2.492530875256717624e-06
-4.372530243406639951e-06,-2.065789447807624028e-06
-3.871869175479581405e-06,-1.937399152435820228e-06
-3.354222211702157492e-06,-1.786970424363381445e-06
-2.832291214222398316e-06,-1.618559923514298124e-06
-2.318665950276799219e-06,-1.436294640811346763e-06
-1.825825736151456825e-06,-1.244217040019881626e-06
-1.366298285334469566e-06,-1.046349727168323140e-06
-9.526576790892232809e-07,-8.467301810608259460e-07
-5.974907723617264590e-07,-6.494042273941002493e-07
-3.133481693722965621e-07,-4.583572570658095750e-07
-1.121100509729770706e-07,-2.762050072663970529e-07
-1.298385294093361504e-07,1.551831918951126536e-07
5.126801542445236666e-08,-3.546495007701776266e-07
3.955319863394809055e-07,2.429033208708442187e-07
5.091298119675345637e-07,-6.819767059638321283e-08
-1.999471010514361612e-07,-7.108003674783559212e-08
-2.667626490654535649e-06,3.545623120026381685e-06
4.127486319574209463e-06,-1.296089477510509738e-06
2.179410711904779075e-09,-4.779223308099192824e-06
-4.547240435660281336e-06,-1.511068324237630116e-06
2.601777719508419224e-06,3.309810330326520662e-06
2.665815849015326063e-07,6.863145677144396596e-08
-1.968534044230710855e-08,2.675082482821274463e-08
3.052295398484115345e-06,3.932085123104697022e-06
-3.152629283998135711e-06,4.205620999606930089e-06
1.183896337799690562e-08,-3.803946892727885449e-06
-3.549858854056674257e-06,-1.181765589585092733e-06
6.804245567476765224e-07,6.414479322668108578e-07
4.020908869558519785e-08,-9.648681404793076879e-07
-7.394214295032199267e-07,-2.521574319927695726e-07
-4.397493419482038284e-07,5.599669089409384720e-07
9.422059517680442074e-07,-2.198556826367957348e-07
2.078855497384325045e-06,2.583429406818226053e-06
3.257038406478841372e-06,-1.002907960392078247e-06
-2.515821828060992406e-06,-8.406400062930701282e-07
1.080667750856278728e-06,1.197667437519942410e-06
-1.545555591282348505e-06,-5.199161297186092526e-07
2.130322314472552558e-08,-2.782950003864708705e-06
1.559106239083264297e-06,1.861935631903823637e-06
3.071647993194301634e-08,-1.806109121410909982e-06
2.388491349028532667e-06,-7.107109437105516093e-07
1.593085616790351156e-06,-4.419792884729108318e-07
-9.017762538769088902e-07,1.175439051466598999e-06
-2.069725513040024816e-06,2.743114538235214327e-06
-1.462957506792908625e-06,1.927775287350441060e-06
3.671409237376736389e-07,-1.177100660063222781e-08
-2.616804090938035844e-08,-1.009897272693775326e-08
7.555697402062095542e-08,-1.250529063384962079e-07
4.809961461086686588e-06,-1.547904324489939155e-06
-5.280583701340429271e-06,-1.779098259485109295e-06
3.717986940083622348e-07,1.742703470130617505e-08
-2.213564738510840037e-08,2.321879442262682914e-08
-4.169574049839111552e-06,-4.096165188105708215e-06
3.561863984137761808e-06,-4.104620260745260947e-06
-4.736359249775138952e-10,-5.505179439181928162e-06
3.932364915420237322e-06,-3.635443801254200859e-06
-4.484885263378115133e-06,-3.709109555437793027e-06
-1.851627650711136996e-08,-2.252018949490767929e-08
2.867321268903733038e-07,-4.540266741782683690e-08
-3.838949208881363603e-06,-4.411889379111783539e-06
3.192174833481849288e-06,-4.474463599123262655e-06
4.284233726676311914e-06,-3.063252737972591962e-06
-4.786519905839358334e-06,-3.228103596040991712e-06
5.876671221753749654e-09,4.636903030163772288e-08
1.291770605845004307e-07,8.497837488948835791e-08
-3.937596593764122852e-06,3.658913572583415038e-06
3.759264703624744523e-06,3.425183164522996006e-06
-3.490588160300334927e-06,-4.679894007321881668e-06
2.842057687706886052e-06,-4.762680182912190586e-06
4.580582587586816240e-06,-2.464462673264981011e-06
-5.052946047496990865e-06,-2.693362873094785757e-06
-4.383623157557703312e-06,3.220089692789086760e-06
4.132654777978154503e-06,3.045830228478180258e-06
-3.136623378202217320e-06,-4.902701245774969764e-06
2.531007325400078848e-06,-4.976565617308762173e-06
1.822425566415998530e-07,-7.003279202480910769e-08
-5.413689922809045598e-09,-6.477906509436756821e-08
-3.372526763609463335e-08,-4.510684710606240414e-08
3.640136694018132760e-07,3.382283389066009311e-09
3.583527379995373168e-07,5.290267347872414284e-09
-2.757020308001494741e-08,-2.314009974037315154e-09
-1.839043184315154084e-08,2.859426113930212361e-09
-4.821029234726903392e-06,2.736597839522365301e-06
-4.985907178698204577e-06,2.514966940749294654e-06
4.616347665268974215e-06,2.459564451652910395e-06
4.485229757441621916e-06,2.642546963315342217e-06
-2.692925737555857068e-06,-5.144169744247111019e-06
-2.461728071222991957e-06,-5.243467652416698534e-06
2.185799640023788354e-06,-5.183396109804421651e-06
2.015401045057775363e-06,-5.264488925464782766e-06
-5.133528101101703495e-06,2.278538716966423215e-06
-5.258384682993097470e-06,2.068425853293660862e-06
4.733698508265323943e-06,2.264055341012304582e-06
4.833771830525571959e-06,2.088954670278977423e-06
-2.192740232578124578e-06,-5.333870198095906550e-06
-1.926843662813028502e-06,-5.416691790722674350e-06
1.819899570911932465e-06,-5.338480544692617515e-06
1.626491694700168186e-06,-5.406685653075604245e-06
-2.799478600860927413e-08,-3.093604793349784383e-08
-4.628838810691796809e-06,2.985505453551943848e-06
4.331882955746646925e-06,2.848838074304026369e-06
-2.927952323336633041e-06,-5.038055553725469438e-06
2.364445385200944552e-06,-5.094375447456247801e-06
-5.367644909969252423e-06,1.847055855204629312e-06
-5.458809374134622819e-06,1.649464754099856385e-06
4.922243345790231838e-06,1.902125166418941848e-06
4.997436018291993223e-06,1.732389529730324250e-06
-1.619667662198678076e-06,-5.486899327755063518e-06
-1.316433055675565905e-06,-5.547851797000876062e-06
1.398887856845343811e-06,-5.467270458607217095e-06
1.166595399043444866e-06,-5.522350925008831610e-06
-1.684666543285427170e-08,1.016454767785212010e-08
3.674901611209954989e-07,7.343239379240628031e-09
2.448908294950050982e-06,4.430085181744383223e-06
2.153775429911662562e-06,4.601799771244727138e-06
-2.292608043664651436e-06,4.830262381907145139e-06
-2.552128643340879858e-06,4.685859666708276575e-06
-5.536660301639898407e-06,1.441352515667427330e-06
-5.600670417752104437e-06,1.252763482539251013e-06
5.062842449928634593e-06,1.549820147811961013e-06
5.117988239833938840e-06,1.380439667402361774e-06
-9.701061534974654317e-07,-5.591324598416778134e-06
-6.298883141381864997e-07,-5.623628684234099693e-06
5.963966146564648471e-07,-5.603708578475893404e-06
8.879803775744118783e-07,-5.566592183418550647e-06
3.436510279371118869e-07,1.554804728853977477e-08
-4.035078957969953945e-08,-3.966301131864422203e-09
1.839879118444090069e-06,4.756764122987803903e-06
1.557040043742918167e-06,4.885099725600000649e-06
-1.808539999689708082e-06,5.045420293199332934e-06
-2.032487507844845187e-06,4.951149862221186293e-06
-5.653408519928252434e-06,1.051432154231101046e-06
-5.695470958712765347e-06,8.641021258149237224e-07
5.202417071987416095e-06,1.019037972764011648e-06
5.164418500641957625e-06,1.195266281380187341e-06
1.261867249748585732e-06,4.996906972835466557e-06
9.987333249406932294e-07,5.085910126233087769e-06
-1.381949036792502932e-06,5.182706080041611744e-06
-1.581680533173106681e-06,5.123109497820991087e-06
-5.727176760088648313e-06,6.590173273724249544e-07
-5.749721367499028919e-06,4.617841767595532944e-07
5.231590322633598710e-06,8.223619101347625779e-07
5.252777078740606637e-06,6.303760038309665492e-07
2.775330855154414254e-06,4.228866967648905586e-06
-2.864610743979861023e-06,4.502733047376305632e-06
7.281250799370010668e-07,5.159819117752361686e-06
4.885418240182458887e-07,5.215170400162823285e-06
-9.872263792547001871e-07,5.264817408856731069e-06
-1.175137453352843643e-06,5.230216680689543124e-06
-5.760932618718876576e-06,2.394384478322103041e-07
-5.762478100653679106e-06,1.895681422297419964e-08
5.263449714089533077e-06,4.118509318697063923e-07
5.265063874395760715e-06,1.941560348339995711e-07
-1.207992224114701066e-08,-2.807933115194465697e-08
-9.039567200740994574e-09,-3.901976883517627948e-08
3.357553512845617846e-07,-3.973980307172348483e-08
3.197837534184853401e-07,-3.851778679511475674e-08
1.460766755483889897e-08,5.731611919464051165e-08
5.239122470895691640e-08,7.398437014260896982e-08
2.440120495163676369e-07,5.257562850324062086e-06
2.750261778089659671e-08,5.285475718878332353e-06
-5.987044703013483787e-07,5.303738065984796132e-06
-7.868261971891950599e-07,5.289496417743308631e-06
-5.749223076716611269e-06,-2.356644945296652170e-07
-5.723554000825160578e-06,-4.933609983911482601e-07
5.252546247031600945e-06,-5.725397293774240904e-08
5.228274094476538015e-06,-3.108271283529467135e-07
5.123529475728752031e-06,-9.054105144810636447e-07
5.183897736567324752e-06,-6.059841047844197840e-07
-5.676492054586185726e-06,-7.951019283797613176e-07
-5.612010125124610406e-06,-1.103612785801946665e-06
-1.941481021003424332e-07,5.302485902106773109e-06
-3.925137383518926573e-07,5.308099442558937069e-06
5.036836314821863376e-06,-1.260830623110860603e-06
-5.518943162003530732e-06,-1.475439691608920312e-06
-5.601602218167483651e-09,-1.655327409819919050e-08
-2.576699580636575736e-08,-5.506510097694790521e-08
3.640915227365154122e-07,-5.188292251503301391e-08
3.385506557082804978e-07,-1.590188678206023198e-08
2.426507223815083949e-07,-5.366963606446371052e-06
3.800669130789535424e-07,-5.738682796518006874e-06
-3.935149017535769155e-07,-5.759222806284221685e-06
-2.477278398320067993e-07,-5.365636009945290884e-06
-5.578641094895085585e-06,-1.773570926560367183e-06
-5.225772551042211110e-06,-1.471839344168591564e-06
4.755474319814412176e-06,-1.258541172642970384e-06
5.097238938949470240e-06,-1.543709886301507526e-06
5.853852857799003835e-09,6.576668106623633877e-08
4.170125132835751299e-09,2.498458648246739466e-08
7.328956642581916292e-08,3.968127570645298813e-08
1.004993893163316146e-07,1.152811384652503521e-07
-6.399721271691568403e-10,-5.769781785150986697e-06
2.978705364214189473e-07,-1.886081987579654616e-08
3.126428307528287167e-07,-5.744337347461043742e-08
-1.817087644495447508e-08,-2.792300727727420725e-08
-8.363983238987781007e-09,-1.405526953067843883e-08
-1.125314423982373169e-08,2.260825319896455315e-10
3.560230641130845415e-07,-6.256190299322681535e-10
-1.342147280833281570e-08,-1.471959767653236946e-08
-2.954615273004789100e-08,-3.127522382389535101e-08
2.848250077790582720e-07,-7.490612870388560701e-08
2.424521956251953612e-07,-5.363004663685668930e-08
2.420300461378491714e-07,-9.309317141284243916e-08
-2.103005995670760640e-08,2.177133835134845464e-08
-1.068881369069935900e-08,8.415182084078726737e-09
3.666123715993361050e-07,6.058618241407193794e-09
3.706751765698909191e-07,1.606234891567505164e-08
3.380055486043267115e-07,5.831808906687594290e-08
2.928381809667354143e-07,1.685125268719995174e-08
-1.659366181640592733e-08,2.329606741744154304e-09
-5.911600081287391978e-08,1.116721027838156111e-08
2.598840954101235064e-07,-2.603452582562424443e-08
2.022112471145097812e-07,-3.170777649161253913e-08
-5.227704640224415281e-06,-2.345713824157587946e-06
-5.061362317262933361e-06,-1.970636429099297394e-06
-5.439685071343746657e-06,-2.166891878152058858e-06
4.761224377400415407e-06,-2.100774845572491341e-06
4.968993606256237716e-06,-1.923629804335283809e-06
4.598528791015255950e-06,-1.727276851906149022e-06
2.511569354420796038e-06,-5.124094687157747699e-06
2.383271417670479607e-06,-4.947629049145755409e-06
-2.956463364751442386e-06,-4.860185117879599433e-06
-3.111104440880376152e-06,-5.077976102141230298e-06
4.337011933074119750e-06,3.054714951457126187e-06
4.134265695197241074e-06,2.835696012489069360e-06
-4.388458856361346197e-06,2.968611228876381698e-06
-4.630847197314569179e-06,3.232917703430535359e-06
-3.164059085252678439e-06,4.501547346131941078e-06
-2.843902184358927541e-06,4.215881136483273716e-06
2.755942965797343085e-06,3.939419295117005039e-06
3.068326656004556236e-06,4.222214941466958130e-06
-5.314380220156579258e-06,-2.617118025101986533e-06
-4.958447990444846088e-06,-2.433369082463579586e-06
4.486595449227808944e-06,-2.187886017012440204e-06
4.852449169704264135e-06,-2.381439412849921759e-06
1.918130032211805877e-07,-1.149068795551729047e-07
-3.607117232905765776e-06,3.973758945404920302e-06
-3.258673128102583486e-06,3.910769703514059002e-06
-3.502811725466673882e-06,4.263900645026557516e-06
3.470628061785180805e-06,3.711305408909998065e-06
3.380667531858598911e-06,3.983496242547170349e-06
3.149729113255036260e-06,3.653672347342580374e-06
3.512398643412504496e-06,3.408298648907017080e-06
3.727465732109786575e-06,3.717986411135544925e-06
-3.895035410166996247e-06,3.985679172514067743e-06
-3.656833573344074101e-06,3.640316316713644746e-06
-1.061851852398875826e-07,-4.744014996931507753e-07
-5.133509113055188650e-08,-2.353787905335704177e-07
-8.928271311387657585e-08,3.023957342887744342e-07
-2.238174203446114039e-08,1.361564170760465608e-07
5.525807987195103621e-07,2.493615732228311207e-07
4.144625562253699250e-07,1.197068449639610722e-07
5.543228414204847167e-07,-2.025279305846550517e-07
4.170213796063057973e-07,-1.054632101993685306e-07
-3.427076814995596322e-07,2.523030944464159197e-08
-1.377061932320346052e-07,3.543097052145654921e-08
-1.354030279943267658e-07,4.565400353986170717e-08
-2.865845560221947769e-07,1.560402059829621101e-07
1.604020065936088996e-07,-2.506738702754643426e-07
2.017776880172027645e-07,-4.778463907662073046e-07
4.600465670485330632e-07,2.067166200854195624e-08
6.245982860576665829e-07,8.485990007302233790e-09
2.724079122363535704e-07,2.219764385355631591e-07
3.508909735758500783e-07,3.966160476144880135e-07
-8.732874114621983096e-08,-1.171625888187931229e-07
-2.569441577636101164e-07,-2.346471752220478305e-07
-4.290278473760846762e-09,1.626633297608452615e-08
2.208729865598537561e-07,3.911752408226044551e-08
-2.753271235948776338e-06,3.182061338263643806e-06
-3.025985541822664952e-06,3.575091204124282755e-06
-4.215626333974712625e-06,-1.715461106792301356e-06
-4.694095951021329040e-06,-1.851222668000633600e-06
2.819445462698116204e-07,-4.547181589391198227e-06
2.571858396873676958e-07,-5.010498260138944500e-06
3.997433610823740171e-06,-9.718705013831263404e-07
4.420473977908057658e-06,-1.126284085066762389e-06
2.262977895020367482e-06,3.283304337381772501e-06
2.525833070047711591e-06,3.632831101903097029e-06
4.256320870202508550e-06,-1.608288816014166206e-06
3.831258262683301120e-06,-1.476061389988959835e-06
-2.594320389465340884e-06,3.897892217202317651e-06
-2.291794500038793872e-06,3.520667747052668528e-06
-2.581500053042756061e-07,-5.005314721977316459e-06
-2.727674701799087467e-07,-4.544880106657799789e-06
-4.869024052361151867e-06,-1.325859917196547277e-06
-4.401051474026535887e-06,-1.148483436997751814e-06
2.931993361095632562e-06,3.340445430684222703e-06
2.683445094885755378e-06,2.978951815244226700e-06
1.794152335962865543e-09,2.173612552263231224e-08
1.496199404958096039e-07,4.273799524880574103e-08
-2.088157210461212374e-07,5.330307844369985789e-07
-2.622469549026996060e-07,3.263234696166417959e-07
-4.796980534298227055e-07,3.342769099762954262e-07
-1.530655064633769809e-07,-7.835511687185430257e-07
4.546680581592085152e-08,-6.242310834561535891e-07
2.380926346841261270e-07,-7.846017679717217313e-07
7.607470626083190674e-07,-3.169283907504264071e-07
6.934302808974820636e-07,-1.335619962202394194e-07
8.554274147064841553e-07,-3.021448187331391087e-08
7.237041222354286509e-07,4.303268401661362891e-07
5.209091902289049865e-07,4.192914588250083297e-07
4.674111668553575563e-07,6.163716509020005246e-07
-6.304515605013401452e-07,-1.912300445036675948e-08
-4.294128594298826408e-07,-1.484019941220003647e-07
-5.143007825568680178e-07,-3.736295317945847041e-07
3.144172479762633330e-07,1.379392489971888351e-07
2.281904329453297833e-07,1.230337696120283653e-07
-5.386165939681826974e-08,6.844435382983887723e-08
-1.777255749153237760e-09,6.188748869612893254e-08
-1.067091635141882224e-08,1.004670896300147227e-08
-2.657828404687145094e-08,2.015556509690233165e-08
3.717245138627248764e-07,1.446475220137170657e-08
3.632831349733626117e-07,7.806179162053383644e-09
-4.146375516708777194e-06,-3.922777806500000280e-06
-4.297794005384730751e-06,-3.725077269918672183e-06
-4.322990489612792405e-06,-3.908109871247542654e-06
3.533107669810924646e-06,-3.898646611308896850e-06
3.741207591265125519e-06,-3.877293173502945117e-06
3.710538130033954928e-06,-3.657645890889526214e-06
-3.999722560927369469e-06,-4.091869812126553418e-06
-4.001893975142581503e-06,-4.256509020777877718e-06
-3.837535961639606017e-06,-4.251804428799163798e-06
3.365638452384915227e-06,-4.104039245856799200e-06
3.187527526281478453e-06,-4.295453152103237320e-06
3.370604821072214202e-06,-4.295511652264636934e-06
3.877510029891783812e-06,-3.407251499814529651e-06
4.103752892867309433e-06,-3.356806060324337546e-06
4.045817677900569603e-06,-3.115868731032833396e-06
-4.438437642020236147e-06,-3.517965660528429102e-06
-4.579966017294612518e-06,-3.272130072049606705e-06
-4.630598951915373557e-06,-3.477334734994349067e-06
-5.086303271043893900e-08,2.679438078309833488e-08
-3.874319341141313734e-08,4.259268530389678524e-08
3.900457517952633200e-07,1.743776521265773774e-08
3.830418170596653657e-07,3.174500776802304697e-08
-3.680918325132436216e-06,-4.392838048193040986e-06
-3.665053598751963122e-06,-4.546009738784284466e-06
-3.507226252293261867e-06,-4.526238917751860748e-06
3.024357250057584199e-06,-4.459377651713547710e-06
2.854191352745932469e-06,-4.608777187873371616e-06
3.011659706577855672e-06,-4.622772280306728683e-06
4.204263669469906724e-06,-2.821484816705454762e-06
4.429855436013280052e-06,-2.769239172835740623e-06
4.347175283194981779e-06,-2.518300612727374496e-06
-4.714358492463407397e-06,-3.016437654730252558e-06
-4.837242806091945946e-06,-2.743304682325682790e-06
-4.915298335354217078e-06,-2.970669527438690105e-06
-3.333566434804316381e-06,-4.646932921505990188e-06
-3.316288929299740275e-06,-4.789898911676431668e-06
-3.155041682923144020e-06,-4.755345743600896652e-06
2.695332577222799060e-06,-4.737421551982440998e-06
2.542770787264291267e-06,-4.847049088920195957e-06
2.683499250696764479e-06,-4.871678283278182114e-06
3.752600804320843617e-06,3.208680475761961497e-06
3.946631185046137442e-06,3.027630332473735733e-06
3.953151602321450796e-06,3.228203114503216274e-06
-3.931997983915376429e-06,3.410988979047825996e-06
-4.166513314197555673e-06,3.433735782755628603e-06
-4.161235611237329074e-06,3.198089973872550106e-06
3.561659093072665557e-06,-8.197368548140167974e-07
3.696568268570813793e-06,-1.150822308714474924e-06
3.393276681569402850e-06,-1.334153984495087599e-06
-2.461077121188835776e-06,2.773970036555282376e-06
-2.373332472144998334e-06,3.150846434353101416e-06
-1.983644166821082681e-06,3.122730271586694818e-06
3.001471479279837518e-07,-4.056939357127765186e-06
6.965601253693949149e-09,-4.303051004173032814e-06
-2.811566734644905403e-07,-4.055610204586380511e-06
-3.710638568466069959e-06,-1.563069684125992179e-06
-4.059600669766362218e-06,-1.349971705300499498e-06
-3.903887782743794825e-06,-9.701712303116480643e-07
1.997442334026484358e-06,2.921495988337043045e-06
2.342365479560911188e-06,2.949408995654383137e-06
2.424351724797487271e-06,2.611969438416419219e-06
2.843304263017531738e-06,-4.914667241094597274e-06
2.685123042502463619e-06,-5.017977729464875464e-06
-3.490905009907957238e-06,-4.839301919736242158e-06
-3.316466556359982383e-06,-4.953357165529128167e-06
3.971785021678124846e-06,3.478439012380594430e-06
4.150755330365928066e-06,3.277925787976651476e-06
-4.183051582936677555e-06,3.722320206830665890e-06
-4.400190812662432225e-06,3.493927989775222246e-06
2.833311715379147066e-06,3.630421775159641471e-06
-2.921750683034856739e-06,3.889401916977700639e-06
-5.006808979497837401e-06,-3.198284452648658968e-06
-5.151359183290175051e-06,-2.937762305502163496e-06
4.532812636127440900e-06,-3.025599057342175219e-06
4.687315573501474477e-06,-2.729686014960789234e-06
3.201570781329737401e-06,-4.645647393889401017e-06
3.021006881696589982e-06,-4.784186386977168793e-06
-3.847327143635824739e-06,-4.570619058746936747e-06
-3.673489939715337209e-06,-4.704530337163537345e-06
1.595930968381281388e-07,1.276732099187758950e-07
1.940964177918942493e-07,8.187676205103800609e-08
1.719697250676676050e-09,4.051460872485712994e-08
1.166085819730636785e-08,6.657052559199333040e-08
-4.680585421633756906e-06,-3.691293471048078284e-06
-4.839943840702688183e-06,-3.457767156182557231e-06
4.163110437563590799e-06,-3.610784093450962050e-06
4.346645997402946185e-06,-3.330394586854676538e-06
3.580170652138901008e-06,-4.302478220702900205e-06
3.388248452320225906e-06,-4.480998131802272398e-06
-4.185228167460268781e-06,-4.265321806170149610e-06
-4.017352824845943489e-06,-4.420494019357762021e-06
-2.157264333348016381e-06,2.361671212601187087e-06
-1.848995687468872042e-06,1.955119293248794464e-06
-1.764022308290292588e-06,2.332248848887846429e-06
-1.676050162276663389e-06,2.713159370396440981e-06
-1.375328044521080765e-06,2.301217536209035626e-06
2.257851602998790334e-06,-3.998350372661557070e-07
1.853412075376750495e-06,-2.811993867201788574e-07
1.977198431909215564e-06,-5.719730814035317489e-07
2.100292499189648594e-06,-8.804292570635527839e-07
1.706365254888169356e-06,-7.293678664042024949e-07
1.734215194225249047e-06,2.554618402160589944e-06
1.478144680683115511e-06,2.189451046389539061e-06
1.816169147564230318e-06,2.218757584812694358e-06
2.159744998341131733e-06,2.246043812176972153e-06
1.894476741830675938e-06,1.887561075408019454e-06
-1.920595939666281429e-07,-1.154725226826575366e-06
-2.239570731830723792e-07,-1.577208059565840905e-06
3.541775887355501346e-08,-1.362739610371257929e-06
-9.884483555774798544e-07,-9.475878632329613052e-08
-1.403983008711670103e-06,-1.973326164199346303e-07
-1.115675476947168278e-06,-3.773738460292465376e-07
2.675841226391790442e-07,-1.155830978811967208e-06
2.901022290979462011e-07,-1.578468402418130137e-06
-8.467464159312007060e-07,-5.283553149185594760e-07
-1.241536476897029345e-06,-6.948865831933841235e-07
2.518674315479431047e-06,-1.033482756122969337e-06
-9.660525032167594621e-07,8.635769051444377031e-07
-1.246600585506374888e-06,1.196846000204069211e-06
-2.784130760383073867e-07,-3.036719434592076939e-06
-2.670593631520588014e-07,-2.529730912500806544e-06
1.478883343987283996e-06,-1.780897859813085966e-07
7.995901183832850355e-07,1.169524465862637733e-06
1.006240928558407126e-06,1.490471223573812380e-06
-2.869601717413676282e-06,-6.254238551475920030e-07
-2.357123313226297161e-06,-4.667727553669833555e-07
2.601222929632118393e-08,-2.283346099400827272e-06
-2.489320639834314689e-07,-2.039412526904202827e-06
6.184917005201606572e-07,8.760580832639266308e-07
-1.543168704604058030e-06,1.563755034477669732e-06
1.312390094378346097e-06,1.519440242924872823e-06
1.233945134440399944e-06,1.832576411663070011e-06
-2.016459633404069111e-06,-6.756981036147651275e-07
-1.864403587701280687e-06,-3.227081406896138710e-07
-7.082273044992632392e-07,5.730552386128433805e-07
-3.389334075761300866e-06,-7.945698145669251478e-07
-1.173296869799193614e-06,1.539080867508370285e-06
2.952637376149952319e-06,-1.185669136285054107e-06
1.143221364817946802e-06,-9.344289863797377987e-08
-2.830754003995174432e-07,-3.549086016140652917e-06
3.056689662570965932e-07,-2.040710972741691899e-06
-1.686079173194255980e-06,-8.691879233325441815e-07
1.633342410352987846e-06,1.542981083370158243e-06
9.217461743738173414e-07,6.562405283965795701e-07
3.143742183216811731e-07,-2.531028627780086185e-06
-3.751043414569769100e-07,8.170462178695493221e-07
-2.167789982728987152e-06,-1.047201458578090353e-06
-3.192568078053870206e-06,-1.398171597204135366e-06
-1.088183138284618365e-06,1.896319999339932506e-06
3.115517770683105018e-07,-3.550332220054732842e-06
1.381078052405563402e-06,1.218708391082863247e-06
3.120814881481998939e-06,-6.719834930237429996e-07
1.027610657598824265e-06,-4.447346648304638351e-07
-6.550679331310514768e-07,8.460316935253558932e-07
8.685127900983764667e-07,9.029288263655158155e-07
3.163079281317713334e-07,-3.038001085266798846e-06
-2.674120400983792599e-06,-1.224875260257064287e-06
1.142351943079423860e-06,9.210578498923386712e-07
-8.213399093516055027e-07,1.507832642255979522e-06
2.683281960392779335e-06,-5.310688392720869150e-07
2.818062160766968134e-06,-8.553021137984386978e-07
1.345815271780113653e-06,-5.831740784747893596e-07
-3.031117549324419233e-06,-1.010673563396558212e-06
-5.814537414917051405e-07,1.145020401302924225e-06
1.658994058809240347e-08,-3.293557726069381603e-06
1.245094887794800376e-06,-3.236358916827785700e-07
-4.351063936057538296e-06,-4.090722708616783414e-06
-4.514228983174729888e-06,-3.902133408953768776e-06
3.774603958580979470e-06,-4.094973134417110284e-06
3.967590980702912649e-06,-3.866738710732280093e-06
1.076599435310344065e-07,-3.649847568470062100e-08
4.131346938469836321e-07,-3.067761297862449909e-08
-8.155628366983889578e-08,-2.863902407021208989e-08
4.479058857563272003e-06,-1.426758049410620624e-06
-4.932236629371445726e-06,-1.652205306304020257e-06
7.061047173001145080e-08,-2.143991718117052920e-07
-9.664034053617000900e-09,-1.304263629100978810e-07
1.471663333402112591e-07,-1.492619013198798369e-07
-3.101723101345308736e-10,-5.159301380210043226e-06
1.333182971851586975e-07,-9.547232081761277219e-08
4.969239300312734035e-08,-5.958659112857992048e-08
