Size 955,2
0.000000000000000000e+00,0.000000000000000000e+00
0.000000000000000000e+00,0.000000000000000000e+00
1.572207936083797987e-09,-8.041781629666348944e-07
-4.645690337838978838e-09,-2.800422205228024112e-07
1.586242650290638378e-08,-1.237731274340162677e-08
8.621847761608993170e-09,-1.101789645709507789e-08
-1.116236707808431506e-08,-8.368830958589541593e-07
3.439853563694679237e-07,-2.035539160085532168e-07
5.244885995313344407e-09,-2.072347331712418221e-09
-6.969074389138545696e-10,-1.059138961289523542e-09
3.584457830259083946e-07,-2.004755503228201481e-07
-1.180635693704812551e-07,-3.009853939678821697e-07
5.401132108553921644e-09,-1.012834872616657167e-08
-3.076562950743047744e-09,-1.067349532389580173e-08
-1.593525450707338700e-07,-2.600919257007902107e-07
1.584475684511591937e-07,-2.563083153059208505e-07
4.286427977448640552e-09,-1.197072694954563997e-09
-1.122118497934098621e-09,-1.566008288019286333e-09
1.172302379391952383e-07,-2.973471117453198558e-07
-3.639944791635109364e-07,-2.033455196282758381e-07
-3.822711299991396832e-09,-1.143321524221668422e-08
-1.095572002247207597e-08,-1.234896109181649320e-08
-3.497393371169035541e-07,-2.060106670442430858e-07
1.430453125556389640e-08,-8.367845712405229634e-07
6.895726363542752987e-09,0.000000000000000000e+00
6.522075827271665638e-09,0.000000000000000000e+00
3.687563661671998991e-09,0.000000000000000000e+00
2.663540128960630651e-09,0.000000000000000000e+00
3.220179221769823829e-09,0.000000000000000000e+00
0.000000000000000000e+00,0.000000000000000000e+00
0.000000000000000000e+00,0.000000000000000000e+00
0.000000000000000000e+00,0.000000000000000000e+00
0.000000000000000000e+00,0.000000000000000000e+00
0.000000000000000000e+00,0.000000000000000000e+00
-1.838946480729330045e-08,-8.031153131566502195e-07
-4.155936668489106754e-08,-8.028211275372467903e-07
-6.673513042349892757e-08,-8.055806059340696214e-07
-9.044161616154197473e-08,-8.106583993348510733e-07
-1.110104721891026112e-07,-8.174481961646240544e-07
-1.269180477920233028e-07,-8.251355472435625594e-07
-1.369543660040746264e-07,-8.326615336988367991e-07
-1.402311372691072121e-07,-8.389754846752139440e-07
-1.362490966075627790e-07,-8.427942281363556047e-07
-1.248754578619476903e-07,-8.431354956611149672e-07
-1.061431556819429231e-07,-8.387605771090437954e-07
-7.989567440255517248e-08,-8.286672983042047498e-07
-4.507165364492593628e-08,-8.133216460994010848e-07
-4.489202727840714627e-09,-7.903399617690991258e-07
4.345340031608290469e-08,-7.567949421490168879e-07
9.343269792897089079e-08,-7.155203344295605150e-07
1.462207825949622944e-07,-6.648268064819811352e-07
1.971530129227167530e-07,-6.073387197082840233e-07
2.450793641686782906e-07,-5.441636645196857624e-07
2.881010008953033632e-07,-4.777770324724472518e-07
3.240993441511337592e-07,-4.107265179904837380e-07
3.513403567920633569e-07,-3.461611892681734858e-07
3.679305558622791049e-07,-2.878980119790735932e-07
3.728175611229534160e-07,-2.404945411213140834e-07
3.644206566114087903e-07,-2.112789136886866204e-07
3.488240873593322595e-07,-2.001928773094449073e-07
3.267863837513332443e-07,-2.099190515894958503e-07
3.024594028327018094e-07,-2.420531050763522520e-07
2.811399823618873911e-07,-2.930607272149914627e-07
2.648866818274597785e-07,-3.557836684695955869e-07
2.548010633690260202e-07,-4.252537317692998943e-07
2.513512503782422637e-07,-4.966963350280160255e-07
2.542433958239929752e-07,-5.657571429448313852e-07
2.625771221217908988e-07,-6.286361200622455432e-07
2.749539855559024956e-07,-6.822037097944975438e-07
2.896722966596456382e-07,-7.240432308952310088e-07
3.046927852078999505e-07,-7.525400643797228135e-07
3.181317358012720959e-07,-7.668406853263255836e-07
3.278511694031152811e-07,-7.668755097459174460e-07
3.323645805509137068e-07,-7.532898080882251874e-07
3.299647860832859653e-07,-7.270451389121768027e-07
3.195448125552692192e-07,-6.890054124620681527e-07
3.022866681274465085e-07,-6.392001347061280794e-07
2.750246183028810950e-07,-5.823754849182849691e-07
2.359696274995881435e-07,-5.179499426915931408e-07
1.882407452177546471e-07,-4.533160007680326534e-07
1.328681932948323771e-07,-3.898408917729257749e-07
7.202283830500600660e-08,-3.323391532189057338e-07
1.134888886245283161e-08,-2.854940152265879343e-07
-4.791502853344465923e-08,-2.504954538006020384e-07
-9.377369559185545269e-08,-2.320724072194695545e-07
-1.302682352240488613e-07,-2.207238208181655819e-07
-1.542963155827364052e-07,-2.186119714344823207e-07
-1.693435221864806005e-07,-2.214644382701703743e-07
-1.739818107679145392e-07,-2.263717160552822265e-07
-1.712877756250845560e-07,-2.333936785395586394e-07
-1.627521691930442926e-07,-2.415587588496119987e-07
-1.492985306342488028e-07,-2.499876428023936756e-07
-1.316296743250038453e-07,-2.581473257823209037e-07
-1.104639621914393162e-07,-2.654634805915103382e-07
-8.650286864478718296e-08,-2.715788715535263246e-07
-6.043315608250805598e-08,-2.761682872393207391e-07
-3.292744008700925154e-08,-2.790345930398114116e-07
2.375439055646498897e-08,-2.791433507402890340e-07
5.161098931608309395e-08,-2.763618528397141748e-07
7.824903453251425387e-08,-2.718023946395298738e-07
1.029686957062690077e-07,-2.656385586629229232e-07
1.250450251430517983e-07,-2.581749039451552948e-07
1.437290892257735431e-07,-2.497605653668672998e-07
1.582489062829992461e-07,-2.409672345576286741e-07
1.678437312981843512e-07,-2.323388719819870890e-07
1.715268389567428178e-07,-2.247747036697473970e-07
1.677347828166759113e-07,-2.192804743276817773e-07
1.532664064900321258e-07,-2.158128009005451180e-07
1.295287347126845313e-07,-2.173654378740155903e-07
9.294648538069481863e-08,-2.284257205169348905e-07
4.687876176624763553e-08,-2.467339473380732533e-07
-1.275391916428701668e-08,-2.818061166684863954e-07
-7.385584610640819001e-08,-3.288541586586524279e-07
-1.352009240385772253e-07,-3.867137627046121803e-07
-1.910670164451448293e-07,-4.506401815930740322e-07
-2.392839745359933157e-07,-5.158095047386662637e-07
-2.787851252974573988e-07,-5.808203517555138282e-07
-3.064434167186832492e-07,-6.382522340867362186e-07
-3.240379274691285422e-07,-6.886716905773153970e-07
-3.347442649742770964e-07,-7.273080515805383726e-07
-3.373730831142633379e-07,-7.541227628574292106e-07
-3.330327103710158316e-07,-7.682416685216179946e-07
-3.234350262327278071e-07,-7.686931867483777489e-07
-3.100706314363822514e-07,-7.548233889461140836e-07
-2.950848366415680981e-07,-7.266952435251609216e-07
-2.803678152902212051e-07,-6.851579634018419574e-07
-2.679668232836080181e-07,-6.318235130650525412e-07
-2.595907465090488184e-07,-5.691076834791890950e-07
-2.566452526094076416e-07,-5.001401337553141913e-07
-2.600376624187103362e-07,-4.287218773734817838e-07
-2.700677324241511799e-07,-3.592084950192905849e-07
-2.862738962205298251e-07,-2.963756342340484934e-07
-3.075596309183658968e-07,-2.451919759506838973e-07
-3.318745326364132239e-07,-2.128227062238195276e-07
-3.539188794282052166e-07,-2.028080881633050672e-07
-3.695092592718655907e-07,-2.135224460468635017e-07
-3.779407578647941706e-07,-2.422013079834982282e-07
-3.732364665267660485e-07,-2.888977796379989698e-07
-3.569401019455326231e-07,-3.463982328605606694e-07
-3.300834829727793094e-07,-4.101952764200783901e-07
-2.945320431333513917e-07,-4.765152791166015053e-07
-2.519892500194144197e-07,-5.422456880043440120e-07
-2.045388705520241907e-07,-6.048738430928818280e-07
-1.540603378454947315e-07,-6.619732952304844205e-07
-1.016626249356182877e-07,-7.124253254049715504e-07
-5.190779769490519016e-08,-7.536636837631621333e-07
-4.067601160499367791e-09,-7.873053593018891333e-07
3.664684120766759324e-08,-8.105774488710984802e-07
7.178538290245836279e-08,-8.263216526027978931e-07
9.857766632871251325e-08,-8.368650363539132299e-07
1.180476224887005339e-07,-8.417418682969689757e-07
1.303323727951328875e-07,-8.419226765881070757e-07
1.353802893491149009e-07,-8.386111192762321605e-07
1.332976034591170263e-07,-8.327585565148446281e-07
1.245435129540616316e-07,-8.256141672069007352e-07
1.099519972758145011e-07,-8.181989756623637193e-07
9.066469007709550818e-08,-8.115475480448650955e-07
6.812341339199922129e-08,-8.064572649278477366e-07
4.390392202193946578e-08,-8.035293260183061683e-07
2.133347569122374368e-08,-8.034977581270775292e-07
1.179639250410259210e-08,-9.581210532096934624e-09
1.323598980859572535e-08,-2.468596664171681877e-08
2.426000951156544567e-08,-3.859115483223777716e-08
4.140457985866185000e-08,-5.335344851165341351e-08
6.189943850320941421e-08,-6.805413116057603988e-08
8.595172068670427896e-08,-8.309737664657328985e-08
1.118381651426945336e-07,-9.771839655443265090e-08
1.391637380477212709e-07,-1.121014383173573642e-07
1.669736706461763065e-07,-1.257821374693045617e-07
1.944507618509383302e-07,-1.387638486053210733e-07
2.213007047589339925e-07,-1.508392120356596566e-07
2.463920037284048560e-07,-1.618669004337246871e-07
2.699808324873744331e-07,-1.718614531078741539e-07
2.907330648103996795e-07,-1.805705314385709511e-07
3.093266540052459562e-07,-1.881817979046471642e-07
3.243414933609230358e-07,-1.944374633103697808e-07
3.371938804316617110e-07,-1.998684111909721099e-07
3.452931519963618768e-07,-2.024815929524190943e-07
3.169420035863517197e-07,-2.295548654500199822e-07
2.849524771833060885e-07,-2.717507016632345632e-07
2.480376333195349533e-07,-3.259550083596276226e-07
2.065800935311359345e-07,-3.873255456869610322e-07
1.616621204680381074e-07,-4.519102575896642169e-07
1.142741069974185206e-07,-5.165871394673181290e-07
6.690090898130303024e-08,-5.783273315517736440e-07
2.063196148301560142e-08,-6.363772174046714739e-07
-2.117858136237789956e-08,-6.867795249516743189e-07
-5.902476860058172286e-08,-7.312106418288787450e-07
-8.863013367093015166e-08,-7.660971909522093810e-07
-1.127832085869079495e-07,-7.951223601315036915e-07
-1.287098147641367504e-07,-8.140347829782347772e-07
-1.381016841644174528e-07,-8.279115755252637677e-07
-1.403304315315442383e-07,-8.373394054983216768e-07
-1.355259864322712946e-07,-8.428388277357098706e-07
-1.242028475532418903e-07,-8.453537002027545521e-07
-1.072455701686548426e-07,-8.455902402494859980e-07
-8.590405273333534699e-08,-8.443530592352329006e-07
-6.172362459507798431e-08,-8.422191316463268010e-07
-3.658898440168255743e-08,-8.396344679542924775e-07
-2.865076851249407950e-09,-8.458719458868377829e-07
5.915249115986445251e-09,-8.471817294872975434e-07
1.477752087883521540e-08,-8.358668638282776086e-07
2.350161295391485309e-08,-8.160267437850550431e-07
3.194862023270967126e-08,-7.839072465501813027e-07
3.977396553921139506e-08,-7.438940387834877509e-07
4.697022136920953593e-08,-6.931158302293766441e-07
5.306087151566619021e-08,-6.358754534977467586e-07
5.816995443591702537e-08,-5.705628007017843075e-07
6.168955938294344347e-08,-5.010218252085706650e-07
6.387513683136018900e-08,-4.272797786173808091e-07
6.398736163443959065e-08,-3.523453736254535745e-07
6.241308998765408451e-08,-2.782595859835076186e-07
5.828161267355550498e-08,-2.068195846538447909e-07
5.211122000277088950e-08,-1.424559684789806989e-07
4.289845696661883668e-08,-8.537792295829103611e-08
3.127934407690700050e-08,-4.280279099929371257e-08
2.391323498660366779e-09,-1.262511327514276502e-09
-1.620253200954348641e-08,-1.049249853025303804e-08
-3.377144086730183663e-08,-2.720819315604178249e-08
-5.529064940682520553e-08,-5.217562001233772453e-08
-7.750466175918458542e-08,-8.189646389326309854e-08
-1.005961438692381928e-07,-1.153135498539022004e-07
-1.226808955142147778e-07,-1.504481094503421890e-07
-1.432064072061184129e-07,-1.854332329629043393e-07
-1.614143746505970058e-07,-2.196669409548057120e-07
-1.761824131363310364e-07,-2.506777514761880129e-07
-1.877033601887228902e-07,-2.789916713321011430e-07
-1.944642624841829165e-07,-3.017806346636080320e-07
-1.974295173933031888e-07,-3.204520949135642750e-07
-1.948756409803484904e-07,-3.320666080004894384e-07
-1.883711121688873276e-07,-3.386750359249789322e-07
-1.761189124541294508e-07,-3.374851920266055323e-07
-1.598914173385179245e-07,-3.307255180576921468e-07
-1.392794381897394697e-07,-3.162816156795824803e-07
-7.450809627045337037e-08,-3.534417515918251159e-07
-2.368459924241755177e-08,-4.091007959350609547e-07
3.240197603398591342e-08,-4.706853589311408679e-07
8.967277739509298282e-08,-5.330782432591285399e-07
1.434616522031307292e-07,-5.931553107782368050e-07
1.934260413456066388e-07,-6.486976673186833742e-07
2.348216684882827006e-07,-6.940787575713754675e-07
2.709759429809287445e-07,-7.311301863085375704e-07
2.956302356138608305e-07,-7.549115777185572443e-07
3.145976492717547117e-07,-7.669184789098352777e-07
3.285364317475540359e-07,-7.653856023048295628e-07
3.380235970157537313e-07,-7.496437072348133437e-07
3.443667343500223005e-07,-7.197716648664679000e-07
3.485534275953757246e-07,-6.766047569730751599e-07
3.517788879256465813e-07,-6.218263805176971152e-07
3.548627144011900491e-07,-5.579041250456964953e-07
3.583249376816982145e-07,-4.880787105342454837e-07
3.621692763825398658e-07,-4.162601689700393072e-07
3.657961214891389393e-07,-3.468897115450894865e-07
3.678043540365089361e-07,-2.848492645879539873e-07
3.662777162236394039e-07,-2.352384054630483138e-07
3.474113410352161419e-07,-1.892224883392939978e-07
3.396567943827529891e-07,-1.804961398425286428e-07
3.293679198529225384e-07,-1.697929344173107555e-07
3.159891961403415615e-07,-1.582840072490943791e-07
2.989129464101556015e-07,-1.457288650975071051e-07
2.795274849725017616e-07,-1.326619283680240139e-07
2.571343042172326860e-07,-1.188309392935214182e-07
2.329584089266531029e-07,-1.048251390304018143e-07
2.067870798910816841e-07,-9.050079070272278278e-08
1.796172059590554521e-07,-7.641324273537868057e-08
1.518102531744384404e-07,-6.256296662841072423e-08
1.240239523644679116e-07,-4.943793327053293737e-08
9.730557190890641789e-08,-3.721846667715766979e-08
7.186097836268088355e-08,-2.628740361698852823e-08
4.953158421434458856e-08,-1.704840933060132306e-08
3.001778895246656251e-08,-9.780945466546927608e-09
1.602976168197567861e-08,-4.923141064927650346e-09
1.062304573304618633e-09,-9.258088687190842924e-09
-4.681001475954410836e-09,-3.144626113289302036e-08
1.202852023660132494e-09,-5.712183757454570843e-08
1.379067870068387424e-08,-8.875872125972045966e-08
3.058513430744127746e-08,-1.223340844605291159e-07
5.056533517603081134e-08,-1.576989697666996095e-07
7.247655770985332984e-08,-1.925145822393384695e-07
9.470578168163126274e-08,-2.256530319787423046e-07
1.169432378422417879e-07,-2.562626351602806789e-07
1.371899707205232793e-07,-2.825026350762854528e-07
1.559045908814190840e-07,-3.047596286765021973e-07
1.708801217824558380e-07,-3.207257884579902990e-07
1.831646505668008452e-07,-3.317802816591637765e-07
1.905235643980587918e-07,-3.353938214224876244e-07
1.944110174010055292e-07,-3.336780671719231078e-07
1.927185643043394409e-07,-3.241653759508725444e-07
1.872713443733256558e-07,-3.097389062275552638e-07
1.763820495474397925e-07,-2.868844951934841748e-07
1.689282181588129194e-07,-2.362744937041789914e-07
1.731010476457179065e-07,-2.240093418474141093e-07
1.685520287387942152e-07,-2.206153064941973948e-07
1.588484540807340982e-07,-2.202355829565225502e-07
1.442799411200773129e-07,-2.218306019244818596e-07
1.255565117258207229e-07,-2.246646936623791346e-07
1.034351012851140514e-07,-2.279208820669687694e-07
7.863903094639594368e-08,-2.310750303591750560e-07
5.189917803642253341e-08,-2.336549675028916627e-07
2.391509257071291848e-08,-2.353742350606691908e-07
-4.624196004737841757e-09,-2.360509846036662421e-07
-3.304507421741026883e-08,-2.356355125623974347e-07
-6.067791314955287618e-08,-2.341938344337126254e-07
-8.684840711127071330e-08,-2.319225966758687067e-07
-1.108853774447103044e-07,-2.291158772882930921e-07
-1.320970911448464266e-07,-2.262513589359743519e-07
-1.498084468819876581e-07,-2.238469459691778163e-07
-1.633168030202752748e-07,-2.227080031787251123e-07
-1.719694786048221386e-07,-2.235482619014189524e-07
-1.755262419092594091e-07,-2.273779220754671891e-07
-1.705383770318325893e-07,-2.399216830824827557e-07
-1.770017083734236981e-07,-2.905844944887806222e-07
-1.876209169657367758e-07,-3.133204676213332388e-07
-1.927203820530930878e-07,-3.275154150608270256e-07
-1.940331139207235306e-07,-3.367108837837658089e-07
-1.897251110094686824e-07,-3.380234351503931070e-07
-1.819383487609962534e-07,-3.339573762724548887e-07
-1.692178435309390315e-07,-3.224104895185210788e-07
-1.538215675548239746e-07,-3.059334577720041260e-07
-1.347112824514242885e-07,-2.831713856260643474e-07
-1.141067030541713555e-07,-2.564389242424073297e-07
-9.156966266783298621e-08,-2.253883268888585054e-07
-6.910124529200928137e-08,-1.918525816483410469e-07
-4.704228499395056364e-08,-1.567367657992614839e-07
-2.699773341640933999e-08,-1.211466645396773725e-07
-1.026283032055078730e-08,-8.748982926540690785e-08
2.169517708474339087e-09,-5.587109329957743258e-08
7.711315711812771192e-09,-3.038926911205859903e-08
1.581715598162453463e-09,-1.030522651735494709e-09
-1.251149181190175087e-08,-4.347792162838266829e-09
-2.728723754026074259e-08,-9.365343400386980001e-09
-4.761653455976022021e-08,-1.685077724977461226e-08
-7.076860221686222124e-08,-2.631970098696283689e-08
-9.704696895103139953e-08,-3.749310134141563409e-08
-1.245943596651350992e-07,-4.996713258622536420e-08
-1.531902195410158361e-07,-6.335033501683393849e-08
-1.817813180878340017e-07,-7.746409336209785443e-08
-2.096860134143129676e-07,-9.180898674524330450e-08
-2.365463992010120332e-07,-1.063893887137553887e-07
-2.613321137856138604e-07,-1.206353869786788263e-07
-2.842689943448071487e-07,-1.346986663248620566e-07
-3.040890075122657962e-07,-1.479723304348724350e-07
-3.215132142088696267e-07,-1.607196863486200983e-07
-3.351009747998450750e-07,-1.723852816315002837e-07
-3.454945123230946439e-07,-1.832242478166870616e-07
-3.531760506927353162e-07,-1.920447275028490889e-07
-3.717156420075067399e-07,-2.383638041189103033e-07
-3.731631236058897484e-07,-2.881552504398231636e-07
-3.710937022243272050e-07,-3.503114850525667639e-07
-3.674158426429966286e-07,-4.197312155629353180e-07
-3.635218482363802625e-07,-4.915314019429629835e-07
-3.600039787632875658e-07,-5.612693832143079461e-07
-3.568506859714685119e-07,-6.250342994874588416e-07
-3.535344922525810484e-07,-6.795852908740962058e-07
-3.492291354771379969e-07,-7.224559785713053467e-07
-3.427325009898034892e-07,-7.519657603083456697e-07
-3.330525934860517156e-07,-7.672841000775107896e-07
-3.188769736632771815e-07,-7.683390168845251539e-07
-2.996279612234978013e-07,-7.558087065052712010e-07
-2.746471714163879460e-07,-7.314710003958389830e-07
-2.381079731714647059e-07,-6.938337879199315533e-07
-1.962966672901275884e-07,-6.478577439027219730e-07
-1.458892637230787990e-07,-5.917234036713794536e-07
-9.165322577830100383e-08,-5.310719976657080168e-07
-3.396316221033665395e-08,-4.681608616671063983e-07
2.249268452222392967e-08,-4.061074863240221449e-07
7.356824022362839554e-08,-3.500903328855572962e-07
1.384054971258905932e-07,-3.127337982168610626e-07
1.590920485687312147e-07,-3.274180199850121958e-07
1.755149249750102909e-07,-3.345327762612729010e-07
1.880256886913834158e-07,-3.361275392284493379e-07
1.948568405058178321e-07,-3.299900388250056282e-07
1.977824097163558989e-07,-3.188688868441345376e-07
1.952242830297781274e-07,-3.007107963488435045e-07
1.888927737092888397e-07,-2.784264197186724287e-07
1.778034596309910181e-07,-2.505914455367450024e-07
1.634667415106020526e-07,-2.200197152976583685e-07
1.456591531909796914e-07,-1.861537737547690738e-07
1.255111216023461526e-07,-1.514654503985597112e-07
1.037396772977386529e-07,-1.165106999628913680e-07
8.091608298713997992e-08,-8.317182241382416817e-08
5.887376662076064852e-08,-5.336613643159089450e-08
3.745508560784488932e-08,-2.816931284845815547e-08
1.983934310975362577e-08,-1.104248982818577522e-08
-6.629889987736284081e-09,-9.821396223703058611e-09
-2.689295509473659542e-08,-4.277031266831768279e-08
-3.862298034001776040e-08,-8.540353355976008372e-08
-4.790350879004673977e-08,-1.424823215947655894e-07
-5.414478171191460797e-08,-2.068451058618020592e-07
-5.834705934101351430e-08,-2.782851896535606736e-07
-5.999208785626441200e-08,-3.523709932015960917e-07
-5.995063351950186085e-08,-4.273053923835537698e-07
-5.783582566815010028e-08,-5.010474389541869302e-07
-5.438698956373378067e-08,-5.705884147538575165e-07
-4.934867536871058950e-08,-6.359010672687511423e-07
-4.332879495991836908e-08,-6.931414427742790255e-07
-3.620331488508670063e-08,-7.439196612184455038e-07
-2.844871296807201619e-08,-7.839328910445726845e-07
-2.007232055903306850e-08,-8.160520927651090556e-07
-1.141970619941775055e-08,-8.358921115664498794e-07
-2.630453266399554562e-09,-8.472140468031615508e-07
6.094386217446003963e-09,-8.458900572433463796e-07
3.912924628199225485e-08,-8.392513099711625929e-07
6.335880667024605663e-08,-8.415681327636019337e-07
8.640278151015540657e-08,-8.434236289969765159e-07
1.064762367164101063e-07,-8.443589419312156823e-07
1.221186590049659063e-07,-8.437965895259860593e-07
1.321515477546318988e-07,-8.409399735499141375e-07
1.357465087001928969e-07,-8.350959169477692674e-07
1.324311242267921481e-07,-8.253398621781701311e-07
1.221031595280118439e-07,-8.111659382028784322e-07
1.053975946848369622e-07,-7.920041135751918996e-07
8.067630978707133584e-08,-7.628950966059748157e-07
5.066382009775555473e-08,-7.280101693441539298e-07
1.265335790430827342e-08,-6.837620234945306663e-07
-2.917301296082120248e-08,-6.336553936090458470e-07
-7.527022805947116748e-08,-5.760811648722454600e-07
-1.223787221919201802e-07,-5.149097434589802779e-07
-1.693815360379118831e-07,-4.509096527507049333e-07
-2.138875164785027097e-07,-3.870564927091684418e-07
-2.549255254782543764e-07,-3.264434040465321421e-07
-2.914324939381629459e-07,-2.729782927170182584e-07
-3.230415265385313085e-07,-2.314481103813058549e-07
-3.511028663278969700e-07,-2.051289336034927424e-07
-3.429886583894011415e-07,-2.026636277920056547e-07
-3.299623814792192455e-07,-1.973251007339368373e-07
-3.146727318029787687e-07,-1.911149362771510139e-07
-2.956711182690153138e-07,-1.834956981168890715e-07
-2.744324458854104532e-07,-1.747396361744382743e-07
-2.502538345474254746e-07,-1.646546426259096621e-07
-2.245146072597971276e-07,-1.535040407140008730e-07
-1.969433128127028729e-07,-1.412720165310857416e-07
-1.687070860910151435e-07,-1.281077901036565608e-07
-1.400945045597753408e-07,-1.142205461265916896e-07
-1.119488698927780535e-07,-9.961171668629439767e-08
-8.522877979210047247e-08,-8.475063899462020564e-08
-6.034538753927837839e-08,-6.945477843726404097e-08
-3.903575648568693296e-08,-5.449581134365072606e-08
-2.111049688711846158e-08,-3.946869800235505990e-08
-9.336492222706454986e-09,-2.533362764913138591e-08
6.745340886257831423e-09,-2.035398091322629078e-08
1.382530246315826907e-08,-1.487101692536875758e-08
2.134561747082963554e-09,-4.090334842856169053e-08
-1.013732889491888824e-08,-1.484148733571322699e-08
-3.363909103771503058e-09,-1.956646102524514799e-08
-1.938916227733052872e-10,-3.958245139686729659e-09
3.125838959276351745e-09,-3.694880883199019436e-09
-1.689022081624300227e-09,-5.689530386054389194e-09
6.099984661082580007e-09,-6.025305190457010699e-09
-1.833826004228716565e-08,-7.180572932872148299e-07
9.831070887123196609e-09,-7.211434086039395589e-07
8.097474105066115536e-08,-4.315650909780810896e-07
-8.290160110204251443e-08,-4.287463250308006931e-07
-1.912097171268676241e-07,-5.555553709288809133e-07
1.883553004740895795e-07,-5.573317800193168246e-07
-1.577383586840969295e-07,-3.048442018407632766e-07
1.569623386570651175e-07,-3.012162659114196775e-07
1.050868739053626229e-07,-6.208010716641520961e-07
-1.132046657950867486e-07,-6.182409089716229382e-07
-1.640670530655925007e-07,-2.295436407944533224e-07
1.627839319149815579e-07,-2.263119174015075519e-07
-3.520250913745809879e-07,-2.003677434214313486e-07
1.600701137388806055e-09,-8.471522995722277061e-07
3.462150087414182449e-07,-1.976353127467138617e-07
-1.849895044531357251e-07,-3.332034484882264620e-07
3.598026438587159647e-08,-7.058047311744622278e-08
3.272388834788049432e-07,-1.821619166412444398e-07
4.502686417668086848e-08,-3.505681284911675466e-08
-3.329302394538189954e-07,-1.849070646562507103e-07
1.679603900359495251e-09,-8.370557370492070557e-07
-3.241403731682322106e-08,-6.933284162158026073e-08
2.103801434136122756e-09,-1.414131504797085718e-07
-4.288171185612177982e-08,-3.552990360965678794e-08
1.846805371075310171e-07,-3.300421613296318314e-07
2.033026097452442487e-09,-2.778716377383238339e-07
1.749927279870619704e-09,-7.850071004230928794e-07
-1.928108215223053747e-07,-3.357608200010831900e-07
2.951297295314028940e-07,-1.632625548106345859e-07
7.707747655272763283e-08,-1.370117130594224854e-07
-7.373506986171884783e-08,-1.359195896956811101e-07
9.140123192662400426e-08,-6.009429789480823991e-08
-3.001984368091758081e-07,-1.658506380021842111e-07
-9.091062564865271124e-08,-6.105824420942210827e-08
1.931969330973448657e-07,-3.334026780804593761e-07
-1.822848808986743843e-07,-3.127162700735879254e-07
1.203341225610678909e-07,-2.061220719855821964e-07
1.962251065809085633e-09,-4.274336245189605965e-07
1.834955341846474595e-07,-3.113383157203368919e-07
-2.560256271038247088e-07,-1.427304420194041982e-07
1.820714012203885315e-09,-6.940135655344817274e-07
1.454433461147192293e-07,-8.732794291479747652e-08
-1.175338116718519107e-07,-2.056213557958744363e-07
2.519870362347450864e-07,-1.404314967184412173e-07
-1.466017350444109661e-07,-8.878216455675997724e-08
1.578211088273769543e-07,-2.670034533078358349e-07
1.891482440404509393e-09,-5.711452062258564678e-07
-1.557685502223369692e-07,-2.673772772392051995e-07
-2.034272986287282920e-07,-1.165870268235797418e-07
2.007256594928606000e-07,-1.146769289398710458e-07
6.045024934212021254e-08,-7.859515271368064094e-07
-6.866075342843165945e-08,-7.889353509975325858e-07
-3.426757583222816763e-08,-3.204585480181379128e-07
3.312612624543894894e-08,-3.169468674848842817e-07
-2.707717650743086971e-07,-6.683919070829434786e-07
2.670675954906938423e-07,-6.689751219511371433e-07
1.064851597385935010e-08,-6.000439531612113582e-09
1.704532970779919547e-09,-1.008424837242965587e-08
-5.063644207971881804e-09,-6.309022283717477491e-09
-1.191284276321850984e-07,-2.563706379737724688e-07
1.183261157892147997e-07,-2.526823264214692252e-07
2.845633514925084002e-07,-3.661802494210509367e-07
2.471240031488215919e-07,-4.317231429875866494e-07
-2.539904346308047051e-07,-4.309494702659602067e-07
-2.910093575517243931e-07,-3.661652752229857795e-07
-1.572209672316118303e-07,-2.330778130816873290e-07
-1.683992031974522936e-07,-2.285318457431090635e-07
1.644475365786958764e-07,-2.267705955476731331e-07
1.521937034774455534e-07,-2.317548020367171539e-07
3.166976634674935936e-07,-3.060385189538182621e-07
-3.227439352046918352e-07,-3.067850976693923092e-07
-1.415563730558816258e-07,-2.387201840245278394e-07
1.354809042835933969e-07,-2.377985761040380340e-07
3.434393795266485922e-07,-2.174053113540950265e-07
3.526188189122604042e-07,-1.982087468870439283e-07
-3.579440203195489087e-07,-2.009706570721084243e-07
-3.487107552926550610e-07,-2.204311703226594714e-07
2.744066018082027966e-09,-6.696257925103087543e-10
3.642859973525126591e-09,-1.087504220020781051e-09
5.385316678227459757e-09,-4.055729523267821208e-09
1.052888037597749242e-09,-3.591085902361786133e-10
-1.181505855135715140e-09,-3.595505523266380753e-09
3.706853922734630323e-10,-8.340704230634595779e-10
7.916323538104233505e-08,-3.084033386372667408e-07
2.737930138394670731e-08,-3.596567868420337261e-07
-2.855108441448698561e-08,-3.629431919507009135e-07
-8.008149952344298640e-08,-3.119643579129025949e-07
3.322387613954424347e-07,-2.602462839258333032e-07
-3.374793298529714188e-07,-2.634835270869414306e-07
2.699482623890840554e-07,-6.287894989868838438e-07
2.964993982957729216e-07,-6.794293691380453308e-07
-3.006067537786986871e-07,-6.789726414444488242e-07
-2.736784472421218575e-07,-6.277249516952699734e-07
1.270379307871641953e-07,-8.328476989145734592e-07
1.349278268901861588e-07,-8.375239543909860619e-07
-1.333204003649851475e-07,-8.348189458549260683e-07
-1.402028750500193582e-07,-8.390813864198008232e-07
1.356025899791545672e-07,-8.386687506903089262e-07
-1.397377148532032367e-07,-8.397888080320948675e-07
3.534984446065595549e-07,-2.163407140729285702e-07
3.393135028777797505e-07,-2.541369911252413535e-07
-3.589730474237560577e-07,-2.184572026239764028e-07
-3.450399807209557507e-07,-2.556172101868427090e-07
-3.932365777958052584e-08,-7.889612458830792897e-07
-7.436318358237965124e-08,-8.113698422655226486e-07
6.620173640219997104e-08,-8.086479813965370580e-07
3.087371788944613834e-08,-7.859682718705116064e-07
-3.306937975809323203e-07,-7.712564389259849760e-07
-3.263521260084180154e-07,-7.644043777208100410e-07
3.217169724742040096e-07,-7.632645176186816467e-07
3.258622728491904632e-07,-7.696073451821178786e-07
-3.302069915844962835e-07,-7.639898379575314574e-07
3.252161099007323118e-07,-7.618852643427657266e-07
1.492784292769289149e-07,-2.228232976731337760e-07
1.655332820652302666e-07,-2.200543589470721652e-07
-1.669751098747257064e-07,-2.228225727151202633e-07
-1.502046356319728835e-07,-2.260984472637842421e-07
-1.076186946497564401e-07,-6.668572273709224806e-07
-1.582282234733111524e-07,-6.114576823522212932e-07
1.504388741526241478e-07,-6.139670993895452078e-07
9.945266920215068713e-08,-6.697371780344217191e-07
3.551979438277148856e-07,-1.996148389060859129e-07
-3.605759298773405466e-07,-2.021526178994870613e-07
6.054861108594461009e-09,-3.295062519470207000e-09
-1.263993926411036231e-09,-3.068398594235370702e-09
1.879319714225021705e-07,-5.064767682810341450e-07
2.336708534561369544e-07,-5.699506126032950226e-07
-2.369774963165659820e-07,-5.682855914197048876e-07
-1.907738729299334089e-07,-5.042418915336266256e-07
-1.373152056738559345e-07,-4.397725276186275829e-07
-7.846824195186640249e-08,-3.779270856296988618e-07
7.658473957536453336e-08,-3.811029411758422588e-07
1.349544506458000442e-07,-4.425178654935631923e-07
-1.219526642883819810e-07,-2.440291509928440930e-07
1.149015702973118805e-07,-2.434089507090105001e-07
-9.923249442632875876e-08,-2.492486788782435775e-07
9.133659486357968510e-08,-2.488695197705987388e-07
4.982924575996114763e-08,-7.180030103803550202e-07
2.811817455192558807e-09,-7.579370508121379580e-07
-1.133933785978369954e-08,-7.548206644980864537e-07
-5.824992803626485440e-08,-7.149216728168900910e-07
1.293878571201870709e-07,-8.371498636076489770e-07
-1.322665328632085225e-07,-8.378851874081478069e-07
3.217589365637632083e-07,-3.178137632590945177e-07
-3.269898796061529001e-07,-3.211972137698647973e-07
-2.399132095598564282e-08,-6.777368572011819319e-07
1.855576257089367281e-08,-7.225417994043495717e-07
-2.705267491363566017e-08,-7.256718092007910758e-07
1.547451004079395765e-08,-6.806964873457916343e-07
1.169569971093144280e-07,-8.338163171490590236e-07
-1.185229710974214110e-07,-8.342009058315194257e-07
3.123270261156137006e-07,-3.849415181303300003e-07
-3.175583375846292824e-07,-3.884049931931146353e-07
-1.245205527750787920e-07,-2.358322175655795261e-07
-8.754252453495772547e-08,-2.541436758228501184e-07
8.667966497073605230e-08,-2.504374719116071880e-07
1.237535866105722829e-07,-2.322462846106666018e-07
8.530791205497164125e-08,-4.825994682253163981e-07
2.740120864199622636e-08,-4.204467298737577656e-07
-2.893061721452351463e-08,-4.175438650125713552e-07
-8.726523131227722327e-08,-4.801715386736003687e-07
-1.426367430200836304e-07,-5.432646090750047664e-07
-1.930301702790351091e-07,-6.041455155565974229e-07
1.901676770649789469e-07,-6.054536367091240384e-07
1.402274285297059168e-07,-5.451556830602470741e-07
-3.265807351722553427e-07,-7.422402577003476861e-07
3.214817272352422339e-07,-7.397375681220319284e-07
6.151168867208276040e-08,-6.284420934087604219e-07
1.098411003954627055e-07,-5.694980490640095661e-07
-1.179422771540361680e-07,-5.673388768854967621e-07
-6.988645705227303494e-08,-6.258069173631885670e-07
-1.618182427649592973e-07,-2.412759464669793343e-07
-1.725280896441421661e-07,-2.297484296264941235e-07
1.707283176166524830e-07,-2.264761530430364421e-07
1.607206894919915539e-07,-2.376948276880295566e-07
-3.208916063697134297e-07,-7.065058992409413189e-07
3.157166422681062755e-07,-7.036701223003854842e-07
1.643684028295869196e-09,-2.339713897417768652e-10
1.707644436652874488e-09,-3.039177334198925169e-10
3.524866637892685496e-07,-1.987644115313956230e-07
-3.581284893953214098e-07,-2.014474201983663866e-07
5.545010939202611325e-08,-7.592397375226339530e-07
8.567764267657176837e-08,-7.880389678123649666e-07
-9.353863028946903223e-08,-7.910684989226765959e-07
-6.373296212197245337e-08,-7.623870206984926200e-07
5.373904649804791885e-08,-8.227133287866259871e-07
2.924903548649068389e-08,-8.204959480947981677e-07
-2.640373848355713214e-08,-8.203538189152267128e-07
-5.169030851648748544e-08,-8.225719968961272159e-07
-5.263485610086718798e-09,-8.205150709753538344e-07
8.463151257997399365e-09,-8.205560503797637826e-07
-7.402527627852821426e-08,-2.532157253911963871e-07
6.545695818386334572e-08,-2.529964552454373328e-07
-2.360839657131776975e-07,-6.582239332349110356e-07
-2.710212924599706830e-07,-7.037024876891970960e-07
2.673387210405181681e-07,-7.038130757062115340e-07
2.327921462470850011e-07,-6.589352942317285987e-07
-4.113364410568032568e-08,-2.827807215545714393e-07
1.659249653729658953e-08,-3.268960078658051727e-07
-1.804012964643067649e-08,-3.234044272591298406e-07
4.004319997179616614e-08,-2.791078185114199533e-07
-4.701861489969114766e-08,-2.562408604553221039e-07
3.798435909370307585e-08,-2.561333154294817156e-07
9.926860205622183758e-08,-8.299022624339201952e-07
-9.952091768394494394e-08,-8.300264291583261726e-07
3.068966561655376288e-07,-4.565583150157423544e-07
-3.121340988520647125e-07,-4.600348107766294765e-07
7.765896704312152769e-08,-8.259184374569862077e-07
-7.667606770468103617e-08,-8.258612433323520321e-07
3.046377027052790542e-07,-5.281813654506757749e-07
-3.098797992168881644e-07,-5.316024163216029499e-07
-6.460684423052858850e-10,-6.757968175213047210e-09
2.401362897074631677e-09,-6.391872822565785968e-09
-3.155061798525027226e-07,-6.579980107645970242e-07
-3.113307264932800219e-07,-5.986991479145432304e-07
3.102887786229575498e-07,-6.548972003475596167e-07
3.060928907172261123e-07,-5.954029704971604016e-07
-1.892903018228771719e-08,-2.576750543046365842e-07
9.657990396587456234e-09,-2.576427328610177063e-07
-1.539632315972878821e-09,-1.560520967467276738e-08
1.605351379500653800e-09,-1.011116445382514850e-08
-2.067180672167948751e-09,-7.812644516663341068e-09
6.587562533451023827e-09,-8.144979378258460412e-09
2.138926897619954485e-09,-2.310662337813140472e-09
-3.135973630301584795e-09,-7.673435909089490974e-09
1.602877140130086175e-09,-9.577176965945449483e-09
1.166445859943981678e-09,-2.097185045822632800e-09
4.573308524875068580e-09,-1.491831264721799925e-08
4.786645460224288626e-09,-7.426006407348508958e-09
1.578803538965594318e-07,-2.812112855109231443e-07
1.743883578050110447e-07,-3.055345831447874829e-07
-1.749799955361552897e-07,-3.091368171254980114e-07
-1.586960031086995443e-07,-2.849354530024608745e-07
1.574718383376017002e-07,-3.158638292467671578e-07
1.381284181164148703e-07,-2.983264300794108398e-07
1.607167347010431878e-09,-8.369303211766125804e-07
2.611940636761437785e-07,-1.567479515942615366e-07
2.370242759713156932e-07,-1.453566106023268069e-07
1.227783275246347219e-07,-1.791835708407745916e-07
1.427515448121481007e-07,-2.131170062719601080e-07
-9.369080814724847887e-08,-1.987215686676412345e-07
-1.156008557961592161e-07,-2.318499557469214056e-07
-3.115200936521732753e-07,-1.628187357521686075e-07
-2.924622287837168590e-07,-1.509849488227378933e-07
7.913430942502300938e-08,-1.095836055247108185e-07
1.013255813505494480e-07,-1.442916623250457145e-07
-7.506636230285033865e-08,-6.564818413353159328e-08
-1.013349988747403146e-07,-7.997188243767336389e-08
3.024948478766277597e-07,-1.765020880212429008e-07
2.831208901785122028e-07,-1.671534643641753077e-07
8.141345239600700177e-08,-4.257223478310874794e-08
1.074020818789808203e-07,-5.502258723155646709e-08
3.117208930614744731e-08,-2.415613568314737950e-07
3.257561087661272223e-08,-3.148785953319512161e-07
-1.746121319025716279e-07,-3.320118330781344997e-07
-1.860431217377154401e-07,-3.379746969205098158e-07
3.324108515924521789e-07,-1.917521505774011018e-07
3.189356543183691720e-07,-1.846936902726842974e-07
-2.676407059596135268e-09,-8.437627722353480281e-07
-7.025474163886602055e-09,-8.281532142453414781e-07
3.711953273466337990e-08,-2.125968965973481495e-08
5.772751145911947743e-08,-3.122487202285284526e-08
-1.360556064230052472e-07,-2.619019105429845707e-07
-1.543762560517773847e-07,-2.880654596979113176e-07
1.602820642595931514e-07,-2.446007487663923601e-07
1.748186446564866696e-07,-2.727537934074250697e-07
-1.339625368767838323e-08,-6.257018032383098082e-08
-3.007840191273315559e-08,-9.428463685156582090e-08
1.902227721716508451e-07,-9.573062897472325597e-08
2.171400008268748047e-07,-1.095590315955126299e-07
-2.497603661372585114e-08,-6.044941169228367153e-07
-2.708536317872446199e-08,-5.367227395095257748e-07
-1.862088192856353671e-07,-1.222374726308383782e-07
-2.141093396347633546e-07,-1.354163207962098545e-07
6.077976722748779496e-09,-8.433131462129919164e-07
1.665847314937126543e-09,-8.487490897260666938e-07
-1.389765913512409386e-07,-3.019763749088387018e-07
-1.582463826642339553e-07,-3.193695834397382165e-07
3.468989755056455329e-07,-2.014358244181280220e-07
3.428256643098871635e-07,-1.980131319430398038e-07
-3.574894748265785356e-07,-2.004483800563629468e-07
-3.488591428068744001e-07,-1.923142747547367685e-07
-3.401201175140921470e-07,-1.834830651352589063e-07
-3.275182888680711222e-07,-1.736956267481351164e-07
-3.100711625812744572e-08,-3.820199522115075549e-08
-5.136730673092330296e-08,-5.165170439325617841e-08
1.853564009466940008e-07,-3.217361768595138914e-07
1.915977250271284548e-07,-3.318747147462672811e-07
3.720361330872797734e-08,-4.775656746091297133e-08
5.744821788449104606e-08,-7.693535985013533677e-08
2.478092671884751554e-08,-1.116773113962455907e-07
2.860345762664141798e-08,-1.730574886449858993e-07
-1.125436915713150169e-08,-8.020920486721697405e-07
-1.527462297203883201e-08,-7.658910163824181876e-07
-4.978491658829639555e-08,-1.285081469889939241e-07
-7.146253412329173328e-08,-1.639163839677750420e-07
1.856791314822207835e-07,-2.964717375134481404e-07
1.925022041258474282e-07,-3.151349225621879473e-07
-2.406658042395323111e-07,-1.478270974035710434e-07
-2.654465854756049612e-07,-1.593583740274211267e-07
-1.926582869774924148e-07,-3.372410093229834847e-07
-1.945126398376730514e-07,-3.300059356480315556e-07
-1.917259629207550953e-07,-3.166159932565479713e-07
-1.844791545072218277e-07,-2.974415996044412541e-07
-1.642252153172941105e-07,-8.312671436822031853e-08
-1.355284345384528694e-07,-6.920064293678892298e-08
1.562396477656130878e-07,-1.065882111030741943e-07
1.284594614513897376e-07,-9.264362446595289529e-08
2.591681438377226168e-08,-6.660477250094743460e-07
2.257216577363860601e-08,-7.202966879876712908e-07
-1.697065953574653329e-07,-3.093275779856398071e-07
-1.815578615718993502e-07,-3.251377987163117468e-07
1.346626584485149005e-07,-6.820384825492766569e-08
1.625562982614895386e-07,-8.187939965369028500e-08
-2.706716401673728049e-07,-1.383551132954374522e-07
-2.464405455751966688e-07,-1.250523083292092341e-07
-1.290981009103973920e-07,-9.431409921403995346e-08
-1.576886822664578656e-07,-1.084868772180723127e-07
1.931836928604059686e-07,-3.355220182870195932e-07
1.901505081714495090e-07,-3.326035440595974948e-07
-2.844775855768846445e-08,-4.646872481167807338e-07
-2.897436351917535716e-08,-3.898995686062557176e-07
3.293425055116095321e-08,-3.898867604612474028e-07
3.233687677201266897e-08,-4.646744415661416356e-07
1.880989077746892620e-08,-7.658781857454687274e-07
1.471884182249041072e-08,-8.020792699801583510e-07
1.827775849641376844e-07,-3.233548540409181756e-07
1.713551055171902693e-07,-3.080521702335485225e-07
-1.896612197368364759e-08,-7.203094952944115435e-07
-2.224000284117927455e-08,-6.660605311766436824e-07
-3.486568892437783496e-07,-2.007541861781134118e-07
-3.526837814274669391e-07,-2.040666355290228674e-07
1.948858987250213347e-07,-3.280251907329260438e-07
1.926605970299727648e-07,-3.347876655921206538e-07
-9.820765036468884689e-08,-1.432373753461347046e-07
-7.576884651007382315e-08,-1.083629479678453577e-07
1.582200840439489119e-09,-8.487283765518643476e-07
-2.893575084512647284e-09,-8.433415246885829433e-07
1.857234713819157369e-07,-3.350988629968117493e-07
1.740295739402974589e-07,-3.287775192368434979e-07
-1.893550054824470527e-07,-3.348706911060736172e-07
-1.927966441687116600e-07,-3.382346012366449576e-07
3.430233526295913247e-07,-1.895444657715489832e-07
3.517746227942028839e-07,-1.976637944081589022e-07
3.364125200649165145e-08,-9.554308698137385988e-08
1.691212359372039471e-08,-6.381902138201950302e-08
-2.443131460269592048e-08,-1.730704034397527519e-07
-2.053735775852213208e-08,-1.116910645483567666e-07
-5.610593567255100461e-08,-3.148017509734787620e-08
-3.468086924373918923e-08,-2.128417685990525771e-08
-3.244809961752807805e-07,-1.875132653077441706e-07
-3.381661343579120465e-07,-1.945579822988335167e-07
-1.915867560162616514e-07,-3.349714129230559819e-07
-1.856767871793973403e-07,-3.251385789492823592e-07
1.564414791222588379e-07,-2.872980094924046200e-07
1.385142192137996052e-07,-2.616273561932262529e-07
3.090371258041780365e-08,-5.367099325270715565e-07
2.872361696576756378e-08,-6.044813099019129075e-07
-1.731908010164485046e-07,-2.732238030003958675e-07
-1.582334704684006924e-07,-2.445977412128637383e-07
3.219007506484685305e-07,-1.710740330820110810e-07
3.343263884871552535e-07,-1.807676011281315769e-07
-2.202980728364290492e-07,-1.112869341259593923e-07
-1.926591666482765585e-07,-9.722274462038608898e-08
-5.391453551780780151e-08,-7.567404332904245897e-08
-3.359460065410997920e-08,-4.659839557205935941e-08
1.041938007338176059e-08,-8.281409464346954489e-07
5.999844993049740816e-09,-8.437487295981206856e-07
5.321850101679648273e-08,-5.071987653609292974e-08
3.366559884521572681e-08,-3.751996856440092681e-08
2.111462930015895179e-07,-1.331135644958087935e-07
1.839816022964299248e-07,-1.201269472635780918e-07
-2.854495111983632492e-08,-3.148914075443668509e-07
-2.707067006511486905e-08,-2.415741270208761863e-07
2.875493108873595398e-07,-1.486477631936242500e-07
3.061992475190583991e-07,-1.603242474818084567e-07
-1.074440291988743017e-07,-5.576799841957480532e-08
-8.062111809309851188e-08,-4.306869954020509570e-08
1.015239435235907112e-07,-7.854105951200427577e-08
7.609002272758000888e-08,-6.446523095824770064e-08
-2.879019157901616088e-07,-1.698711498957140325e-07
-3.077117800719082190e-07,-1.792910762433411556e-07
7.481120000049340156e-08,-1.648234383352042034e-07
5.328887799236359671e-08,-1.296484773761937558e-07
1.184128979936586384e-07,-2.320303370295646250e-07
9.680507206427015556e-08,-1.993034468686497289e-07
-1.403059539468224024e-07,-2.126907146290669681e-07
-1.199707427766712702e-07,-1.783992104910702916e-07
2.426215932665949840e-07,-1.231025060403809676e-07
2.662627427893820292e-07,-1.362005922534274590e-07
-5.353355417483670748e-09,-6.666115364349704583e-09
-4.638390538415350737e-09,-1.011522710780578367e-08
-5.109354297000429755e-09,-1.445955620703864949e-08
-2.767682021525328911e-09,-9.310988982635863885e-09
9.299713244744576775e-09,-1.426102917815149203e-08
8.703045182945360291e-09,-1.030132968344287321e-08
7.421042771571781284e-09,-9.145422845890494050e-09
9.300637877302447304e-09,-7.062071607675188345e-09
-8.552145068390524741e-09,-2.396287612727903963e-08
2.021299592616984053e-09,-2.216883897231323570e-08
-5.389431138299963289e-09,-1.106259618962460395e-08
1.294436149384756235e-08,-2.405277571944504753e-08
9.884623784747763618e-09,-1.121395285906166374e-08
2.971475952151361644e-09,-2.559633737836528850e-09
-2.367923167209712776e-10,-2.776534810597072045e-09
-3.947060349301494697e-09,-6.616689798737278362e-09
-7.989541779597552403e-09,-8.773265235796425015e-09
1.315841374082351617e-08,-8.624435322742334809e-09
8.681820848683015527e-09,-6.792047731871375731e-09
2.648403123870836258e-09,-7.760058048323110697e-10
2.696106389376922849e-10,-8.163940347279448403e-10
1.189726591988877091e-09,-4.889572161100225702e-09
-1.468613667870422034e-09,-2.202802572709390346e-09
6.950202782550495433e-09,-2.596386360387842535e-09
7.908893101074427099e-09,-6.124431596842880119e-09
1.019725601316473410e-08,-8.841821215156154030e-09
-4.989615613357197786e-09,-9.232967804076707058e-09
-2.846198931100802803e-09,-6.445255121745955666e-09
1.883169857413905447e-08,-4.193188026800171685e-08
1.993490711347506798e-08,-2.435231524862958409e-08
4.737753409270357830e-09,-3.661160125629790171e-08
-1.529617255704942313e-08,-4.080195344097599179e-08
-1.377118465048551969e-09,-3.551736994039861781e-08
-1.635987587961443562e-08,-2.347856321252908742e-08
2.658707888843295326e-08,-2.397074492151383263e-08
2.084856154776855322e-08,-1.317223621813718690e-08
1.857918244950653041e-08,-2.525240035973972528e-08
-2.364038548557718361e-08,-2.420722493068833144e-08
-1.516302329744750327e-08,-2.568640746533256114e-08
-1.760922423554075574e-08,-1.296868812757503355e-08
2.140934029297037443e-09,-8.396371504948503636e-08
1.958868423760848073e-08,-6.114131925091504511e-08
-1.527904779926113850e-08,-6.113470040044534242e-08
-2.488216014306305625e-08,-3.673641895265997784e-07
2.338504955933303819e-08,-3.706051900851401287e-07
2.945195392886285297e-07,-7.123360426803313843e-07
-2.985979015847052516e-07,-7.123472274160761848e-07
-2.326316127230027121e-09,-3.074819347374661226e-09
8.503350155711516747e-09,-2.651098670678281636e-09
-9.785678066799053421e-08,-8.116881878292346927e-07
9.007620838509832040e-08,-8.089595864193861749e-07
1.717734263864345052e-07,-2.218665842244714971e-07
-1.737647616600773980e-07,-2.246376181707466950e-07
-1.634945533551815238e-07,-5.601357368304661234e-07
1.557501276737370331e-07,-5.622257370396297800e-07
2.341554603737835387e-07,-6.167735937094967074e-07
-2.374695762580592998e-07,-6.155779992749754866e-07
8.427147586163540142e-08,-2.743249295547154949e-07
1.174873471907536328e-07,-2.741686460446076513e-07
-8.515679259946078035e-08,-2.780045664874311653e-07
-1.183068468121135499e-07,-2.778614717139833052e-07
-3.276158405007392652e-08,-7.610015548442433740e-07
2.427844114114293870e-08,-7.578771134792335238e-07
-6.510176737856939628e-08,-6.735668283958215108e-07
5.670704538554642574e-08,-6.764934783506661956e-07
1.391209855851012075e-07,-4.934088959778083600e-07
-1.415203854211819777e-07,-4.910652929583213610e-07
1.392205313666283834e-07,-2.760728592074004686e-07
-1.400576029261483736e-07,-2.797974950570691323e-07
1.737986403355653347e-07,-3.191968989189766138e-07
-1.752834343153241427e-07,-1.028086227033908067e-07
1.733302104601774344e-07,-1.011189222715204631e-07
-1.379995020556996541e-07,-2.383917634785202211e-07
1.404482386012733566e-07,-2.384859041761664200e-07
1.856097849892478482e-09,-6.366265053957718876e-07
-2.307063515964761321e-07,-1.300138102207444766e-07
2.750233734200841276e-07,-1.523583419825168595e-07
-1.711504157383537933e-07,-2.930064836126915963e-07
1.727877310244456376e-07,-2.921384536565293286e-07
9.903745443554865058e-08,-1.720599150521650828e-07
-9.592722393600228131e-08,-1.712099486652386126e-07
1.926866961406254696e-09,-5.014009319716289184e-07
-6.522257923985039809e-08,-4.779045394493369881e-08
1.785331260922416300e-09,-7.449038109580781296e-07
-3.184375379145313058e-07,-1.760552033471168736e-07
3.129893830516542238e-07,-1.733666227728329919e-07
6.654696758040075926e-08,-4.707475040107639641e-08
1.909549325433420654e-07,-3.259963203040638366e-07
2.068368196317239100e-09,-2.061150737231195079e-07
5.553986628560710541e-08,-1.024745746759474716e-07
-1.901674196043184051e-07,-3.278793547163391857e-07
1.917291785848294975e-07,-3.356333331456671829e-07
3.388532286705866175e-07,-1.901328583976132668e-07
1.643784533546022164e-09,-8.483697097601302479e-07
-1.743795283374255657e-07,-3.226544738720193807e-07
-3.446850704768494878e-07,-1.929006047796590276e-07
-1.917183693628078605e-07,-3.384306455781400129e-07
1.714522028719297905e-09,-8.171818578104605285e-07
-5.202946620897813427e-08,-1.012287474479887988e-07
1.997636153035733154e-09,-3.522393093577809111e-07
1.177988303235422869e-07,-7.354503902458049608e-08
-2.796301413152010818e-07,-1.548191228381267373e-07
-1.181409680629739369e-07,-7.475682734859943371e-08
2.272980713405679873e-07,-1.278968881905266821e-07
-1.452292288020536874e-07,-2.389104275159334595e-07
1.443964136785971972e-07,-2.353241228867482998e-07
-1.412351470201583892e-07,-2.588794537628068766e-07
1.404100804110097910e-07,-2.551590253936071315e-07
-1.193948378015988501e-07,-8.255968824023752722e-07
2.022085570655222225e-07,-4.971219410353100976e-07
3.111279918259978623e-07,-7.440168418870917724e-07
-1.742770253157211855e-07,-2.253285704084951855e-07
1.713524043049544872e-07,-2.230525780071067488e-07
-3.155015156317448886e-07,-7.446111792520962061e-07
-2.095313042985646246e-07,-4.956537918717208429e-07
1.122789552593994242e-07,-8.232112420705680384e-07
