Size 899,2
0.000000000000000000e+00,0.000000000000000000e+00
0.000000000000000000e+00,0.000000000000000000e+00
1.641609152275737707e-08,-2.955154859085045005e-06
-1.168048085512390607e-07,2.412014888721767951e-06
1.256715789994199380e-07,-9.872485585933315841e-08
1.985160397437474287e-07,-4.570960861236094502e-08
2.383726592522970685e-07,-2.603995684141119486e-06
2.093853015722728219e-06,-9.176384883719108569e-07
2.170432437009634668e-07,2.325797841023880054e-08
2.148055717238155179e-07,1.221117364862837495e-08
2.249026066064415042e-06,-4.883694234171938984e-07
1.471860113988932657e-06,1.442815648613739097e-06
1.233650189401151769e-07,8.240810125883302087e-08
6.991373466262679676e-09,4.769808545891176893e-08
1.110480399840123216e-06,1.707932923644276007e-06
-1.101706088632401820e-06,1.839885303994330813e-06
-4.533011774281933765e-08,3.179012194116049695e-09
-4.059010868137100726e-08,2.650827507669797957e-08
-1.478419480251182796e-06,1.553023252034923867e-06
-2.422776062842424772e-06,-5.815510184740570798e-07
-1.763151884538699733e-08,-5.481833200353981177e-08
-3.974407458482088076e-08,-7.723300011871528147e-08
-2.262522151277196965e-06,-1.035419438266773307e-06
-2.038559002158546771e-07,-2.599637956860087949e-06
8.515908916513216375e-08,0.000000000000000000e+00
1.342217755195321582e-07,0.000000000000000000e+00
1.610997493476304438e-07,0.000000000000000000e+00
1.749374976398288919e-07,0.000000000000000000e+00
1.785719643947715843e-07,0.000000000000000000e+00
1.862930190353017677e-07,0.000000000000000000e+00
1.956219791173853260e-07,0.000000000000000000e+00
1.966333615954776058e-07,0.000000000000000000e+00
1.904436419191039657e-07,0.000000000000000000e+00
1.758218324818800584e-07,0.000000000000000000e+00
1.412331017239034741e-07,0.000000000000000000e+00
9.743757621751637926e-08,0.000000000000000000e+00
5.281884689780960309e-08,0.000000000000000000e+00
0.000000000000000000e+00,0.000000000000000000e+00
0.000000000000000000e+00,0.000000000000000000e+00
0.000000000000000000e+00,0.000000000000000000e+00
0.000000000000000000e+00,0.000000000000000000e+00
0.000000000000000000e+00,0.000000000000000000e+00
0.000000000000000000e+00,0.000000000000000000e+00
0.000000000000000000e+00,0.000000000000000000e+00
0.000000000000000000e+00,0.000000000000000000e+00
0.000000000000000000e+00,0.000000000000000000e+00
0.000000000000000000e+00,0.000000000000000000e+00
0.000000000000000000e+00,0.000000000000000000e+00
0.000000000000000000e+00,0.000000000000000000e+00
0.000000000000000000e+00,0.000000000000000000e+00
1.878900625239308897e-07,-2.938992003254295432e-06
3.430240013798926013e-07,-2.907589943844457924e-06
4.697301399012638473e-07,-2.874845316546810636e-06
5.826665381842147409e-07,-2.840731609137949864e-06
6.844479564092102606e-07,-2.806031475932231589e-06
7.774193098009311845e-07,-2.770951588370341397e-06
8.643642365390023279e-07,-2.735304768039413952e-06
9.472938853171520767e-07,-2.698620892844836022e-06
1.028331273832057626e-06,-2.660129686943473641e-06
1.109371135845418848e-06,-2.618826030608874391e-06
1.192226791859101984e-06,-2.574399032014655953e-06
1.278187408939052231e-06,-2.524986288394660802e-06
1.368650775378991309e-06,-2.468351336929839761e-06
1.463417115946567340e-06,-2.403158414267301838e-06
1.562756375479026492e-06,-2.327761593690715017e-06
1.665743720773174407e-06,-2.240964395150823036e-06
1.771652268214033983e-06,-2.141640107961922666e-06
1.878824200004693225e-06,-2.029298388116735826e-06
1.985716770264879861e-06,-1.903559986791326114e-06
2.090237712221894594e-06,-1.764939813255816375e-06
2.190272860872284518e-06,-1.614121825015076981e-06
2.283598319670312629e-06,-1.452821411143076721e-06
2.368209057896496888e-06,-1.282751140485207817e-06
2.441806163548955360e-06,-1.106334720292126685e-06
2.502654300979131561e-06,-9.263873097327175443e-07
2.545827511423185917e-06,-7.474296844633799966e-07
2.573050344890768493e-06,-5.787625032171487573e-07
2.584587957638542602e-06,-4.286313286229451339e-07
2.588398489482652067e-06,-3.008214049214854763e-07
2.587195809216595983e-06,-1.881680077481350944e-07
2.582524665897834861e-06,-8.721168718503664010e-08
2.575391942650133506e-06,4.282827782405542366e-09
2.566455271414201617e-06,8.908743008899493970e-08
2.555992942446330232e-06,1.692931101416408573e-07
2.543954168016417925e-06,2.471476575694504141e-07
2.530027574180058656e-06,3.244283107045005010e-07
2.513643775086794232e-06,4.027450323799613590e-07
2.494076848634328420e-06,4.834287489171634567e-07
2.470446702263653719e-06,5.673989123464858507e-07
2.441803677585937753e-06,6.554681190880022614e-07
2.407163707245232308e-06,7.478739842376537665e-07
2.365542252927290598e-06,8.448992305346050709e-07
2.316042476233118145e-06,9.461647576163230838e-07
2.257812904292392827e-06,1.051492969632714366e-06
2.190126153086195667e-06,1.160247979074247948e-06
2.111910593130186684e-06,1.272690930256048989e-06
2.025416993063873310e-06,1.389308189428306378e-06
1.925877521627157744e-06,1.508364932386958623e-06
1.812235601339000014e-06,1.629170067092977272e-06
1.685345902445418043e-06,1.748232086139139113e-06
1.544576371493870126e-06,1.862482907665888912e-06
1.394884295384827685e-06,1.964939225505292329e-06
1.242866239656430444e-06,2.055193379125257165e-06
1.093010165551030595e-06,2.132307037085474424e-06
9.477368503556696607e-07,2.197993790546356250e-06
8.068684452196478678e-07,2.253170509404520005e-06
6.708167016942304450e-07,2.298561546323442873e-06
5.404662908033798968e-07,2.334875315237183842e-06
4.159872320055721789e-07,2.362993222156459956e-06
2.978517268756003489e-07,2.383784939692076367e-06
1.858045807021636055e-07,2.398198261286392546e-06
7.980536726083353919e-08,2.407137323311639274e-06
-2.086206723064704836e-08,2.411478518064728473e-06
-2.091008098937159599e-07,2.409118970899939404e-06
-2.987284300155595168e-07,2.403018756149126895e-06
-3.869565074539912901e-07,2.394006813590934985e-06
-4.751788503953551242e-07,2.382160215203544588e-06
-5.649256717771828352e-07,2.367266839793250448e-06
-6.579776770830285091e-07,2.348831005458721270e-06
-7.559491590307411114e-07,2.326041028134729073e-06
-8.608487679882787185e-07,2.297727892945981217e-06
-9.741758795670432274e-07,2.262436332762805907e-06
-1.098276398863761499e-06,2.218223139752913159e-06
-1.237909899271084904e-06,2.161807724000107423e-06
-1.391452685915167783e-06,2.087079323804209030e-06
-1.553211777768118127e-06,1.994170141291632918e-06
-1.710820966847940993e-06,1.880859431647902882e-06
-1.858087232207223965e-06,1.756101450532023698e-06
-1.993136999439315000e-06,1.624244924427439043e-06
-2.114053906531367156e-06,1.489619837598287070e-06
-2.220265302501866035e-06,1.354494728318681587e-06
-2.316462717285441144e-06,1.222013584287667264e-06
-2.399801983842405159e-06,1.092598235389921856e-06
-2.471163359165026916e-06,9.667808745446551812e-07
-2.531214691433707169e-06,8.459550597116682507e-07
-2.580928910469327172e-06,7.307632346201014838e-07
-2.621394980294174128e-06,6.221097874189252093e-07
-2.653901633392155935e-06,5.199059970959932241e-07
-2.679766127766863608e-06,4.241672317096997698e-07
-2.700312519640473795e-06,3.340123396693795646e-07
-2.716785555740000792e-06,2.485052236704458237e-07
-2.730254984909381461e-06,1.660270543106595167e-07
-2.741591927152188715e-06,8.472231440680777934e-08
-2.751343629889777195e-06,2.378423223859098667e-09
-2.759731722086533418e-06,-8.365599381542270259e-08
-2.766560821857933393e-06,-1.759630000590828497e-07
-2.771181167141731285e-06,-2.777855300086562920e-07
-2.772514178264967686e-06,-3.918091675811978590e-07
-2.768873851583689118e-06,-5.220339064315601145e-07
-2.757143007958987496e-06,-6.773913383506191133e-07
-2.727593070134542290e-06,-8.529598511734343086e-07
-2.678072445872449998e-06,-1.037301736792755660e-06
-2.609242848381957588e-06,-1.215549763301365471e-06
-2.531050322315965100e-06,-1.379106365708831437e-06
-2.447316589919793277e-06,-1.530760336529288791e-06
-2.360392131745700519e-06,-1.670146883604768851e-06
-2.270767072854030198e-06,-1.798332190936271349e-06
-2.179650754394891784e-06,-1.915177316595866270e-06
-2.087909567025057383e-06,-2.021481764537295828e-06
-1.996261405328873165e-06,-2.117948004269726361e-06
-1.904883764748661866e-06,-2.205721771749919137e-06
-1.813938265728604091e-06,-2.285844072732540338e-06
-1.722999146045339697e-06,-2.359501233668263836e-06
-1.631631495340383555e-06,-2.427766652025124286e-06
-1.538964231977781330e-06,-2.491654636958323319e-06
-1.444000889813490028e-06,-2.552132685292458423e-06
-1.345355939053517034e-06,-2.610136858525329287e-06
-1.242135204922457999e-06,-2.664085360012920937e-06
-1.133483145762173569e-06,-2.715017015122756084e-06
-1.018859389902668043e-06,-2.762784082594368635e-06
-8.972837667085881131e-07,-2.807137414024636554e-06
-7.681610091937475883e-07,-2.847640903247726109e-06
-6.306068660042359790e-07,-2.883652721647127177e-06
-4.843692340658541278e-07,-2.914380914753403628e-06
-3.291090886521545293e-07,-2.938794385442237164e-06
-1.586507474448055526e-07,-2.955601274182047589e-06
1.482014966003419772e-07,-8.584688245238941455e-08
1.738843687753677746e-07,-6.721946494401224112e-08
1.910347857864389670e-07,-4.821581936749129744e-08
1.996504199240535760e-07,-3.456171825043225720e-08
2.029161377635067729e-07,-3.026114189128966840e-08
2.412397861695019067e-07,-1.162650251062210688e-07
3.174576480758952934e-07,-1.889259569820071507e-07
4.254712407314122178e-07,-2.655373546184409540e-07
5.608839193055738117e-07,-3.449920809703936036e-07
7.192030077933853052e-07,-4.259182649273159417e-07
8.959664508859871804e-07,-5.069321950273559567e-07
1.086761522211315332e-06,-5.866615634395688520e-07
1.287222653265317027e-06,-6.637518930551295453e-07
1.493082918354162922e-06,-7.368820108343094042e-07
1.700255441936925045e-06,-8.046526468958982368e-07
1.902529917488365521e-06,-8.644595151739613377e-07
2.024390758193670465e-06,-1.078613799730529612e-06
1.949390340411567410e-06,-1.239785630613958851e-06
1.870404906336350565e-06,-1.395860270010321659e-06
1.788382899401237189e-06,-1.544397194240893812e-06
1.704258428780595604e-06,-1.683963070619141663e-06
1.619522681447448036e-06,-1.813011186044439340e-06
1.534933386355620743e-06,-1.931135688560348606e-06
1.451750174144415421e-06,-2.037587110203449501e-06
1.370332714349239639e-06,-2.132852656333568076e-06
1.291415706479256370e-06,-2.216816895254852395e-06
1.214729604507037329e-06,-2.290436551106346518e-06
1.140289830705987000e-06,-2.354221470612143093e-06
1.067300144386714825e-06,-2.408906896733063770e-06
9.942227912589450969e-07,-2.455506191775086124e-06
9.205619257046837407e-07,-2.494410312319790434e-06
8.441866988519110402e-07,-2.527587767272788168e-06
7.637346136189929125e-07,-2.555214959253370700e-06
6.775735937634005228e-07,-2.577352138366340380e-06
5.834799866607472508e-07,-2.593820156972801993e-06
4.796349781459151558e-07,-2.604154553292369285e-06
3.630297903136324989e-07,-2.607469657800628632e-06
2.687033134387235386e-07,-2.392641339184594634e-06
2.906486625628914990e-07,-2.168379816275091644e-06
3.060604935665571681e-07,-1.930258562887804242e-06
3.149195009248978304e-07,-1.683359895072049413e-06
3.170151538270255618e-07,-1.433219570211695709e-06
3.121678285861653594e-07,-1.185609087962438179e-06
3.001926097993935160e-07,-9.464311050649938141e-07
2.809065945809747882e-07,-7.217443941837632758e-07
2.541299870367079916e-07,-5.176943590896042359e-07
2.195207332721212540e-07,-3.405156286621608635e-07
1.761780761763385107e-07,-1.988159514496842125e-07
2.054433464618070280e-07,8.073930438180897846e-09
2.046523817678030247e-07,2.682773284060093162e-09
2.053450669552820023e-07,1.633145412396268528e-09
2.073483556028320008e-07,3.030643951005919255e-09
2.100423293466230325e-07,7.663953354536801960e-09
2.851719209819103264e-07,4.753627251014462125e-08
3.635336116821323048e-07,1.043514557011318152e-07
4.524362828977135816e-07,1.812587770278242452e-07
5.509312490130024339e-07,2.766274483338295712e-07
6.574177716651283147e-07,3.885123178043691850e-07
7.701603957430397072e-07,5.147730923994928617e-07
8.873554984347183790e-07,6.531804376757916051e-07
1.007125134018575615e-06,8.014052968012875667e-07
1.127516752513875193e-06,9.570187870150384047e-07
1.246529794288628726e-06,1.117552923438960968e-06
1.361543711963300147e-06,1.280010327189116947e-06
1.596255784425815725e-06,1.346121021691734999e-06
1.712021102005189322e-06,1.247836609987124008e-06
1.817138072641208360e-06,1.150871182705305840e-06
1.912411361646140579e-06,1.055459115137920597e-06
1.993275489444697764e-06,9.625082288808662872e-07
2.065627917847141913e-06,8.710849969470978262e-07
2.129357457961803414e-06,7.825222276119867840e-07
2.184884695907888134e-06,6.968929080909668412e-07
2.232572978683992276e-06,6.146903161544076893e-07
2.272967794001300562e-06,5.355615566606748916e-07
2.306512089926759903e-06,4.594970343594133305e-07
2.333696709111197657e-06,3.857339016064226670e-07
2.354880367919051641e-06,3.136774644116753759e-07
2.370336278667906317e-06,2.421895925253968843e-07
2.380157607093205124e-06,1.700589802190559364e-07
2.384240918810114978e-06,9.586279054557119039e-08
2.382226054954811216e-06,1.779866508497110787e-08
2.373493983502068723e-06,-6.569673883007259326e-08
2.357055487689554539e-06,-1.569315435570523843e-07
2.331681123855838995e-06,-2.574027751710472094e-07
2.295713995795590883e-06,-3.694492270225266473e-07
2.050927058406837367e-06,-4.036516127575275736e-07
1.851001554041439886e-06,-3.263356404344248376e-07
1.646225063551007614e-06,-2.523736226806245227e-07
1.439159284689397814e-06,-1.830427459393667198e-07
1.234065204859630397e-06,-1.199182476707364577e-07
1.035292914618924841e-06,-6.446426622461462150e-08
8.471707239986056920e-07,-1.814443018680708965e-08
6.740716708365717428e-07,1.755919553786283568e-08
5.204143742035100126e-07,4.114552037599097945e-08
3.906663908904164107e-07,5.106921147657595747e-08
2.893607836645227844e-07,4.561850694106403457e-08
9.411369733823956975e-08,8.366861508101729786e-08
5.757302672732822997e-08,8.168768920877283621e-08
2.596178327988650110e-08,7.155970263800438447e-08
4.139412502427152902e-09,5.728295116001198003e-08
-5.512375483372253096e-10,4.489044414624306685e-08
9.177613908664206251e-09,1.160263820238709027e-07
-1.369780254131322919e-08,2.102771525613393945e-07
-6.009825888963286401e-08,3.279754451536781372e-07
-1.268164815084341338e-07,4.652171123167048103e-07
-2.114823717869482250e-07,6.186313036118021998e-07
-3.116990960194283632e-07,7.846647714718696492e-07
-4.249814938460383723e-07,9.596390938751607155e-07
-5.487713574467492198e-07,1.139772351186218552e-06
-6.804066562841992296e-07,1.321129975592896528e-06
-8.170932133090156466e-07,1.499777363966028970e-06
-9.564717306378746946e-07,1.672523267466249805e-06
-9.958461842505753098e-07,1.923626403391058438e-06
-8.913250974075429445e-07,1.995115826366895908e-06
-7.936660818529854817e-07,2.053363697063638884e-06
-7.015042897617078996e-07,2.100219136233637294e-06
-6.141079248739184327e-07,2.137167720033025662e-06
-5.298143119319701540e-07,2.165636108212382260e-06
-4.476100109664657103e-07,2.186637444842593903e-06
-3.660647089007341104e-07,2.200998481448444730e-06
-2.840916728866994225e-07,2.209253383554090152e-06
-2.006318636162376968e-07,2.211723050292583716e-06
-1.147145820868495150e-07,2.208523081427223393e-06
-2.569299892990477795e-08,2.199560445091607100e-06
6.738267959549558371e-08,2.184587947471028054e-06
1.648678435737450764e-07,2.163275509302640313e-06
2.674411598162217931e-07,2.135165106645580728e-06
3.749461210523753989e-07,2.099793014273357926e-06
4.877006951514523359e-07,2.056581328178716709e-06
6.051091626843365802e-07,2.005064753162786199e-06
7.271404150827480861e-07,1.944670911368833540e-06
8.528483733567500986e-07,1.875051892313259498e-06
9.817548102852212367e-07,1.795828411450733191e-06
9.880449366084450050e-07,1.551139103297456511e-06
8.685139636302560028e-07,1.391571426311242942e-06
7.519742143738951821e-07,1.229283558516167580e-06
6.403898615930400638e-07,1.067226159893173212e-06
5.355523559164284186e-07,9.080879564367793925e-07
4.391768816965254174e-07,7.544912222320342608e-07
3.528975819630803819e-07,6.089425600832931113e-07
2.782730037348669425e-07,4.738455964041007153e-07
2.167861378909302846e-07,3.514937813185510229e-07
1.699068744121777533e-07,2.441115896405629228e-07
1.394620433061373532e-07,1.544978964525149689e-07
-2.976312787486089523e-08,1.137489922513322306e-08
-2.526229111909665225e-08,1.059160267480250580e-08
-2.442264670627172105e-08,8.016653886717671829e-09
-2.534024252071306590e-08,5.794469784508671180e-09
-2.684571704642080366e-08,9.439463730966371393e-09
-1.302722238906342379e-07,5.604395150271559908e-08
-2.551254931829044745e-07,6.450273690181394335e-08
-4.144697701336467554e-07,5.359678212253309319e-08
-6.022011418624344834e-07,2.551774351183662690e-08
-8.122716167894634985e-07,-1.767486406999902852e-08
-1.038702541825325514e-06,-7.397171396281400000e-08
-1.275562626537206366e-06,-1.413844691358023816e-07
-1.516965598757142188e-06,-2.179427724328045091e-07
-1.757011350445153039e-06,-3.016789715171498366e-07
-1.989903200426199409e-06,-3.905454633404373310e-07
-2.210981356427312675e-06,-4.827327972736110347e-07
-2.471683670465671014e-06,-4.616838438596520504e-07
-2.509617245227989778e-06,-3.479008522331205719e-07
-2.536221701411094535e-06,-2.463153322276994025e-07
-2.553173300449040215e-06,-1.543022661366793139e-07
-2.561714870016540348e-06,-6.998962510722158254e-08
-2.562814564625227361e-06,9.300990922512217125e-09
-2.557025197879958880e-06,8.555344617639624089e-08
-2.544600930284842298e-06,1.608578118173873495e-07
-2.525499630772334737e-06,2.370263845389519081e-07
-2.499469191335439133e-06,3.154115200231282328e-07
-2.466050317434501718e-06,3.974350416968000617e-07
-2.424733001726293921e-06,4.836445690258583399e-07
-2.374867778033499011e-06,5.749201884601885098e-07
-2.315946848992695757e-06,6.710261260267142776e-07
-2.247382884327883943e-06,7.722290858878152972e-07
-2.168919575615967933e-06,8.776182138798466554e-07
-2.080310708718366630e-06,9.868231994506435530e-07
-1.982023393260025439e-06,1.097979213427647234e-06
-1.868499376922010023e-06,1.211519677893681677e-06
-1.745796681344310429e-06,1.326264848763776467e-06
-1.614347412482029704e-06,1.441206220998501892e-06
-1.363135267055082816e-06,1.378785006589541141e-06
-1.238651967181204943e-06,1.198433360248684139e-06
-1.105235061136619472e-06,1.017072730718858166e-06
-9.675891469517968109e-07,8.400361312196953500e-07
-8.286695191050601140e-07,6.709654186656189584e-07
-6.913307516378267232e-07,5.135350565980546437e-07
-5.583746387568846394e-07,3.713488893149778768e-07
-4.325300770035901862e-07,2.479100716933152019e-07
-3.164651897804634029e-07,1.466491877763613573e-07
-2.128142814245194691e-07,7.087922303076915726e-08
-1.235574330839408409e-07,2.302136039580478863e-08
-2.484741594084307107e-08,-3.354625453967767501e-08
-2.520184762790082258e-08,-3.286240195339495931e-08
-2.370506115864704667e-08,-3.800851681110894090e-08
-2.237196467078559253e-08,-4.867318694747805306e-08
-2.386376722657833189e-08,-6.002813874576654287e-08
-9.903432373688649571e-08,-1.976113806219713537e-07
-1.446871446210406891e-07,-3.430531717328935169e-07
-1.828766127566742509e-07,-5.197322631712098292e-07
-2.134697387033361843e-07,-7.236617845106862447e-07
-2.365439834932799286e-07,-9.483596221382723667e-07
-2.523000172037155116e-07,-1.187541341476949005e-06
-2.609287483818976214e-07,-1.435150388473381582e-06
-2.626174654091254577e-07,-1.685288531855148784e-06
-2.575503251557768643e-07,-1.932222732641220231e-06
-2.458685519851657588e-07,-2.170415320730895935e-06
-2.275033205703196102e-07,-2.393288512470977703e-06
-3.498928448195466868e-07,-2.596216384992188933e-06
-4.935817777363879887e-07,-2.586643662440425080e-06
-6.290895758511365280e-07,-2.570459470186046061e-06
-7.568506384044384222e-07,-2.548164871794279903e-06
-8.769137336428774375e-07,-2.520155797342579176e-06
-9.900318592933028386e-07,-2.486735054133606050e-06
-1.096604841638914514e-06,-2.448087164825457254e-06
-1.197588079336026902e-06,-2.404232147434832022e-06
-1.292927192596061429e-06,-2.356788963153500071e-06
-1.383418151635245751e-06,-2.303422486386820763e-06
-1.469802089051527926e-06,-2.244079552167852473e-06
-1.552815321066548809e-06,-2.178190615009394978e-06
-1.633132163151681761e-06,-2.105146349787390676e-06
-1.711406961840798346e-06,-2.024092534755657199e-06
-1.787866226245330761e-06,-1.934521593759852659e-06
-1.862847879763127892e-06,-1.835494893496204230e-06
-1.936081642218019594e-06,-1.726733352169794095e-06
-2.007589763921496758e-06,-1.607510574869942956e-06
-2.076629076050417271e-06,-1.477992364072146787e-06
-2.142945099212189871e-06,-1.337835433325059929e-06
-2.206080574426118118e-06,-1.188241414378091366e-06
-2.047996999926201664e-06,-9.873176825086365466e-07
-1.818757939313568689e-06,-9.284065836807733293e-07
-1.579604198356646681e-06,-8.578566802688540351e-07
-1.338060898573903554e-06,-7.787054323376283543e-07
-1.099775346029590008e-06,-6.928406090032075957e-07
-8.705849219881619915e-07,-6.020968747254186179e-07
-6.564128419547454373e-07,-5.083355683070629176e-07
-4.632302390418821459e-07,-4.134350476886741633e-07
-2.970563208036333408e-07,-3.192840281119497352e-07
-1.639199804905057501e-07,-2.277411080747559207e-07
-6.977897710455039003e-08,-1.402898452896204049e-07
-5.041378951052539160e-08,6.111235338552297780e-08
3.968558869289426217e-08,-1.859746189590033311e-07
2.082263022744017875e-07,9.433799962344979014e-08
2.547956031174115413e-07,-3.207669482751164200e-08
-8.698204622237409979e-08,-3.830390497554932483e-08
-1.162591289859590793e-06,1.527949063080987159e-06
1.979459489240116652e-06,-6.362652312640536582e-07
2.054052428932169122e-08,-2.399286196074548592e-06
-2.134669699672267561e-06,-7.378663413771819093e-07
1.175999499138831272e-06,1.416728574286194456e-06
1.530037612590071819e-07,2.366075254338636239e-08
-6.892083098329104057e-09,1.047930425758721088e-08
1.382105293679869411e-06,1.700768659052743056e-06
-1.380607377728909690e-06,1.828730604164438965e-06
2.426477529580137554e-08,-1.933852794475007070e-06
-1.669773946694734117e-06,-5.802588726951253905e-07
3.309745128037638713e-07,2.613197511768073910e-07
3.559739807470551888e-08,-5.104011203332006897e-07
-3.463937575434395472e-07,-1.298318464890514307e-07
-1.833558880509900946e-07,2.304902851232789977e-07
4.651132916885857869e-07,-1.096815725034444728e-07
9.392411587839405899e-07,1.092431919245359791e-06
1.569813235085903787e-06,-4.946897540486827941e-07
-1.185571080640267382e-06,-4.164573603616999732e-07
5.024659385939533275e-07,4.949955943250432063e-07
-7.286347768513644032e-07,-2.611769267136780715e-07
2.804329003128528252e-08,-1.433341703097237138e-06
7.098089435294054439e-07,7.783439328725918913e-07
3.182478612807428672e-08,-9.429110878022742339e-07
1.157957586541171526e-06,-3.525185032510374363e-07
7.780704824604542899e-07,-2.203948618715381477e-07
-3.815127439987209083e-07,4.902634094061153750e-07
-8.927135457711336597e-07,1.168946711801802317e-06
-6.250211998704111387e-07,8.127922617926448132e-07
1.916051809113383307e-07,-3.469815167401639279e-09
-8.602406441151129082e-09,-6.295114999405045930e-09
4.608268560467809231e-08,-6.810681321520133205e-08
2.293701471233920954e-06,-7.490015869901582015e-07
-2.467380162026425007e-06,-8.576397904822648538e-07
2.013112821655966476e-07,9.536500977901639368e-09
-1.712847873467913522e-08,1.005763467522768186e-08
-1.888099749846255386e-06,-2.028146648317391216e-06
1.648429677892372230e-06,-2.039305333396116095e-06
2.102770543768426106e-08,-2.725048676358069336e-06
1.844356589582149910e-06,-1.791504481867890257e-06
-2.057070974855551686e-06,-1.819019939623472665e-06
-1.573750340933652213e-08,-2.277050875534224734e-08
1.739072293659709415e-07,-2.438120793450190205e-08
-1.713743388339775461e-06,-2.196667275381593905e-06
1.455001057866634522e-06,-2.232628030697057560e-06
2.028665612078049359e-06,-1.492244861958545554e-06
-2.216480570803329338e-06,-1.563710241992145724e-06
6.223838449883897351e-10,2.636823836805242011e-08
8.301089198719961821e-08,4.395818281556365567e-08
-1.753223538573420177e-06,1.564858747638148487e-06
1.719575726395586678e-06,1.456286284597489357e-06
-1.537748863166966519e-06,-2.334413875704701850e-06
1.277654277781527137e-06,-2.378781847096983472e-06
2.179531152124709911e-06,-1.188034119643140990e-06
-2.351839583894221779e-06,-1.291982320676129549e-06
-1.976597102738418892e-06,1.344083333656582429e-06
1.909189568373177868e-06,1.263923757535133580e-06
-1.368276109856957991e-06,-2.443333682283642076e-06
1.127884386686270263e-06,-2.482382623421301387e-06
1.129547251674626386e-07,-4.316591679267524039e-08
-3.976300663704323288e-09,-3.537603536325882753e-08
-1.905626081400756165e-08,-3.394820428685834794e-08
2.008405304598152044e-07,-5.062347812172201815e-11
1.977341965060068801e-07,-1.697156141772635883e-10
-1.853629804968846846e-08,6.741761488657007250e-09
-1.736049983969765006e-08,5.993177163255985905e-09
-2.199261786152545904e-06,1.095636120825609886e-06
-2.283782769962988071e-06,9.818335394640773587e-07
2.161439637625374448e-06,9.586957700241755215e-07
2.092559788803657995e-06,1.053972567324652590e-06
-1.165945387108773566e-06,-2.556143954868915158e-06
-1.063136963597829472e-06,-2.601187337740088568e-06
9.709541180069707683e-07,-2.577317193652416415e-06
8.962404448533760127e-07,-2.613371687235114469e-06
-2.359210515999653808e-06,8.611150469499542795e-07
-2.422455884086727862e-06,7.549730843580513688e-07
2.222843903103428058e-06,8.575932263118518499e-07
2.274560273140246201e-06,7.683472939082614074e-07
-9.449092849116929598e-07,-2.641726355674311962e-06
-8.291011072917898519e-07,-2.678544406754221215e-06
8.119209885687630540e-07,-2.645744890820689299e-06
7.295128805001683931e-07,-2.675360359753351660e-06
-1.641604240418949428e-08,-2.960592039593425342e-08
-2.101117666442031781e-06,1.223571686391294300e-06
2.012341250524185612e-06,1.161563486622092892e-06
-1.272140821001048648e-06,-2.507129635589174231e-06
1.051016151694189251e-06,-2.537115693730301951e-06
-2.476954801289171973e-06,6.451920710932915908e-07
-2.521494583044616465e-06,5.496340545380826238e-07
2.319399012284633133e-06,6.752926596576181337e-07
2.356483893866333575e-06,5.933376425216545189e-07
-6.958785167240902161e-07,-2.709716972514533785e-06
-5.645696654018882630e-07,-2.736825268237327584e-06
6.331316504654106789e-07,-2.701566808878050002e-06
5.349078498244946142e-07,-2.725557293583203555e-06
-1.811641337048603129e-08,5.049955328195254737e-09
2.020153130073562925e-07,1.873113908582390070e-09
1.102650712103557592e-06,1.926087828116588546e-06
9.695561624077726808e-07,2.002324332910150074e-06
-9.884706218718238935e-07,2.104114216219964934e-06
-1.102538331811808717e-06,2.041821605880638133e-06
-2.558511025561896899e-06,4.522438502929124318e-07
-2.588024982248914001e-06,3.673870189329786196e-07
2.387715566737860517e-06,5.084933171408795631e-07
2.413095153615775928e-06,4.331565435238861212e-07
-4.142150913779799753e-07,-2.756542460815889732e-06
-2.653884589226982293e-07,-2.771483792372690397e-06
2.913905802733299653e-07,-2.761895651568045046e-06
4.167115521537980972e-07,-2.745222701354247461e-06
1.905518862307562673e-07,9.537846387098931127e-10
-2.174963303174411647e-08,2.895352548796943473e-09
8.288214344738856518e-07,2.070752452340070637e-06
7.025403122737408884e-07,2.127194148575519597e-06
-7.770403875254040578e-07,2.196675498808877847e-06
-8.746252916349770927e-07,2.156136452693914037e-06
-2.611563076323149854e-06,2.806867034468371554e-07
-2.629785115229177158e-06,2.036147277908969532e-07
2.450076088070140816e-06,2.829809866583786327e-07
2.433725625803335557e-06,3.545067407415128078e-07
5.712019056101818437e-07,2.176103270668202283e-06
4.543895416743039343e-07,2.214908173050530666e-06
-5.916330979406176693e-07,2.255562847834888678e-06
-6.783716807998048371e-07,2.229976074439329374e-06
-2.643298289574736630e-06,1.227234890992368781e-07
-2.652931535889552925e-06,4.761211819585591553e-08
2.462453959366162700e-06,2.062384296777846914e-07
2.471478365032876046e-06,1.335884450625377042e-07
1.252827878424437418e-06,1.836460658760200979e-06
-1.245973213304661381e-06,1.963140947742597473e-06
3.344924732380713123e-07,2.246956575148810098e-06
2.284953637665876628e-07,2.270871342974288374e-06
-4.199759413593616944e-07,2.290940305393560670e-06
-5.017399066235285023e-07,2.275975716296814215e-06
-2.658236150328537262e-06,-3.520650520531039362e-08
-2.659939545074930147e-06,-1.166188211553775329e-07
2.476538774893429778e-06,5.231891260014629394e-08
2.478229139293174809e-06,-2.828286553106318734e-08
-1.662627399250505290e-08,-2.158279286453320577e-08
-1.238667467546953133e-08,-2.519246319681152342e-08
1.896797138579673547e-07,-2.027784340140492429e-08
1.888342162302463966e-07,-1.827979557076799957e-08
5.983581485062541501e-09,3.404156541148818060e-08
3.337128188327924243e-08,4.433709795679046712e-08
1.204633090962387393e-07,2.289043888226610096e-06
2.495849855199167901e-08,2.300915823486946723e-06
-2.502714767600609122e-07,2.308040456022399336e-06
-3.325425096533709152e-07,2.301703451280531220e-06
-2.656254224157498844e-06,-2.112974837571221415e-07
-2.647791039967858470e-06,-3.089234572922791306e-07
2.474758158235029251e-06,-1.222987908224592589e-07
2.466709855140644627e-06,-2.191008198705181297e-07
2.427730666755066903e-06,-4.574678156591923214e-07
2.450696595156236634e-06,-3.352818216534639589e-07
-2.630972738414906264e-06,-4.266476975467630854e-07
-2.606799744900837427e-06,-5.512597418450239847e-07
-7.264631691493623910e-08,2.308000205481898613e-06
-1.598273254324456105e-07,2.310173888848943074e-06
2.394391748058823080e-06,-6.156200085135457317e-07
-2.571964536050204278e-06,-7.161117277254123462e-07
-4.256522883427917634e-09,-9.274008883998176544e-09
-1.179085721215178312e-08,-3.143366869413164395e-08
1.934490258552838277e-07,-2.524316360077838588e-08
1.839006943938184945e-07,-7.349104746028823804e-09
1.327920710980669153e-07,-2.663306135875582510e-06
1.928312593956726489e-07,-2.822671177718083236e-06
-1.593488086355531441e-07,-2.832456118415754945e-06
-9.282380475400290999e-08,-2.662655493227880825e-06
-2.598902916987396261e-06,-8.537809986358224031e-07
-2.444386460881886510e-06,-7.161514075407872709e-07
2.270227139463209885e-06,-6.154949842696716677e-07
2.422034453147024799e-06,-7.468530757497005285e-07
-3.161579029214858336e-10,4.090298456348084692e-08
5.381029532114574277e-10,1.383995257431414108e-08
4.581793569191336462e-08,2.316013952535361523e-08
6.958911774305335602e-08,6.425882321277071883e-08
1.921201424359403771e-08,-2.838120401007843715e-06
1.750553762198431818e-07,-8.975358532168745742e-09
1.895468027429911951e-07,-3.073000781371668981e-08
-2.164262066763089781e-08,-2.940546329187155888e-08
-8.974195634955348359e-09,-1.163247245761650579e-08
-3.685073223713862948e-09,-6.672889904826609493e-10
1.879354160087211260e-07,1.167421949435924952e-09
-9.482728195740076749e-09,-1.374650643684453901e-08
-2.043349917369077156e-08,-3.584240235032075018e-08
1.746028375663632957e-07,-4.413198953684691525e-08
1.489898504564341571e-07,-3.146196159711006429e-08
1.483539746300385822e-07,-5.771453105981095223e-08
-2.350332976592468973e-08,7.128841622160520634e-09
-9.559800564174156056e-09,3.362993473655155343e-09
1.992708796940693279e-07,2.573764270935606836e-09
2.041866097622377081e-07,5.235257188187790036e-09
1.864834266780156222e-07,1.694510882447106852e-08
1.640246081190207771e-07,3.005779619781978660e-09
-7.049854813469247739e-09,1.760846972645336958e-09
-2.611662900035211331e-08,5.363930223044460426e-09
1.569434643391804407e-07,-1.405947719574670705e-08
1.244788820116252174e-07,-1.909195616869800573e-08
-2.437354178918736575e-06,-1.123555093997148545e-06
-2.365425991343173058e-06,-9.473257328154875106e-07
-2.536471368208640825e-06,-1.038301899142503003e-06
2.267565437367940511e-06,-1.009874458235549011e-06
2.364702036017076786e-06,-9.255156726722344259e-07
2.194771893377720939e-06,-8.333282718908591595e-07
1.118679171225369970e-06,-2.551859841886919716e-06
1.059927034964445931e-06,-2.468307306869608254e-06
-1.283788398383529473e-06,-2.424177772431957009e-06
-1.357014092150878982e-06,-2.525887964527100339e-06
2.013805712953427552e-06,1.268538303825999360e-06
1.909795923098810254e-06,1.156266871231043108e-06
-1.978341471188225922e-06,1.217631478580963216e-06
-2.101580267458336322e-06,1.349328337266740551e-06
-1.385258239698850802e-06,1.962041533711557453e-06
-1.238379802683798977e-06,1.834124624377260329e-06
1.245575041325319492e-06,1.704394328451816593e-06
1.388061330988647337e-06,1.833811565673049462e-06
-2.478690470857878390e-06,-1.254377850192828238e-06
-2.308396062624775849e-06,-1.163549039011086465e-06
2.136275083243902416e-06,-1.051124153288912385e-06
2.310921394701295500e-06,-1.146996349077783861e-06
1.174831646411785763e-07,-6.941637825979683599e-08
-1.593477419128646524e-06,1.717900519077624826e-06
-1.429875635132989981e-06,1.691983114954947917e-06
-1.544095992942177441e-06,1.853158408443597508e-06
1.578966597105240774e-06,1.596075484422597508e-06
1.535106124897107743e-06,1.724294513411501367e-06
1.427322806147064838e-06,1.571182446622181431e-06
1.597808844217380922e-06,1.450561002461794867e-06
1.702525901648909446e-06,1.599405842320927130e-06
-1.731995835870024734e-06,1.722150697871807165e-06
-1.615696415955919735e-06,1.559463422568431253e-06
-4.022873797643030732e-08,-2.575994268660412264e-07
-1.520775923668387422e-08,-1.262013220138044497e-07
-3.677285675799856947e-08,1.242240330326542071e-07
-7.770175579946839895e-09,5.571908701490619379e-08
2.767710887358693347e-07,9.996418144833017389e-08
2.169665446129836092e-07,4.339882953921438352e-08
2.832812529021644903e-07,-9.809454164107148151e-08
2.160156579176727621e-07,-4.937412867671793851e-08
-1.594329211173415126e-07,2.819054484967554381e-09
-6.075966257028638640e-08,1.112875727080998102e-08
-5.477361074231924633e-08,1.974050122378083152e-08
-1.191962933045280197e-07,6.696467221370688153e-08
9.538736163860355491e-08,-1.339211500881055218e-07
1.175878692306037356e-07,-2.564188352039886932e-07
2.334212322488636308e-07,9.575476119521453463e-09
3.132144727188041296e-07,1.178382073797367958e-09
1.578432520249750909e-07,8.954799148111453801e-08
1.923143626527341245e-07,1.613231950373747074e-07
-3.888595070990723891e-08,-5.954342862755752891e-08
-1.220115243492214550e-07,-1.176495366631750053e-07
-1.774281447920507898e-09,6.583270893039837248e-09
1.286084174453236146e-07,1.452865962215839806e-08
-1.198825273037460192e-06,1.365436660796895251e-06
-1.323053764483271975e-06,1.540902424280884006e-06
-1.980425118378203154e-06,-8.289196546964581792e-07
-2.200244729079115911e-06,-8.922414196945778297e-07
1.497199454058828679e-07,-2.286768643359034115e-06
1.367988389763984373e-07,-2.504298958705430774e-06
1.915307990435928554e-06,-4.843708024143038651e-07
2.115386097124605715e-06,-5.587743947434509006e-07
1.023238302451294314e-06,1.403464534685659491e-06
1.142586048486408750e-06,1.562900043780977026e-06
2.038292193689018511e-06,-7.795146374034218437e-07
1.841655883122788050e-06,-7.180844371934123867e-07
-1.129516657023306021e-06,1.686253932676841394e-06
-9.926649374039102136e-07,1.512852809551193743e-06
-9.725302464329277570e-08,-2.502388069570520087e-06
-1.069706019527887105e-07,-2.287636055449403440e-06
-2.281848036950072901e-06,-6.544014704891593785e-07
-2.062811600684522173e-06,-5.698401423293734846e-07
1.325141294140796889e-06,1.429603390794153585e-06
1.210307008241722334e-06,1.267907903180795734e-06
-2.564832013991138786e-10,1.093812317100715704e-08
9.071857357310972444e-08,2.026091587806874856e-08
-8.820625358277106261e-08,2.201088557599519575e-07
-1.075353614822299941e-07,1.328666872398108537e-07
-2.009600678660215192e-07,1.407811907348041749e-07
-6.241812962627480165e-08,-4.201055356894437617e-07
3.764094417852660118e-08,-3.315138460419458759e-07
1.355625805468402549e-07,-4.188860100132933809e-07
3.828708751997047835e-07,-1.549298340924643714e-07
3.448866407784751073e-07,-6.598052112993199192e-08
4.243896359548351513e-07,-1.983800376980417863e-08
3.494749619932339194e-07,1.755906515908215529e-07
2.626770170298003651e-07,1.686018034194687579e-07
2.428311132843705849e-07,2.525590113260351496e-07
-2.964364654138132490e-07,-2.131022858549107039e-08
-1.983344924445014162e-07,-7.804476888956685283e-08
-2.449820642723392874e-07,-1.854614600604118687e-07
1.744026655675694934e-07,5.100306565051118645e-08
1.370863596932886251e-07,5.089447237622677363e-08
-1.988448652039572865e-08,2.625176414294916458e-08
3.497543331025582413e-10,2.780943791802276342e-08
-5.846414553466531637e-09,3.903327160607220226e-09
-1.303783149354283448e-08,8.386542445679178879e-09
1.965035939660620965e-07,9.174389452314799625e-09
1.934804558735075366e-07,5.101959110234462684e-09
-1.875920977824708205e-06,-1.934010498992576711e-06
-1.957348914241392603e-06,-1.826988958915357386e-06
-1.970303499269112632e-06,-1.926489358239426397e-06
1.634928043410240699e-06,-1.929463319879611889e-06
1.743328820300386512e-06,-1.919238680780841030e-06
1.728916975268821719e-06,-1.802173970861176596e-06
-1.797732150955167194e-06,-2.025627859201110268e-06
-1.798980769726918662e-06,-2.114296704936591152e-06
-1.712634137278389424e-06,-2.111839043851058590e-06
1.546658741873701031e-06,-2.037880336726083666e-06
1.453877642666060297e-06,-2.138453558197776929e-06
1.547880952396144366e-06,-2.139548786262223356e-06
1.817519142907777859e-06,-1.670516379181960623e-06
1.934662507400533428e-06,-1.645020771048988773e-06
1.906615586333010035e-06,-1.518605958900400648e-06
-2.033210319562869618e-06,-1.715797835474702707e-06
-2.109280237283955578e-06,-1.585681523651259401e-06
-2.134667620404253183e-06,-1.694970323851551124e-06
-2.277428139310529708e-08,1.075466979675998977e-08
-2.687606070429423180e-08,1.767452960980193811e-08
2.031461609867637203e-07,1.062505960204033361e-08
2.068559403053078149e-07,1.619259089472396918e-08
-1.632152351458925063e-06,-2.186941580835491522e-06
-1.624714403184887101e-06,-2.266423006197878583e-06
-1.545117782821493166e-06,-2.256808926343900583e-06
1.370088583142232717e-06,-2.223790108309802199e-06
1.284579730667516072e-06,-2.300542922251540294e-06
1.362630606322322448e-06,-2.308520411738309529e-06
1.989911060897408210e-06,-1.367285179999993907e-06
2.103625584243403513e-06,-1.341350745375525420e-06
2.064440308451714817e-06,-1.214149411434410307e-06
-2.180861146528666756e-06,-1.453199286832814090e-06
-2.245596311308722336e-06,-1.315016565246433608e-06
-2.282869693825638858e-06,-1.430961776590443778e-06
-1.460428468390147991e-06,-2.318667235817838870e-06
-1.453130799609019789e-06,-2.388914950072970120e-06
-1.375653650269776836e-06,-2.372944013837393782e-06
1.206626059516262767e-06,-2.365462518694712954e-06
1.133885672214212059e-06,-2.419646411851659860e-06
1.200254092952044583e-06,-2.432205092439571589e-06
1.715354789396024245e-06,1.349495072692620401e-06
1.813097540552826243e-06,1.256379917672937654e-06
1.816966503331607540e-06,1.357373728829456281e-06
-1.749420677734948120e-06,1.444086778829420348e-06
-1.866873007901463592e-06,1.452510067743659835e-06
-1.863370583532759093e-06,1.335742333500581345e-06
1.711243185318716557e-06,-4.108373407818449515e-07
1.776913975114568049e-06,-5.661990189329174417e-07
1.635834732494208008e-06,-6.500422960349083785e-07
-1.065837459990526960e-06,1.184416814406225829e-06
-1.028749811739290303e-06,1.349954138421130875e-06
-8.556495170842737006e-07,1.334668427414930138e-06
1.598545242325188207e-07,-2.053813047561447035e-06
2.234196671552281194e-08,-2.173560959735173962e-06
-1.132367247938386576e-07,-2.054841785978494643e-06
-1.745800937540706010e-06,-7.562974951233032031e-07
-1.907376818172450107e-06,-6.607135085872597593e-07
-1.832208553055884069e-06,-4.848479945230614065e-07
9.046698552045626031e-07,1.241376443911745077e-06
1.057612317344964907e-06,1.254586958977363302e-06
1.092075453717244516e-06,1.105529569839910934e-06
1.278151583284253794e-06,-2.454027023100208669e-06
1.200981784446780880e-06,-2.503088530658137735e-06
-1.538527238282480710e-06,-2.413302307068905966e-06
-1.453938247995914554e-06,-2.467827400089790345e-06
1.824696445955009739e-06,1.482727774544083317e-06
1.916700191105825923e-06,1.382518076495552209e-06
-1.874222775619700016e-06,1.594436599404200549e-06
-1.983876703548185382e-06,1.481131077146449103e-06
1.281737540337522471e-06,1.562233125663966721e-06
-1.276309476739994694e-06,1.684365209921315221e-06
-2.329659447413998229e-06,-1.547347530991887263e-06
-2.400824902459122213e-06,-1.413713425843512898e-06
2.154776942052551724e-06,-1.472331156750818065e-06
2.231472274676829458e-06,-1.321026328369158914e-06
1.459597939267321701e-06,-2.320623409104191367e-06
1.367195317313209987e-06,-2.390203851004684617e-06
-1.718626986326855195e-06,-2.279095465980289739e-06
-1.629605225386812030e-06,-2.346945894151483971e-06
1.046138779552282277e-07,6.196641371249857497e-08
1.181790711042700686e-07,3.559307804305783945e-08
2.931176994784408668e-10,1.959431003535805648e-08
2.569722564247653016e-09,3.712836438880343248e-08
-2.161554593140605895e-06,-1.808704515018169819e-06
-2.244680232380501336e-06,-1.683795760499131265e-06
1.964863997893010081e-06,-1.778039170416234279e-06
2.059994201736165021e-06,-1.630744254128091633e-06
1.657654155849948284e-06,-2.143134698474510553e-06
1.556761653064695727e-06,-2.236194814078776083e-06
-1.896933136174886390e-06,-2.118663508090525284e-06
-1.807657011789808763e-06,-2.201053677722312405e-06
-9.295970229426638765e-07,1.003633811347122944e-06
-7.929941905581912856e-07,8.272843880709373313e-07
-7.572103991547694965e-07,9.885508254434348465e-07
-7.201103195912146505e-07,1.153564285591720482e-06
-5.887538620857751171e-07,9.733822155145875896e-07
1.094986905349802303e-06,-2.054950103254898119e-07
9.024102161109703503e-07,-1.467432594406787829e-07
9.618505556254401833e-07,-2.844963427663224121e-07
1.023845505885518789e-06,-4.312109538973538221e-07
8.361077942836892595e-07,-3.577000992911340867e-07
7.884985363191537920e-07,1.079318764713268097e-06
6.766421815451896064e-07,9.199911116672792430e-07
8.226690892735896019e-07,9.327920646149775772e-07
9.731123527642790643e-07,9.454884740446911536e-07
8.553566617985805603e-07,7.904773045490378981e-07
-8.060911938645388421e-08,-6.127088524969226815e-07
-9.498579468175403689e-08,-8.292692543108801572e-07
3.371053666992290506e-08,-7.163275872296532284e-07
-4.661336801337494810e-07,-5.986520057610853059e-08
-6.623568462707226921e-07,-1.109119972233402045e-07
-5.251829756092105939e-07,-1.915390874012823121e-07
1.499207667842376116e-07,-6.117428620180230112e-07
1.605250730361551943e-07,-8.283106368156450970e-07
-4.027493695700186211e-07,-2.606327440485520606e-07
-5.893596135259684475e-07,-3.411280490373277905e-07
1.222573810961089558e-06,-5.053435256300654308e-07
-4.088090856314855966e-07,3.620343933191581705e-07
-5.298584043956592428e-07,5.028401868409785224e-07
-1.162889851985140976e-07,-1.559815241765595595e-06
-1.127356622387117674e-07,-1.308884631442914291e-06
7.235044812196679256e-07,-9.524279627621364808e-08
3.847087573010855367e-07,4.841451904271013019e-07
4.730502687515591887e-07,6.199418046510086755e-07
-1.350194225743609294e-06,-3.193388023048367763e-07
-1.110328726110228422e-06,-2.426079939954204658e-07
2.993407279790598760e-08,-1.183935165037810687e-06
-1.056652064892658111e-07,-1.063376888877001262e-06
3.074700311799035971e-07,3.609451981154167200e-07
-6.588227672743907625e-07,6.591223545559342506e-07
6.024886167932417487e-07,6.316056918957454038e-07
5.709143594335477837e-07,7.660275355107644566e-07
-9.507480104570662255e-07,-3.367945202961780651e-07
-8.790771803505840735e-07,-1.724813017150295074e-07
-2.983134112084815572e-07,2.402019845625762456e-07
-1.592793654772186447e-06,-4.007282585465441938e-07
-4.988934815511688556e-07,6.454659076604107285e-07
1.427969945299443783e-06,-5.787222200186068683e-07
5.626770417277457933e-07,-5.245322285969813912e-08
-1.164204197721060580e-07,-1.810349348700426075e-06
1.674242664099706330e-07,-1.062411113626722599e-06
-7.987889922528589928e-07,-4.250052373558915857e-07
7.407282447923081856e-07,6.430126351864141787e-07
4.337824003476392965e-07,2.696338923088742133e-07
1.707127503472960231e-07,-1.307918667538440908e-06
-1.590237621979398128e-07,3.389779199691506968e-07
-1.025053402609704787e-06,-5.103475340938550245e-07
-1.504388278657575381e-06,-6.778448608085638749e-07
-4.643406321080924193e-07,7.980934723694921464e-07
1.668367784485957319e-07,-1.809381776765113165e-06
6.310808121153297209e-07,5.055188732030861326e-07
1.503754050782488060e-06,-3.389720387289830292e-07
5.111715181897006434e-07,-2.181368594732159807e-07
-2.754892709625690216e-07,3.507741242385236191e-07
4.114251106455042431e-07,3.708289606662390374e-07
1.704848809795064078e-07,-1.558851499309515736e-06
-1.262214307922702296e-06,-5.952545100058193163e-07
5.281954690138111434e-07,3.803182314171478402e-07
-3.495377679309240877e-07,6.314908157563487964e-07
1.296876015722342657e-06,-2.700510298044037245e-07
1.362045185740524220e-06,-4.230454797390523710e-07
6.637412365918517483e-07,-2.862053378856753240e-07
-1.427198748300294759e-06,-4.982437533282548622e-07
-2.469299882253619675e-07,4.772587946609371546e-07
2.615426215931434866e-08,-1.685228225707763979e-06
6.110105846066827072e-07,-1.616421156587907333e-07
-1.985835660271312573e-06,-2.024722558739631872e-06
-2.073213900600448878e-06,-1.922606932783894023e-06
1.760411293722523449e-06,-2.033955874407686432e-06
1.862268802295469928e-06,-1.913263182070728968e-06
6.565931412141733566e-08,-2.312860662998330057e-08
2.103535276244606775e-07,-1.321400059040742493e-08
-3.198835835214622189e-08,-1.688304713478283540e-08
2.142533651830966867e-06,-6.951739551539094837e-07
-2.310892483821381953e-06,-8.015095940520584776e-07
4.673530115943212924e-08,-1.115221393608776979e-07
-9.265058465074981381e-10,-7.011698690455178558e-08
8.933076365675757849e-08,-8.401165276613009718e-08
2.062843670446291707e-08,-2.572586721161211704e-06
8.192391595238649060e-08,-5.554972558948715281e-08
2.747875250950451330e-08,-3.399321511316894643e-08
