Size 955,2
0.000000000000000000e+00,0.000000000000000000e+00
0.000000000000000000e+00,0.000000000000000000e+00
3.001410217874665736e-09,-1.465646096570320331e-06
-1.875744789092389571e-08,3.794229380013242390e-07
2.743502895944745043e-08,-2.117997739792682844e-08
2.321719366182327472e-08,-1.690507309622252089e-08
1.998822886320866921e-08,-1.441032353295014580e-06
8.958741798836553760e-07,-4.122783333649448579e-07
2.243890942927872369e-08,1.241549877944178001e-11
1.704354429887316389e-08,9.758111298027679154e-10
9.295091322790430842e-07,-3.504277736780838781e-07
2.610103856836213919e-07,1.611713432519877833e-07
1.093960792306936230e-08,8.860553891670514338e-10
-2.330846195687045647e-09,-1.427482531217263704e-09
1.705261160524016652e-07,2.375096389784133667e-07
-1.742699644508888329e-07,2.526482242228524019e-07
-2.884603629631411199e-09,1.120061908829146715e-09
-7.968448123263459978e-09,7.467534954603504009e-10
-2.646829954150459028e-07,1.755470433733890645e-07
-9.529173367358640123e-07,-3.622910033831660300e-07
-7.989911633815279783e-09,-1.764584468491225850e-08
-1.530208901797373364e-08,-2.045357936823034912e-08
-9.199278827842002542e-07,-4.229641304140205162e-07
-1.398639195163998847e-08,-1.440681786693654154e-06
1.457938807668267753e-08,0.000000000000000000e+00
1.796231335487022646e-08,0.000000000000000000e+00
1.611110062132467991e-08,0.000000000000000000e+00
1.429197710328592122e-08,0.000000000000000000e+00
1.028393529899417537e-08,0.000000000000000000e+00
0.000000000000000000e+00,0.000000000000000000e+00
0.000000000000000000e+00,0.000000000000000000e+00
0.000000000000000000e+00,0.000000000000000000e+00
0.000000000000000000e+00,0.000000000000000000e+00
0.000000000000000000e+00,0.000000000000000000e+00
1.939093501872149660e-08,-1.462742957782391271e-06
3.081998199010101868e-08,-1.458588828172674466e-06
3.830313395700249528e-08,-1.456231704900404438e-06
4.585517681740188106e-08,-1.454949386430305057e-06
5.527570410749761612e-08,-1.454219477620783264e-06
6.823240266126533498e-08,-1.453273991272371823e-06
8.607088788006861256e-08,-1.451087655892121328e-06
1.097998654700512235e-07,-1.446608390841452262e-06
1.400221820595551842e-07,-1.438546206584575317e-06
1.769534016474562967e-07,-1.425887193575165229e-06
2.206278799166237116e-07,-1.407357337202105660e-06
2.712631971621567402e-07,-1.381901728094799479e-06
3.300065046769713886e-07,-1.349964276824620667e-06
3.940089518595183970e-07,-1.309115624615594979e-06
4.650161387118277324e-07,-1.256190971189867838e-06
5.374969824519857800e-07,-1.194154779839247133e-06
6.124191032243996768e-07,-1.121005706970935966e-06
6.848550996126758339e-07,-1.039530143672668179e-06
7.534227316202961368e-07,-9.506531762252948151e-07
8.162354621981965094e-07,-8.569878767939955268e-07
8.710842364253680901e-07,-7.611218232233965465e-07
9.161204690252815323e-07,-6.662105504335443027e-07
9.493644072703669057e-07,-5.760806340107099155e-07
9.696301809724069514e-07,-4.953313980459651078e-07
9.753691677294921711e-07,-4.309509775036893875e-07
9.717781345413286365e-07,-3.833452214725472704e-07
9.590561063240196121e-07,-3.565645776733180747e-07
9.418263191967804691e-07,-3.530074845348836123e-07
9.257164752919159606e-07,-3.692609411672617280e-07
9.128821062833799238e-07,-3.980282534952971031e-07
9.045150108148372315e-07,-4.343878992286901766e-07
9.011931281907528814e-07,-4.735834529013862158e-07
9.027120059376632313e-07,-5.112600854037923891e-07
9.082593607455020883e-07,-5.436017967907508114e-07
9.165111839991833009e-07,-5.674475537676738810e-07
9.258247055553227764e-07,-5.803393573874025001e-07
9.342105278977414794e-07,-5.806118709491545907e-07
9.398118309382443307e-07,-5.673564729927951743e-07
9.405101399631306417e-07,-5.404466759431495421e-07
9.348160176578397806e-07,-5.004727315886041359e-07
9.210101082394446547e-07,-4.483396074293868953e-07
8.979501806051389011e-07,-3.848462669026256942e-07
8.668047552875070134e-07,-3.099248184795907619e-07
8.243717768070812616e-07,-2.283192121463577866e-07
7.686105501231703249e-07,-1.392405011815027351e-07
7.027520823966239169e-07,-5.025867111262840723e-08
6.274221498634755536e-07,3.756887156333636669e-08
5.449927927340461388e-07,1.190898776297850173e-07
4.605739868540630106e-07,1.900321262922732690e-07
3.756257698242808884e-07,2.487704742692575290e-07
3.012043054997008632e-07,2.907945800219128112e-07
2.339893391439595795e-07,3.239398910943359678e-07
1.785239430462761588e-07,3.455184946499719788e-07
1.316559331704979050e-07,3.601223086509250529e-07
9.504029863338031305e-08,3.709330962715338890e-07
6.558002597554943837e-08,3.777655568923154346e-07
4.190302741366002776e-08,3.815979748056564318e-07
2.320970298430438883e-08,3.833553725786615760e-07
8.916349682249730621e-09,3.836015201747891946e-07
-1.601782214184539986e-09,3.829822139047545761e-07
-8.976894437584851334e-09,3.819125737540517844e-07
-1.385374806872182474e-08,3.807969747586796851e-07
-1.689040086239363447e-08,3.798990490393378496e-07
-2.014413109803101106e-08,3.794599904763622781e-07
-2.175674528231711594e-08,3.800167835177383683e-07
-2.432813076783928052e-08,3.810147450699334247e-07
-2.862818010593978495e-08,3.822858138264205818e-07
-3.545836457569272135e-08,3.835090770783929104e-07
-4.564552670871156536e-08,3.843016850412645778e-07
-6.003429381135271422e-08,3.840272843800485157e-07
-7.944581152293114060e-08,3.820763400006189184e-07
-1.049390888750661635e-07,3.774406316812495772e-07
-1.381854527649454372e-07,3.690004127371872739e-07
-1.827973167924923109e-07,3.568744409746510649e-07
-2.372031648806907767e-07,3.375292081718169453e-07
-3.049255186346765584e-07,3.054811315097477426e-07
-3.803477663153272685e-07,2.638247608933297544e-07
-4.669420405524289716e-07,2.046709543159119875e-07
-5.532344286140465892e-07,1.327769738431670688e-07
-6.378098680160297438e-07,4.967400152744349439e-08
-7.152405852371246456e-07,-4.011409516029748290e-08
-7.831498704618442113e-07,-1.313811150520751064e-07
-8.407704059709832661e-07,-2.229348180575304305e-07
-8.848309704976333265e-07,-3.070736417672339025e-07
-9.173415187276876278e-07,-3.845321420619282240e-07
-9.415526681250860675e-07,-4.504586337197143026e-07
-9.562647740017137273e-07,-5.048878151888371861e-07
-9.626295414026157377e-07,-5.469805738620794874e-07
-9.623900435204099234e-07,-5.757925205026025954e-07
-9.570562909971504362e-07,-5.907004192168300054e-07
-9.487812158371918702e-07,-5.918079667650173776e-07
-9.394516577436929560e-07,-5.800120941179317515e-07
-9.310927919701922469e-07,-5.569750053791693104e-07
-9.253788469546397892e-07,-5.251604256129138665e-07
-9.236640768439907914e-07,-4.877406511245675018e-07
-9.267881298799832619e-07,-4.485477284289267312e-07
-9.349770286703477416e-07,-4.119545984583099231e-07
-9.476743384578002660e-07,-3.827356260169676714e-07
-9.637026190663085496e-07,-3.658275383848154359e-07
-9.809306185176850454e-07,-3.685809145719931594e-07
-9.936932219426085291e-07,-3.944414449495387311e-07
-9.972084535680340790e-07,-4.408606340242162636e-07
-9.915097380177126418e-07,-5.033944284767036098e-07
-9.718568182564826551e-07,-5.815910916692996490e-07
-9.396558199638083095e-07,-6.689167777703662403e-07
-8.960215898582818022e-07,-7.609615330959839819e-07
-8.428317321051631838e-07,-8.540648514640650860e-07
-7.818242885236101313e-07,-9.452120336762815815e-07
-7.150799917818094931e-07,-1.031949028821205212e-06
-6.444087897192182554e-07,-1.111843119123447131e-06
-5.710485083337302490e-07,-1.183941775244504775e-06
-4.995518175065823180e-07,-1.245672047251162127e-06
-4.291011531805271770e-07,-1.298784216297371755e-06
-3.648120155416736517e-07,-1.340539108447123817e-06
-3.051220514406857228e-07,-1.373795212861524916e-06
-2.526977024066251097e-07,-1.400773635812747350e-06
-2.065240321085123459e-07,-1.421034964847525094e-06
-1.664493057118200241e-07,-1.435519643013259515e-06
-1.325022441531409257e-07,-1.445372979137698002e-06
-1.045595173161663232e-07,-1.451495184625831452e-06
-8.216088875571773420e-08,-1.455049244382118116e-06
-6.449365850119852548e-08,-1.456976063813300363e-06
-5.046108598598365477e-08,-1.458207701772323957e-06
-3.869558508920176224e-08,-1.459445574285171530e-06
-2.773896324559002566e-08,-1.461188851536364117e-06
-1.412282492277000809e-08,-1.464150383867482233e-06
2.528477811330043047e-08,-1.658104849147466826e-08
3.460829682739808462e-08,-3.712988888772397294e-08
5.616329324602232970e-08,-5.865321632515063528e-08
8.911251921844577451e-08,-8.246707653939527021e-08
1.287251306304567387e-07,-1.068824193513240028e-07
1.762192317975365923e-07,-1.327470005959759724e-07
2.282449677028939886e-07,-1.586559373753611396e-07
2.851320689026717328e-07,-1.851402333201641607e-07
3.445862358276666951e-07,-2.111890019292601294e-07
4.062267548876239667e-07,-2.370587363503092430e-07
4.687082236602141982e-07,-2.620892204028981722e-07
5.310472433825305993e-07,-2.862985863623844336e-07
5.927372615345672737e-07,-3.093422219531983620e-07
6.523038709450861634e-07,-3.310335161897454546e-07
7.099505970053570826e-07,-3.512946051710725377e-07
7.638286891757690644e-07,-3.698401682704613347e-07
8.151714652795629928e-07,-3.870307170305920762e-07
8.606568261622316441e-07,-4.007382047229555612e-07
8.555642464246270559e-07,-4.729766805481298081e-07
8.088138730043740994e-07,-5.485684581933451826e-07
7.557686644604884772e-07,-6.345701405682631038e-07
6.969291936938352516e-07,-7.261128324211979172e-07
6.334515272233484845e-07,-8.192231235981370265e-07
5.664113420209068364e-07,-9.108090781236305253e-07
4.987729901106923358e-07,-9.977002204277409952e-07
4.313119530843690933e-07,-1.079271082440405579e-06
3.677528733525582341e-07,-1.151324830910797336e-06
3.073917948088092598e-07,-1.215779184568104101e-06
2.547340251430740238e-07,-1.268960658036068840e-06
2.067848816690958363e-07,-1.314737493612037676e-06
1.664002465449367674e-07,-1.348802256406523972e-06
1.317892166172495374e-07,-1.376383590078328359e-06
1.035402481273864751e-07,-1.398072247643009838e-06
8.144993434287886118e-08,-1.414392070175694955e-06
6.490785520719261479e-08,-1.426270757867546728e-06
5.291682150212196078e-08,-1.434392041466289322e-06
4.409872808842582851e-08,-1.439503754596589662e-06
3.677220659550518956e-08,-1.442114009781484057e-06
2.889196108152267514e-08,-1.442567052928379536e-06
2.994581779339870871e-08,-1.413134442384777285e-06
4.001977669320377521e-08,-1.376554572345576356e-06
4.992378658564194355e-08,-1.325850225568560966e-06
5.931195018495911949e-08,-1.265888120830683012e-06
6.814812586136192501e-08,-1.193040691145130797e-06
7.598695890014506023e-08,-1.112199248662686753e-06
8.292297189850615492e-08,-1.020902505481238511e-06
8.837752307130874168e-08,-9.236659098907693294e-07
9.257673263996294815e-08,-8.195821411553631753e-07
9.481061556295425071e-08,-7.124154314375005828e-07
9.543670138739125646e-08,-6.031881408804780095e-07
9.361360396294401572e-08,-4.945368857756060035e-07
8.983013418403330069e-08,-3.897901001501406568e-07
8.311328787089741895e-08,-2.900815356617808302e-07
7.408624184256159916e-08,-2.014192829546281568e-07
6.164261543334417126e-08,-1.230383576952267141e-07
4.649349255550554425e-08,-6.414751332792391526e-08
1.962564646401809135e-08,3.121306301864252627e-10
1.229178703409043254e-08,-1.150058089415110958e-09
6.777424294580777995e-09,-7.148524233146755591e-09
-1.805759715125533860e-10,-1.745458340366387014e-08
-6.383194745757752967e-09,-2.992981569064776346e-08
-1.137978683034277640e-08,-4.279824951356023212e-08
-1.426556060694046791e-08,-5.526859563497721995e-08
-1.401046880074195448e-08,-6.497857039145809401e-08
-1.067486407043328198e-08,-7.229104064103316612e-08
-2.819183342684369179e-09,-7.445981487450626897e-08
8.705239495409385275e-09,-7.275541187865182755e-08
2.556839850227834064e-08,-6.429545744471063865e-08
4.630753931011185338e-08,-5.101148686586318654e-08
7.264305503070339425e-08,-3.013019663977911461e-08
1.026685697452698160e-07,-4.005897241471835655e-09
1.380167035147336293e-07,2.976733779215767559e-08
1.767318334019962784e-07,6.887243755018361350e-08
2.189290829282635070e-07,1.148206997821615786e-07
3.322112825727888516e-07,8.722966293309719797e-08
4.087331023179138162e-07,9.085609269931146596e-09
4.880897194720148388e-07,-7.520989881352015194e-08
5.666333595256950053e-07,-1.609273195904782230e-07
6.395867494876229821e-07,-2.445599616095565981e-07
7.069439819133045316e-07,-3.242242281681363166e-07
7.639187142428807893e-07,-3.940534982755304952e-07
8.140395910944773146e-07,-4.561404706784620264e-07
8.510319059090992795e-07,-5.054655593615925117e-07
8.808487809868277126e-07,-5.436316737643008955e-07
9.041557087507069968e-07,-5.689008706323503803e-07
9.215306375174665641e-07,-5.806472152390905710e-07
9.342631769897037186e-07,-5.789957085686534299e-07
9.433157768492782026e-07,-5.648258840066934207e-07
9.498358459188387918e-07,-5.398602667722879842e-07
9.545872344615596864e-07,-5.065969305276417350e-07
9.580188029800338426e-07,-4.682938043483156724e-07
9.600499741777754163e-07,-4.288642847840033918e-07
9.599981012983736162e-07,-3.927320092556228756e-07
9.563579959477049851e-07,-3.647451315086614432e-07
9.471370890765593622e-07,-3.499526663029307090e-07
8.827089930020926422e-07,-3.260820498814676294e-07
8.381906624956526409e-07,-3.043110061779719450e-07
7.898731414877235068e-07,-2.804445453086917458e-07
7.378468471603248646e-07,-2.559816440159141356e-07
6.817575148246665326e-07,-2.306527029708618834e-07
6.233570141033572490e-07,-2.052211791737838929e-07
5.624864617606485334e-07,-1.794988747432023029e-07
5.004457346216244515e-07,-1.542106932715771346e-07
4.378502580000664948e-07,-1.293706618532587870e-07
3.754833961092713350e-07,-1.055760592808394986e-07
3.148231391210659567e-07,-8.307882727407673387e-08
2.560253335089957646e-07,-6.231518227468175775e-08
2.015421312505068090e-07,-4.381057431491941597e-08
1.507889796905784356e-07,-2.780239402248677882e-08
1.073017262433203543e-07,-1.513379317771447248e-08
6.970144405889556981e-08,-5.840921510353008874e-09
4.262246830330297006e-08,-9.077075373412427429e-10
3.736462563979165952e-09,1.130728415176500029e-09
-5.807333062517928300e-09,-1.193647070909067156e-08
-4.846144686221237112e-09,-2.382393930707864867e-08
-8.233474883218412450e-10,-3.729900830598876415e-08
5.045886445050450179e-09,-5.018133047410955019e-08
1.116858034945341065e-08,-6.134203775646147066e-08
1.725735835141760346e-08,-6.997760906424069010e-08
2.134134866360246748e-08,-7.426932896385710795e-08
2.388658382892590757e-08,-7.463073891449253474e-08
2.273080376842217880e-08,-6.879869232253659438e-08
1.891272788829504986e-08,-5.815590364255703678e-08
1.025769985632027800e-08,-4.024136366072048947e-08
-1.801664425576969567e-09,-1.716116701939767743e-08
-1.927204326100429819e-08,1.349796042815450343e-08
-4.051045534358374082e-08,4.916702999473380007e-08
-6.720249211919043292e-08,9.192733820487569220e-08
-9.752586509671955151e-08,1.387004663431780861e-07
-1.325436864658805334e-07,1.923768930121204972e-07
-1.351996370967143011e-07,2.921937033868850089e-07
-1.020225164073550496e-07,3.218782390692055420e-07
-7.792970834224557799e-08,3.400141787108935242e-07
-5.896183390264372928e-08,3.531327391059968784e-07
-4.485411518729449536e-08,3.623688025731429680e-07
-3.485626119037050771e-08,3.685202712490883527e-07
-2.815342487604665155e-08,3.724812179755573112e-07
-2.396085923948916245e-08,3.748200069272891991e-07
-2.148330418084447453e-08,3.760433447030861348e-07
-1.996410413549659754e-08,3.764515160242101665e-07
-1.866934458788617546e-08,3.762230051126497819e-07
-1.689384608298657018e-08,3.753884108202700193e-07
-1.394900888828623006e-08,3.738514188849500971e-07
-9.161668088300428220e-09,3.713740422610870741e-07
-1.891735607127590105e-09,3.676258208991824842e-07
8.495506901867402010e-09,3.620788360846203747e-07
2.258715047048963254e-08,3.541913799769218995e-07
4.097543414598733351e-08,3.431185970756858985e-07
6.417580369565174018e-08,3.281536284501273524e-07
9.225143173418613425e-08,3.082836098649267506e-07
1.286705136966271678e-07,2.775287312993106593e-07
1.300821775757353550e-07,1.777193335902280375e-07
9.627866382322394284e-08,1.246695118383966162e-07
6.748383734832847072e-08,7.898708447437684963e-08
4.244352315275988029e-08,3.766769184784013091e-08
2.301185242576962130e-08,3.782077525032005965e-09
7.364652410909577709e-09,-2.490033197847747969e-08
-2.858677736785442302e-09,-4.586148299027130511e-08
-9.759122308568562973e-09,-6.159773511614287965e-08
-1.195402080827936727e-08,-7.011830462697746411e-08
-1.166619863315730207e-08,-7.390397634764380527e-08
-7.952921352942171311e-09,-7.175067965160199046e-08
-2.978543630295669685e-09,-6.587795339758775379e-08
3.580884301475788513e-09,-5.611412404033060878e-08
9.797160174354819969e-09,-4.417168537125820908e-08
1.519809205046609831e-08,-3.116224181422081534e-08
1.831061298341143217e-08,-1.802181557284731824e-08
1.756996698816966344e-08,-7.253085815391053246e-09
-5.126589719147838294e-09,1.140748479731960256e-09
-2.963193012225416227e-08,-1.085445476943660654e-10
-5.864398517272283999e-08,-5.183490322196353572e-09
-9.865094363386443311e-08,-1.484319953408978729e-08
-1.447764569112518737e-07,-2.803015655284341976e-08
-1.984489378297449673e-07,-4.470259749083502649e-08
-2.559748340225499171e-07,-6.398792688976541521e-08
-3.179287215763128608e-07,-8.562472587798770919e-08
-3.817537626745548859e-07,-1.090741923872508998e-07
-4.472308141848049105e-07,-1.338588387563400467e-07
-5.128308471388894439e-07,-1.597308517412453662e-07
-5.776535374023587621e-07,-1.860342383455827455e-07
-6.410860888853581464e-07,-2.127765297670052071e-07
-7.016580012341266820e-07,-2.391567202701320869e-07
-7.595840134943800192e-07,-2.654019903542822769e-07
-8.128888984683122821e-07,-2.906543540615736210e-07
-8.620453683509967940e-07,-3.152415664500235479e-07
-9.066442832484449771e-07,-3.375652006503295330e-07
-9.701988049373054255e-07,-3.627204657970783329e-07
-9.791665234191401580e-07,-3.781781167342697379e-07
-9.826009475638372933e-07,-4.066349113149318354e-07
-9.824710869032683689e-07,-4.430209186996496915e-07
-9.802539493586058882e-07,-4.824696686217322601e-07
-9.766070647038215914e-07,-5.205385239472894777e-07
-9.715823694411449625e-07,-5.532983578701570861e-07
-9.647020826619015994e-07,-5.774795760371613511e-07
-9.551752379504620637e-07,-5.905794643675963638e-07
-9.418251280609159815e-07,-5.908789731608767439e-07
-9.236696410650930327e-07,-5.775119837379839483e-07
-8.993968596094605954e-07,-5.503772788072181717e-07
-8.684243165678820456e-07,-5.101350170838855543e-07
-8.300837885179586971e-07,-4.585747727130768657e-07
-7.783514278907474903e-07,-3.941001669504659224e-07
-7.196267853912009260e-07,-3.218230680781358953e-07
-6.503833811227609220e-07,-2.396894578101984356e-07
-5.755116828911853435e-07,-1.536404152646338860e-07
-4.951412123264375259e-07,-6.571273994687025282e-08
-4.141503083139335366e-07,2.060136563028202117e-08
-3.364597864996091502e-07,1.003204702737514122e-07
-2.226691712400890853e-07,1.286850247801083430e-07
-1.800612637096885016e-07,8.160998895079233629e-08
-1.404369583262444891e-07,4.091101334207368900e-08
-1.039195528995463790e-07,5.347696568540988098e-09
-7.245143620429472320e-08,-2.282247999971746981e-08
-4.449284557286774520e-08,-4.582604805926243346e-08
-2.199914007617854565e-08,-6.128832458758143178e-08
-3.299970321755313561e-09,-7.186739741958383373e-08
1.004774427173505112e-08,-7.554862578942303364e-08
1.971007801343922080e-08,-7.516245664014554172e-08
2.469546491832789186e-08,-6.929188123472934796e-08
2.648557975504064404e-08,-6.069448863305546835e-08
2.483364694455631944e-08,-4.879757086608062698e-08
2.085818330106670343e-08,-3.603961327570830071e-08
1.523528155179665285e-08,-2.293649374470164557e-08
8.536879696484613402e-09,-1.136509855712955110e-08
2.608602131583977714e-09,-3.243108202148666396e-09
-1.074394084508516275e-08,-1.616331648879550493e-08
-3.596366406562916731e-08,-6.404474344277089196e-08
-5.139722346872985675e-08,-1.231713632810284108e-07
-6.410890887414335407e-08,-2.015146619189174598e-07
-7.340386330029786888e-08,-2.901752141189685019e-07
-8.038356068535589646e-08,-3.898856609093827104e-07
-8.443048391779087758e-08,-4.946323661820602915e-07
-8.651725338227844727e-08,-6.032835499788503810e-07
-8.615480345426307440e-08,-7.125108473105602040e-07
-8.418454883272426844e-08,-8.196775593923517801e-07
-8.024896827747209430e-08,-9.237613268474774812e-07
-7.505804989696354292e-08,-1.020997917992242782e-06
-6.838569141036750984e-08,-1.112294697048906261e-06
-6.081039565120029644e-08,-1.193136218750219352e-06
-5.223729438637666722e-08,-1.265982579189288619e-06
-4.311532284001008726e-08,-1.325944340905840321e-06
-3.348298513001344418e-08,-1.376674193676143807e-06
-2.361760645917556173e-08,-1.413201943423742244e-06
-2.509072688440146818e-08,-1.441200220781926837e-06
-3.626215123302998951e-08,-1.439798958582915151e-06
-4.770282231326815735e-08,-1.436210019693371361e-06
-6.108995880882675154e-08,-1.430044125449741825e-06
-7.779367618466655398e-08,-1.420792991655860473e-06
-9.893191748330436576e-08,-1.407740066317643449e-06
-1.252990056993185349e-07,-1.390250017747495677e-06
-1.573553704103570631e-07,-1.367466608565689080e-06
-1.952079613904213090e-07,-1.338918766074462347e-06
-2.382499170227431483e-07,-1.304075523645988804e-06
-2.880800274258464113e-07,-1.258141213260933550e-06
-3.420295625372551037e-07,-1.205120738161100119e-06
-4.028013103763497296e-07,-1.141493469923548527e-06
-4.662372449474986578e-07,-1.070675457472861424e-06
-5.329105591392099591e-07,-9.909848292937046952e-07
-5.994356692867952300e-07,-9.063003707728034015e-07
-6.649557344634034966e-07,-8.172921185862656902e-07
-7.268350644388967957e-07,-7.269336029780372881e-07
-7.840689060174579921e-07,-6.382022250806919668e-07
-8.355720385546977283e-07,-5.549023747220443502e-07
-8.808990126800718703e-07,-4.816927810424755760e-07
-8.845843773167078883e-07,-4.121207409768040045e-07
-8.386444387421568773e-07,-3.989097096990964392e-07
-7.861676718638764358e-07,-3.819614242309888933e-07
-7.307442929211434555e-07,-3.634462015736538299e-07
-6.710264701461962990e-07,-3.429879751450020772e-07
-6.090995752646852642e-07,-3.209294831864703128e-07
-5.446913062292846870e-07,-2.973468310252517906e-07
-4.794588701799694182e-07,-2.724652662607537297e-07
-4.138940456810925934e-07,-2.466453185590578502e-07
-3.491093621035341565e-07,-2.198901021620784228e-07
-2.864890860627377580e-07,-1.928931709755547255e-07
-2.264894279254881278e-07,-1.654018463742271879e-07
-1.714971788461435635e-07,-1.384778251034288421e-07
-1.212040762329674015e-07,-1.115764432818117244e-07
-7.910738292881801916e-08,-8.617010950287959125e-08
-4.396309065849840525e-08,-6.138267197445340936e-08
-2.064690292094004413e-08,-3.897422070644028068e-08
-2.032448190550200786e-09,-7.110875005762484062e-09
3.729291677922135712e-08,-1.886076016157664885e-08
5.193129366284478521e-09,-6.169874731869516458e-08
-2.378723941215682537e-08,-1.936284751926725209e-08
1.556246818401368349e-08,-3.776095158539824145e-09
-2.443958233744960631e-09,-2.699340360327075959e-10
1.442972806160977041e-08,6.134093350193885855e-10
-6.023123824519698156e-09,-7.135561931701708042e-09
2.106331824792634865e-08,-6.901009899852582254e-09
-4.495443564971769067e-07,-1.192385542635769034e-06
4.146873358778715479e-07,-1.202599086753996333e-06
5.555845760099334520e-07,-2.072716225638577198e-08
-5.642211157097326923e-07,-9.958176770980091070e-09
-7.147380319602864510e-07,-1.878902762445737678e-07
7.021387726031805841e-07,-1.942110852414898692e-07
1.749978780779534452e-07,1.450381317005788895e-07
-1.782196116015168034e-07,1.593158762383163946e-07
5.534855873894672260e-07,-1.058108182158082513e-06
-5.866002654473948951e-07,-1.050137017421556053e-06
1.513561943576564173e-07,3.104230390029550951e-07
-1.566015201096181807e-07,3.234656406543148304e-07
-8.957651895098398232e-07,-3.766953365857585412e-07
3.113904694698776077e-09,-1.414670546689583363e-06
8.717349106491318069e-07,-3.652660730340434023e-07
1.022267229694127342e-07,5.373522764919256090e-08
7.137090962455606775e-09,-3.003406652461840297e-08
7.773054097905558467e-07,-3.252113592796019146e-07
9.731545237490609324e-08,-4.850953083468969662e-08
-8.000424715523015594e-07,-3.363980354595165786e-07
3.406748409686400317e-09,-1.327175818826732876e-06
7.628259466751492367e-09,-2.414522393476088125e-08
4.984611966594791587e-09,-1.999854401580615179e-07
-8.795044734680622876e-08,-5.020526576795882869e-08
-1.033205352703681223e-07,6.581780280125695469e-08
4.723463932565129756e-09,-3.890995473631465905e-07
3.668769661908086960e-09,-1.194189704558973413e-06
4.731379548722164972e-08,-1.389418427245896300e-08
6.673207002104961254e-07,-2.809505512922672607e-07
1.815460586367932438e-08,-5.529089333186141826e-08
-4.011253483622953032e-09,-4.962018917883838171e-08
1.882895018129573581e-07,-8.809700705242240282e-08
-6.866762922056430836e-07,-2.911940362044753731e-07
-1.843613638633784718e-07,-9.140169785072337667e-08
-4.536205696923355424e-08,-5.363408147378576978e-09
1.085969428589329604e-08,-5.576984351756488634e-08
2.333958460840399536e-08,-7.223260301108199495e-08
4.459717865562741603e-09,-6.031272515052236627e-07
-5.375552426699807003e-09,-5.145621205012968861e-08
-5.613207255758977364e-07,-2.417485589598744790e-07
3.932463930573321588e-09,-1.021761408221454737e-06
2.996569583821358447e-07,-1.340152706929284838e-07
-1.127517645351436704e-08,-6.877849578542399705e-08
5.468872679172956880e-07,-2.329476911350236361e-07
-3.018838635014767884e-07,-1.391632635555273141e-07
1.682434476812465105e-08,-7.278241591208590423e-08
4.196092005126103138e-09,-8.200377660284100927e-07
-7.807824307361662353e-09,-7.287875500979475644e-08
-4.304906837114190299e-07,-1.902386903982815365e-07
4.219550126633821349e-07,-1.831974942881521528e-07
-3.242225504887785223e-07,-1.297925254421534011e-06
2.900655576983240637e-07,-1.308082182423479176e-06
3.933031890594031969e-07,1.369430120948002728e-07
-3.984826913289218189e-07,1.507721045116527947e-07
-8.293816968257627230e-07,-3.534161343505225650e-07
8.132245399326703868e-07,-3.547595347736329221e-07
2.188275230977234179e-08,-9.643877890237213381e-09
4.028802826105043459e-09,-1.744700952184121641e-08
-7.544248485008202790e-09,-9.815600064200762870e-09
2.554146439367395496e-07,2.445930434446961841e-07
-2.589376857168992334e-07,2.593521042352195790e-07
8.115529622548116863e-07,-6.956498781733737143e-07
7.564017073494190059e-07,-7.908784527931166480e-07
-7.846439772567431417e-07,-7.898050461355031746e-07
-8.382121696342430966e-07,-6.974199358945255386e-07
3.103855742771481752e-08,3.669880071557391331e-07
5.205261971766708483e-08,3.599033386264225001e-07
-6.795770110266181539e-08,3.670551737873534600e-07
-5.128154783307013197e-08,3.723673676110026335e-07
8.611097588670136423e-07,-6.046727804900364594e-07
-8.862852606849731924e-07,-6.092576017398185579e-07
1.483895546775911240e-08,3.720044235320578162e-07
-3.931853768912838781e-08,3.757570143021726963e-07
9.493247579260770867e-07,-3.476804407686772729e-07
9.495972427047407633e-07,-3.647739561595778379e-07
-9.722689806214254200e-07,-3.763269143310709383e-07
-9.718076534631371555e-07,-3.600931429657832667e-07
1.746223242875853121e-08,2.309646798264755860e-10
1.708684530587892951e-08,-8.821066901294527386e-10
2.142963117624404006e-08,-3.307889748764340398e-09
-2.848027521747052451e-09,9.142409049325734453e-10
-6.778568828992749666e-09,-2.919980050057993320e-09
-1.709352087026143113e-09,-5.413847879873305854e-10
-3.277186451779752613e-07,1.619855935151967371e-07
-4.067072341558125498e-07,8.738670022395343065e-08
4.013882392551747509e-07,7.457761905002828263e-08
3.235757294913431743e-07,1.479402744932051312e-07
9.459681431495630228e-07,-3.554351513568870070e-07
-9.683401497026413173e-07,-3.686054755832340253e-07
8.176532985422361005e-07,-2.947974866257577183e-07
8.588564366143618818e-07,-3.702463976367713412e-07
-8.766742978742175675e-07,-3.694256520451455826e-07
-8.339191712829211302e-07,-2.914617832505862799e-07
-1.802395050330057859e-07,-1.393592985567266808e-06
-1.439740379884557829e-07,-1.411593488856156395e-06
1.525454681925725674e-07,-1.400434659452692537e-06
1.197845551583559700e-07,-1.417013098962481443e-06
-1.140307450039927531e-07,-1.425539409172422734e-06
9.384973888806957513e-08,-1.429437194327605086e-06
9.279979955634327418e-07,-4.482337757350576995e-07
8.991299197274038396e-07,-5.200467671772439998e-07
-9.511070848444488167e-07,-4.577433354442754998e-07
-9.231377959046998916e-07,-5.272984039875981118e-07
3.391545715540805946e-07,-1.307891288661285353e-06
2.805810577369125343e-07,-1.347639796044598790e-06
-3.145929835832210232e-07,-1.338296991865566402e-06
-3.740215471690853094e-07,-1.297706551977761710e-06
-9.404707347246963682e-07,-5.658366303018135564e-07
-9.260336747962426028e-07,-5.308448277887580806e-07
9.060741793197677805e-07,-5.252050373388961075e-07
9.197275914482028128e-07,-5.581901974100143688e-07
-9.492377029485183177e-07,-5.869856392648397271e-07
9.278672864540395820e-07,-5.775760222118678583e-07
-1.933506399537494200e-07,3.294269181538922242e-07
-1.470842423877829062e-07,3.493499238405664596e-07
1.412141507850098841e-07,3.381370040287799232e-07
1.894754498196117198e-07,3.161939522801742164e-07
-5.790229327727658935e-07,-1.118638239080376738e-06
-6.500787661834290930e-07,-1.040939727361555237e-06
6.182798261666626848e-07,-1.048704881639973875e-06
5.457174386242918326e-07,-1.127915651080835270e-06
9.427320536044204842e-07,-3.954401701189082128e-07
-9.655536350134101902e-07,-4.063287249569539908e-07
1.923703072870468629e-08,-3.837199661439114437e-09
-3.501503024905277572e-09,-4.142416166075433261e-09
7.020257984072894376e-07,-1.235988961991861375e-07
7.653881075643667919e-07,-2.113602279310616970e-07
-7.798909658643072154e-07,-2.055107766598147119e-07
-7.145741666150491486e-07,-1.153371805674368875e-07
-6.402694187311544544e-07,-2.510124192290274875e-08
-5.587805296601344306e-07,6.209059968154302275e-08
5.503276605862746093e-07,4.976825484878206460e-08
6.297655367596131255e-07,-3.555032160146215818e-08
2.615568147138775773e-09,3.747735724798082193e-07
-3.104435796679193919e-08,3.773021524326724711e-07
-6.116430589767221536e-09,3.764661308284989393e-07
-2.573585951069142805e-08,3.780144123666948548e-07
4.741208708075500871e-07,-1.198020379205634746e-06
4.045022120508998834e-07,-1.258192172807814537e-06
-4.394606557338826725e-07,-1.247716382492138275e-06
-5.085118851444896337e-07,-1.187840238037253506e-06
-8.961054055653692959e-08,-1.434875950769400704e-06
7.388549700308079693e-08,-1.437424219992874307e-06
9.406156548585937549e-07,-3.785936727419465821e-07
-9.629432843631359616e-07,-3.923300520205376339e-07
-4.581291436125929697e-07,-1.133448204763554434e-06
-3.934055330366345678e-07,-1.198261899438818962e-06
3.584299505625201304e-07,-1.208649800792018133e-06
4.232643555779179421e-07,-1.143052171307087502e-06
-7.036592223464079667e-08,-1.441529392122790961e-06
5.932866795079260176e-08,-1.442839481030040174e-06
9.349846756901749820e-07,-4.121388813697278174e-07
-9.573009451998070943e-07,-4.262326922565099490e-07
2.448377109177600580e-07,2.869709101259630640e-07
3.118367779108952876e-07,2.459872062671516212e-07
-3.157271822710503617e-07,2.608167796283145260e-07
-2.481896577598938248e-07,3.014049755101104848e-07
5.610363244327016519e-07,-9.134565229256372191e-08
4.812456268104622601e-07,-5.900377186206024805e-09
-4.881542640897020031e-07,5.229557617882039226e-09
-5.698075111606465373e-07,-8.226025539538073437e-08
-6.465192942716113599e-07,-1.707115635203383514e-07
-7.164023464298843311e-07,-2.574732543042014939e-07
7.037640564127320428e-07,-2.618255534980561914e-07
6.358068226475440751e-07,-1.775146478716511939e-07
-9.528818063125745136e-07,-5.942179628510641908e-07
9.310915653440190110e-07,-5.833009163577447122e-07
4.908707644867966834e-07,-1.068516204720199646e-06
5.601643841414147206e-07,-9.854825194264776344e-07
-5.931992804810390370e-07,-9.791032178377818608e-07
-5.250512053384719141e-07,-1.060253150000525292e-06
1.608665714884469879e-07,2.775572340990625449e-07
1.189274649344368402e-07,3.079831755578166827e-07
-1.262080589719193919e-07,3.211851958518124032e-07
-1.653757766250346572e-07,2.919535935091164860e-07
-9.534010809100751222e-07,-5.879338367732404325e-07
9.313207362125962970e-07,-5.757908568875122592e-07
1.609389673617640019e-08,6.052471302987354395e-10
-2.260993081970281493e-09,1.133801582459840300e-09
9.138740555448836513e-07,-3.780448818617731600e-07
-9.375655894233076112e-07,-3.893862874247922631e-07
-3.332289319638081520e-07,-1.253744005898696900e-06
-2.785650909759049492e-07,-1.300090423132694212e-06
2.455215476793225853e-07,-1.310420424620175243e-06
2.988422314001559280e-07,-1.264353479123851288e-06
-3.200668417571840288e-08,-1.450393579638796692e-06
-2.077754100242280384e-08,-1.451435057627162459e-06
2.568672242063970924e-08,-1.450899052262042034e-06
3.401329218519843548e-08,-1.449848230356536404e-06
1.103834636306659299e-08,-1.453171853697021699e-06
-4.829881259583587459e-09,-1.453326479654015676e-06
-1.203990215842156389e-08,3.772193146460219028e-07
-2.253949059306997520e-08,3.781159900407474324e-07
-7.771836384691673044e-07,-3.377262751979588867e-07
-8.279884888423487615e-07,-4.098917755145873448e-07
8.119129005006261249e-07,-4.092937208145660442e-07
7.627381310481668024e-07,-3.395974097462346185e-07
3.844188622976414469e-07,1.952525377981126349e-07
4.672377790209527732e-07,1.275827379931676346e-07
-4.737894830182978043e-07,1.413135052821315820e-07
-3.893759295775102523e-07,2.098422143494436965e-07
-1.578567636670126140e-08,3.775865498693307819e-07
-2.068451784150605842e-08,3.780270000442121825e-07
-5.520315764936067163e-08,-1.445727542045277240e-06
4.888456389567109480e-08,-1.446115863659267616e-06
9.311790082287810106e-07,-4.510458631521679672e-07
-9.535071369487309058e-07,-4.652711329884515698e-07
-4.291056071579547387e-08,-1.448564888571706468e-06
4.105139250008992033e-08,-1.448311795654695564e-06
9.291150644067821061e-07,-4.907778376268557258e-07
-9.514525884099504775e-07,-5.048894243760718206e-07
-3.344315223725849619e-11,-1.402309882102466855e-09
6.118589231995955535e-09,-1.120151515422405085e-10
-9.524635810009887127e-07,-5.694285800723242472e-07
-9.513849260892399652e-07,-5.407634879441811439e-07
9.302229923449107326e-07,-5.563467149779577912e-07
9.290669665413671847e-07,-5.270278314595540679e-07
-1.801480316631513716e-08,3.777431779738089275e-07
-1.941666044498201756e-08,3.778756553001940956e-07
-4.040823890323677294e-09,-4.424936035434929541e-09
-3.242931849351715247e-09,-2.429956826908614598e-09
-2.823394403530295872e-09,-1.398226272512736648e-09
-2.014530767066438274e-09,-1.776760042339047721e-09
-2.682389923077740467e-09,5.435719126995093517e-10
1.582297423934813192e-08,-1.530455929096567420e-10
1.602838361687660490e-08,-3.915114456295579628e-10
1.607461794470658322e-08,8.266793474984964151e-10
1.582261802516770083e-08,-1.497730199006354065e-09
1.306200915904103632e-08,3.274550864003704540e-10
-1.759082969214370933e-07,2.039147271964313333e-07
-1.359958639350238432e-07,1.489234119990338549e-07
1.336431400448420890e-07,1.347796473401716442e-07
1.725283741019173616e-07,1.891302881961434617e-07
-1.795444091912683883e-07,1.193007880588269040e-07
-2.208557709063030341e-07,1.684081446700210354e-07
3.134721072666769204e-09,-1.440846734940875038e-06
5.699717539587291379e-07,-2.715652410855423711e-07
5.079229799439611158e-07,-2.474145398541937812e-07
2.455354521472084034e-08,-6.754644464367220573e-08
2.296841197306816052e-08,-7.373560603593380391e-08
-8.128757281475591201e-09,-6.732101264300335831e-08
-1.108447848109949097e-08,-7.265329949123238511e-08
-7.238870692330383127e-07,-2.777760312462840329e-07
-6.640908230557339015e-07,-2.526678400103874281e-07
1.935889681229712013e-08,-4.606726921603113544e-08
2.317248975654823346e-08,-5.803804436291673302e-08
-1.514109395461149061e-07,-1.024560032790377581e-07
-2.050745382448178732e-07,-1.272242334879682956e-07
6.889163849216047911e-07,-3.169194924480781181e-07
6.305082319638111970e-07,-2.947903933906614991e-07
1.690238460094887700e-07,-5.644522840063255515e-08
2.211930218878010508e-07,-7.594620358466988417e-08
4.559941437244839055e-08,-3.383109690054447123e-07
4.815317534053326524e-08,-4.411747043290692194e-07
1.375397164158014079e-07,6.126496173211841308e-08
1.030407626201527102e-07,2.294219967610587590e-08
7.965109474510331041e-07,-3.570721090058187270e-07
7.443630939488333634e-07,-3.377051636541318355e-07
-1.746833112357063660e-08,-1.353728149438510222e-06
-2.209881818962372712e-08,-1.298274663293164686e-06
8.274326589339882629e-08,-2.493441995290082397e-08
1.225132331906528275e-07,-3.931466291500440622e-08
-1.129633151421007502e-08,-7.339309830524430925e-08
-8.255484095117932644e-09,-6.896237286772361148e-08
1.776098552413839722e-08,-7.553701777424496309e-08
8.587623839801626279e-09,-7.235539896058794725e-08
1.369034965430725546e-08,-2.105908112752344017e-08
8.622178399860050971e-09,-3.405187823343140807e-08
3.986021657170388548e-07,-1.440827487854349838e-07
4.611820628894993873e-07,-1.687511899845455938e-07
-3.901795902818671130e-08,-8.726936850979451607e-07
-4.043374104469781955e-08,-7.666424070590226166e-07
-3.895208145505173624e-07,-2.052477556632015164e-07
-4.550062444335788840e-07,-2.313652209406198290e-07
-7.611176840626538608e-09,-1.429272097836523515e-06
-1.268995613766328597e-08,-1.397440149433371923e-06
2.172292364726629680e-07,1.540117379921188271e-07
1.763230792293671572e-07,1.056369317646673669e-07
8.857146576517451208e-07,-3.899380804038963117e-07
8.448110129218059163e-07,-3.752118285484050196e-07
-9.242069352578998680e-07,-3.678120398774989167e-07
-8.791158640324158765e-07,-3.469113073908559988e-07
-8.322373175526450596e-07,-3.250412767335049896e-07
-7.801653044370941893e-07,-3.019827122111786007e-07
-6.396396454095170687e-08,-5.721275147189136655e-08
-1.040004342973025203e-07,-7.900752311798430973e-08
-1.009520612433606912e-07,1.007259039637559704e-07
-7.005356693266803161e-08,5.746930340077998903e-08
7.967533302063263802e-09,-2.021939960646759510e-08
1.404954800730971393e-08,-3.308916678770812879e-08
3.641953817995268848e-08,-1.591854247693643755e-07
4.171746677172738903e-08,-2.434437218349252066e-07
-2.644645671549851491e-08,-1.231708604170664726e-06
-3.042275390134833730e-08,-1.154648260906120133e-06
2.658443650348173657e-09,-4.687947477503890345e-08
-3.314854247487078750e-09,-5.844984053951813130e-08
-4.926789225858811445e-09,-6.350895890250915470e-08
-2.293596654025563980e-08,-4.866375169134966954e-08
-5.205592767649690252e-07,-2.569690881565180613e-07
-5.853953731372895204e-07,-2.818332586806120854e-07
7.296586879453672110e-08,-8.965806081008990352e-09
4.743181329437026751e-08,-3.441811165300542931e-08
2.656973741064367509e-08,-5.341540122134629671e-08
1.036867006945910456e-08,-6.609424073662595452e-08
-3.413612243763158543e-07,-1.244896949833550122e-07
-2.786170721497906919e-07,-1.006885055341020647e-07
3.219727046681739256e-07,-1.720578286125177700e-07
2.631768799162457159e-07,-1.468754291616099335e-07
4.480980348935222423e-08,-9.736769208260828762e-07
4.164102914444773275e-08,-1.068264740159828130e-06
-1.357137862527032542e-09,-5.869415134686510835e-08
9.717497146194169213e-09,-4.227190817972990282e-08
2.775370766288297592e-07,-9.729841900886000436e-08
3.371111167793417840e-07,-1.201658365258915287e-07
-6.016256978373666365e-07,-2.269885428992153928e-07
-5.371368349385234186e-07,-2.009759085664008696e-07
-2.633939889177196918e-07,-1.528339709387943303e-07
-3.253493776236204386e-07,-1.789825943646874331e-07
-4.353617729006077525e-08,2.001194219961772897e-08
-2.157282235266350449e-08,-1.128331242805892211e-08
-4.094018744740713522e-08,-6.579705682231522633e-07
-4.044844104162471202e-08,-5.485003857864953321e-07
4.949969135619268427e-08,-5.484526719944221514e-07
4.972781514871064063e-08,-6.579228651770048137e-07
3.789221227288626288e-08,-1.154600466529428334e-06
3.365219087977684898e-08,-1.231660998489911971e-06
-4.191099625186574741e-09,-3.622994208342950495e-08
8.691659693393465671e-09,-5.481853457730841410e-08
-3.390791533586553501e-08,-1.068312450185810715e-06
-3.681306415126958982e-08,-9.737246266895867399e-07
-8.686878950931680846e-07,-3.867663416488450021e-07
-9.097749610560231525e-07,-4.011534034133913842e-07
-4.553485551037475306e-08,-2.752423924251655969e-08
-7.268542975966656751e-08,-2.135838298520009885e-11
-9.845037783087574667e-09,-5.249165658356497094e-08
-5.102092221356491906e-09,-4.000842714498839357e-08
1.908994087725604063e-08,-1.397364176636260466e-06
1.377397545417070692e-08,-1.429373586411223410e-06
-1.041829567564267723e-07,3.374554020813490333e-08
-1.398666934676313945e-07,7.367479393454172742e-08
2.529206550666410629e-08,-1.941622472637567005e-08
4.549790480035785580e-08,9.930537877724836399e-09
8.551232415882186430e-07,-3.355617469515767207e-07
9.003350384177223717e-07,-3.562439323663731313e-07
6.118730239630430858e-09,-4.018781319739857880e-08
6.398601221214619672e-10,-2.690438253087671177e-08
-3.187641355161205160e-08,-2.434887005446074710e-07
-2.631475190554411160e-08,-1.592426438976554154e-07
-1.147635116436993075e-07,-4.032249722319285565e-08
-7.250112519010480432e-08,-2.536036223653718284e-08
-7.662361079349630909e-07,-3.492946489762836624e-07
-8.196676178516697297e-07,-3.687550408266127647e-07
7.037957275857649731e-08,4.567991565244286932e-08
9.981756152632336041e-08,8.754295830194813284e-08
1.732681184172623576e-08,-6.722896649484078544e-08
2.198427648374912761e-08,-7.371050368741808628e-08
4.895774028578843057e-08,-7.665946981374876678e-07
4.727832777230804136e-08,-8.726459760232891014e-07
-1.338552587791551276e-09,-7.284961332597977567e-08
-8.754505858642581683e-09,-7.408271199411472563e-08
7.578886110985084060e-07,-2.915525897638035509e-07
8.088174263613330246e-07,-3.140718907018613265e-07
-4.716753306677725582e-07,-1.750099156369525101e-07
-4.060090107666413441e-07,-1.493689878593711714e-07
7.730119724190550515e-10,-2.709082485249811401e-08
7.000676363439904384e-09,-1.492959914863138910e-08
2.904165373999515543e-08,-1.298228898333666102e-06
2.414860570605331278e-08,-1.353675953410507496e-06
1.124661474914127949e-07,-7.588657271843045519e-08
7.482994156194168170e-08,-5.494300634085796902e-08
4.453493915682254504e-07,-2.226195167987094617e-07
3.829785777950229325e-07,-1.973877674215981249e-07
-3.883824548047652975e-08,-4.412225600602792569e-07
-3.602073368888164525e-08,-3.383584188093450623e-07
6.455205737539378721e-07,-2.436780967849573411e-07
7.032448476429152082e-07,-2.680116404377466759e-07
-2.191737426550452451e-07,-7.845847524998564375e-08
-1.640331913901520065e-07,-5.815418030629700378e-08
2.079267415960090885e-07,-1.222355538502937891e-07
1.571853750925903342e-07,-9.842236318255977966e-08
-6.484428060752327941e-07,-3.056491200120655324e-07
-7.090287152015372896e-07,-3.282276886494130659e-07
1.747907486991324042e-08,-6.347325597682429600e-08
1.201258350624187779e-08,-5.272205363469973478e-08
2.319657612981793348e-08,-7.483064028794360402e-08
2.142367974386557907e-08,-7.110016511287582005e-08
-1.232658061187032844e-08,-7.057480335791943150e-08
-1.244728947338165729e-08,-6.298842603190622707e-08
5.237116878344170276e-07,-1.937619580055475279e-07
5.854801563420454127e-07,-2.188551302487716493e-07
-1.516934317819405851e-08,-6.205937675880020764e-09
-1.275647442968934279e-08,-1.282973667650320200e-08
-1.276457854967357399e-08,-2.078224850425476747e-08
-6.916835151079351147e-09,-1.331252435184642057e-08
2.733529058115354629e-08,-1.989551741710296498e-08
2.711570766080677360e-08,-1.250971071628913472e-08
2.216443294845446664e-08,-1.247581850684227464e-08
2.920707038528875892e-08,-6.480207058048609419e-09
-1.055019058475289547e-08,-3.770397014089949215e-08
4.888832439557450590e-09,-3.536060930816162334e-08
-6.693841560201229920e-09,-1.865813068575354542e-08
2.115895644405473655e-08,-3.815192402647878465e-08
1.725623578251037258e-08,-1.940571861784403761e-08
9.685773615983260720e-09,3.311769060794717889e-10
-5.335711912366451238e-10,-6.475377593738121465e-10
-5.139066506524900180e-09,-1.124680701904645175e-08
-1.149210668635379517e-08,-1.432821628601090556e-08
2.450235844432348553e-08,-1.473481085982895809e-08
1.595920235902041614e-08,-1.211563831451950256e-08
1.412631472302997016e-08,2.856916959951701645e-10
-1.279333328716264817e-09,4.651355520145278509e-10
2.723995832384505628e-09,-8.851010870500738717e-09
-2.012500298203715593e-09,-3.548937991122497626e-09
1.382674936599641309e-08,-4.708243794672370218e-09
2.113135317906467331e-08,-8.332197031522125689e-09
2.337097960004095346e-08,-1.364440636214063171e-08
-8.423096037970339215e-09,-1.424398653096555986e-08
-5.626532265747167500e-09,-9.322857225296904638e-09
1.655676425751701325e-09,-1.732347399354868396e-08
2.349481937478652159e-09,-9.324014230410717060e-09
-3.072987678815514750e-09,-1.458292984911936756e-08
1.277373531275805733e-08,-1.221032471149484665e-08
1.649067074150369242e-08,-9.686827993012789567e-09
1.227029708255745461e-08,-5.546431434155865626e-09
6.188498463493611841e-08,-3.187815346880092139e-08
5.140914198416115182e-08,-1.393671752227110703e-08
4.589612828205169183e-08,-3.612953594977334597e-08
-5.021074081267099964e-08,-3.289921727065045439e-08
-3.299929924487084177e-08,-3.763112640877126625e-08
-3.902860775009357545e-08,-1.392494735303488386e-08
5.123632577223351483e-09,-1.212083754010726346e-07
2.960047355524046870e-08,-8.972441884725159840e-08
-1.921864426774366421e-08,-8.976424993555684920e-08
-4.829983491284738450e-07,7.678768740581723242e-08
4.762300671329899447e-07,6.417889572669059381e-08
8.552410592194827048e-07,-4.228025136474200622e-07
-8.729416514763975218e-07,-4.238991413277099913e-07
-3.567078534470186515e-09,-4.552445197482482890e-09
1.967454606894947455e-08,-3.740005469238756927e-09
2.374664226989534422e-07,-1.348106457940566645e-06
-2.702489979072551791e-07,-1.338734142082351893e-06
-1.185813999571260542e-07,3.451940733729132834e-07
1.105384976827936127e-07,3.339793342248272104e-07
-6.572832036758411220e-07,-9.694313623606747122e-07
6.256623846602817942e-07,-9.755411975104604486e-07
7.655871137248946853e-07,-2.775777542753491627e-07
-7.801218711927067563e-07,-2.736968206172371185e-07
-3.202653337744119486e-07,2.175645881512047951e-07
-2.620867848310749725e-07,2.183946117168721301e-07
3.162712389867804167e-07,2.029325296784638552e-07
2.584819573191444660e-07,2.037048727013523815e-07
3.496403962038850722e-07,-1.262687238624250443e-06
-3.845935290980984009e-07,-1.252166788870967627e-06
-5.183141947152499803e-07,-1.127850917480776929e-06
4.840432974402378378e-07,-1.137320551022699857e-06
6.349105778454765118e-07,-1.058713883668450595e-07
-6.455793960036867313e-07,-9.714693282501541879e-08
-2.179535053507369395e-07,2.147639870535662403e-07
2.143798144251275881e-07,1.999510740528474894e-07
-1.382680658060400485e-07,1.096691983329633223e-07
-3.652363988426999669e-07,-1.644286726518964855e-07
3.598359753220459323e-07,-1.583278614203581909e-07
-1.153310477350141641e-08,-7.360647871238341940e-08
2.218167936045805034e-08,-7.543416032269179644e-08
4.064276554876794351e-09,-9.243341557205329211e-07
-4.961863394541716605e-07,-2.161215001041386715e-07
6.082562628076171307e-07,-2.573588183398894104e-07
-9.903232736640222038e-10,-6.782432210446319939e-08
8.276682865882088701e-09,-6.566892961329518266e-08
2.211399726952326105e-08,-6.567980041581612914e-08
-8.829994020352041189e-09,-6.086934097368676944e-08
4.327907569520526340e-09,-7.126237814180908459e-07
-1.322213694324081673e-07,-6.956544429181228397e-08
3.800655190849203326e-09,-1.113214176355278396e-06
-7.455744372228891233e-07,-3.145832172491717069e-07
7.242568136296128591e-07,-3.037806039131963862e-07
1.390167008306532131e-07,-6.711404518351230101e-08
-2.264342356800264455e-08,-3.219619086352442091e-08
4.855279782130572062e-09,-2.890295452283856311e-07
1.299983243248367559e-08,-4.318636236043105118e-08
2.632536593875207992e-08,-3.866804778101633522e-08
-7.174084067021436516e-08,2.657678266124830444e-08
8.272218514175592474e-07,-3.456570132204687037e-07
3.273315849236802164e-09,-1.377931361454429912e-06
1.359535888029641411e-07,9.623154842562520109e-08
-8.509525357571123173e-07,-3.570872740759721200e-07
7.206047868658290890e-08,1.612217560326807820e-08
3.536880844342409437e-09,-1.267135979427436623e-06
1.708734728162159703e-09,-3.706069562566715538e-08
4.591524735261649616e-09,-4.941721439287326918e-07
2.416825498602659969e-07,-1.103483321581810105e-07
-6.253379119628012339e-07,-2.669418213256419968e-07
-2.407670620231048762e-07,-1.145536210572801758e-07
4.845986416714000620e-07,-2.081669588030640960e-07
2.019378020323204888e-07,2.821524865506209542e-07
-2.054605729701494758e-07,2.965800544216204004e-07
2.110731345396689998e-07,2.404126430898440160e-07
-2.145875757669607877e-07,2.552971938783122312e-07
1.913031507829803065e-07,-1.376850077591054679e-06
6.917876830223097777e-07,-8.838333392568155550e-07
8.839440212243964323e-07,-4.801191537538600495e-07
7.795536028993157705e-08,3.485567706042370692e-07
-8.973096020138687268e-08,3.577837296781872979e-07
-9.028478127916923329e-07,-4.835777527992456689e-07
-7.217723712652040655e-07,-8.801222992129284631e-07
-2.218552818712730820e-07,-1.368607469297785657e-06
