Size 899,2
0.000000000000000000e+00,0.000000000000000000e+00
0.000000000000000000e+00,0.000000000000000000e+00
2.023910418093623336e-08,-3.758465878625888091e-06
-1.524684794155193738e-07,3.209674445235508086e-06
1.588081869587815686e-07,-1.248926331519876986e-07
2.559140802859588493e-07,-5.691846158377618448e-08
3.094569776952755190e-07,-3.297495569421598051e-06
2.703123686289711266e-06,-1.171767778502518763e-06
2.804937574192108617e-07,3.124813015070819623e-08
2.792164334341718431e-07,1.637251725590462654e-08
2.901866730725800007e-06,-6.121597549377860206e-07
1.945439983619959428e-06,1.937238723384436307e-06
1.571751499114609077e-07,1.102881711451440582e-07
1.027984058650278861e-08,6.507752940591127189e-08
1.474069307843552215e-06,2.280620760922180175e-06
-1.464273946670895241e-06,2.451942075034116827e-06
-6.046659423503711528e-08,4.575882357389656514e-09
-5.267837649127947770e-08,3.523910204845403818e-08
-1.955673342283528438e-06,2.080232180236079365e-06
-3.129429008057469742e-06,-7.334947023169993232e-07
-2.245479183134011122e-08,-6.881680823944510192e-08
-4.941075003059400743e-08,-9.736207705374017406e-08
-2.924062293991107322e-06,-1.325141507812549105e-06
-2.667880528698893338e-07,-3.291836777641088615e-06
1.080338261141489564e-07,0.000000000000000000e+00
1.708510012029921367e-07,0.000000000000000000e+00
2.059611306996876706e-07,0.000000000000000000e+00
2.245155614953076966e-07,0.000000000000000000e+00
2.301448146016288552e-07,0.000000000000000000e+00
2.408456130409780351e-07,0.000000000000000000e+00
2.532625037530684125e-07,0.000000000000000000e+00
2.545879890136741454e-07,0.000000000000000000e+00
2.464347999678298593e-07,0.000000000000000000e+00
2.270575601590903231e-07,0.000000000000000000e+00
1.812630065643807214e-07,0.000000000000000000e+00
1.240269201058900012e-07,0.000000000000000000e+00
6.692658079668648625e-08,0.000000000000000000e+00
0.000000000000000000e+00,0.000000000000000000e+00
0.000000000000000000e+00,0.000000000000000000e+00
0.000000000000000000e+00,0.000000000000000000e+00
0.000000000000000000e+00,0.000000000000000000e+00
0.000000000000000000e+00,0.000000000000000000e+00
0.000000000000000000e+00,0.000000000000000000e+00
0.000000000000000000e+00,0.000000000000000000e+00
0.000000000000000000e+00,0.000000000000000000e+00
0.000000000000000000e+00,0.000000000000000000e+00
0.000000000000000000e+00,0.000000000000000000e+00
0.000000000000000000e+00,0.000000000000000000e+00
0.000000000000000000e+00,0.000000000000000000e+00
0.000000000000000000e+00,0.000000000000000000e+00
2.445616887726440749e-07,-3.737685403599769108e-06
4.484678355786890712e-07,-3.697530891562558308e-06
6.167897475782559877e-07,-3.655155955239169241e-06
7.675716734311686926e-07,-3.610512190446140676e-06
9.039219614629680689e-07,-3.564648540699954184e-06
1.028633011448426638e-06,-3.517906067185564914e-06
1.145093002398875944e-06,-3.470150870010845530e-06
1.255714435191028012e-06,-3.420902731833557071e-06
1.363089805748855786e-06,-3.369317206943273281e-06
1.469433855265410738e-06,-3.314288345830163590e-06
1.576902295426489406e-06,-3.255228737847255860e-06
1.687101029697061674e-06,-3.190416667910410477e-06
1.801815636853291272e-06,-3.117218287138235291e-06
1.921023848829995741e-06,-3.033981487918473355e-06
2.045184837062467698e-06,-2.938723088995146635e-06
2.173387701581231024e-06,-2.829937531057017690e-06
2.304945469517111316e-06,-2.706171738217470412e-06
2.438064344641268147e-06,-2.566680302175490233e-06
2.571091711797085891e-06,-2.410797577480137092e-06
2.701688041761795633e-06,-2.238892474549397303e-06
2.827481987864265004e-06,-2.051451582844592312e-06
2.945924595731885591e-06,-1.850241676383500594e-06
3.054868070620564472e-06,-1.636666409991343804e-06
3.151373630031962650e-06,-1.413362691734101822e-06
3.232814403506243679e-06,-1.182518602300743112e-06
3.292464854233239854e-06,-9.505796555310416402e-07
3.331768552705711718e-06,-7.293214039762903628e-07
3.351159279463400692e-06,-5.290930538225990564e-07
3.359886996477430604e-06,-3.548549992427311677e-07
3.361130306871923778e-06,-1.986709493079615850e-07
3.356770937792180065e-06,-5.687084546656919335e-08
3.348103956066913618e-06,7.279369711889042715e-08
3.336067361388242842e-06,1.933245890182209066e-07
3.321175730686523076e-06,3.069188551501489517e-07
3.303584032110293120e-06,4.161125474066189734e-07
3.283143226069877100e-06,5.228680729078869875e-07
3.259399009845874823e-06,6.291182083688666714e-07
3.231697869990520023e-06,7.364363762679907210e-07
3.199174669291289676e-06,8.460721707466416382e-07
3.160852735345613430e-06,9.591127749179520722e-07
3.115660342059543463e-06,1.076104257018543290e-06
3.062484259335742342e-06,1.197609248564422800e-06
3.000242886717885004e-06,1.323506345280239316e-06
2.927859036111177744e-06,1.453884782584436245e-06
2.844313828773132075e-06,1.588362753330933652e-06
2.748070009735509992e-06,1.727709412047605411e-06
2.641740506208344084e-06,1.873036842469814369e-06
2.519077032867091808e-06,2.022711036896724490e-06
2.377771369933084009e-06,2.176728874656965294e-06
2.218129947989035788e-06,2.330679565181604572e-06
2.037939113401820474e-06,2.480316888106050701e-06
1.844298053703101822e-06,2.615190423942850221e-06
1.646488903643909906e-06,2.734001880467292024e-06
1.450671454526642245e-06,2.835923301628835099e-06
1.260130075937386113e-06,2.923041139441308881e-06
1.074757420826475651e-06,2.996441472350017204e-06
8.952255482471680788e-07,3.056993194779633475e-06
7.227836929601522021e-07,3.105571253090332862e-06
5.577481419639102669e-07,3.143295145810840189e-06
4.007983388889969135e-07,3.171282295050886635e-06
2.516590611164368547e-07,3.190761853581668130e-06
1.103144512936085649e-07,3.202909934048015443e-06
-2.413787424253919940e-08,3.208869835555790671e-06
-2.760629359781706453e-07,3.205809498829511452e-06
-3.961774943231294704e-07,3.197568832943636747e-06
-5.144422591293622416e-07,3.185329808957774823e-06
-6.326401182101125944e-07,3.169187644560822786e-06
-7.527223933837600606e-07,3.148865049195936289e-06
-8.769464685391069572e-07,3.123719938948833558e-06
-1.007343679746390422e-06,3.092709890882771950e-06
-1.146428544104694055e-06,3.054341313277170744e-06
-1.296049177078895131e-06,3.006768501412480202e-06
-1.459116622068663119e-06,2.947538450023762322e-06
-1.641691854537070962e-06,2.872493219050839863e-06
-1.841525018086720484e-06,2.773831798057481311e-06
-2.050887880924066573e-06,2.651334836255026882e-06
-2.252997156603281983e-06,2.502885930276503523e-06
-2.439144222480754068e-06,2.341501358221202653e-06
-2.608288011848328381e-06,2.173093758048476555e-06
-2.758742640143093127e-06,2.003165801830022062e-06
-2.890701072248843657e-06,1.833769968885418818e-06
-3.010315857512203819e-06,1.668371776448706479e-06
-3.114201935315038345e-06,1.507038260501917858e-06
-3.203648879117987117e-06,1.350030351441173592e-06
-3.279598870506590331e-06,1.198714160998507182e-06
-3.343287542772963039e-06,1.053604067356203395e-06
-3.396046703975334170e-06,9.155037155900790327e-07
-3.439385361850430604e-06,7.841019903706658057e-07
-3.474808620024780049e-06,6.591810039739247190e-07
-3.503779973692525144e-06,5.395638101759614588e-07
-3.527638630353366113e-06,4.239784766645924193e-07
-3.547484984446555849e-06,3.104767643988258063e-07
-3.564165420774304192e-06,1.968060407523422424e-07
-3.578135359607119478e-06,8.043755243481221202e-08
-3.589461600398576584e-06,-4.168993334540652959e-08
-3.597736976079675482e-06,-1.724120592938073252e-07
-3.602033287182562845e-06,-3.153434565871339700e-07
-3.600961831161192114e-06,-4.733179468930994888e-07
-3.592456768505846168e-06,-6.507085693117586606e-07
-3.572814546141276998e-06,-8.577496661426279809e-07
-3.530481780268717276e-06,-1.088001820667456496e-06
-3.462571545497732768e-06,-1.326962664527658586e-06
-3.370743382610686832e-06,-1.555615528119609291e-06
-3.268252550207070484e-06,-1.762210707607501161e-06
-3.160440293424173983e-06,-1.951847438552753818e-06
-3.050313878084442396e-06,-2.124565218905047282e-06
-2.938051791058332631e-06,-2.282574117334612308e-06
-2.824884566189730265e-06,-2.426157051602984449e-06
-2.711561761314865544e-06,-2.556756808859773429e-06
-2.598636517884804899e-06,-2.675587752882315565e-06
-2.485986582391846154e-06,-2.784312927238542006e-06
-2.373460736843843123e-06,-2.884394429939954031e-06
-2.260247149050383863e-06,-2.977363794539098591e-06
-2.145488772767198367e-06,-3.064567438464635790e-06
-2.027944296820671011e-06,-3.147168338693598266e-06
-1.906080278092680739e-06,-3.226340661300221444e-06
-1.778126032631395042e-06,-3.303028689057740714e-06
-1.642988268488226178e-06,-3.374476578432821977e-06
-1.499755464232529431e-06,-3.442218672192282218e-06
-1.347972679594467148e-06,-3.505862492774924253e-06
-1.186531988510391967e-06,-3.564927451197468902e-06
-1.014860545165648028e-06,-3.618715749185039038e-06
-8.320380135848620323e-07,-3.666283518078851655e-06
-6.379916025523623595e-07,-3.706528597126028209e-06
-4.325704586657914897e-07,-3.738078550410507060e-06
-2.087522346943321410e-07,-3.759268333761894231e-06
1.886076411284459673e-07,-1.091076783002234132e-07
2.220675618763512418e-07,-8.565257195303320293e-08
2.445504919765071052e-07,-6.147666621224076229e-08
2.561017306107413003e-07,-4.391055044632915282e-08
2.608533337630747009e-07,-3.808829716862554107e-08
3.108460616710155958e-07,-1.458414487757396128e-07
4.086082272338334818e-07,-2.378418073359219986e-07
5.472192893462566009e-07,-3.351162246558071727e-07
7.210998445153633613e-07,-4.362225839094488173e-07
9.245696427794460691e-07,-5.394110156970785886e-07
1.151982670433413809e-06,-6.429145377321893861e-07
1.397742948598493067e-06,-7.449765380054580481e-07
1.656301877029430644e-06,-8.438583861096962812e-07
1.922212399386016392e-06,-9.378552594491886287e-07
2.190228372195055822e-06,-1.025180812775494245e-06
2.452761261681805218e-06,-1.102703285755783993e-06
2.617398784840977887e-06,-1.377663187865390199e-06
2.524424362991557087e-06,-1.581960534511392162e-06
2.426569166028389522e-06,-1.778289823579627416e-06
2.324975596928676087e-06,-1.963978028361471398e-06
2.220704305719870034e-06,-2.137712104445324771e-06
2.115518974455766741e-06,-2.297892614699359686e-06
2.010228079887478918e-06,-2.444314772450977124e-06
1.906247586125486122e-06,-2.576275576854614029e-06
1.803902648619290216e-06,-2.694523184268145669e-06
1.703947866440281687e-06,-2.799049301196173909e-06
1.605967367817154341e-06,-2.891065668203358339e-06
1.509845282681731790e-06,-2.971243923268810365e-06
1.414570952535482641e-06,-3.040488788138998035e-06
1.318308682760082356e-06,-3.099895706829572685e-06
1.220324365696905638e-06,-3.150357544630444597e-06
1.118278721568229880e-06,-3.193680313699614134e-06
1.010421977467260527e-06,-3.230040432244122640e-06
8.948076304531707090e-07,-3.259443537325456252e-06
7.687140065062478020e-07,-3.281601330905343129e-06
6.299949505605779468e-07,-3.295872395551658573e-06
4.749726286024444824e-07,-3.301097058465716245e-06
3.461360164380643722e-07,-3.023928709311951040e-06
3.722307398906986331e-07,-2.735444657244285779e-06
3.901371290650179176e-07,-2.430925583984763934e-06
3.998702618186826887e-07,-2.116697022403808550e-06
4.012110842721310847e-07,-1.799646120181230434e-06
3.939816511650618316e-07,-1.486916671511255664e-06
3.779974607788948849e-07,-1.185776481576691014e-06
3.530766143031520149e-07,-9.036493730126644897e-07
3.190413775727926855e-07,-6.480259837946984871e-07
2.755068024856333202e-07,-4.264673553822519604e-07
2.213788510516074696e-07,-2.495370243963802916e-07
2.656483004020904316e-07,1.083162549712243424e-08
2.649230962880845611e-07,3.629175190327800459e-09
2.660369675124072623e-07,2.251297755249865930e-09
2.688617213665988600e-07,4.141634082481302239e-09
2.726249287472586050e-07,1.034140422332457378e-08
3.742811336113415506e-07,6.428993553154768215e-08
4.802195108201188103e-07,1.418013717742120783e-07
6.001575230162218026e-07,2.468436744065563250e-07
7.325964771660185776e-07,3.768264455976129142e-07
8.752410867624141074e-07,5.288429137269659689e-07
1.025640177346541214e-06,6.997648617400651450e-07
1.181275733135639390e-06,8.863786858484380371e-07
1.339554978392920167e-06,1.085371983038860949e-06
1.497804397391982543e-06,1.293326210019176155e-06
1.653324110434358195e-06,1.506790896777226979e-06
1.802806706820006981e-06,1.721841203476936977e-06
2.104174887817585603e-06,1.817485418554344954e-06
2.250573125901401791e-06,1.695575575763483029e-06
2.382171479286811941e-06,1.575744946532950585e-06
2.500389410793692889e-06,1.457903871928725687e-06
2.600034268661008306e-06,1.343055099165286165e-06
2.688930946920280566e-06,1.229669504000032160e-06
2.767108829551877852e-06,1.119157225088554505e-06
2.835208990325985901e-06,1.011386028539656864e-06
2.893760611921658759e-06,9.067014802870651913e-07
2.943451206436128044e-06,8.045260721108835051e-07
2.984816652049837771e-06,7.046356071727703570e-07
3.018398000350922071e-06,6.060568858660978506e-07
3.044563504788439653e-06,5.079391760028778569e-07
3.063547758097237900e-06,4.089723838594855002e-07
3.075368094284588152e-06,3.076749220942180312e-07
3.079803648441714376e-06,2.025127576773847154e-07
3.076338133621732170e-06,9.142572373028225554e-08
3.064172258234589778e-06,-2.718138341819139255e-08
3.042092306735370604e-06,-1.558375876473912318e-07
3.008647953538521178e-06,-2.959767208905318948e-07
2.961926291160624703e-06,-4.500441022671449561e-07
2.645705655569144102e-06,-5.047896441187495075e-07
2.386481641435468681e-06,-4.061312596141704201e-07
2.121117129644917008e-06,-3.119476486360109695e-07
1.853312345004297316e-06,-2.238964866464589580e-07
1.588506439026633338e-06,-1.439459527245567165e-07
1.332238842407150743e-06,-7.394546451849150570e-08
1.090020726895458829e-06,-1.574278872630871221e-08
8.674081252122974634e-07,2.879537452000424413e-08
6.700026992477122320e-07,5.778214711953750291e-08
5.034487316211694686e-07,6.928111215554912324e-08
3.734084439456621749e-07,6.114338204229648731e-08
1.203803074047815857e-07,1.101465432762625322e-07
7.376035705395236382e-08,1.071238398242492418e-07
3.308434339424664180e-08,9.394167714476183630e-08
5.010641029873862624e-09,7.565876530736568835e-08
-6.188655785009401890e-10,5.995341276720790706e-08
1.367931958544042237e-08,1.590546552970467615e-07
-1.704521558703068547e-08,2.874221033377786547e-07
-7.959896157050134765e-08,4.469242341877393875e-07
-1.694912855995980999e-07,6.321555415313179751e-07
-2.833492219670095916e-07,8.384107990670086586e-07
-4.177853068620602152e-07,1.060774729948364125e-06
-5.693202556198580660e-07,1.294200350000927323e-06
-7.344019805523172508e-07,1.533537220564054837e-06
-9.093704323252414098e-07,1.773473852547568957e-06
-1.090436991346968842e-06,2.008725718586726004e-06
-1.274260739586911892e-06,2.234706446397950746e-06
-1.325081859119864451e-06,2.560938510020009938e-06
-1.187180230462861903e-06,2.654406503641153891e-06
-1.057804044291137414e-06,2.730902631166449482e-06
-9.352839799588450838e-07,2.792700564723208901e-06
-8.187222494312823039e-07,2.841641885521092798e-06
-7.060319580212425129e-07,2.879508923742159249e-06
-5.959374268855200148e-07,2.907568604872314711e-06
-4.866245155007772265e-07,2.926859343254869134e-06
-3.767068862139680627e-07,2.938050925110621704e-06
-2.648315734207087297e-07,2.941545668059922269e-06
-1.497521054948068034e-07,2.937484978648629212e-06
-3.064103113816643560e-08,2.925746170382217033e-06
9.372264877749067392e-08,2.906010264021916307e-06
2.237862778810541466e-07,2.877857589371218335e-06
3.604085329615059076e-07,2.840708091649522640e-06
5.033606975917434268e-07,2.793983890488162516e-06
6.530115413725494163e-07,2.736970327609245651e-06
8.085462510497532628e-07,2.669112656205209563e-06
9.698508960568998487e-07,2.589738945843987955e-06
1.135643536082740229e-06,2.498486108556324772e-06
1.305198832744900268e-06,2.394990597387086886e-06
1.313718724494301499e-06,2.077164387529653810e-06
1.155719187410168549e-06,1.868356906726414326e-06
1.000860244631492088e-06,1.654412719465811018e-06
8.519669353267524595e-07,1.439601920545455049e-06
7.115227031036494822e-07,1.227587041099673341e-06
5.819549893642498814e-07,1.021971243632899519e-06
4.656128618219087858e-07,8.262446708484676808e-07
3.647693030438569468e-07,6.437946601393017543e-07
2.816225434453904277e-07,4.778968331877033059e-07
2.183731957088377603e-07,3.317651094082890495e-07
1.777013647886443004e-07,2.093520224809895198e-07
-3.965441822947917175e-08,1.526462766899082870e-08
-3.352901886620339507e-08,1.413476502123811539e-08
-3.226973886638007938e-08,1.067502504071853078e-08
-3.332193174095082553e-08,7.704066553411740752e-09
-3.503365273214716488e-08,1.251270846356056883e-08
-1.681332053692386718e-07,7.445060585677463934e-08
-3.287394587419958427e-07,8.652833553857789560e-08
-5.337468165702068727e-07,7.378111171885365796e-08
-7.754448269942846460e-07,3.897418130148247509e-08
-1.046129195432205499e-06,-1.528656302680140905e-08
-1.338167589203379824e-06,-8.645265061511361989e-08
-1.643975883223253032e-06,-1.719984721615535031e-07
-1.956015158294372033e-06,-2.694167421204094659e-07
-2.266728560706536955e-06,-3.762026964508298248e-07
-2.568678164845263131e-06,-4.897733145742660261e-07
-2.855433568359006463e-06,-6.077782006552046963e-07
-3.192381838935650063e-06,-5.701354547145813684e-07
-3.241666660975056045e-06,-4.137997983261116764e-07
-3.276715811382050585e-06,-2.722047962441122442e-07
-3.299467679517781594e-06,-1.425328846746325456e-07
-3.311390265629291180e-06,-2.286277343555703514e-08
-3.313670192014695605e-06,8.981629891322309026e-08
-3.307020893160033891e-06,1.976463450154770944e-07
-3.291821047218217060e-06,3.030620426292909630e-07
-3.268102409109037968e-06,4.081040159150523540e-07
-3.235641072103531889e-06,5.144377659165810078e-07
-3.193960513696051074e-06,6.237426138697593190e-07
-3.142495691945768741e-06,7.368086553990725151e-07
-3.080499143910845813e-06,8.547620251791785430e-07
-3.007350401210397655e-06,9.775084484259293573e-07
-2.922307156726096627e-06,1.105513960023711492e-06
-2.824978926324178624e-06,1.237890543221824522e-06
-2.714950737719815979e-06,1.374384463568181858e-06
-2.592655491453448691e-06,1.512893884838494429e-06
-2.450704876068157354e-06,1.654299228809881171e-06
-2.296233127780712520e-06,1.797244116542085066e-06
-2.129426829309893478e-06,1.940812666151143827e-06
-1.806550853805358831e-06,1.849926371097999290e-06
-1.644727030565015350e-06,1.611576140370289568e-06
-1.470452329840325207e-06,1.371006568209089432e-06
-1.289744471269251206e-06,1.135180595141459339e-06
-1.106546175520773657e-06,9.090771607435103336e-07
-9.247053370265177419e-07,6.977364599201463092e-07
-7.480174487391575354e-07,5.061304724715308652e-07
-5.802050656845330882e-07,3.391311478577853142e-07
-4.249338215413040525e-07,2.015469819287704706e-07
-2.858460513341533898e-07,9.806571286592728800e-08
-1.657731206443376686e-07,3.228573246970953716e-08
-3.132171466169721731e-08,-4.217513293845782017e-08
-3.169741121800942387e-08,-4.130964090751216018e-08
-2.977225205248712228e-08,-4.778005658683842805e-08
-2.807957077048013365e-08,-6.123457641859063549e-08
-2.986328692221167344e-08,-7.558976423196888774e-08
-1.232861108992576222e-07,-2.480358178458333993e-07
-1.804373660705898139e-07,-4.297565064786309317e-07
-2.286280659050679904e-07,-6.506727710963483920e-07
-2.676227475210655746e-07,-9.061415809821449201e-07
-2.974668298568087277e-07,-1.188282956297164913e-06
-3.183647779268280739e-07,-1.489427929125569109e-06
-3.305087331066031953e-07,-1.802155514805388220e-06
-3.340862807848265312e-07,-2.119203586054667992e-06
-3.292812574768361403e-07,-2.433478300605629964e-06
-3.162227093419457601e-07,-2.738089939679809287e-06
-2.947813611254825415e-07,-3.024770271090233232e-06
-4.600838723916782434e-07,-3.286483321999590524e-06
-6.502953508498021227e-07,-3.273133592677919366e-06
-8.301503843576748247e-07,-3.251268496111247792e-06
-9.999816983274744288e-07,-3.221548204109168930e-06
-1.159635219833156689e-06,-3.184525314054762259e-06
-1.309921933288770886e-06,-3.140649003428750752e-06
-1.451187236856829776e-06,-3.090231844967744006e-06
-1.584652634324578120e-06,-3.033352654046063379e-06
-1.709817271472188463e-06,-2.972869248891926318e-06
-1.827806089187356760e-06,-2.905360240965622154e-06
-1.939420006689367459e-06,-2.830978075647560779e-06
-2.045592440376324085e-06,-2.749032884691792269e-06
-2.147336395057257901e-06,-2.658723154745605391e-06
-2.245568509750592054e-06,-2.558969595597324574e-06
-2.340783913143171101e-06,-2.448970095049097648e-06
-2.433564611338851228e-06,-2.327388744570382015e-06
-2.523780636698355308e-06,-2.193591001249393097e-06
-2.611637580172428447e-06,-2.046308870968757923e-06
-2.696343715301388079e-06,-1.885346337369872638e-06
-2.777721786854744905e-06,-1.709706061736299463e-06
-2.855267595805769613e-06,-1.520450555073432027e-06
-2.643502954956297335e-06,-1.262672498239149984e-06
-2.345881303524303126e-06,-1.186306178394174345e-06
-2.036254776539752846e-06,-1.095355974298356652e-06
-1.723923652981188521e-06,-9.935176241870903897e-07
-1.416165017794133342e-06,-8.832132921711938383e-07
-1.120469919212042150e-06,-7.668161201508718550e-07
-8.444142994621318647e-07,-6.467244312939206343e-07
-5.956225076057087848e-07,-5.253534791739666937e-07
-3.817670032677681755e-07,-4.051274607373702647e-07
-2.105250769748709699e-07,-2.884280894631309329e-07
-8.950919097971517789e-08,-1.771778359098504827e-07
-6.689081192039449980e-08,8.428182232090228615e-08
5.048627972901018797e-08,-2.335349799624913826e-07
2.703379316736522211e-07,1.276855626072050133e-07
3.286956907916439882e-07,-3.812657260621550853e-08
-1.120753627103673235e-07,-4.642141172847935513e-08
-1.544187430411986139e-06,2.045810793375783247e-06
2.552667883254957973e-06,-8.063026463766229067e-07
2.560047637720260513e-08,-3.031906472883553100e-06
-2.756088326175163416e-06,-9.386027601066867182e-07
1.559987766964293625e-06,1.901513906409279298e-06
1.965783759823851185e-07,3.177508049735700491e-08
-8.599863083881679634e-09,1.448438996779860762e-08
1.828243503815463043e-06,2.270933364627967828e-06
-1.827980582273697502e-06,2.437066821310242076e-06
3.044052850893927933e-08,-2.435101056000340725e-06
-2.153257284166357953e-06,-7.363683092353750795e-07
4.360078208440341110e-07,3.555930201356969741e-07
4.516940331778009195e-08,-6.388306045629687794e-07
-4.456670958486054542e-07,-1.617784194185391416e-07
-2.457039129696903452e-07,3.151566688320619652e-07
5.985277471192436372e-07,-1.354202293847749480e-07
1.248887782749368946e-06,1.473229416873551977e-06
2.021731790031389314e-06,-6.249327198762925768e-07
-1.527263703883544850e-06,-5.267204524295469704e-07
6.669220070703960813e-07,6.726922810617742051e-07
-9.378489315914525978e-07,-3.286199319951084430e-07
3.535128997777904007e-08,-1.799512117970039391e-06
9.443760687241535804e-07,1.054172146254700661e-06
4.026593637160266221e-08,-1.181169006286806655e-06
1.489854593160956008e-06,-4.434253350129165240e-07
1.000644104434397145e-06,-2.754417423019120326e-07
-5.112335383583247702e-07,6.661208809358482704e-07
-1.189981467001850602e-06,1.572332093211442949e-06
-8.357003983639695943e-07,1.098538882069555973e-06
2.475355887563622937e-07,-3.056378656398025038e-09
-1.123914154875896956e-08,-6.993567703582290068e-09
5.844521872695107974e-08,-8.619342028043807478e-08
2.961414290975981105e-06,-9.532515364698601899e-07
-3.188888105101176839e-06,-1.094716380898320153e-06
2.605805793057846683e-07,1.268736580543442991e-08
-2.253131647337934103e-08,1.326747705515049102e-08
-2.464885213186838042e-06,-2.564539414973894983e-06
2.151593310172216570e-06,-2.578810325540255252e-06
2.623193541430066784e-08,-3.456067415981999068e-06
2.395062389478262745e-06,-2.271530391930276805e-06
-2.673282628189235601e-06,-2.307569404278756126e-06
-1.974924163685233024e-08,-2.859473226039326678e-08
2.223051533741125129e-07,-3.095316290070461224e-08
-2.248398720029355150e-06,-2.772844820648934712e-06
1.910264871976905010e-06,-2.819402474399120160e-06
2.624817364823666420e-06,-1.899230844311079664e-06
-2.870656267776710329e-06,-1.992420634829416217e-06
1.072371578051665709e-09,3.569135343484668590e-08
1.056621597785334635e-07,5.847321644317367932e-08
-2.305900021815441787e-06,2.097537737840956568e-06
2.260405611180111938e-06,1.956661590219508638e-06
-2.026312155085029111e-06,-2.945723995921997827e-06
1.686356729529587988e-06,-3.003258929683208828e-06
2.814681765228476284e-06,-1.517022210014652119e-06
-3.040362871554319358e-06,-1.652433976116869852e-06
-2.586386321402740194e-06,1.820265572792084026e-06
2.496987601586923317e-06,1.716342966943831013e-06
-1.808089072824961236e-06,-3.085137692400558753e-06
1.493678522465808409e-06,-3.135801174507531480e-06
1.432923902162266488e-07,-5.477680828159843241e-08
-4.740990471587825307e-09,-4.472380761196983505e-08
-2.380327504118157039e-08,-4.272034050179594715e-08
2.601591626447912306e-07,-3.691042352334801346e-11
2.561525925337287014e-07,-1.853181497641367810e-10
-2.457413535110707688e-08,8.944500059016972083e-09
-2.295550416891675089e-08,7.939450514110244247e-09
-2.863719245892571170e-06,1.510443437113752811e-06
-2.968896990160400885e-06,1.368530580051514293e-06
2.808088019624103307e-06,1.338730265052811425e-06
2.723239144959690173e-06,1.456565174722878077e-06
-1.542820877269585493e-06,-3.232485043097481237e-06
-1.406840042872513614e-06,-3.291893104452557589e-06
1.287349925647792470e-06,-3.259954440865907837e-06
1.187854150936621298e-06,-3.307693404130088916e-06
-3.062952194914944402e-06,1.217535336482106647e-06
-3.142180571347583884e-06,1.084090693126051143e-06
2.883918721421422262e-06,1.213226918407504489e-06
2.948165834985127207e-06,1.101736922680990213e-06
-1.249953389084829401e-06,-3.345565407018712839e-06
-1.095984389408797354e-06,-3.394420377111085163e-06
1.075007942500946391e-06,-3.350763820778263410e-06
9.644238523001655535e-07,-3.390266425039548006e-06
-2.058065369215446445e-08,-3.720093555706963330e-08
-2.741662763736762881e-06,1.669885589002384629e-06
2.624483071291476030e-06,1.589561807976015357e-06
-1.682568436660172664e-06,-3.168152489592421123e-06
1.393165747349347732e-06,-3.207059596372649329e-06
-3.210883484883367116e-06,9.449855307676834083e-07
-3.267549742625682774e-06,8.226348260147713925e-07
3.004317221937120277e-06,9.843633408233323837e-07
3.051298320314004173e-06,8.796838305159245087e-07
-9.187959621548311229e-07,-3.435826061796677031e-06
-7.443110181190536168e-07,-3.471806173972678637e-06
8.350944463208011588e-07,-3.425224109532847613e-06
7.035919507459802709e-07,-3.457156555746844374e-06
-2.387648223449510547e-08,6.662913726079383896e-09
2.616049871615171639e-07,2.487838638985521816e-09
1.463521907519538035e-06,2.565286882868303939e-06
1.289007749198439186e-06,2.665500760993898656e-06
-1.315154662473863256e-06,2.797708305946986086e-06
-1.464980374524769852e-06,2.715593156832497484e-06
-3.315149545015279495e-06,6.962667330312520561e-07
-3.353607751315384478e-06,5.844075629026914561e-07
3.091383628204466200e-06,7.696112476836642646e-07
3.124471907142070462e-06,6.701152656762055103e-07
-5.449643753999996816e-07,-3.497933242260905302e-06
-3.483797123441953463e-07,-3.517661468802591450e-06
3.799832146554143521e-07,-3.505199491424167710e-06
5.460264410144906494e-07,-3.483219055326205244e-06
2.466849290807438083e-07,1.309470361841909311e-09
-2.882193136562648937e-08,3.861277735024837825e-09
1.103884911515768668e-06,2.755730281698488972e-06
9.373056919281906743e-07,2.830341700161485876e-06
-1.035614822000241685e-06,2.920597809838595262e-06
-1.164936411029573419e-06,2.866637075899632981e-06
-3.384676918564322878e-06,4.680765221827058303e-07
-3.409051363284030864e-06,3.627521239633103621e-07
3.173709295743479932e-06,4.661117979385619940e-07
3.151765040742481836e-06,5.642368675877958065e-07
7.636339576153608833e-07,2.895151262437232749e-06
6.088279190171286486e-07,2.946669117890066226e-06
-7.886123743069791937e-07,2.999485922743430869e-06
-9.043646399565197108e-07,2.965136175061446558e-06
-3.427254568192435021e-06,2.503182622000247420e-07
-3.440253665841909528e-06,1.444871932375237886e-07
3.190438607723363122e-06,3.590616730157401165e-07
3.202647465016677408e-06,2.564238389791327796e-07
1.659671361313638246e-06,2.447845754851609726e-06
-1.652410588675360042e-06,2.612351552113342942e-06
4.496164911506822927e-07,2.989292917792964659e-06
3.085975111855286121e-07,3.021139589614661426e-06
-5.588185075583412036e-07,3.047215847343380184e-06
-6.683658204707934320e-07,3.026995842249315616e-06
-3.447184947380844999e-06,2.686161236009029051e-08
-3.449038286182756360e-06,-8.895986682945794085e-08
3.209262046701487795e-06,1.408079817403552719e-07
3.211098971567363236e-06,2.603945862107883481e-08
-2.083061203039650038e-08,-2.706257521955638184e-08
-1.549340571179472579e-08,-3.151912239987408178e-08
2.438843039281518923e-07,-2.508205900803832098e-08
2.421101033208516783e-07,-2.293834069877671013e-08
7.511019527235495553e-09,4.533586828729078595e-08
4.252178587061743765e-08,5.853134900907263464e-08
1.646183623533946278e-07,3.045360463698011409e-06
3.712222776492111944e-08,3.061180185346122678e-06
-3.312823412555782763e-07,3.070438617819102959e-06
-4.415913146443569427e-07,3.061810575267329514e-06
-3.443240224365916677e-06,-2.229698023140011889e-07
-3.430853476006665146e-06,-3.597384816081089471e-07
3.205580245875415834e-06,-1.071061209501316452e-07
3.193733946743244854e-06,-2.427975426615832966e-07
3.139226544480311399e-06,-5.694006881093527584e-07
3.171015153144620310e-06,-4.033413597173213032e-07
-3.407086006160332552e-06,-5.222989692282447047e-07
-3.373725034748084207e-06,-6.915255870435522423e-07
-9.337433790230169264e-08,3.070590236500946751e-06
-2.100855179496775786e-07,3.073415025046346950e-06
3.093725442604368476e-06,-7.789608070989112112e-07
-3.326274189330514474e-06,-9.098161644307627727e-07
-5.310125462862737461e-09,-1.140730651425755066e-08
-1.512888179445676962e-08,-3.887070532926607837e-08
2.496111880731281044e-07,-3.062490495258947889e-08
2.368896920214781550e-07,-8.749641028616100187e-09
1.716880780863525078e-07,-3.375183905252119624e-06
2.507587018453440724e-07,-3.584882018855378305e-06
-2.094355143251034815e-07,-3.597598084908947150e-06
-1.219356980766860258e-07,-3.374340213699214796e-06
-3.360964873669101860e-06,-1.089597544813903901e-06
-3.158479605745997104e-06,-9.101276668211630405e-07
2.930383130430426500e-06,-7.790578668095210648e-07
3.129329455617222809e-06,-9.503573705505839988e-07
-5.269738550553312481e-10,5.463257140400433761e-08
6.464731995524284198e-10,1.870887208574980513e-08
5.817983224034517020e-08,3.066104723097765674e-08
8.891509444146433015e-08,8.481037074217620612e-08
2.387226948692894010e-08,-3.604860919331609375e-06
2.241410459604704314e-07,-1.128435587726901849e-08
2.427117663308305630e-07,-3.899142362995697875e-08
-2.716418095898423514e-08,-3.693246922538752307e-08
-1.125292589066029158e-08,-1.458092244277999631e-08
-4.869067166890955669e-09,-3.882409539107977893e-10
2.428209344821761520e-07,2.198020326671385766e-09
-1.189182483815888253e-08,-1.725383597735935610e-08
-2.564755817019459197e-08,-4.504490192814923833e-08
2.230327766349034626e-07,-5.612906008311682698e-08
1.897938736686628711e-07,-3.996701881606396911e-08
1.888532551840955724e-07,-7.329445781006069810e-08
-3.086558004874648641e-08,9.398695663989659105e-09
-1.261596476604570722e-08,4.422934285809554333e-09
2.580321836937882422e-07,3.398477804921402205e-09
2.642937239826696021e-07,6.964485723483164261e-09
2.411761416951125295e-07,2.276638085166689134e-08
2.113837144090757566e-07,4.086069344781149530e-09
-9.160121810140863483e-09,2.396044947095585500e-09
-3.442214747103437941e-08,7.601894198844308116e-09
2.002484700817981489e-07,-1.785346959994219192e-08
1.582050949604743259e-07,-2.424430548825765341e-08
-3.149867363975939071e-06,-1.438459852899302209e-06
-3.056738522489134924e-06,-1.211139217709584696e-06
-3.278337256952901119e-06,-1.328716535638496857e-06
2.927455245444940154e-06,-1.290408622820990393e-06
3.053339560621955106e-06,-1.181837819880598245e-06
2.833208437542639208e-06,-1.062695260248078551e-06
1.481662249879876332e-06,-3.226245813649995911e-06
1.404935216655431279e-06,-3.117233675679411332e-06
-1.697890273196483748e-06,-3.059971972295411955e-06
-1.793404375218092925e-06,-3.192550518837583881e-06
2.626797212051332355e-06,1.722405675130509100e-06
2.497346700594038816e-06,1.582663589485371962e-06
-2.588224844364213970e-06,1.662149799412248239e-06
-2.742675816152144437e-06,1.827148437979539282e-06
-1.833656598626701272e-06,2.610385128369895767e-06
-1.642750238679582666e-06,2.444422603548865266e-06
1.650455351320183160e-06,2.275989988389767290e-06
1.835614447150613941e-06,2.443866840792995638e-06
-3.202476285587567794e-06,-1.605046301622161388e-06
-2.984376028055485354e-06,-1.489446100697219104e-06
2.758942893168782769e-06,-1.343023453106433869e-06
2.982687161277474184e-06,-1.465173664787461054e-06
1.487583777554006902e-07,-8.800237797604036700e-08
-2.102970280040389284e-06,2.293032986622951141e-06
-1.892425630759644865e-06,2.259776889892964441e-06
-2.039282406621210178e-06,2.467996831320969123e-06
2.082376649287229359e-06,2.134902918715012575e-06
2.025875162532945778e-06,2.300685847620229565e-06
1.887411557369925144e-06,2.102984386498736735e-06
2.106226447072084367e-06,1.948552929778511474e-06
2.239489870900920974e-06,2.139059301474963187e-06
-2.279551889401086641e-06,2.298385106116117481e-06
-2.131213094984640104e-06,2.089855070525626253e-06
-4.968355924164217969e-08,-3.229678114401620341e-07
-1.841512222316164514e-08,-1.588003124979933405e-07
-4.838569916900532145e-08,1.703954236794421953e-07
-9.389039258090776660e-09,7.652898582639028624e-08
3.628484893093203070e-07,1.356562136350385328e-07
2.821053916155080711e-07,5.858053896346359336e-08
3.649950994839003494e-07,-1.221045821672066460e-07
2.787797913070198983e-07,-6.080460785345051685e-08
-2.054448471671017319e-07,6.847502698550100259e-09
-7.851169625915804593e-08,1.640574897150478350e-08
-7.291424829422373661e-08,2.767992107377999589e-08
-1.596236244804576677e-07,9.254168119840060994e-08
1.204323738605713453e-07,-1.686675147506075860e-07
1.480236065628632693e-07,-3.214325921710064422e-07
3.014069719401870046e-07,1.463016188219528768e-08
4.038447266224697820e-07,4.922932584984206552e-09
2.026359396806644591e-07,1.206846826857650305e-07
2.488592253401290586e-07,2.189187974130350311e-07
-5.008472091300402057e-08,-7.418696472640285888e-08
-1.568661150743257814e-07,-1.476747579762875768e-07
-2.067386019089006021e-09,9.058879068641152608e-09
1.646920807478077514e-07,1.953892470647054882e-08
-1.591912012829199845e-06,1.832127169255813250e-06
-1.753826332649243194e-06,2.063251357068852187e-06
-2.555653886976178531e-06,-1.057106345062606585e-06
-2.841874603967043690e-06,-1.139074464475499880e-06
1.919093054332112382e-07,-2.887097719527541591e-06
1.763407996586920374e-07,-3.167820083036407259e-06
2.469619217591825494e-06,-6.099727047344359744e-07
2.728779657126403819e-06,-7.050964910411038724e-07
1.359665107299223954e-06,1.884004644432081029e-06
1.516087540053866731e-06,2.092348178700092980e-06
2.629678343160324171e-06,-9.922899180407050886e-07
2.373629903454827654e-06,-9.127895981297764926e-07
-1.500719418051808149e-06,2.252454143944825677e-06
-1.321516080140887690e-06,2.025914603251216931e-06
-1.271354690678998953e-07,-3.165338137052813098e-06
-1.385404053235373187e-07,-2.888224919075893319e-06
-2.946848197991245519e-06,-8.296196254723000686e-07
-2.663009550960955785e-06,-7.212779507786326403e-07
1.754872695893032844e-06,1.918846215694941182e-06
1.605201146027790121e-06,1.705665545321279900e-06
-1.758548003876978186e-10,1.495162142867622985e-08
1.154975317149946314e-07,2.708430608568662500e-08
-1.176153661236498851e-07,3.008745047289862005e-07
-1.437688800077828133e-07,1.823952382081882075e-07
-2.695604943696717853e-07,1.933982278109297282e-07
-7.761258498440549969e-08,-5.259669195283901487e-07
4.782380354242459197e-08,-4.152253600954493334e-07
1.704834615278658340e-07,-5.243858976728044026e-07
4.927463185713070463e-07,-1.938853787801685768e-07
4.442487135554626217e-07,-8.048459491984876191e-08
5.464999607937878644e-07,-2.086949491766062411e-08
4.610467061535876450e-07,2.389494855869406714e-07
3.438071671971231484e-07,2.291472607839823001e-07
3.169654381099429512e-07,3.434176554025848114e-07
-3.816421513674213351e-07,-2.296704016588737862e-08
-2.552293154720769716e-07,-9.634068732268631187e-08
-3.149817697661831133e-07,-2.337252760235637208e-07
2.248795030762186018e-07,6.866789208394351462e-08
1.753285185992925322e-07,6.825130900248207394e-08
-2.581820378356329134e-08,3.633071240326512393e-08
1.321583312315820090e-09,3.811209724862311434e-08
-7.781962112454445850e-09,5.238128643269333066e-09
-1.717433574659542299e-08,1.145758908423699360e-08
2.541743438893887076e-07,1.269199803785707030e-08
2.503685455432166822e-07,6.891261025328919643e-09
-2.449700606526418166e-06,-2.448547242736423990e-06
-2.550120539512028893e-06,-2.317085283040136120e-06
-2.566292192820409375e-06,-2.439584185411104502e-06
2.134687534789360552e-06,-2.442382836339829302e-06
2.269520735043085154e-06,-2.429903984723660765e-06
2.251453814009714964e-06,-2.284557873556823873e-06
-2.352930399827842362e-06,-2.561138338802580528e-06
-2.354550493957459957e-06,-2.670727370247579765e-06
-2.246974745857354060e-06,-2.667374797785510429e-06
2.024792646828156690e-06,-2.576830737960064041e-06
1.908823201300534946e-06,-2.701758204273208906e-06
2.026377581259408159e-06,-2.703340212739172394e-06
2.361461821988054681e-06,-2.121098507723666084e-06
2.507436327708082356e-06,-2.089593432658902874e-06
2.472154826399000430e-06,-1.931915595232565190e-06
-2.643553363059982110e-06,-2.180242540907910525e-06
-2.737302936954484678e-06,-2.019397994115361883e-06
-2.769126786404406837e-06,-2.154807441217980850e-06
-2.971443269761072971e-08,1.507328749163451008e-08
-3.514971392994562583e-08,2.339102317778501406e-08
2.626301244654974809e-07,1.516160792588344698e-08
2.676138961567087681e-07,2.164205562785951320e-08
-2.145975450098590362e-06,-2.760411549846654470e-06
-2.136596479155690632e-06,-2.859977275429523610e-06
-2.035707742422855123e-06,-2.847554068197610978e-06
1.803496719621423001e-06,-2.808120492640825807e-06
1.695179543075044260e-06,-2.904236903890078533e-06
1.794088094823380520e-06,-2.914535640559104754e-06
2.575870694724637506e-06,-1.742602059385181885e-06
2.718840164762023157e-06,-1.710277098406972538e-06
2.668939097880212315e-06,-1.549783684270381037e-06
-2.825784617740942185e-06,-1.854575186553409170e-06
-2.906118324987752212e-06,-1.681191068643493780e-06
-2.953536061194760848e-06,-1.827056006281333226e-06
-1.927322058292149634e-06,-2.925388498834881383e-06
-1.917908096600298630e-06,-3.015127646396873328e-06
-1.817709264778116778e-06,-2.994320729014778593e-06
1.595516250116928754e-06,-2.986073465547609632e-06
1.501513342459628932e-06,-3.054906157721334064e-06
1.587301967012551620e-06,-3.071282739557789294e-06
2.254715415481690167e-06,1.822317016055926413e-06
2.377169678999342382e-06,1.706557944682501254e-06
2.382366977728837768e-06,1.832656478352372412e-06
-2.300752359166694112e-06,1.945005251198121538e-06
-2.449008440702846224e-06,1.956054699747038903e-06
-2.444286967780946048e-06,1.809442809197216329e-06
2.205043109677603123e-06,-5.160377064551718920e-07
2.289882089744566546e-06,-7.164614523498605772e-07
2.106961471792656824e-06,-8.253485107265933957e-07
-1.417997360740760988e-06,1.592928580753477041e-06
-1.368934787605067627e-06,1.811614632696716444e-06
-1.141050980881861273e-06,1.791370225790929086e-06
2.039669112175391679e-07,-2.588392123934669918e-06
2.794159026243342019e-08,-2.741608306451700217e-06
-1.455704631675686450e-07,-2.589729064045872693e-06
-2.251505963121196110e-06,-9.637003176430165572e-07
-2.461096098348906492e-06,-8.395376384198392062e-07
-2.363898542840248574e-06,-6.124345958641918010e-07
1.203203863115165470e-06,1.670425837405151260e-06
1.404852703823700519e-06,1.687967701352869285e-06
1.450497726079734528e-06,1.490737501437884225e-06
1.687022313062306739e-06,-3.099226601467470864e-06
1.588217464814894746e-06,-3.162530604840972272e-06
-2.027343731724086091e-06,-3.046398153501927305e-06
-1.918927920779638364e-06,-3.116782629716265402e-06
2.392744487881368799e-06,1.990448112052527974e-06
2.506980314661926861e-06,1.864513591706591246e-06
-2.458893929335207547e-06,2.135405691466683305e-06
-2.596080608656210796e-06,1.992434341878224650e-06
1.697987870352622703e-06,2.091403619453098781e-06
-1.692589156866622649e-06,2.249922814067155111e-06
-3.012365856424515096e-06,-1.972389468810640042e-06
-3.102458078159382926e-06,-1.805727040711156971e-06
2.783339709157658710e-06,-1.874583027901839543e-06
2.880617422341512978e-06,-1.684949651840905684e-06
1.916126567534718010e-06,-2.929858286572358990e-06
1.799908416844777881e-06,-3.017785174366127810e-06
-2.254632283841546592e-06,-2.876036939062834523e-06
-2.142839857452895070e-06,-2.961689708317503411e-06
1.332737078723741634e-07,8.267848168164173607e-08
1.509233191441771043e-07,4.767470232673402524e-08
9.222317747744923424e-10,2.677744484017078402e-08
4.018555156374398486e-09,5.038309090200527053e-08
-2.802598176097624587e-06,-2.295171704366483540e-06
-2.905902303045591109e-06,-2.141302926025700637e-06
2.545218652048138263e-06,-2.255036473234622692e-06
2.664132029397764629e-06,-2.072055597777581542e-06
2.163208029052070189e-06,-2.707976250590879790e-06
2.037580825358553269e-06,-2.823991648270785177e-06
-2.475989883109471733e-06,-2.676378208709681101e-06
-2.365486153408906964e-06,-2.778499069041465720e-06
-1.238966132568262209e-06,1.353023793211626334e-06
-1.058680667659851780e-06,1.118034730299681017e-06
-1.010976673776516097e-06,1.332832043415806625e-06
-9.617829737401547651e-07,1.551852055511634323e-06
-7.874242460522970215e-07,1.312537398836734996e-06
1.408907529598643994e-06,-2.546890457619357718e-07
1.160864261142790517e-06,-1.802876232118316789e-07
1.237157093568509759e-06,-3.568465030104934572e-07
1.316809141312734998e-06,-5.451701471230693423e-07
1.075098915646985226e-06,-4.514114433029618049e-07
1.049131545281427773e-06,1.455703901919398739e-06
9.001331790186640981e-07,1.243528833825079250e-06
1.094512303766439789e-06,1.260741551941133980e-06
1.293952486991687362e-06,1.277827063244796639e-06
1.138189433638707587e-06,1.070598650329776334e-06
-1.006948219031914056e-07,-7.669471546215101816e-07
-1.191438866439665867e-07,-1.038487793328956857e-06
4.271688795746111400e-08,-8.967281850280735213e-07
-6.000026094865632672e-07,-7.133824967744004024e-08
-8.526883237936032726e-07,-1.358184048218225621e-07
-6.757825609163568789e-07,-2.400495762188833516e-07
1.885855489602307945e-07,-7.656916656532105015e-07
2.021317194096758621e-07,-1.037241777091860964e-06
-5.179587530605776160e-07,-3.293573251135443068e-07
-7.582100437509949836e-07,-4.319695986072007501e-07
1.573004870408499745e-06,-6.399065709503985111e-07
-5.479958856599708944e-07,4.934128430116129396e-07
-7.094599276258098068e-07,6.832166607012569426e-07
-1.477896742359602550e-07,-1.959738642567602543e-06
-1.426020951822347405e-07,-1.642311720244321028e-06
9.307120119796092635e-07,-1.152880641201188940e-07
5.084587114879891516e-07,6.578271296565483893e-07
6.273850622099057122e-07,8.411444440157519016e-07
-1.740145627314993653e-06,-4.008991590393124036e-07
-1.430354702775971651e-06,-3.030946790274053561e-07
3.780865253404958762e-08,-1.484571298770183562e-06
-1.330839742789348721e-07,-1.332780985643793030e-06
4.042491898326968680e-07,4.908495578589276315e-07
-8.809223258126797190e-07,8.930788581616877242e-07
8.010217762904459490e-07,8.570215641133195513e-07
7.587344655536349378e-07,1.037510156370436533e-06
-1.224210909202327945e-06,-4.250007910518062470e-07
-1.132012188612358743e-06,-2.139043461565581505e-07
-4.001650751423506012e-07,3.285334252527961105e-07
-2.053851903128488180e-06,-5.048344904530235910e-07
-6.678925944511529552e-07,8.746150752823496527e-07
1.838180853866487319e-06,-7.338610724661650118e-07
7.240416783652486164e-07,-6.153385030414283539e-08
-1.487423772973784849e-07,-2.277878800768911099e-06
2.111588084280690740e-07,-1.331525803035040252e-06
-1.028061017969584313e-06,-5.390786909827874932e-07
9.858520350267595975e-07,8.725589170676908117e-07
5.747186407364585570e-07,3.671544663577609912e-07
2.157616796207610890e-07,-1.641056304133055686e-06
-2.128805026875038263e-07,4.618935761161515804e-07
-1.319874574160245023e-06,-6.482299702811363485e-07
-1.939078191898768422e-06,-8.629282944168295363e-07
-6.217331971131473487e-07,1.078776465139169648e-06
2.120756281307495673e-07,-2.276621292366733597e-06
8.395088665903361653e-07,6.871174834718308653e-07
1.936535424339261867e-06,-4.243789847988616668e-07
6.574351197485550624e-07,-2.739595128037377873e-07
-3.693283420430214453e-07,4.780140438979869870e-07
5.444762111591287271e-07,5.044834530970978291e-07
2.160350178460291841e-07,-1.958486109590987040e-06
-1.626059135142724498e-06,-7.569857859120010234e-07
7.016556873991789631e-07,5.175801283831561421e-07
-4.683727260461835648e-07,8.557308875830678762e-07
1.669300308609722166e-06,-3.366609893932319614e-07
1.753206995068524614e-06,-5.333776948045774607e-07
8.534379941887582483e-07,-3.604094590028184282e-07
-1.839448807895950408e-06,-6.313200063125877019e-07
-3.309219547315538705e-07,6.484537496429553475e-07
3.289620661063289250e-08,-2.118723973403330165e-06
7.858921303484620511e-07,-2.010235723655813489e-07
-2.585653049738943408e-06,-2.560592118929202437e-06
-2.693392920452228836e-06,-2.435111658972375961e-06
2.290899447035831359e-06,-2.572358758067780670e-06
2.417474711897745654e-06,-2.422709446984851847e-06
8.321720638875186197e-08,-2.938626863572766656e-08
2.716784498537650527e-07,-1.473276360778239749e-08
-4.138244575335424573e-08,-1.974537176770478954e-08
2.764601141905873338e-06,-8.828745670221126558e-07
-2.985139971367362274e-06,-1.021338770596139986e-06
5.931843266124762672e-08,-1.405768207176021945e-07
-6.592560208536736661e-10,-8.855296239313534076e-08
1.129472436131778644e-07,-1.063075246441345512e-07
2.571405147436796183e-08,-3.256632700136068126e-06
1.037212679436001910e-07,-7.045965054417673839e-08
3.487770344251328287e-08,-4.312574294881579678e-08
