Size 899,2
0.000000000000000000e+00,0.000000000000000000e+00
0.000000000000000000e+00,0.000000000000000000e+00
3.680549185663830620e-08,-7.239480189528030091e-06
-3.070110484055901702e-07,6.666199083773750170e-06
3.024001503644636885e-07,-2.382863312644507040e-07
5.046389149824607329e-07,-1.054901562987278315e-07
6.174890148036037441e-07,-6.302661646503648140e-06
5.343296510843868844e-06,-2.272994668517915985e-06
5.554459750715383098e-07,6.587211996072170022e-08
5.583301589242595233e-07,3.440500566592213030e-08
5.730842857213043369e-06,-1.148584508354972264e-06
3.997619355543748216e-06,4.079738648134373831e-06
3.036857129459362708e-07,2.311018036018132831e-07
2.452986433574773518e-08,1.403884508589822700e-07
3.049621194046543194e-06,4.762267979434711828e-06
-3.035401283161971630e-06,5.104188001265601761e-06
-1.260579903497833339e-07,1.062898621199238775e-08
-1.050608687224464986e-07,7.307268442861999316e-08
-4.023773347456496022e-06,4.364804132146543763e-06
-6.191591676435590103e-06,-1.391917312043925305e-06
-4.335564079403353224e-08,-1.294768700619039407e-07
-9.129967567338652372e-08,-1.845880744216354140e-07
-5.790736157546017839e-06,-2.580603770547967455e-06
-5.394940393130875798e-07,-6.291364908732214024e-06
2.071576831765871750e-07,0.000000000000000000e+00
3.295776409474174482e-07,0.000000000000000000e+00
4.003604439104123847e-07,0.000000000000000000e+00
4.393538315919670279e-07,0.000000000000000000e+00
4.536271586216225314e-07,0.000000000000000000e+00
4.772401797918877322e-07,0.000000000000000000e+00
5.030381028222837368e-07,0.000000000000000000e+00
5.057247000985673257e-07,0.000000000000000000e+00
4.890631440468139587e-07,0.000000000000000000e+00
4.490790399288973613e-07,0.000000000000000000e+00
3.547259222024556225e-07,0.000000000000000000e+00
2.392474067435918960e-07,0.000000000000000000e+00
1.280600924774526327e-07,0.000000000000000000e+00
0.000000000000000000e+00,0.000000000000000000e+00
0.000000000000000000e+00,0.000000000000000000e+00
0.000000000000000000e+00,0.000000000000000000e+00
0.000000000000000000e+00,0.000000000000000000e+00
0.000000000000000000e+00,0.000000000000000000e+00
0.000000000000000000e+00,0.000000000000000000e+00
0.000000000000000000e+00,0.000000000000000000e+00
0.000000000000000000e+00,0.000000000000000000e+00
0.000000000000000000e+00,0.000000000000000000e+00
0.000000000000000000e+00,0.000000000000000000e+00
0.000000000000000000e+00,0.000000000000000000e+00
0.000000000000000000e+00,0.000000000000000000e+00
0.000000000000000000e+00,0.000000000000000000e+00
4.901387282941770424e-07,-7.198690031937663933e-06
9.053911030476266117e-07,-7.120608226348825152e-06
1.254048027903940882e-06,-7.036501952197925954e-06
1.568827234847282211e-06,-6.946227940144181745e-06
1.854975954099384750e-06,-6.851989053544434444e-06
2.117225685092415243e-06,-6.754708709124230969e-06
2.361584283694496104e-06,-6.654483880574192154e-06
2.592203443521753906e-06,-6.550790604480389903e-06
2.813710066087178049e-06,-6.442463032384022172e-06
3.029705591410346842e-06,-6.327958285727392507e-06
3.243829426261775942e-06,-6.205490705677848047e-06
3.459059998459961759e-06,-6.073948223754565434e-06
3.678863312153280722e-06,-5.928974984858980558e-06
3.903986296977293556e-06,-5.767548056297099442e-06
4.135708106266923407e-06,-5.586222820519447364e-06
4.373178217396954346e-06,-5.382154374787410921e-06
4.615882604058032061e-06,-5.152475394053926888e-06
4.861438230167746966e-06,-4.895335191445802571e-06
5.107716380386649309e-06,-4.608827069499937129e-06
5.351306054907990579e-06,-4.292687276961199865e-06
5.588721453201623655e-06,-3.946547141795166622e-06
5.816005037021852015e-06,-3.572396106102619256e-06
6.030390367536969123e-06,-3.170299197329221700e-06
6.226165890182646065e-06,-2.743817193712256344e-06
6.396841417102363187e-06,-2.292420835944676517e-06
6.527893240191809596e-06,-1.830896169737574787e-06
6.619547352074680918e-06,-1.381743287191381637e-06
6.672968238494924399e-06,-9.644271829595345490e-07
6.703003757256313015e-06,-5.890005674303181867e-07
6.714846360187058858e-06,-2.441836946668190245e-07
6.711838012768155633e-06,7.460613126800961400e-08
6.696522577844674189e-06,3.696741217755407403e-07
6.671052981994120189e-06,6.450189304799098340e-07
6.636967711036297499e-06,9.032970651702472063e-07
6.595313341899748246e-06,1.148293714172359075e-06
6.546644283843645605e-06,1.382773682663918138e-06
6.491004927701168753e-06,1.610068607471024004e-06
6.428055530851188240e-06,1.832802727720550698e-06
6.356995762580630027e-06,2.053656253324205614e-06
6.276731889764315449e-06,2.274906243028439459e-06
6.185812331788650433e-06,2.498435395305020636e-06
6.082566194180074951e-06,2.726019279665623033e-06
5.965111240925129360e-06,2.958653174844989811e-06
5.831392184653076169e-06,3.197582585056313215e-06
5.679127002858156908e-06,3.443526718027926548e-06
5.504760730203978095e-06,3.699456105808544426e-06
5.312475647657903011e-06,3.969194274485855797e-06
5.089608169146856700e-06,4.251544087859556562e-06
4.828426291769332058e-06,4.549483634426399720e-06
4.526860740973497623e-06,4.854618563372615476e-06
4.175844262554560674e-06,5.157597387635541861e-06
3.791757613160443853e-06,5.432945530472097088e-06
3.395520393773284439e-06,5.675505295774963529e-06
3.000536992399441092e-06,5.884927020834550592e-06
2.613834011805719436e-06,6.064912887979775716e-06
2.235609612737528066e-06,6.217282212677694988e-06
1.867663853388711662e-06,6.343530236965560288e-06
1.512825744663841474e-06,6.445253547694506125e-06
1.172045399548582161e-06,6.524603377606216438e-06
8.469003105541620474e-07,6.583770729939396367e-06
5.370284674643480505e-07,6.625203981186035165e-06
2.425204780344139600e-07,6.651257807802610412e-06
-3.833303752397461931e-08,6.664232105031526955e-06
-5.662321400825293740e-07,6.658135013632227613e-06
-8.184567599960632399e-07,6.640619059779808385e-06
-1.066880499391204700e-06,6.614396016704323661e-06
-1.314972257745892088e-06,6.579639733505346313e-06
-1.566508161972692842e-06,6.535790519061125476e-06
-1.825811202319598165e-06,6.481571880754107901e-06
-2.096719902661586266e-06,6.414941527235092044e-06
-2.383940869198505639e-06,6.332999367163856092e-06
-2.690833423380465538e-06,6.232207799650095500e-06
-3.022757541177856719e-06,6.107904697288719642e-06
-3.391413606852068409e-06,5.952130269512597815e-06
-3.791838397487121985e-06,5.749759094921313971e-06
-4.207484261576351213e-06,5.499048426807756352e-06
-4.602427239919587668e-06,5.198334008063557510e-06
-4.957057769525102782e-06,4.878234213487644131e-06
-5.273942316933898081e-06,4.551438630559780256e-06
-5.552393733168729399e-06,4.228531578361391087e-06
-5.795922651760966740e-06,3.910629280771223288e-06
-6.017012705981076735e-06,3.602590549632099555e-06
-6.209934963109774965e-06,3.302944980728546029e-06
-6.377752701249391489e-06,3.010778033559475296e-06
-6.522596880037842612e-06,2.727336886206911827e-06
-6.646841514440888345e-06,2.452580966167177853e-06
-6.752870736640125569e-06,2.186877365212526630e-06
-6.843148080438447646e-06,1.928951259334755030e-06
-6.919992647136748316e-06,1.677573985783703056e-06
-6.985472167455745880e-06,1.430286821630926719e-06
-7.041335178897530673e-06,1.184362549576102293e-06
-7.088814873476970878e-06,9.364254888542294113e-07
-7.128650450126994455e-06,6.825021733051403086e-07
-7.160899411476687273e-06,4.186937686077064440e-07
-7.184957629120088267e-06,1.401629897625026017e-07
-7.199500200217043873e-06,-1.570246497844192284e-07
-7.202392363245854063e-06,-4.780944667528243174e-07
-7.190901549918448469e-06,-8.265226463768412874e-07
-7.161315965357438315e-06,-1.208298757969331142e-06
-7.107391102841635692e-06,-1.639302395860221277e-06
-7.009666083798296246e-06,-2.106516990469292337e-06
-6.862067539274070218e-06,-2.582159979424113855e-06
-6.670578929401765765e-06,-3.029233796989898534e-06
-6.462795439441537371e-06,-3.422329471421154635e-06
-6.250642913526647021e-06,-3.776558157842808921e-06
-6.039974686896066472e-06,-4.093711277950468813e-06
-5.829618814305664450e-06,-4.380955733828497645e-06
-5.620897664602840803e-06,-4.640402501836529039e-06
-5.414054520083740803e-06,-4.876281929553823383e-06
-5.208928591977162052e-06,-5.092026589184890680e-06
-5.004098714698598334e-06,-5.291541190543735638e-06
-4.798058037073539392e-06,-5.478112564698678045e-06
-4.588321757105835723e-06,-5.654768142597687095e-06
-4.372203573102427862e-06,-5.824037428129061019e-06
-4.146857845942515929e-06,-5.987727625477940051e-06
-3.908424232358590075e-06,-6.147908467439435978e-06
-3.653463047099518471e-06,-6.305559862312576029e-06
-3.380018157159478032e-06,-6.452838430200194688e-06
-3.086935462101098606e-06,-6.593425755866639842e-06
-2.774130224377157717e-06,-6.725868837813507155e-06
-2.439940911085110286e-06,-6.848684177907696446e-06
-2.083891834817271482e-06,-6.960039978770042131e-06
-1.704906292910086855e-06,-7.057683531598848769e-06
-1.303688512177581250e-06,-7.139168448454338392e-06
-8.809030482633697001e-07,-7.201643158701749717e-06
-4.258586727620806545e-07,-7.241825484785581097e-06
3.637009286960718624e-07,-2.099044572060616109e-07
4.308613922228465352e-07,-1.655293665343739259e-07
4.764518783313672212e-07,-1.189403341047070487e-07
5.007240693928718702e-07,-8.442215538203701174e-08
5.119145087029015334e-07,-7.200596899345948596e-08
6.124732462300631484e-07,-2.740059474001292768e-07
8.035940580981454572e-07,-4.498104856807711677e-07
1.074794150444166737e-06,-6.366246522072098085e-07
1.415368832395653165e-06,-8.315547511479527079e-07
1.814491700336817903e-06,-1.031212920567013210e-06
2.261386254336754855e-06,-1.232171337988816450e-06
2.745329088145392206e-06,-1.431008073348975561e-06
3.255645130796677926e-06,-1.624319831998613621e-06
3.781773426640101000e-06,-1.808739309983895171e-06
4.313444337983883263e-06,-1.980802835516652368e-06
4.837097013155850562e-06,-2.135092926511175558e-06
5.187100154578231478e-06,-2.673543829909862850e-06
5.016238384166962732e-06,-3.064718405776933157e-06
4.836614217205316340e-06,-3.435484504722664458e-06
4.650210548001886029e-06,-3.782161586939843370e-06
4.458636370263947723e-06,-4.103957857192215412e-06
4.264836178025648123e-06,-4.399045407553126711e-06
4.069838355152906270e-06,-4.668090734219787992e-06
3.875736310777138975e-06,-4.910592193851167310e-06
3.682705639313524729e-06,-5.128428730428539938e-06
3.491587171267103265e-06,-5.322056315977533909e-06
3.301330956662632296e-06,-5.493791762206479740e-06
3.111252191969237432e-06,-5.645007802511328680e-06
2.919411074877375883e-06,-5.777343566687080518e-06
2.722680836053561004e-06,-5.892250186147033734e-06
2.519294899028212112e-06,-5.992795463850273471e-06
2.306010783460012445e-06,-6.080081259403473471e-06
2.079400521251440072e-06,-6.154284058560607987e-06
1.836155093810970453e-06,-6.215172841869395745e-06
1.571394734472209286e-06,-6.261986326242157494e-06
1.281554810976118349e-06,-6.293316286446156343e-06
9.600582462615839694e-07,-6.306815702197396697e-06
6.816777191108428747e-07,-5.759507229025473188e-06
7.257530641002466613e-07,-5.192725559168773355e-06
7.544692050147899697e-07,-4.600482608649284479e-06
7.679902143649757689e-07,-3.994491183063116164e-06
7.660601049747918519e-07,-3.387494454525642989e-06
7.485082047650976704e-07,-2.792582826715091383e-06
7.151518046494152116e-07,-2.222939747881304543e-06
6.658133568099118363e-07,-1.691904257017220114e-06
6.003240612409677766e-07,-1.212796340139209566e-06
5.181130949460375716e-07,-7.989248263757408967e-07
4.172488694843310379e-07,-4.693283337359145818e-07
5.265364261159816349e-07,2.278163705150956100e-08
5.260961845065341270e-07,7.730249991300796950e-09
5.290351951676880834e-07,4.929957825195085928e-09
5.354196314744646030e-07,8.955924504075806750e-09
5.438161844723251951e-07,2.194369096441112185e-08
7.604210431243055268e-07,1.368891397238042420e-07
9.858583915265954084e-07,3.040843364309016609e-07
1.240282877166913606e-06,5.310448876364052499e-07
1.519812441607046241e-06,8.110220870474695453e-07
1.819142089807529849e-06,1.136942144014133655e-06
2.132719196897730937e-06,1.501395837550304148e-06
2.454930044316918781e-06,1.896904396836801911e-06
2.780084259691083635e-06,2.315894252206115766e-06
3.102384142492080834e-06,2.750658331529443366e-06
3.416099426159931288e-06,3.193488729344642552e-06
3.714946292363993773e-06,3.636441608480036633e-06
4.305157601459359227e-06,3.860064408777057185e-06
4.584298490978040691e-06,3.635777701095836154e-06
4.830649499413287760e-06,3.416864533136231953e-06
5.048294212035999094e-06,3.201831097696234011e-06
5.229322231030504115e-06,2.992091486324843426e-06
5.389910656463455306e-06,2.783535653418135865e-06
5.530698021408664347e-06,2.577908835935675252e-06
5.653280846094478817e-06,2.374189508551557490e-06
5.758906934459842320e-06,2.172083152593749560e-06
5.848879237589235914e-06,1.970038936533177576e-06
5.924136330809210414e-06,1.766902723345498178e-06
5.985436837762866686e-06,1.560789788281616817e-06
6.033190339264678208e-06,1.349739900329853340e-06
6.067464076529455366e-06,1.131697790736157108e-06
6.087946779419159494e-06,9.040106518711249322e-07
6.093908717436927093e-06,6.646626010285800920e-07
6.084157048630096122e-06,4.104763013763518617e-07
6.057111356651730127e-06,1.397184848979128296e-07
6.010585097928975060e-06,-1.510971121847231709e-07
5.942170791901213484e-06,-4.631304805317743114e-07
5.848846148914118720e-06,-7.992885509145060964e-07
5.223079497301982145e-06,-9.430544331989689965e-07
4.706895282078903898e-06,-7.519122654203145552e-07
4.178982686066231424e-06,-5.701017531661451512e-07
3.647975551148437006e-06,-4.009293575966914872e-07
3.124418406491470707e-06,-2.480660047540836087e-07
2.619004489896665602e-06,-1.150306558611307374e-07
2.142370707068477276e-06,-5.335676051034130352e-09
1.705199401728908956e-06,7.748548194445935825e-08
1.318218754494136139e-06,1.298741941233555301e-07
9.921721930834452761e-07,1.481993460028456339e-07
7.376149606242347923e-07,1.284178387443197470e-07
2.342022808575780094e-07,2.248842285919318464e-07
1.439054529776769953e-07,2.173471557664906758e-07
6.394876960679801356e-08,1.909302303564449806e-07
8.785964532645578207e-09,1.552872908291212702e-07
-9.119203668598500149e-10,1.252262747829916718e-07
3.318671025124334421e-08,3.455105004103708288e-07
-3.155067167215079944e-08,6.217168797496855076e-07
-1.641020039208364701e-07,9.623689708088289855e-07
-3.544154309713329798e-07,1.355555379202845984e-06
-5.947722298316936676e-07,1.790788583402295180e-06
-8.774922063686320868e-07,2.257251179865169201e-06
-1.194788204061235787e-06,2.743965748604403490e-06
-1.538801322592353770e-06,3.239851602032684544e-06
-1.901546764641244749e-06,3.733630592371947558e-06
-2.274926659732249666e-06,4.214168520749946428e-06
-2.651346402660855005e-06,4.670833480144210464e-06
-2.751769739655343551e-06,5.322624220437167952e-06
-2.469219100921877039e-06,5.511332683924165611e-06
-2.202401846304717986e-06,5.666904588606757680e-06
-1.948329272975800097e-06,5.793453329180483337e-06
-1.705384295231272716e-06,5.894363175372815395e-06
-1.469641734245731100e-06,5.972957695854802556e-06
-1.238689542757765272e-06,6.031603535543598426e-06
-1.009050328026324538e-06,6.072256314301240494e-06
-7.780394649501076573e-07,6.096173508015901568e-06
-5.430303073467945202e-07,6.104110247742023030e-06
-3.015813689242932747e-07,6.096319769413117881e-06
-5.208250338090605204e-08,6.072550883150078903e-06
2.078625117207952194e-07,6.032173539552768059e-06
4.790994853569265880e-07,5.974379841057422863e-06
7.632671375287475808e-07,5.898060932594183939e-06
1.059823845473721382e-06,5.802144261526849668e-06
1.369358519622519190e-06,5.685322567756324855e-06
1.690106940174942693e-06,5.546653480849314428e-06
2.021596281250156576e-06,5.385033675893908151e-06
2.361089203522671046e-06,5.200034295818368267e-06
2.706789553610961238e-06,4.991359989889657123e-06
2.724971761909829969e-06,4.356607215732465337e-06
2.400275118829082489e-06,3.934427258287424073e-06
2.079366342562929662e-06,3.496639026897040941e-06
1.768800893295882869e-06,3.053230167055237243e-06
1.474060850785547109e-06,2.612083032038997200e-06
1.200660103553960827e-06,2.181051300705972014e-06
9.540457261814477491e-07,1.767887121857270633e-06
7.395865885166290368e-07,1.380240580331959587e-06
5.625802922031870041e-07,1.025643374433619646e-06
4.283939148655127149e-07,7.115970167146273719e-07
3.434050861142583831e-07,4.470532279571581120e-07
-8.251667511398613290e-08,3.212011707374306558e-08
-6.935150466810200033e-08,2.948846805003727298e-08
-6.627380384723715015e-08,2.219463302027262851e-08
-6.790925063108904065e-08,1.597898563071205054e-08
-7.051470627856965331e-08,2.583010189503614348e-08
-3.321974533950590209e-07,1.542127722701429731e-07
-6.477332996828609619e-07,1.819725933611415401e-07
-1.050614001891690659e-06,1.612465372783318261e-07
-1.526167439466474426e-06,9.728540992908910715e-08
-2.059512005036408193e-06,-4.937258824718134077e-09
-2.635849421246271705e-06,-1.405367077776198204e-07
-3.240433279741019199e-06,-3.046591478579414138e-07
-3.858563191082423702e-06,-4.924706039035022306e-07
-4.475503070543562310e-06,-6.991388278936128034e-07
-5.076702933491198194e-06,-9.197606566904803699e-07
-5.648059734136041982e-06,-1.149641598636058311e-06
-6.315407139545793602e-06,-1.040092420625730802e-06
-6.413880698272403025e-06,-6.993618892758871611e-07
-6.485523522523639560e-06,-3.843924701966512747e-07
-6.533409889309730062e-06,-9.153223324169939580e-08
-6.559983546661138975e-06,1.813535775247203653e-07
-6.567377810588287019e-06,4.387159561375718041e-07
-6.557002139374245727e-06,6.833822250390837877e-07
-6.529774787633478000e-06,9.192803571869492058e-07
-6.486047682887704283e-06,1.149440395734441362e-06
-6.425719123942330260e-06,1.376884804918016043e-06
-6.348237933774723345e-06,1.604408729778211785e-06
-6.252800587195115937e-06,1.833852995927761737e-06
-6.138234968628477856e-06,2.067409946982530450e-06
-6.003432368633271139e-06,2.305598471291528476e-06
-5.846978913795092190e-06,2.549748370174590684e-06
-5.667902691918489598e-06,2.799070589000732209e-06
-5.465057445440740139e-06,3.053816556402658935e-06
-5.238727835540653283e-06,3.310857405630189441e-06
-4.973595294740712726e-06,3.573010557076119886e-06
-4.681457655613578183e-06,3.838154214117502191e-06
-4.361437566886698205e-06,4.105773861865047308e-06
-3.728018337267792063e-06,3.891538887815786812e-06
-3.404385584418166801e-06,3.401861465811526031e-06
-3.053060445527397887e-06,2.904719816808898466e-06
-2.685750833690832054e-06,2.414139899449830711e-06
-2.310678316271965201e-06,1.940894677999464556e-06
-1.935995175927557132e-06,1.495942516422350965e-06
-1.569802933376623605e-06,1.090183981512379309e-06
-1.220129996945280662e-06,7.344224657410094920e-07
-8.949645447091252176e-07,4.394374159361687284e-07
-6.023170445383283290e-07,2.158738318600790417e-07
-3.487077611106310606e-07,7.243134355471333604e-08
-5.937700825549159888e-08,-7.956693818265415874e-08
-5.984485257573779359e-08,-7.791434191572075303e-08
-5.606341178350155121e-08,-9.012339431212665707e-08
-5.281252977480850908e-08,-1.156672624518918889e-07
-5.586120480335293244e-08,-1.430234725972938734e-07
-2.283771853692920087e-07,-4.665417057593044594e-07
-3.353549875852699418e-07,-8.054709454830384440e-07
-4.268843567812433098e-07,-1.218081621313199078e-06
-5.022857785108215531e-07,-1.696887341361138783e-06
-5.614658226423843305e-07,-2.227950705662565164e-06
-6.046453989183446908e-07,-2.797603102018019501e-06
-6.320219909696591609e-07,-3.392511013310029892e-06
-6.437844712170209360e-07,-3.999502096397204639e-06
-6.401152879706376003e-07,-4.605585694950624640e-06
-6.210907151741095922e-07,-5.198013212768445337e-06
-5.863195278941198297e-07,-5.761191140909407230e-06
-9.375783105121109509e-07,-6.277639956996036560e-06
-1.329387480112785863e-06,-6.247923198841700464e-06
-1.701413861077900048e-06,-6.201440851012549315e-06
-2.053549592243152895e-06,-6.139542554355872671e-06
-2.384761622294834310e-06,-6.063459797891584563e-06
-2.696112211283786788e-06,-5.974276029852482645e-06
-2.987710902190142962e-06,-5.872858706631663014e-06
-3.261932320999690292e-06,-5.759541432145301755e-06
-3.516340891016727103e-06,-5.642550404947706269e-06
-3.753487092661442432e-06,-5.513757097215366762e-06
-3.974430920504280162e-06,-5.374204932473138031e-06
-4.180959891681731668e-06,-5.222682643869860297e-06
-4.375554664754189620e-06,-5.057555902420950801e-06
-4.560268479471490613e-06,-4.876770121260932710e-06
-4.736760482644781511e-06,-4.678246865376016999e-06
-4.906670372071410445e-06,-4.458928700305966215e-06
-5.070476201086601868e-06,-4.216640751679959631e-06
-5.229178036720079013e-06,-3.947768095557175431e-06
-5.381773736093628794e-06,-3.650546834012820994e-06
-5.528420682002242666e-06,-3.321145401935583575e-06
-5.668411268559306463e-06,-2.960023453792019306e-06
-5.224028680685912183e-06,-2.455876663024061040e-06
-4.630082478154367633e-06,-2.303871054432296296e-06
-4.015073887779800274e-06,-2.124519550092958614e-06
-3.395995537297723166e-06,-1.924370426893131686e-06
-2.787186886588531031e-06,-1.708161560516109786e-06
-2.203304873864186990e-06,-1.480599495031936985e-06
-1.659087256927276469e-06,-1.246409485785122713e-06
-1.169322320396652231e-06,-1.010333334021109218e-06
-7.488466159842595259e-07,-7.771156573350668399e-07
-4.124804888597731384e-07,-5.514050007211566051e-07
-1.750067818080665462e-07,-3.370257903457805235e-07
-1.382912401662237319e-07,1.846828512849489267e-07
9.728927277875241621e-08,-4.396298713028862584e-07
5.394883174555122482e-07,2.721916644237997583e-07
6.489293941932972068e-07,-6.434270884061517257e-08
-2.208130641458949407e-07,-8.159727324217473702e-08
-3.197770655259531815e-06,4.289878222271648746e-06
5.036570847558132035e-06,-1.543131422526097826e-06
4.752693475002091201e-08,-5.773260921373164886e-06
-5.448902291498545369e-06,-1.808460547836353617e-06
3.223936876342849819e-06,4.002250280971263721e-06
3.854017006404007646e-07,6.693716721598527143e-08
-1.600024279357194867e-08,3.183976084470285440e-08
3.761509021584600448e-06,4.741647012765306462e-06
-3.766597742318000872e-06,5.073190347830544401e-06
5.720212494243443167e-08,-4.607176789110306657e-06
-4.248351682078947403e-06,-1.412842513428532180e-06
8.911521416807544174e-07,7.641105063877775201e-07
8.664809142816739451e-08,-1.195358352434684956e-06
-8.758515486012106997e-07,-3.002135645201083761e-07
-5.158786793043199428e-07,6.820443202812669636e-07
1.176657036196824091e-06,-2.469544057720518594e-07
2.590689778646662653e-06,3.123351855822712916e-06
3.980045467872667429e-06,-1.189318887763536672e-06
-3.007931692378730254e-06,-1.004527170021805977e-06
1.379564948540826092e-06,1.442711233228043880e-06
-1.844443574236610354e-06,-6.208729458889050310e-07
6.701928877151601463e-08,-3.386250533596094889e-06
1.960833579959100358e-06,2.249427700800070173e-06
7.684425296807106757e-08,-2.213619954618701701e-06
2.928074910927075665e-06,-8.373549271934791560e-07
1.965129769978326790e-06,-5.139782168272801797e-07
-1.073356963287163246e-06,1.428169900783690147e-06
-2.478142419365887602e-06,3.320335358868485685e-06
-1.748643563745487700e-06,2.336774198503279039e-06
4.899006819607368450e-07,-1.264820497173881329e-09
-2.266499333016141485e-08,-1.002019599522320170e-08
1.120161939417949177e-07,-1.645687151515807492e-07
5.854836420829858315e-06,-1.838334623648570546e-06
-6.315422428890694281e-06,-2.122048241091013847e-06
5.174141923440182346e-07,2.634111297129437805e-08
-4.594361262070160096e-08,2.717679360683698805e-08
-4.964288810757963955e-06,-4.888907998966363271e-06
4.331968982963063456e-06,-4.916665219564159532e-06
4.878359795240167127e-08,-6.623815190216487485e-06
4.781454115600656026e-06,-4.351642604863799056e-06
-5.343533043806970266e-06,-4.424617019311719947e-06
-3.713344008785541569e-08,-5.383303333905067598e-08
4.320294842896630522e-07,-5.943163354465504068e-08
-4.565238419396818482e-06,-5.269614106650389637e-06
3.883074672419575821e-06,-5.362091652204755476e-06
5.208141547234433516e-06,-3.662836713573913932e-06
-5.705417534104592382e-06,-3.850165613296197773e-06
3.022318361327586933e-09,7.609151748120582195e-08
2.038176505208070551e-07,1.213716935608111519e-07
-4.700831375507319318e-06,4.405813291029245781e-06
4.604001706469058399e-06,4.124954514531542249e-06
-4.143419688254861474e-06,-5.594734435355574755e-06
3.457400632610861837e-06,-5.709326204293193142e-06
5.567001003991371338e-06,-2.942637224426113403e-06
-6.023963692944962929e-06,-3.214391101633185394e-06
-5.228806187642884792e-06,3.883721878888268769e-06
5.044112333806729711e-06,3.676826147392281051e-06
-3.713945187044578753e-06,-5.866288317333304849e-06
3.078786395404593283e-06,-5.967281475425342947e-06
2.747556013825114868e-07,-1.050906698521454014e-07
-8.054646203790955226e-09,-8.523081944334668874e-08
-4.437366939266652903e-08,-8.073292959690626817e-08
5.172065608705285550e-07,2.251281124129058058e-11
5.092989675313960715e-07,-2.529291352270476340e-10
-5.073809618554247274e-08,1.848970023687819906e-08
-4.720052218286541368e-08,1.637330144164213540e-08
-5.743034816171671545e-06,3.307941752388044814e-06
-5.937725186333943176e-06,3.044217704370786410e-06
5.610230922065459792e-06,2.985546359505623371e-06
5.456182937545233200e-06,3.201133086436160236e-06
-3.175947951049705520e-06,-6.163296335242424085e-06
-2.896220007235733242e-06,-6.284951334779119363e-06
2.658398383238581645e-06,-6.218049087772697641e-06
2.451513505082196840e-06,-6.316420751432039943e-06
-6.112499376382293697e-06,2.762023210265378920e-06
-6.260987453514651265e-06,2.510266953905018073e-06
5.748576179322730980e-06,2.754306203404163665e-06
5.867123179832178982e-06,2.546425269577523114e-06
-2.571811133162536443e-06,-6.395534535665874227e-06
-2.252478576331389603e-06,-6.496549486540664218e-06
2.215051374462147721e-06,-6.405845756591851674e-06
1.982371365445355588e-06,-6.488192612625547250e-06
-3.862730205138740049e-08,-7.011266690932007748e-08
-5.517358099941237880e-06,3.603912440808569333e-06
5.277097546330807914e-06,3.444221143443223678e-06
-3.461088049792694455e-06,-6.032584768803411884e-06
2.875813949568425758e-06,-6.110149751830259055e-06
-6.391241015934377420e-06,2.244090482717563777e-06
-6.500455334669607316e-06,2.005638132680291711e-06
5.972296039108779473e-06,2.323669584665328790e-06
6.062160742278624136e-06,2.120517273644926379e-06
-1.884771529299047625e-06,-6.582298685204713312e-06
-1.523190189261257327e-06,-6.656723334161709056e-06
1.710266534765786501e-06,-6.561072315882624644e-06
1.434556365581202243e-06,-6.627419927576011450e-06
-4.883677987719172229e-08,1.365239990184942085e-08
5.198269005509167351e-07,5.151645722102452046e-09
3.027297039539280217e-06,5.335149368232524417e-06
2.673297916031105962e-06,5.539265194266606379e-06
-2.730785461524810453e-06,5.803282602284848900e-06
-3.035562511288646232e-06,5.635269787787662559e-06
-6.593916361761459791e-06,1.753699192360978834e-06
-6.671132981859047748e-06,1.524829891168683334e-06
6.140611800737327514e-06,1.901122245219997337e-06
6.207104410905756839e-06,1.696936363408416300e-06
-1.111544588728845202e-06,-6.710626529670496623e-06
-7.080084661051844909e-07,-6.751097967175097353e-06
7.638846184987597914e-07,-6.726182698360142945e-06
1.106390942168839155e-06,-6.681203157471798194e-06
4.899281072796098730e-07,2.850775114655758662e-09
-5.946855653614328687e-08,8.046953413222224899e-09
2.295826608688791591e-06,5.723967450921243241e-06
1.954622305795417101e-06,5.877314329947651387e-06
-2.156104003581264296e-06,6.057594394444378921e-06
-2.422951223031326366e-06,5.945473015057649194e-06
-6.734836798527555154e-06,1.280099045052799228e-06
-6.785871667619555831e-06,1.052347486158758283e-06
6.309453099176833924e-06,1.259678622401908390e-06
6.263269076406838267e-06,1.473067389290995733e-06
1.597506157313523685e-06,6.011025797563287928e-06
1.278060866910913011e-06,6.117633114626580911e-06
-1.642189212297301116e-06,6.223152481490686904e-06
-1.883667432836543801e-06,6.150829846402592746e-06
-6.824398337674945968e-06,8.032289286241144185e-07
-6.851982790659159596e-06,5.642791721680517422e-07
6.345038653539921408e-06,1.021295707103776211e-06
6.371046800790582446e-06,7.887105295729906172e-07
3.422659732921030915e-06,5.097181089729696430e-06
-3.413639161090056424e-06,5.425597417825136760e-06
9.484872200887874947e-07,6.206083636939434187e-06
6.557068059873126583e-07,6.272301891687159125e-06
-1.160469609241576893e-06,6.324409761622502411e-06
-1.390411424925483867e-06,6.281416287907449278e-06
-6.865962962747650675e-06,2.958234468677224330e-07
-6.868466059103479671e-06,3.089559822831335523e-08
6.384396126839954237e-06,5.242606028827167751e-07
6.386868147039511934e-06,2.614361893707171347e-07
-3.904940963401404994e-08,-5.080829802735212632e-08
-2.895590645497283991e-08,-5.893464476959030348e-08
4.787708536716656966e-07,-4.590032599622074290e-08
4.729722736100156777e-07,-4.312536896567482282e-08
1.412991750632625414e-08,9.427784590986055644e-08
8.217396859568090464e-08,1.200397683430602687e-07
3.559569205803851921e-07,6.322732189898520928e-06
8.983171939910821976e-08,6.355658985367282552e-06
-6.823294099347094033e-07,6.374163883951707009e-06
-9.141361217321239443e-07,6.355608011195815512e-06
-6.853512787004230522e-06,-2.735498478375158292e-07
-6.824123927766473015e-06,-5.799369135347071394e-07
6.372475861540791545e-06,-4.127122019573539441e-08
6.344171580084610119e-06,-3.454833382633058356e-07
6.222375253090237638e-06,-1.054443120468998913e-06
6.292395475051786629e-06,-6.982660155860983221e-07
-6.770243396242053506e-06,-9.367878004278352561e-07
-6.697067855162763074e-06,-1.299344230868394409e-06
-1.831957594171580296e-07,6.375146935904797060e-06
-4.278710121565992371e-07,6.380793180136259012e-06
6.124171359057224413e-06,-1.486770912523386361e-06
-6.594949252970550359e-06,-1.749202030993355425e-06
-9.875736499933147863e-09,-2.065159596094170822e-08
-2.959365453937483035e-08,-7.109786308991003118e-08
4.929805501954902754e-07,-5.394578342620521339e-08
4.665086746761293534e-07,-1.481863139975603153e-08
3.402374365161170780e-07,-6.459987477633369923e-06
5.017776114035868472e-07,-6.887795562155510309e-06
-4.264778989682632040e-07,-6.913213171027143771e-06
-2.480872319267303905e-07,-6.458307240850323319e-06
-6.663233251014881969e-06,-2.111469213476716970e-06
-6.252883138278034667e-06,-1.750691431172624856e-06
5.791059003267560727e-06,-1.487830336007148009e-06
6.194274372015396441e-06,-1.832209287553836861e-06
-1.440509619526530694e-09,1.141274458823265997e-07
1.116077585913926663e-09,3.980752265278138063e-08
1.117480489686279063e-07,6.316497962189333695e-08
1.726609908911119630e-07,1.738670739627247615e-07
4.406670825334070516e-08,-6.927403063169148820e-06
4.368456082917595462e-07,-2.129001073150375513e-08
4.730932681227985015e-07,-7.479089106547532868e-08
-5.109094148530690683e-08,-6.954949393368857146e-08
-2.112742336155087545e-08,-2.735753865202824541e-08
-9.999707429459044480e-09,8.209671673609138771e-10
4.806581738824038858e-07,6.663946490611960425e-09
-2.233124330076056251e-08,-3.245226351861261725e-08
-4.824181312650284145e-08,-8.492239887173847519e-08
4.328958394745789671e-07,-1.081163641840089316e-07
3.666113021477790689e-07,-7.682226563085573266e-08
3.643501321850999453e-07,-1.408074716504841261e-07
-6.276866362600739531e-08,1.923472954260200316e-08
-2.585934256666707986e-08,9.016010997153155021e-09
5.126644931910557249e-07,6.972236342231250775e-09
5.247578775902506974e-07,1.445780914586568086e-08
4.781778994768299049e-07,4.799189219334528491e-08
4.166065020180930336e-07,8.767324675738757193e-09
-1.830461184768211781e-08,5.148569418353486276e-09
-7.041272640325464675e-08,1.729973779558149087e-08
3.879034891924691556e-07,-3.429410284558994920e-08
3.043520132419878289e-07,-4.657115185270238932e-08
-6.237424404222038463e-06,-2.803047099487998506e-06
-6.052426065279954408e-06,-2.354330950408873277e-06
-6.493089342595889603e-06,-2.587179921732515669e-06
5.786977659126618919e-06,-2.506056631953342719e-06
6.037435408758073850e-06,-2.292567090273882306e-06
5.599766710465742646e-06,-2.056618845880428910e-06
3.054588875651663454e-06,-6.148584934705147804e-06
2.899970624648613713e-06,-5.929247853998330573e-06
-3.492331675505703895e-06,-5.815080086931130187e-06
-3.684428876990647348e-06,-6.081421498627978975e-06
5.283093626410038312e-06,3.689164223601060616e-06
5.043399991399902397e-06,3.430382645067886570e-06
-5.231052713475695901e-06,3.588395797078689491e-06
-5.520756441679231067e-06,3.897702144025628798e-06
-3.776716094194251679e-06,5.419873952110192993e-06
-3.395022074078568158e-06,5.089047098586073386e-06
3.404936640647205734e-06,4.752904438574794925e-06
3.775011224178706924e-06,5.087439618305386000e-06
-6.338881386244759930e-06,-3.124609544393478580e-06
-5.913622454791213414e-06,-2.901666657884184830e-06
5.457169986487540515e-06,-2.607920380062446946e-06
5.893672060205461263e-06,-2.843941990439079916e-06
2.842842970803308827e-07,-1.685417076016267739e-07
-4.310772609392211342e-06,4.785273602635020082e-06
-3.896808883468467496e-06,4.720216505585179678e-06
-4.185090133205479667e-06,5.132296581811104520e-06
4.263820141621159597e-06,4.469821728805142093e-06
4.152540926852357466e-06,4.798381552339196543e-06
3.881129417990477423e-06,4.407459388390208814e-06
4.309369324986771239e-06,4.106517881752018241e-06
4.566333666064430995e-06,4.477557552521984359e-06
-4.652294715028199323e-06,4.795400798343526496e-06
-4.365118635373522768e-06,4.388218807621235043e-06
-9.065445013025007296e-08,-6.062308025455596744e-07
-3.231369473691691291e-08,-3.000626002496088667e-07
-9.870801473498822045e-08,3.704714436593360592e-07
-1.640411498086576340e-08,1.667052112348338832e-07
7.358505469839445836e-07,2.903216816851676293e-07
5.643737199412594416e-07,1.243679444443141775e-07
7.190884237762337637e-07,-2.261480879124531059e-07
5.507576942922971363e-07,-1.103366827618940809e-07
-4.048298539144710656e-07,2.430411108694822925e-08
-1.554371732106633769e-07,3.927271230425006354e-08
-1.515236752670576163e-07,6.208407269851986645e-08
-3.348087208525071961e-07,2.033753833884710870e-07
2.289607568164279226e-07,-3.192350903219308809e-07
2.799117976112195870e-07,-6.031588636929085931e-07
5.960118348711470590e-07,3.653379951315691849e-08
7.965758147876440385e-07,2.114931763418666167e-08
3.967375802162869519e-07,2.556103404210223981e-07
4.938869561128501531e-07,4.684997333614784345e-07
-9.861272363325351649e-08,-1.376422858689271979e-07
-3.079026702358313318e-07,-2.777840463297447408e-07
-3.337505788405106907e-09,1.978651416616555124e-08
3.210546169140781944e-07,4.125007273712077932e-08
-3.295287832848488507e-06,3.854452643685706582e-06
-3.620507403932091746e-06,4.326763329503504421e-06
-5.048311807536896667e-06,-2.045915306224357440e-06
-5.622270642930731195e-06,-2.208684292281755247e-06
3.747298599263822915e-07,-5.488523636213816344e-06
3.476892906763655796e-07,-6.043078200001118415e-06
4.871634461359199188e-06,-1.154247598041417553e-06
5.386818335348380363e-06,-1.339158888821318058e-06
2.817514550116667535e-06,3.966345055927889971e-06
3.134593953712640164e-06,4.386623359423169392e-06
5.192351578684479639e-06,-1.914316105765558024e-06
4.678850587297118627e-06,-1.756511936226663190e-06
-3.109264666348265188e-06,4.705988317279373699e-06
-2.746537654820953533e-06,4.249182307543055898e-06
-2.566260575902096256e-07,-6.038121674416040035e-06
-2.753428823874781877e-07,-5.490776581378801262e-06
-5.828515473836290755e-06,-1.588898273703488526e-06
-5.263867255465763963e-06,-1.377508433867045938e-06
3.617042046188525928e-06,4.038898391699304659e-06
3.316409023781519540e-06,3.602615269562355172e-06
1.735349265780547833e-10,3.234344667677545735e-08
2.228730136926305216e-07,5.665232940891138129e-08
-2.450548498795751602e-07,6.508589728260447639e-07
-3.007807887873745875e-07,3.970189524673476238e-07
-5.668290000720970883e-07,4.214053814585333314e-07
-1.434552228437104020e-07,-9.846995687156272115e-07
9.194952609493326957e-08,-7.779752431657523681e-07
3.218072744561890811e-07,-9.815520634640219238e-07
9.688732251981808465e-07,-3.626927338994797333e-07
8.748176823407892572e-07,-1.433355794089446369e-07
1.075644685481196152e-06,-2.533928975417320726e-08
9.445242493055441578e-07,5.135044244556085334e-07
6.953711404381593093e-07,4.915109012908093051e-07
6.382141691361707413e-07,7.371384342864749921e-07
-7.508667791389630229e-07,-3.014655679336277843e-08
-5.017735410055925943e-07,-1.756229980934141052e-07
-6.183138175728768752e-07,-4.428684720953783025e-07
4.436124588834458969e-07,1.452154709401716624e-07
3.410445354263489799e-07,1.434642654020083502e-07
-5.153097779946013846e-08,8.000615352077387628e-08
5.532842092662930240e-09,8.275695297420271764e-08
-1.616933460999564210e-08,1.102226822349828429e-08
-3.509918695828921798e-08,2.476545744184795455e-08
5.040809192010288670e-07,2.793496810619234662e-08
4.968835931935359610e-07,1.464490241883121508e-08
-4.936078921063200658e-06,-4.678206397021522862e-06
-5.118797503315228352e-06,-4.440835955567990639e-06
-5.148909785410867070e-06,-4.662995034742390984e-06
4.300311930797618750e-06,-4.665034005944798993e-06
4.549685628769195484e-06,-4.642786900387140812e-06
4.515780045548682068e-06,-4.374888054253410556e-06
-4.758789404249663140e-06,-4.881683679007542802e-06
-4.762019224880504048e-06,-5.081926845737768525e-06
-4.562450645120778797e-06,-5.074696324096690179e-06
4.096706171212947188e-06,-4.912282404780558308e-06
3.880253894723851247e-06,-5.142744928826092004e-06
4.099862909200672631e-06,-5.146436318967060271e-06
4.718546692143572277e-06,-4.073621004660076484e-06
4.989456139337619360e-06,-4.016074907025482246e-06
4.922824791279725372e-06,-3.722923964230643757e-06
-5.288373136835059303e-06,-4.192836202525846249e-06
-5.458734551790404145e-06,-3.898835974964270881e-06
-5.518449754477174562e-06,-4.147434888494221508e-06
-5.978842075844704603e-08,3.378729692694177588e-08
-7.100221013794749153e-08,4.816249454351248472e-08
5.203939582754736706e-07,3.481998339099711324e-08
5.308983634117100654e-07,4.525640207818471527e-08
-4.372542142360723213e-06,-5.245448005765685775e-06
-4.354752073444895059e-06,-5.432045696292732466e-06
-4.161597501950098470e-06,-5.407449604130984371e-06
3.681598586576831334e-06,-5.340218746831163098e-06
3.474445342094358707e-06,-5.520244077164497832e-06
3.663737154133633062e-06,-5.540601551313809782e-06
5.115029029848004814e-06,-3.368975153345399524e-06
5.384769931647424522e-06,-3.308957912353052016e-06
5.288433771470514787e-06,-3.004198821808338609e-06
-5.620452907004323438e-06,-3.593870698492530836e-06
-5.768380296193923326e-06,-3.267947201207483786e-06
-5.859756897038752627e-06,-3.543464282129289695e-06
-3.950527552281674572e-06,-5.554513891012540771e-06
-3.931942988258863514e-06,-5.728715913638740252e-06
-3.733283535373508066e-06,-5.686953078599861296e-06
3.280707024201126548e-06,-5.675387485828657556e-06
3.094566531172750058e-06,-5.807698305121907937e-06
3.264509369668370658e-06,-5.840619125193001811e-06
4.591944723271483962e-06,3.871212040920651058e-06
4.821482203724603066e-06,3.657329335033530981e-06
4.832435624730089190e-06,3.892214996247302659e-06
-4.689856238526688105e-06,4.115651898006680589e-06
-4.971595238557423760e-06,4.138081371289043751e-06
-4.961591222067555735e-06,3.862144807389219534e-06
4.344842716059436136e-06,-9.719059436795383489e-07
4.512743851412128058e-06,-1.367598643788287075e-06
4.148510612602353212e-06,-1.585008751016395116e-06
-2.944023550370439041e-06,3.363146180456648435e-06
-2.843069637665423803e-06,3.812143379669506505e-06
-2.377790619284530524e-06,3.770411291193334763e-06
3.951205822709717697e-07,-4.904901383608049247e-06
5.220662488576046305e-08,-5.203146733150296900e-06
-2.856833251425709898e-07,-4.907573864352833571e-06
-4.442894339875976234e-06,-1.862445854241395125e-06
-4.860546238617634934e-06,-1.614442177184463823e-06
-4.667888427680489617e-06,-1.165309851330878319e-06
2.496851190923233245e-06,3.529639818669988524e-06
2.909560998932825774e-06,3.565950860529289582e-06
3.003660858527542952e-06,3.159971820334705575e-06
3.458795420917777706e-06,-5.895091355032288665e-06
3.266238694778637714e-06,-6.020112838374265270e-06
-4.145548471462176453e-06,-5.789813403632222478e-06
-3.933883107510485118e-06,-5.928921871570266975e-06
4.854285927155835992e-06,4.190569506893068636e-06
5.064860771367661946e-06,3.953160760021686234e-06
-4.992468850812897871e-06,4.479605018274882999e-06
-5.248964115830442547e-06,4.208081754208798792e-06
3.501739244918000675e-06,4.384475688649931787e-06
-3.496467715244704633e-06,4.700672356624758625e-06
-5.970760204442544780e-06,-3.814237809352970574e-06
-6.142868412642744123e-06,-3.504452652869124257e-06
5.507111616138071417e-06,-3.617674415922665944e-06
5.693579642335777047e-06,-3.261950671695355348e-06
3.894417229156289505e-06,-5.569876007703059923e-06
3.674998457119830790e-06,-5.737304158588165436e-06
-4.577321834937827677e-06,-5.462783242828312260e-06
-4.366856527974636790e-06,-5.625579487737726520e-06
2.574663003586911500e-07,1.724307734529843936e-07
2.928150562845357938e-07,1.000284059451129974e-07
3.648392683842307297e-09,5.790436136994080541e-08
1.029682952907943491e-08,1.078202373585821286e-07
-5.580453616772214169e-06,-4.403196126680214220e-06
-5.771197854431353176e-06,-4.123833915639871250e-06
5.060088742673077876e-06,-4.322024721847966879e-06
5.282062535379645192e-06,-3.984404694750498089e-06
4.353941412187416862e-06,-5.155622901116236836e-06
4.121130507856048809e-06,-5.371111184729876470e-06
-4.985235709285111266e-06,-5.093141837030721492e-06
-4.782745692714441069e-06,-5.280762354431727540e-06
-2.579565566363293350e-06,2.867047001372463218e-06
-2.209988699675506020e-06,2.377952841190846969e-06
-2.110630496635236852e-06,2.824717275391909353e-06
-2.009031109495861806e-06,3.277765672059544482e-06
-1.648329216751166240e-06,2.782209814678667404e-06
2.769230192820862101e-06,-4.678631927606624207e-07
2.280831755153461972e-06,-3.256465284142457636e-07
2.430152054614261489e-06,-6.703638544218781330e-07
2.586318189102174126e-06,-1.038993302573274839e-06
2.110727076355774097e-06,-8.574939215260335264e-07
2.178541216033534447e-06,3.086706112961276690e-06
1.868594138271574546e-06,2.645525586703845179e-06
2.272499530323016057e-06,2.681855953294542888e-06
2.684259692531760267e-06,2.717960905466768538e-06
2.363798073901544840e-06,2.284457778030123717e-06
-1.877328634642929940e-07,-1.435313109929598815e-06
-2.238289485924742501e-07,-1.945101434511461927e-06
8.174440900261183466e-08,-1.678464084767796457e-06
-1.180101285499562921e-06,-1.210547942534697803e-07
-1.677458034348551996e-06,-2.437461677610577412e-07
-1.328380743834042833e-06,-4.502616879604219011e-07
3.561329332342264196e-07,-1.432803127545834046e-06
3.824271814807088879e-07,-1.942610023764624562e-06
-1.017199399491745209e-06,-6.271638338985660016e-07
-1.489895218879382338e-06,-8.256163012977757357e-07
3.091539414623121905e-06,-1.223013082730098144e-06
-1.151138667225161956e-06,1.062719440828452866e-06
-1.487733171009584929e-06,1.464848023378929261e-06
-2.842926558648027547e-07,-3.692739992719809487e-06
-2.720233006219762697e-07,-3.087162393926776986e-06
1.828611284311674891e-06,-2.021508887710046054e-07
1.044708496464565000e-06,1.410448843159888181e-06
1.296169146618088271e-06,1.799689185102615658e-06
-3.429934982130803515e-06,-7.543273606806607055e-07
-2.817133892324058087e-06,-5.652036394344494164e-07
7.193183034072607435e-08,-2.787327838192288289e-06
-2.518986310449974435e-07,-2.500198702379319946e-06
8.236255310909030586e-07,1.053768432760222468e-06
-1.843353716531981404e-06,1.906890342592409782e-06
1.661332107640563565e-06,1.833823647000685501e-06
1.572621567031318596e-06,2.213934810564658372e-06
-2.409216767303406879e-06,-8.072279525653589616e-07
-2.228063857355376454e-06,-3.934041998801091081e-07
-8.415222719422243231e-07,7.113029897995534815e-07
-4.051770917864688676e-06,-9.559614815002701167e-07
-1.400222061151195844e-06,1.867594771090854347e-06
3.615761402962205423e-06,-1.406129412387065407e-06
1.423288415612466657e-06,-1.008832346859864995e-07
-2.888041889306317013e-07,-4.303839697395045675e-06
4.006751513418867419e-07,-2.497689421255766136e-06
-2.021573098839121531e-06,-1.033396974822875949e-06
2.048055093359532000e-06,1.867259441280378748e-06
1.185442330296497889e-06,7.897436075668554501e-07
4.109737004659148748e-07,-3.084652684958005035e-06
-4.462597042947136910e-07,9.945280696977309319e-07
-2.597432944903093371e-06,-1.245720508708364605e-06
-3.822734424651949599e-06,-1.664956482041522030e-06
-1.303767624482704798e-06,2.295069396383362244e-06
4.081106373882309347e-07,-4.301325797675119236e-06
1.742697074858278191e-06,1.474044770423237563e-06
3.811921318714412489e-06,-7.944757397140738209e-07
1.291244040335102650e-06,-5.158576697929766575e-07
-7.759643042131032889e-07,1.029387012123668447e-06
1.121030962311343711e-06,1.083652902476880751e-06
4.134189381942712063e-07,-3.690236034192715985e-06
-3.202720004583508281e-06,-1.457821293274619191e-06
1.453316610607731771e-06,1.112381663600933887e-06
-9.833241953676429681e-07,1.827437835600165611e-06
3.283138861465114474e-06,-6.253041387301575906e-07
3.448241450001603947e-06,-1.011483945377553361e-06
1.675457251815777143e-06,-6.819606406165540570e-07
-3.625865677843779696e-06,-1.207983751501195267e-06
-6.948871317261200720e-07,1.390298531739036161e-06
6.211129833408430163e-08,-3.997205488951315443e-06
1.543712138578623794e-06,-3.716765461774779873e-07
-5.184861657456358737e-06,-4.882693474968059243e-06
-5.380835257119398293e-06,-4.655965404121826471e-06
4.589681373995083671e-06,-4.905437848807770158e-06
4.823366912813499435e-06,-4.630309860353181541e-06
1.593014038728135441e-07,-5.650280315959756396e-08
5.374197713374192478e-07,-2.131406981390552538e-08
-8.209015657271015635e-08,-3.214877812872304866e-08
5.460226849288126015e-06,-1.696243860090907202e-06
-5.906878994166939150e-06,-1.973931839643270114e-06
1.138453341580290761e-07,-2.664804360561136378e-07
4.988265213461768177e-10,-1.684421870521983629e-07
2.152853202754659219e-07,-2.029229664760349043e-07
4.775171479920295336e-08,-6.220831851154280524e-06
1.981764569992098546e-07,-1.350693233598397498e-07
6.693982316569026783e-08,-8.270002901894727208e-08
