Size 899,2
0.000000000000000000e+00,0.000000000000000000e+00
0.000000000000000000e+00,0.000000000000000000e+00
3.361964848455765109e-08,-6.570054447018796962e-06
-2.772913274405159083e-07,6.001482893033574417e-06
2.747863148165440597e-07,-2.164798536762760678e-07
4.568072221836914892e-07,-9.614944698372885752e-08
5.582520922456954369e-07,-5.724745167903239994e-06
4.835571033274134778e-06,-2.061220293959643947e-06
5.025705554330691868e-07,5.921366124235070230e-08
5.046544494204125756e-07,3.093721988137106209e-08
5.186809057040639128e-06,-1.045425915259855166e-06
3.602969527328537988e-06,3.667719485081867330e-06
2.755106083111674449e-07,2.078684157472302998e-07
2.178947550734320503e-08,1.259055832204087315e-07
2.746630485855539313e-06,4.285028191394832482e-06
-2.733261449805614274e-06,4.594140773673348181e-06
-1.134442619577990491e-07,9.464927928847064485e-09
-9.498731382595862128e-08,6.579699644960020692e-08
-3.626061859396725377e-06,3.925463428940105610e-06
-5.602714316310113585e-06,-1.265297595767297122e-06
-3.933624728217576996e-08,-1.178114750651131410e-07
-8.324411409079932874e-08,-1.678138463263253393e-07
-5.239452793489782980e-06,-2.339168751222764818e-06
-4.870505871590109232e-07,-5.714532650374558548e-06
1.880954054357052558e-07,0.000000000000000000e+00
2.990532910950983954e-07,0.000000000000000000e+00
3.629759654318831600e-07,0.000000000000000000e+00
3.980387849894779144e-07,0.000000000000000000e+00
4.106497903256228845e-07,0.000000000000000000e+00
4.317796920608386843e-07,0.000000000000000000e+00
4.550043399779529020e-07,0.000000000000000000e+00
4.574291849773556284e-07,0.000000000000000000e+00
4.424038531383649941e-07,0.000000000000000000e+00
4.063826070293209427e-07,0.000000000000000000e+00
3.213676735060469712e-07,0.000000000000000000e+00
2.170896237151946275e-07,0.000000000000000000e+00
1.163036494427539461e-07,0.000000000000000000e+00
0.000000000000000000e+00,0.000000000000000000e+00
0.000000000000000000e+00,0.000000000000000000e+00
0.000000000000000000e+00,0.000000000000000000e+00
0.000000000000000000e+00,0.000000000000000000e+00
0.000000000000000000e+00,0.000000000000000000e+00
0.000000000000000000e+00,0.000000000000000000e+00
0.000000000000000000e+00,0.000000000000000000e+00
0.000000000000000000e+00,0.000000000000000000e+00
0.000000000000000000e+00,0.000000000000000000e+00
0.000000000000000000e+00,0.000000000000000000e+00
0.000000000000000000e+00,0.000000000000000000e+00
0.000000000000000000e+00,0.000000000000000000e+00
0.000000000000000000e+00,0.000000000000000000e+00
4.429123806431314617e-07,-6.533112304808890127e-06
8.175212552744703632e-07,-6.462324208575869416e-06
1.131498374447721411e-06,-6.386243190662383279e-06
1.414739646795496936e-06,-6.304744225024771248e-06
1.672080979151110445e-06,-6.219808267386944728e-06
1.907880967214651776e-06,-6.132246743038812923e-06
2.127643682908425500e-06,-6.042112226910819841e-06
2.335186359749585475e-06,-5.948889168294042836e-06
2.534744667457637912e-06,-5.851473526942533058e-06
2.729653373235368057e-06,-5.748406449104635553e-06
2.923266557912339771e-06,-5.638132708261317207e-06
3.118298702350087631e-06,-5.519422996215500457e-06
3.317892652013329815e-06,-5.388252612867587244e-06
3.522647413921984240e-06,-5.241862245697542537e-06
3.733684452604500590e-06,-5.077088322560628923e-06
3.950141634409421559e-06,-4.891343506728674628e-06
4.171471674077878063e-06,-4.682032444111862323e-06
4.395404850869272541e-06,-4.447517001381105035e-06
4.619904007159793024e-06,-4.186129144890947671e-06
4.841764195151438258e-06,-3.897726789076911069e-06
5.057713932336181461e-06,-3.582105735247877971e-06
5.264066561947371053e-06,-3.241212604724972502e-06
5.458174615154777937e-06,-2.875369853262812983e-06
5.634859762722468683e-06,-2.487960591781006331e-06
5.788374762351114704e-06,-2.078978126288826777e-06
5.905695554068408731e-06,-1.661604554267852046e-06
5.987282280057986533e-06,-1.256277556633282541e-06
6.034158905850380502e-06,-8.807090920213861440e-07
6.060096770959126473e-06,-5.439725793670923844e-07
6.069901048665545650e-06,-2.354312447673556787e-07
6.066632889422365196e-06,4.932210054806570232e-08
6.052596003025619657e-06,3.125817397965856954e-07
6.029709676297357694e-06,5.581546452705089914e-07
5.999315489527168806e-06,7.886089626799226232e-07
5.962288556438828352e-06,1.007489661836702499e-06
5.919048007684211797e-06,1.217407240619730161e-06
5.869542331502627458e-06,1.421424324330025206e-06
5.813371444737158658e-06,1.621963071995877252e-06
5.749722553887989691e-06,1.821428575147177101e-06
5.677524437504453736e-06,2.021869070322768575e-06
5.595398563909602224e-06,2.224910211751649368e-06
5.501781281765296555e-06,2.432094311668776753e-06
5.394944323414537671e-06,2.644201902103938504e-06
5.273020497476897635e-06,2.862256127915453610e-06
5.133970693677388116e-06,3.086764463229323772e-06
4.974627967854120179e-06,3.320274098318043145e-06
4.798872802213971676e-06,3.566087128115083339e-06
4.595275322206840280e-06,3.822922402680895919e-06
4.357146560012360419e-06,4.093184701130912676e-06
4.082874107391684658e-06,4.369245741830219596e-06
3.764708710079631446e-06,4.642735819646600443e-06
3.417246207817048916e-06,4.891069618474286960e-06
3.059168227600072356e-06,5.109831635164396666e-06
2.702485965941268938e-06,5.298580227530581365e-06
2.353506365473382685e-06,5.460706860573625936e-06
2.012368835450365005e-06,5.597889842659239400e-06
1.680656511182440056e-06,5.711503964376283220e-06
1.360894600508847700e-06,5.803007035576336006e-06
1.053911326818085793e-06,5.874351878601152160e-06
7.611114809358778486e-07,5.927523038806698434e-06
4.821497425663834330e-07,5.964734426615113616e-06
2.170962454083130951e-07,5.988114071625307893e-06
-3.560319878417362126e-08,5.999739446774484223e-06
-5.104303772737754379e-07,5.994226346582987997e-06
-7.372492193996387604e-07,5.978494101724393702e-06
-9.606423899931739655e-07,5.954960292741688421e-06
-1.183754555561775122e-06,5.923783647311268949e-06
-1.410010919006788079e-06,5.884458782105310688e-06
-1.643337238635383749e-06,5.835831206164199885e-06
-1.887224502251160363e-06,5.776050910500900208e-06
-2.145957760512140638e-06,5.702488284436313759e-06
-2.422605718370368641e-06,5.611931091686318425e-06
-2.722057403285807882e-06,5.500142035971717242e-06
-3.054928697968014224e-06,5.359892451728385612e-06
-3.416778180687140327e-06,5.177465457943916930e-06
-3.792754241969874168e-06,4.951411268626887753e-06
-4.150613820746962213e-06,4.679978675476591472e-06
-4.472843688438095452e-06,4.390401035133317032e-06
-4.761316555279863569e-06,4.094064675722095778e-06
-5.015153207784128944e-06,3.800576676641077067e-06
-5.237226266363257498e-06,3.511233310868976890e-06
-5.438801848305867254e-06,3.230625449012325944e-06
-5.614601765469251111e-06,2.957578348393884383e-06
-5.767348198953335965e-06,2.691403520578971831e-06
-5.898943497261668905e-06,2.433371015502425494e-06
-6.011542755835677773e-06,2.183546981932540071e-06
-6.107327736859387540e-06,1.942382464189095180e-06
-6.188578411454382418e-06,1.708787966831999830e-06
-6.257457342927481030e-06,1.481729206898690945e-06
-6.315916062874696184e-06,1.258993956948977839e-06
-6.365624391500133728e-06,1.038134862144086552e-06
-6.407789982826660278e-06,8.160507497073886294e-07
-6.443172648451697558e-06,5.890990829616956446e-07
-6.471906413617800526e-06,3.536445046731350337e-07
-6.493516174490704159e-06,1.051912782996391174e-07
-6.506853515855747594e-06,-1.599837666153490643e-07
-6.510015707325447682e-06,-4.467961996118111368e-07
-6.500528616297951778e-06,-7.585986744847607517e-07
-6.474996977733370646e-06,-1.101069889392453307e-06
-6.427664929779271620e-06,-1.489003813414659705e-06
-6.340592265738316386e-06,-1.910648713896539021e-06
-6.208318394186220133e-06,-2.340775911599820099e-06
-6.035995252411234105e-06,-2.745845704983463930e-06
-5.848460347825919211e-06,-3.103075904252842546e-06
-5.656373255689499888e-06,-3.425652295634867645e-06
-5.465039990270022023e-06,-3.715029392456011945e-06
-5.273548304773381194e-06,-3.977420859728796243e-06
-5.083202907471660502e-06,-4.214586124127890451e-06
-4.894344441329200672e-06,-4.430219463988429360e-06
-4.706949411830571258e-06,-4.627326873026360628e-06
-4.519846444142992537e-06,-4.809381971448701297e-06
-4.331789385747175921e-06,-4.979320680165879088e-06
-4.140615159568039185e-06,-5.139882757586997790e-06
-3.943989243761056457e-06,-5.293370191002902758e-06
-3.739374523770788284e-06,-5.441466294767034322e-06
-3.523358137069853203e-06,-5.586068577327360888e-06
-3.292821360153969445e-06,-5.728150095921144497e-06
-3.045973990968415335e-06,-5.860845842902440680e-06
-2.781708578878779711e-06,-5.987424471935592771e-06
-2.499869193515764650e-06,-6.106636928406835246e-06
-2.198900764816704981e-06,-6.217192581302345486e-06
-1.878308921067295013e-06,-6.317477709965597657e-06
-1.537047030117053378e-06,-6.405491305589854291e-06
-1.175669892255139529e-06,-6.479045485430178247e-06
-7.946852537135209306e-07,-6.535573127799414639e-06
-3.841074400676745387e-07,-6.572103042291320000e-06
3.300291469768053004e-07,-1.905204637676399404e-07
3.907087377297872360e-07,-1.501684464846045444e-07
4.318554636417393819e-07,-1.078896301688622812e-07
4.536813180141414665e-07,-7.663146313196732798e-08
4.636335197615557654e-07,-6.548334063930032119e-08
5.544680259263065460e-07,-2.493589316190532793e-07
7.276352542866087503e-07,-4.090472835746217690e-07
9.733374594982030742e-07,-5.786422697865857882e-07
1.281855582749618209e-06,-7.555293441961395240e-07
1.643352865230649637e-06,-9.366356433912440673e-07
2.048039438849392609e-06,-1.118852737199100778e-06
2.486177940953596929e-06,-1.299078948986064358e-06
2.948079160203807975e-06,-1.474231111800672816e-06
3.424165582997481302e-06,-1.641261629601261362e-06
3.905133628098493528e-06,-1.797029393354077467e-06
4.378570966358826684e-06,-1.936556482792158892e-06
4.692926878106536290e-06,-2.424336046337396853e-06
4.537043442021501686e-06,-2.779572698152395938e-06
4.373144074950509143e-06,-3.116793261072187082e-06
4.203050038274701961e-06,-3.432510947783478970e-06
4.028264875007319843e-06,-3.725833722836941933e-06
3.851505999984872890e-06,-3.994977614991558133e-06
3.673759507248971413e-06,-4.240441566068150889e-06
3.496988528059221615e-06,-4.461685210133666371e-06
3.321397418564458342e-06,-4.660370032039138869e-06
3.147810426303856213e-06,-4.836862721990765113e-06
2.975299539402556050e-06,-4.993267578042862441e-06
2.803289364596830294e-06,-5.130822507567107699e-06
2.630018781056162586e-06,-5.251025408059731118e-06
2.452609303014051856e-06,-5.355259009520239229e-06
2.269492905669674020e-06,-5.446172857717700073e-06
2.077600801075338144e-06,-5.525004226193466896e-06
1.873827750936188282e-06,-5.591929587711717373e-06
1.655126758867358685e-06,-5.646763433682325379e-06
1.417033075965489619e-06,-5.688835439669202592e-06
1.156254854011889986e-06,-5.716884843459133814e-06
8.667725626132810777e-07,-5.728792960793484351e-06
6.171504769357509898e-07,-5.233434504757667118e-06
6.577680105380167735e-07,-4.720171600636431368e-06
6.844053533096240031e-07,-4.183260157824095751e-06
6.971979249469234992e-07,-3.633376968064940435e-06
6.958968408299946178e-07,-3.082139045074576771e-06
6.803300301911936079e-07,-2.541493213932094521e-06
6.503144392071445675e-07,-2.023485299367613480e-06
6.056716833307673853e-07,-1.540316798913803757e-06
5.462312444490836348e-07,-1.104186670262517619e-06
4.714580447329211579e-07,-7.272983989025639176e-07
3.795815631150445643e-07,-4.270607797098121083e-07
4.763656391930745755e-07,2.048355820341765033e-08
4.758705971090629901e-07,6.941581862264667431e-09
4.784586194623388299e-07,4.414830955237403275e-09
4.841585015397761703e-07,8.030099542645036805e-09
4.916640266494770603e-07,1.971248226408148645e-08
6.861633778143430001e-07,1.229277561064568369e-07
8.886201578030615738e-07,2.728760780299900546e-07
1.117181863430990517e-06,4.763908152321142232e-07
1.368424775701565286e-06,7.275229360208488708e-07
1.637622689602902629e-06,1.019999999456047910e-06
1.919819412958786166e-06,1.347236054432061890e-06
2.209996554588850539e-06,1.702572554452694832e-06
2.503059433703109691e-06,2.079255384870360747e-06
2.793811154465343230e-06,2.470402190533649175e-06
3.077104216944397041e-06,2.869123803461147431e-06
3.347227188818468726e-06,3.268249270484300093e-06
3.881891749688761962e-06,3.467260807573464230e-06
4.135505209538128703e-06,3.262661955980729758e-06
4.359788402546399168e-06,3.062803119929695437e-06
4.558312582810103318e-06,2.866460520696532914e-06
4.723689995918074027e-06,2.674969145160743559e-06
4.870491548676237690e-06,2.484715278685291425e-06
4.999238630117110012e-06,2.297379716256534434e-06
5.111344020789298016e-06,2.112111950110065166e-06
5.207917328253466039e-06,1.928740554751357819e-06
5.290143149957998607e-06,1.745901876186604441e-06
5.358882619480585535e-06,1.562620612019509388e-06
5.414852519689929356e-06,1.377187330774952470e-06
5.458454483831270168e-06,1.187855166572079367e-06
5.489787936099871759e-06,9.927121535287880326e-07
5.508604799454401219e-06,7.893307186572806779e-07
5.514273202152287067e-06,5.757876426387310472e-07
5.505730408955933273e-06,3.491204289888688885e-07
5.481546219798391235e-06,1.076223605233913772e-07
5.439721173395700151e-06,-1.520087419635771981e-07
5.378031857427884466e-06,-4.309855309087299879e-07
5.293669324938222744e-06,-7.321261656233061253e-07
4.727430745637199887e-06,-8.587727538830211410e-07
4.260661947314550614e-06,-6.854159267432761734e-07
3.783239360973577653e-06,-5.204567394798600655e-07
3.302848056106423126e-06,-3.668845791212801899e-07
2.829050758611127960e-06,-2.280429204129273974e-07
2.371549589665929543e-06,-1.071296585470600379e-07
1.939995737034430779e-06,-7.337043614564171980e-09
1.544085715527328539e-06,6.812200095749851693e-08
1.193561836902409571e-06,1.160103407219497328e-07
8.981869241787970450e-07,1.330227645319542704e-07
6.675752549296414125e-07,1.154804448966091851e-07
2.123134426376757232e-07,2.028192919596184305e-07
1.304160131971350489e-07,1.961503669784143719e-07
5.801330379450621607e-08,1.722785879184109722e-07
8.059940875937167152e-09,1.399741148231022249e-07
-8.555636840738971338e-10,1.126738029405837956e-07
2.943528945415711759e-08,3.096536117531612022e-07
-2.876116124704174525e-08,5.574294310553140935e-07
-1.478514209535405970e-07,8.632449958069511432e-07
-3.188530999186713857e-07,1.216440043782460452e-06
-5.348831975972237530e-07,1.607639033160224647e-06
-7.890870448112688913e-07,2.027159584616087907e-06
-1.074505921828223341e-06,2.465164746441101662e-06
-1.384109161421800277e-06,2.911714263386474211e-06
-1.710743648468885388e-06,3.356677421888909118e-06
-2.047140214479799095e-06,3.790044959759150167e-06
-2.386522270908531391e-06,4.202347572658884662e-06
-2.477406721162366386e-06,4.791530883221322191e-06
-2.222673196156470368e-06,4.961923874101041583e-06
-1.982286912824663250e-06,5.102288900526271963e-06
-1.753512895648822264e-06,5.216385564436694912e-06
-1.534872385382058871e-06,5.307301464729310834e-06
-1.322793719333703710e-06,5.378063778096360073e-06
-1.115083382602221145e-06,5.430827664976314880e-06
-9.085838386009405471e-07,5.467372359577329771e-06
-7.008601328594222264e-07,5.488842320558458205e-06
-4.895305577363705534e-07,5.495924830245583485e-06
-2.723834374226695812e-07,5.488851618923525652e-06
-4.795914386709280711e-08,5.467396208899328931e-06
1.859125409144628091e-07,5.430988371950002113e-06
4.300007979566250263e-07,5.378894869611218332e-06
6.857943389699922352e-07,5.310108539163296883e-06
9.528117154795225510e-07,5.223651957239960792e-06
1.231599503146381680e-06,5.118331825616081278e-06
1.520576060328703499e-06,4.993280316853677362e-06
1.819337579466424136e-06,4.847477066507013797e-06
2.125426605623697319e-06,4.680505865407039046e-06
2.437252911353763219e-06,4.492058248164316664e-06
2.453576982094787475e-06,3.918252882342333662e-06
2.160937470639851766e-06,3.537106088179506230e-06
1.871961350533070460e-06,3.142364782789556803e-06
1.592486693394733139e-06,2.742917082828434171e-06
1.327418918258911717e-06,2.345833837419794060e-06
1.081678366201274970e-06,1.958151318535918127e-06
8.601163413277984850e-07,1.586802058526571844e-06
6.675063506253138354e-07,1.238616383212498879e-06
5.085499628859934507e-07,9.203075147297315318e-07
3.880053202471412468e-07,6.385524285953244314e-07
3.115389899774139572e-07,4.013414635806457761e-07
-7.427393447064310317e-08,2.887867722249225819e-08
-6.246256598107686922e-08,2.653583323376265051e-08
-5.973456142675924089e-08,1.997932407972146100e-08
-6.125784401178289823e-08,1.438765524457242925e-08
-6.369142763218921905e-08,2.326906502764026563e-08
-3.006466405443531581e-07,1.388738960959811645e-07
-5.863883381988141488e-07,1.636179307672515631e-07
-9.512164790981640806e-07,1.444262653059753336e-07
-1.381797724955757939e-06,8.607171356524268403e-08
-1.864630720681801125e-06,-6.927509375609470402e-09
-2.386295255026567790e-06,-1.301359288981623689e-07
-2.933422281624416153e-06,-2.791474827516832222e-07
-3.492688616674675962e-06,-4.495756360270274762e-07
-4.050738796621373782e-06,-6.370357337187099159e-07
-4.594390540311974512e-06,-8.370707938926686822e-07
-5.111016310119926251e-06,-1.045437112490782036e-06
-5.714825428580565090e-06,-9.497160927068359930e-07
-5.803839616089771886e-06,-6.444461096515843273e-07
-5.868445196280384476e-06,-3.628179203015648399e-07
-5.911498006258363506e-06,-1.013400495574801459e-07
-5.935254150273904692e-06,1.420812074152544315e-07
-5.941664887877820485e-06,3.716198768806938400e-07
-5.932005826640278006e-06,5.899714909522419435e-07
-5.907091456485015385e-06,8.007768504709329641e-07
-5.867212133287489112e-06,1.006875725731381164e-06
-5.812242654791841078e-06,1.211029626543644200e-06
-5.741646200611461324e-06,1.415819116475094167e-06
-5.654665107713915786e-06,1.622882957705301112e-06
-5.550208924481544585e-06,1.834208453695622431e-06
-5.427262833972339475e-06,2.050196576823162019e-06
-5.284542110119828529e-06,2.272011019499328746e-06
-5.121186653802903334e-06,2.498843695918727838e-06
-4.936190839224875149e-06,2.730848887979546340e-06
-4.729867835130415674e-06,2.965095234776440022e-06
-4.488424123079657129e-06,3.204027657016561614e-06
-4.222760690308104804e-06,3.445671553766149280e-06
-3.932204788207401335e-06,3.689435224185374081e-06
-3.358505407431311225e-06,3.498921146877588729e-06
-3.065989752408338961e-06,3.057575870795896814e-06
-2.748712770303283949e-06,2.609774999424889121e-06
-2.417288106380335555e-06,2.168186218867625199e-06
-2.079114472975763013e-06,1.742468258016121888e-06
-1.741516385886930325e-06,1.342441371547462692e-06
-1.411767283677107536e-06,9.778660135194635455e-07
-1.097067526067829540e-06,6.584049144334285103e-07
-8.045740327042443936e-07,3.936892614622010436e-07
-5.414572460178703254e-07,1.932184272889797066e-07
-3.135280271057260888e-07,6.471103472837573513e-08
-5.398176018468637842e-08,-7.237620733418792458e-08
-5.443188378338918096e-08,-7.087497724692172467e-08
-5.100742018092702132e-08,-8.198044580189089191e-08
-4.805619211941063383e-08,-1.051994395674835987e-07
-5.086160585692788580e-08,-1.300554534336756654e-07
-2.081673659675551885e-07,-4.245213481293458074e-07
-3.055631411440095273e-07,-7.332181780887040484e-07
-3.887581519244437230e-07,-1.108964548834321768e-06
-4.571582783831164951e-07,-1.544820868632235249e-06
-5.106967921291575394e-07,-2.028014625853271671e-06
-5.495914404577196333e-07,-2.546030985895719886e-06
-5.740386796430700039e-07,-3.086673456967381805e-06
-5.842271345997797061e-07,-3.637906275752954622e-06
-5.803395206005449565e-07,-4.187872788481033538e-06
-5.624622600906791265e-07,-4.724951106000972350e-06
-5.302545030685541380e-07,-5.234956426257600479e-06
-8.457524688941375799e-07,-5.702417601525461578e-06
-1.198792856746749739e-06,-5.675848348509114641e-06
-1.533863214130558704e-06,-5.634100086849420389e-06
-1.850940408058099023e-06,-5.578389867211244524e-06
-2.149160421499133647e-06,-5.509818622547367260e-06
-2.429537192272908100e-06,-5.429347825961721208e-06
-2.692225620119534568e-06,-5.337738225465713760e-06
-2.939378576784507910e-06,-5.235274427185341151e-06
-3.168932547538636155e-06,-5.129150248976388325e-06
-3.383163870619748680e-06,-5.012142381991396314e-06
-3.583082718421807836e-06,-4.885122907826515495e-06
-3.770312357960537867e-06,-4.746980828580160764e-06
-3.947051206726776401e-06,-4.596241972099340376e-06
-4.115133927434873208e-06,-4.431039308543146625e-06
-4.275995817285611656e-06,-4.249539849561443675e-06
-4.431073171853877821e-06,-4.049017223329994733e-06
-4.580727117379526706e-06,-3.827592773027977854e-06
-4.725804937050683216e-06,-3.582102907314600356e-06
-4.865344952679778073e-06,-3.311085243911910470e-06
-4.999440193603677362e-06,-3.011253261175634868e-06
-5.127422170634539467e-06,-2.683182547507121058e-06
-4.727773797561629853e-06,-2.226414353295943416e-06
-4.190813078261869525e-06,-2.088954759891074564e-06
-3.634531800180624104e-06,-1.926603503401611786e-06
-3.074443293406688021e-06,-1.745360295660206402e-06
-2.523528868970033740e-06,-1.549517683259145740e-06
-1.995067409495622279e-06,-1.343333479139958979e-06
-1.502419400737982614e-06,-1.131085451747923225e-06
-1.058995447579099745e-06,-9.170679893724896238e-07
-6.782543918922388528e-07,-7.055794749263413239e-07
-3.736429146701487891e-07,-5.008325243224423242e-07
-1.585649395427911876e-07,-3.062858030806545771e-07
-1.245603903549362495e-07,1.653749635947289456e-07
8.828869835541471399e-08,-3.999962434746954867e-07
4.877286345710228229e-07,2.444020330503454754e-07
5.873459976514499292e-07,-5.930114483167889584e-08
-1.999019704183430438e-07,-7.483268536373404095e-08
-2.879773922345360318e-06,3.858326849407551026e-06
4.558897262306880150e-06,-1.401433599270612259e-06
4.331030868478141149e-08,-5.246077441715037537e-06
-4.931053518935284724e-06,-1.641180225659954926e-06
2.903946704353399366e-06,3.598262568840066187e-06
3.490895275142031984e-07,6.017522833625345963e-08
-1.457709303331557297e-08,2.850218995353816536e-08
3.389727239290031436e-06,4.266509834141243200e-06
-3.393786798180443623e-06,4.566243581320537614e-06
5.205566475491989284e-08,-4.189469971338974003e-06
-3.845448965317040320e-06,-1.282751337126248568e-06
8.036243989849721680e-07,6.855494614918047972e-07
7.867142166853942345e-08,-1.088333799367145712e-06
-7.931237799166848315e-07,-2.735914246717453889e-07
-4.639220001851405342e-07,6.114890118127999426e-07
1.065478341126536875e-06,-2.255055284694303077e-07
2.332650966628356493e-06,2.806020658572216159e-06
3.603446732340564625e-06,-1.080783100272923322e-06
-2.723187885235016093e-06,-9.126412746670124667e-07
1.242518246737935608e-06,1.294630684640325130e-06
-1.670098473181759267e-06,-5.646704504801140814e-07
6.092928979050452797e-08,-3.081108570024822288e-06
1.765361006905761417e-06,2.019570893092072781e-06
6.980996222395046435e-08,-2.015071720982653401e-06
2.651494116330185496e-06,-7.615992461794906838e-07
1.779651781343187449e-06,-4.681058238082187902e-07
-9.652563186169343692e-07,1.281622031289909857e-06
-2.230419191309352222e-06,2.984180928145173409e-06
-1.573077593091418948e-06,2.098652053038737726e-06
4.432920162139398248e-07,-1.609350867885378089e-09
-2.046771442538628218e-08,-9.438152168202545703e-09
1.017140846549053016e-07,-1.494965450087648016e-07
5.298409160073178716e-06,-1.668126359648811326e-06
-5.714165905862795968e-06,-1.924484447354514599e-06
4.680231192964360838e-07,2.371539270179898090e-08
-4.144124855882986779e-08,2.450192538488028919e-08
-4.483634334878876277e-06,-4.441914098271640804e-06
3.912666023151662866e-06,-4.467077798044717524e-06
4.444674033245324267e-08,-6.014633004665712684e-06
4.322532689114654388e-06,-3.951621077148606537e-06
-4.830023414857128671e-06,-4.017492530572239236e-06
-3.379032543315741043e-08,-4.897951452807137161e-08
3.916978874026029175e-07,-5.395500528241354371e-08
-4.119692380942884483e-06,-4.789466229084609113e-06
3.503688221362843035e-06,-4.873113027356307706e-06
4.711348499433312369e-06,-3.323681782544937190e-06
-5.160271207183537443e-06,-3.492907009759856697e-06
2.647328643773188436e-09,6.832225616862608514e-08
1.849415970481991491e-07,1.092758341398075379e-07
-4.240267713162500690e-06,3.961914203550772254e-06
4.153310207925933195e-06,3.707975159896563307e-06
-3.736283676798251251e-06,-5.085309416682507490e-06
3.116815310647789424e-06,-5.188928718734960091e-06
5.037708911091642073e-06,-2.668480526314933446e-06
-5.450194378364659193e-06,-2.914014770159455617e-06
-4.720648586727852045e-06,3.486903409766318331e-06
4.554280717835008463e-06,3.299810199874259114e-06
-3.347434443212974604e-06,-5.331451727809738533e-06
2.773957997694182496e-06,-5.422766103309300384e-06
2.494742178868974088e-07,-9.541492849282854571e-08
-7.417404799180100570e-09,-7.744101048245734889e-08
-4.041782483629022210e-08,-7.342281725407667088e-08
4.677743752922013272e-07,1.108526757104305865e-11
4.606169786307491201e-07,-2.399270243182205240e-10
-4.570656590607206075e-08,1.665408505527675677e-08
-4.253801932118349463e-08,1.475140724210007359e-08
-5.189320354982649225e-06,2.962269044122233143e-06
-5.366796760851335147e-06,2.721970222107525458e-06
5.071357356619630172e-06,2.668850997653025969e-06
4.930616891505780559e-06,2.865639300616654364e-06
-2.861885092832429884e-06,-5.599678851897430964e-06
-2.609800820333908851e-06,-5.709363287946164857e-06
2.394735252390659321e-06,-5.649184806113095200e-06
2.208502122227973814e-06,-5.737819413262463693e-06
-5.526048071118448774e-06,2.465006349844622463e-06
-5.661216976760568527e-06,2.236002323814032458e-06
5.197680585534370637e-06,2.457944840742279357e-06
5.305785301442180871e-06,2.268600623385532137e-06
-2.317607753690804616e-06,-5.809002086724081814e-06
-2.030075876818321918e-06,-5.899986273360074466e-06
1.995812281263577163e-06,-5.818330075629735739e-06
1.786612253600144286e-06,-5.892437653541196254e-06
-3.515679320003152088e-08,-6.378348862104278958e-08
-4.983570604268310084e-06,3.231984248141181934e-06
4.766979443976968144e-06,3.087555932714731173e-06
-3.119065091467109471e-06,-5.481732478603751361e-06
2.590689332142392887e-06,-5.551863255620834023e-06
-5.779633877463042069e-06,1.994262639628036188e-06
-5.878742801159407234e-06,1.778137526183160854e-06
5.401530955720796694e-06,2.066110724903325006e-06
5.483148812880819926e-06,1.881895488495859944e-06
-1.699007021162423344e-06,-5.977207874284141969e-06
-1.373405752629132620e-06,-6.044239344046374286e-06
1.541964231814658256e-06,-5.958024661824603466e-06
1.293986303971170699e-06,-6.017753973319549971e-06
-4.403672325852673772e-08,1.230826811867378880e-08
4.701688467010742714e-07,4.639375195396508156e-09
2.726571091475454128e-06,4.802483574499298072e-06
2.407088302965758933e-06,4.986618259287002812e-06
-2.458548804580989909e-06,5.225287619991541697e-06
-2.733527524020124297e-06,5.073793585163985097e-06
-5.963384363102110323e-06,1.550346822615419221e-06
-6.033147443048022676e-06,1.343979466796666902e-06
5.554221843337559408e-06,1.683524004583399550e-06
5.614290544484071895e-06,1.499470793209313525e-06
-1.002586869477066377e-06,-6.092800977318423376e-06
-6.388490993194357588e-07,-6.129283336307205749e-06
6.900574349927041208e-07,-6.106762930920556802e-06
9.986285520269082029e-07,-6.066206294228019368e-06
4.431505790556947228e-07,2.554370392803864365e-09
-5.357497553421459105e-08,7.242015886822350803e-09
2.066607081162348688e-06,5.153152684452935568e-06
1.758984520718756349e-06,5.291358130712349853e-06
-1.940625342662168772e-06,5.454325898442584192e-06
-2.181025328910653521e-06,5.353389257119631287e-06
-6.090575366408419355e-06,1.123940887758224010e-06
-6.136483231476008246e-06,9.197330105667385790e-07
5.706425522600140790e-06,1.107069637419195791e-06
5.664902993029466497e-06,1.298292311549776137e-06
1.437146139633477675e-06,5.411819233628824766e-06
1.149362239717006917e-06,5.507832424828424380e-06
-1.478039841589249982e-06,5.603216684923306515e-06
-1.695339997005021028e-06,5.538196527238836585e-06
-6.171101543354369226e-06,6.968999680527650074e-07
-6.195881120675149167e-06,4.835499558833434045e-07
5.738384876973535375e-06,8.939430246985787045e-07
5.761739314959954644e-06,6.863477176872129494e-07
3.083623551425826323e-06,4.587693591171530390e-06
-3.074941402472796038e-06,4.884588667410930697e-06
8.525505538448122272e-07,5.587470117047483177e-06
5.889550271518135173e-07,5.647078452855946993e-06
-1.044767489254781847e-06,5.694180244167722221e-06
-1.251556518936231274e-06,5.655566283083043416e-06
-6.208505737063903441e-06,2.441000238389783516e-07
-6.210883880060125025e-06,7.846473311249585103e-09
5.773793498029667770e-06,4.505197237310852950e-07
5.776143384526994564e-06,2.161675931535752390e-07
-3.554579516301630518e-08,-4.624181346213719368e-08
-2.636696433893269879e-08,-5.366242961059276804e-08
4.336003691737921357e-07,-4.189681363125501418e-08
4.285757081379643942e-07,-3.924324864680701345e-08
1.285705267484060106e-08,8.486592835259898812e-08
7.454854982630003566e-08,1.082112276920589173e-07
3.191610487534290803e-07,5.692468477847893558e-06
7.969528001016515954e-08,5.722105451853213958e-06
-6.148203669899023120e-07,5.738832184107540017e-06
-8.232621321128206388e-07,5.722185509221096653e-06
-6.197691225095349449e-06,-2.638229172630853987e-07
-6.171572002142458444e-06,-5.375910667135166664e-07
5.763457552616740923e-06,-5.393177639698614195e-08
5.738318267352320028e-06,-3.257360724303133794e-07
5.629462116518647020e-06,-9.611657416849135203e-07
5.692130106103936704e-06,-6.415497429408214525e-07
-6.123482443269303808e-06,-8.570784201134342106e-07
-6.057963549213430360e-06,-1.182456045238400614e-06
-1.659224113580921554e-07,5.739655345067591940e-06
-3.859891917600036017e-07,5.744759001737236587e-06
5.541393373513758938e-06,-1.350653602147686631e-06
-5.966357975811582796e-06,-1.587781692899489212e-06
-8.997734490884506352e-09,-1.887384822016526578e-08
-2.681196783252402217e-08,-6.490033355223626798e-08
4.461787558355765347e-07,-4.946099968392815555e-08
4.223511837182807331e-07,-1.365151801767155636e-08
3.078241025453467215e-07,-5.866756098069962466e-06
4.535047504191858620e-07,-6.252619962835875256e-06
-3.847389842385307346e-07,-6.275594967635081329e-06
-2.238273247060784266e-07,-5.865236735348844733e-06
-6.028181722055062777e-06,-1.914955456437190203e-06
-5.657805612770365337e-06,-1.589044574302479769e-06
5.240929098815672793e-06,-1.351527955698989772e-06
5.604861964262896151e-06,-1.662622402353671963e-06
-1.264829687523812636e-09,1.026861253458355194e-07
1.025769061745821567e-09,3.575009037577432984e-08
1.014464701598549214e-07,5.691422420066116013e-08
1.565560128859007279e-07,1.567407870950935654e-07
4.018316283859574662e-08,-6.288452733464747893e-06
3.959408900526606037e-07,-1.936584658511987136e-08
4.287891388882625009e-07,-6.790637898679736141e-08
-4.648964197872057997e-08,-6.327698999269284021e-08
-1.922848178562748531e-08,-2.490049739085203526e-08
-9.013045968010696441e-09,5.884271740907547294e-10
4.349202491392621520e-07,5.805114646995567373e-09
-2.032366308662449679e-08,-2.952948936916091981e-08
-4.389676465795761433e-08,-7.725365045054820570e-08
3.925375633747884620e-07,-9.811880699506036328e-08
3.326079549114591217e-07,-6.973471908240202053e-08
3.306007371232906043e-07,-1.278242014359332701e-07
-5.663345603862266561e-08,1.734318481039159991e-08
-2.331253947259605108e-08,8.132727128349931152e-09
4.636967476927985262e-07,6.284975173871561507e-09
4.746686237541744019e-07,1.301678559701674285e-08
4.326006442549464907e-07,4.314083294685165248e-08
3.771405864242633010e-07,7.867083382278082551e-09
-1.654605629849144538e-08,4.619237857671355307e-09
-6.349146211842211887e-08,1.543476811414348759e-08
3.518159901809559320e-07,-3.113244301462605808e-08
2.762468402814426586e-07,-4.227752810671605798e-08
-5.643663511676134042e-06,-2.540626509056839083e-06
-5.476332381499993409e-06,-2.134486414838924843e-06
-5.874867867557797323e-06,-2.345167763374474603e-06
5.237069573714420479e-06,-2.272278198870028347e-06
5.463570896739006568e-06,-2.078965335109865314e-06
5.067736342119839598e-06,-1.865479719498342503e-06
2.752103025170637059e-06,-5.586596714820722994e-06
2.612463852573870889e-06,-5.388475966513686107e-06
-3.147246835041828474e-06,-5.285251671817473776e-06
-3.320770365953344056e-06,-5.525869458924245785e-06
4.772267458893975871e-06,3.310941474696283344e-06
4.553774421827310409e-06,3.075052103375509613e-06
-4.722816650480158373e-06,3.217963922321727820e-06
-4.986510236580467335e-06,3.499518790474311653e-06
-3.403050854874161186e-06,4.879587709674060384e-06
-3.058046764664812448e-06,4.580465530649464760e-06
3.067536436302192444e-06,4.276574798172584776e-06
3.402050353717482868e-06,4.579060303712794759e-06
-5.735726637141465460e-06,-2.832385881624827519e-06
-5.350305907062956338e-06,-2.630085816598682706e-06
4.938280227905842619e-06,-2.364671002467751968e-06
5.333867344294077131e-06,-2.578794269771325195e-06
2.582216236551747999e-07,-1.530533769828908660e-07
-3.886195293231474546e-06,4.305996623031578312e-06
-3.511350615452926371e-06,4.247055102176005335e-06
-3.772434854497809407e-06,4.619931311391752091e-06
3.844311831924173101e-06,4.020798938738451652e-06
3.743566794258362063e-06,4.318055517350762801e-06
3.497722186649925202e-06,3.964291176066668761e-06
3.885688057063529272e-06,3.691524675387008906e-06
4.118863763282945867e-06,4.027846408514078270e-06
-4.195998076759791460e-06,4.315205534971190777e-06
-3.935521471585146785e-06,3.946225838375792450e-06
-8.277543366988343850e-08,-5.517571574495789056e-07
-2.964089267583403196e-08,-2.728967791926510040e-07
-8.903064760752877141e-08,3.319952909431987376e-07
-1.505506213159450405e-08,1.493636316665838786e-07
6.641193913163909014e-07,2.605783262885148641e-07
5.100913561243375337e-07,1.117165219483344249e-07
6.509935625199680477e-07,-2.061397240086787753e-07
4.984542581697275693e-07,-1.008112849720140216e-07
-3.664865883412615863e-07,2.094707144608916882e-08
-1.406438141702082389e-07,3.487521992393663019e-08
-1.364064797258892640e-07,5.546789054877658809e-08
-3.011192835962109063e-07,1.820612126448278189e-07
2.080899166374566331e-07,-2.902797910693618461e-07
2.545486872257689175e-07,-5.489807415555629521e-07
5.393570608598113486e-07,3.232156205155345184e-08
7.210506152852911477e-07,1.802885937413766580e-08
3.594103464755725226e-07,2.296631019020392195e-07
4.467662447460048959e-07,4.205034057278414920e-07
-8.928041662384228326e-08,-1.254393410723610539e-07
-2.788571826121900900e-07,-2.527630325721807435e-07
-3.093252018178677483e-09,1.772350768324557646e-08
2.909849023064982597e-07,3.707485250156265709e-08
-2.967715602100276454e-06,3.465543948862012589e-06
-3.261530321230129332e-06,3.891472621826724091e-06
-4.568954577069087905e-06,-1.855759761344125262e-06
-5.087579166074778846e-06,-2.002990121208726474e-06
3.395720655288557565e-07,-4.988249486117279432e-06
3.147376620467150454e-07,-5.490144018194793407e-06
4.409708512637442970e-06,-1.049579362854894439e-06
4.875657117132683419e-06,-1.217223828082886203e-06
2.537158924266964989e-06,3.565895028544547944e-06
2.823342760539957492e-06,3.945416650916986433e-06
4.699529866309874496e-06,-1.737003400271192105e-06
4.235538974616950494e-06,-1.594257661407047793e-06
-2.799929081651555114e-06,4.234154883382751291e-06
-2.472495079720297847e-06,3.821630881201278397e-06
-2.317240245540286587e-07,-5.485663373240808781e-06
-2.490347171211611929e-07,-4.990285941768580788e-06
-5.274348761635337188e-06,-1.442883167913291690e-06
-4.763702376928464111e-06,-1.251310280351037780e-06
3.258932602025847358e-06,3.631196102847686545e-06
2.987330628279012552e-06,3.237817292812967600e-06
1.063446031523056311e-10,2.899886533051771586e-08
2.022238852115890200e-07,5.096617181234851589e-08
-2.205472600167254725e-07,5.835542761206037877e-07
-2.705861948472172306e-07,3.557451665975073445e-07
-5.096619871324466580e-07,3.775578575773675238e-07
-1.307931787378627179e-07,-8.964817629646925242e-07
8.346381131606626935e-08,-7.082156592827035997e-07
2.927065449614524759e-07,-8.936355044810838467e-07
8.773103703719059929e-07,-3.302297851871317868e-07
7.920159682749102665e-07,-1.312488531845568679e-07
9.738860977301127254e-07,-2.447971393515809561e-08
8.515478107148172669e-07,4.607054045733532186e-07
6.277626927827457164e-07,4.410563615597751581e-07
5.764355749994392454e-07,6.614229096705024073e-07
-6.798620522050483926e-07,-2.876588069727421256e-08
-4.543611960685900787e-07,-1.603764018386038627e-07
-5.599807389946351543e-07,-4.026486318945944620e-07
4.015484343564853860e-07,1.304947846009549890e-07
3.091760747703021572e-07,1.290002371943740666e-07
-4.658621420464967140e-08,7.160703131437043569e-08
4.722984739562324450e-09,7.417140490572376022e-08
-1.455637856891208397e-08,9.909933832586716842e-09
-3.165210063227934708e-08,2.220625231918931948e-08
4.560219686210250968e-07,2.500362808725497549e-08
4.494768593871919025e-07,1.315381772815945448e-08
-4.457929306982396779e-06,-4.249425845839878031e-06
-4.624821227959254001e-06,-4.032422417476847394e-06
-4.652252620249948398e-06,-4.235416080511965373e-06
3.883845754616268710e-06,-4.237601143950562719e-06
4.111192436642520023e-06,-4.217232548523505275e-06
4.080332749602833166e-06,-3.972901532991565308e-06
-4.296124270882205557e-06,-4.435425017407708651e-06
-4.299044528764352792e-06,-4.618234698836026996e-06
-4.117166875883729333e-06,-4.611749936556076408e-06
3.698261314168740695e-06,-4.463157142278969096e-06
3.501132656521183301e-06,-4.673324465537194143e-06
3.701115782280822646e-06,-4.676610205408467135e-06
4.265261198769019218e-06,-3.698135957619613175e-06
4.512144698784493651e-06,-3.645597748293582643e-06
4.451542166629953999e-06,-3.378499322395128806e-06
-4.779754015299876042e-06,-3.805799009924128779e-06
-4.935382385801328058e-06,-3.537405640739713372e-06
-4.989733867404939332e-06,-3.764237352000475046e-06
-5.400496226337942958e-08,3.018844942369535599e-08
-6.410750021972519726e-08,4.339875066572570711e-08
4.708239966410590123e-07,3.103952705933423786e-08
4.802667416366047989e-07,4.071518219383369226e-08
-3.944356295337419225e-06,-4.767556441385708056e-06
-3.928183745053505953e-06,-4.937417217740262360e-06
-3.752772601027627163e-06,-4.915162064685575336e-06
3.320425197298575549e-06,-4.853276837799372435e-06
3.132278886501379047e-06,-5.017165839624925099e-06
3.304189304577065560e-06,-5.035588941431853103e-06
4.626729413119924586e-06,-3.056211137233329747e-06
4.872091196577176877e-06,-3.001519334017029616e-06
4.784684860879929842e-06,-2.724503639196267794e-06
-5.083016766983892632e-06,-3.259390835575488984e-06
-5.217945372864341531e-06,-2.962801830533199513e-06
-5.300868346986670234e-06,-3.213385810199444070e-06
-3.561449622949157715e-06,-5.048912919394502226e-06
-3.544628636069777329e-06,-5.206872083530509146e-06
-3.364903915557311339e-06,-5.169139232135598325e-06
2.956631917219250923e-06,-5.158211779532713068e-06
2.788210188318578777e-06,-5.278315268265157569e-06
2.941969526224318200e-06,-5.308054504471517170e-06
4.142477606781507344e-06,3.477193817827484538e-06
4.351422163562120282e-06,3.282181039215962098e-06
4.361268638119123344e-06,3.496146101682569768e-06
-4.230413244177790048e-06,3.698219904488560776e-06
-4.486482455507668921e-06,3.718460911758848594e-06
-4.477494312649586628e-06,3.467394474135421621e-06
3.933342844933682811e-06,-8.842389863118135899e-07
4.085270490949537463e-06,-1.242379969309157952e-06
3.755905059337205236e-06,-1.438920262147485291e-06
-2.650557013366569075e-06,3.022719762968844955e-06
-2.559582203135279577e-06,3.427426362661253758e-06
-2.139956104173410787e-06,3.389826520106912700e-06
3.583602656651060421e-07,-4.459418891240915704e-06
4.754027267661779456e-08,-4.729774019959510347e-06
-2.587385474756271279e-07,-4.461834537281663467e-06
-4.021473552652905004e-06,-1.689610196462010332e-06
-4.399113578966492404e-06,-1.465422092833865047e-06
-4.224813507085517882e-06,-1.058987700558149823e-06
2.248072890802264967e-06,3.172098714632065173e-06
2.620194056499262774e-06,3.204800299667130485e-06
2.704975679348436229e-06,2.838965262030781847e-06
3.118069867285483046e-06,-5.357425125752856570e-06
2.943542346103285867e-06,-5.470577864480856305e-06
-3.738201458769709054e-06,-5.262233616017478696e-06
-3.546391775522674770e-06,-5.388125933408899303e-06
4.380912634623605711e-06,3.767469293332072731e-06
4.572960747108256850e-06,3.551497894945219725e-06
-4.505242967339466437e-06,4.028797513685361518e-06
-4.738794276534283228e-06,3.781995768439422758e-06
3.154864025405460177e-06,3.943500347715049236e-06
-3.149568037309810220e-06,4.229374428577575350e-06
-5.401838287961308884e-06,-3.460036251176266509e-06
-5.558174193110288219e-06,-3.177774692747902120e-06
4.983309394025510288e-06,-3.282464576930401479e-06
5.152625439167885393e-06,-2.958681283992012076e-06
3.513976766470594080e-06,-5.062180357710911578e-06
3.314404265205253969e-06,-5.214319806131148069e-06
-4.130650825142965531e-06,-4.965332094851719877e-06
-3.939161069684187088e-06,-5.113293057898549003e-06
2.335831125823817287e-07,1.551707195736410397e-07
2.655281872838482684e-07,8.996038731959951414e-08
3.124131038310750495e-09,5.191841665701491848e-08
9.089469228818099243e-09,9.677463369821097580e-08
-5.046250716447182385e-06,-3.997806867085572033e-06
-5.220179550373394303e-06,-3.742578005368682640e-06
4.576459941591078639e-06,-3.924527033098958424e-06
4.778614426213346319e-06,-3.616645300550774942e-06
3.932646585259483620e-06,-4.684921682998143955e-06
3.720447928387042170e-06,-4.881280567942789688e-06
-4.502688497380528905e-06,-4.628379660876712910e-06
-4.317888149075750034e-06,-4.799557938658481993e-06
-2.321758016257847955e-06,2.575888729737379729e-06
-1.988583337515657053e-06,2.135660928100275445e-06
-1.899158634952622422e-06,2.537816306319099060e-06
-1.807637263261438231e-06,2.945859250231322390e-06
-1.482770589935119028e-06,2.499580540464239164e-06
2.507629714469573821e-06,-4.268681697894948847e-07
2.065453418754147917e-06,-2.976928964108662326e-07
2.200729976369239296e-06,-6.100720638650899711e-07
2.342181865307974789e-06,-9.440273234130707513e-07
1.911567840418508243e-06,-7.794011473443561983e-07
1.961347076649375114e-06,2.773051882140850055e-06
1.682351670175812908e-06,2.375910861377372128e-06
2.045963554491404589e-06,2.408564757582674454e-06
2.416892956787604653e-06,2.441012125445157157e-06
2.128104135079142387e-06,2.051023360562353185e-06
-1.709947807117727966e-07,-1.306781212057553515e-06
-2.036972085117101936e-07,-1.770752679892209265e-06
7.423911746384341594e-08,-1.528130277322530729e-06
-1.068543862221409428e-06,-1.114939215321003770e-07
-1.518848495123682499e-06,-2.229908314165105157e-07
-1.202881109491366706e-06,-4.098362870804863413e-07
3.239122865762035600e-07,-1.304512478376355282e-06
3.477549817169944276e-07,-1.768500768058601465e-06
-9.211915952775313719e-07,-5.698933588410170891e-07
-1.349186549538585425e-06,-7.499150221017548909e-07
2.799513578474416339e-06,-1.110877229571559528e-06
-1.035149685759666340e-06,9.532374169352016934e-07
-1.338065258931331910e-06,1.314534319212228078e-06
-2.580420858670228646e-07,-3.359470545374597744e-06
-2.471346104845654838e-07,-2.809306531049222795e-06
1.655938369639391770e-06,-1.854465015737859643e-07
9.415835511421424601e-07,1.265713916959606260e-06
1.167556839314108274e-06,1.615353681792346628e-06
-3.104975532814838171e-06,-6.863604076099783432e-07
-2.550445621106070940e-06,-5.147980766393533192e-07
6.536968161055036458e-08,-2.536797766833467027e-06
-2.290496615427759241e-07,-2.275695324327546007e-06
7.429762451174654014e-07,9.455148169612101835e-07
-1.658270780696685402e-06,1.711926620781818053e-06
1.495887834530650115e-06,1.645977116874822185e-06
1.416104836973929125e-06,1.987699329379279376e-06
-2.181331054810742638e-06,-7.337227386965049893e-07
-2.017284717528566433e-06,-3.588850017019084937e-07
-7.566458989108901641e-07,6.376934676685633879e-07
-3.667555772375540014e-06,-8.692063021257020898e-07
-1.259389489601093175e-06,1.676637161959129905e-06
3.273919033851117780e-06,-1.276847056032613114e-06
1.288817906596498174e-06,-9.331604635969939148e-08
-2.618692286358330181e-07,-3.914231883008578193e-06
3.642297054914104144e-07,-2.273427215964132981e-06
-1.830513107978121558e-06,-9.383357786769230633e-07
1.843785300847329269e-06,1.675970903652150927e-06
1.067995482097316148e-06,7.084764755288590760e-07
3.734329320778848625e-07,-2.807038032214184009e-06
-4.013790944009768812e-07,8.920983726306521587e-07
-2.351748674587133625e-06,-1.130818496936621936e-06
-3.460492888242945335e-06,-1.510720312045758822e-06
-1.172607174630836452e-06,2.061166939833032644e-06
3.704116020182826575e-07,-3.911959596972378956e-06
1.569007057252848662e-06,1.322712619412430283e-06
3.451270231787946474e-06,-7.233032960434337486e-07
1.169357725204536688e-06,-4.693387994605617014e-07
-6.977650908246037370e-07,9.233537627061062602e-07
1.010155062956806003e-06,9.722741766050967444e-07
3.754604968788539114e-07,-3.357207245576110877e-06
-2.899516030412800936e-06,-1.323045251583637686e-06
1.308766451747955744e-06,9.979967677641789784e-07
-8.842950794495898289e-07,1.640571138976577668e-06
2.972785333715532979e-06,-5.697958479541280905e-07
3.122273327716506511e-06,-9.195404475339108277e-07
1.517376645777921364e-06,-6.201238829128169374e-07
-3.282324016480743908e-06,-1.097086891757751900e-06
-6.248938375032239959e-07,1.247636092080015793e-06
5.649301219024428706e-08,-3.635959090337783229e-06
1.397977540444679220e-06,-3.388586708393462799e-07
-4.685013912875654718e-06,-4.436135579592687768e-06
-4.864019489933457632e-06,-4.228878200632050885e-06
4.147607983632398772e-06,-4.456768850878084032e-06
4.360695395505709106e-06,-4.205771374184253550e-06
1.446698293244207916e-07,-5.128808565583232551e-08
4.863156776563237090e-07,-2.004843416859481554e-08
-7.426175165758189574e-08,-2.976350798293141893e-08
4.941837357168029890e-06,-1.539826708560819629e-06
-5.345006177778288102e-06,-1.790740888500425528e-06
1.033593929176004517e-07,-2.422682054661347892e-07
2.761183689345058109e-10,-1.530788766031758582e-07
1.956049234606466613e-07,-1.843430762171478639e-07
4.351370316903150906e-08,-5.650793626548034264e-06
1.800119999128458791e-07,-1.226443878855886931e-07
6.077403170804315748e-08,-7.508959037357878700e-08
