Size 955,2
0.000000000000000000e+00,0.000000000000000000e+00
0.000000000000000000e+00,0.000000000000000000e+00
9.194620096261840395e-09,-4.332007137849969757e-06
-7.990839719512309281e-08,3.237105287282679151e-06
7.758297286192573692e-08,-5.932485750982864879e-08
8.646369246706907503e-08,-4.241617182718051232e-08
1.549741444045950958e-07,-4.059012464890716891e-06
3.287392411493830547e-06,-1.316750807207659230e-06
9.694634419707652590e-08,9.046387750577123014e-09
9.391883504631575407e-08,9.793928177862277923e-09
3.404116975298955623e-06,-1.000220740567864047e-06
1.903664188433000052e-06,2.163850534841701796e-06
3.493966974966083640e-08,4.861513981673932694e-08
9.005930713336699353e-10,3.863857284310945952e-08
1.600000312090091695e-06,2.393783082659546117e-06
-1.616045938178599283e-06,2.458126558844351463e-06
-3.395907387996772567e-08,1.116097851003486508e-08
-3.763587645480876301e-08,1.076872120871055511e-08
-1.919640337446417605e-06,2.224755045787687433e-06
-3.504916382355326959e-06,-1.051054765279044528e-06
-2.604777971973353201e-08,-4.456723889586552931e-08
-3.413635463665472143e-08,-5.557359184622603309e-08
-3.390744910271232718e-06,-1.363095803594132459e-06
-1.365803923307292969e-07,-4.057569716364979468e-06
4.787525544991720890e-08,0.000000000000000000e+00
6.753667589946517689e-08,0.000000000000000000e+00
6.994642736504116724e-08,0.000000000000000000e+00
6.468187058246277662e-08,0.000000000000000000e+00
4.089354492065835037e-08,0.000000000000000000e+00
0.000000000000000000e+00,0.000000000000000000e+00
0.000000000000000000e+00,0.000000000000000000e+00
0.000000000000000000e+00,0.000000000000000000e+00
0.000000000000000000e+00,0.000000000000000000e+00
0.000000000000000000e+00,0.000000000000000000e+00
1.831060006837725334e-07,-4.321129413503012087e-06
3.444638257739025649e-07,-4.300248859960576258e-06
4.934689455839111839e-07,-4.275719796155781868e-06
6.364746121659754530e-07,-4.246876992953562080e-06
7.758491336359851400e-07,-4.213561693089724128e-06
9.138843533461815610e-07,-4.175207244612719789e-06
1.052513653249284505e-06,-4.130934181342197842e-06
1.193267542367294100e-06,-4.079684313578417030e-06
1.337197721139264897e-06,-4.020138109288014834e-06
1.484878457542859664e-06,-3.951144547382429532e-06
1.636635698701554861e-06,-3.871276627211214991e-06
1.792951638307175582e-06,-3.779250920227259593e-06
1.955345188279653179e-06,-3.675415673115885958e-06
2.120834285792337752e-06,-3.557143493549524390e-06
2.291788002329780964e-06,-3.420240427093043280e-06
2.461775545807265172e-06,-3.268237373476816705e-06
2.632611822895741900e-06,-3.097780939432545641e-06
2.798230805405308222e-06,-2.912359644685059488e-06
2.956243987244801168e-06,-2.712107724284817270e-06
3.104818124381818738e-06,-2.500234866368081831e-06
3.241352099361223965e-06,-2.279501476935631115e-06
3.363500951666742644e-06,-2.053091113385366676e-06
3.468911092893754804e-06,-1.824871994258588083e-06
3.555818196407562873e-06,-1.599624443048840922e-06
3.622812711902706213e-06,-1.382863252595283136e-06
3.671245668246129733e-06,-1.177005378311981867e-06
3.698891566660741570e-06,-9.920285230751970561e-07
3.712416285916343023e-06,-8.338097947944800788e-07
3.718881273763108735e-06,-6.994618677942291126e-07
3.720862274677690704e-06,-5.810881216630675925e-07
3.719942112154077022e-06,-4.739692914928379915e-07
3.717174594451518239e-06,-3.734276305041791647e-07
3.712742645512456254e-06,-2.751061697498883858e-07
3.706215723882071047e-06,-1.751197298383956121e-07
3.696592373047596973e-06,-7.017087840373934715e-08
3.682485139932886391e-06,4.237742687111640313e-08
3.662120742093511713e-06,1.644102994562089283e-07
3.633758905789627989e-06,2.970751124780919323e-07
3.595365675040174370e-06,4.407449357177945886e-07
3.545438907838412026e-06,5.950679315857132838e-07
3.482206500374800810e-06,7.593843605022801628e-07
3.404373438362771891e-06,9.331766951943397165e-07
3.313049795947006322e-06,1.116934883010133758e-06
3.204876126723973477e-06,1.305924634210934562e-06
3.076721211333570558e-06,1.501833742879547118e-06
2.932301206798785739e-06,1.696323088085166056e-06
2.770489291752158266e-06,1.889677843218537334e-06
2.594529258825940068e-06,2.075282341681385126e-06
2.407216075206089450e-06,2.250645403089971999e-06
2.210969226597851156e-06,2.412256159298987456e-06
2.012775640973783978e-06,2.556551521306856338e-06
1.812438825684059488e-06,2.684149305811241018e-06
1.620745061590151235e-06,2.790083843984387517e-06
1.435986904410829007e-06,2.880331541496350020e-06
1.260802770942045642e-06,2.959253945772040775e-06
1.092007164692140934e-06,3.026122239757248743e-06
9.287422113677297359e-07,3.081943816559980469e-06
7.707453808671277048e-07,3.127841768411284725e-06
6.179491194589737277e-07,3.164513181781878118e-06
4.701343303069191846e-07,3.192913552470945649e-06
3.269689932853864390e-07,3.213708832469522321e-06
1.879903530189868932e-07,3.227646439109873964e-06
5.260343567246608185e-08,3.235278160395941044e-06
-2.103710579797411393e-07,3.233407798097638705e-06
-3.396835947277571516e-07,3.224324203430404555e-06
-4.688291797302571037e-07,3.209889012864660889e-06
-5.988813077628209875e-07,3.189958090366036571e-06
-7.309730523047289373e-07,3.164139657307139317e-06
-8.662688611833542425e-07,3.131904765986505240e-06
-1.005928159455904844e-06,3.092336862346096935e-06
-1.151033828793302862e-06,3.044542254564046010e-06
-1.302958107667172520e-06,2.987040414254348547e-06
-1.463839804946479950e-06,2.918217586161748478e-06
-1.639073448813664653e-06,2.838519152012856720e-06
-1.826374727381167271e-06,2.742072670732754796e-06
-2.029037533426326996e-06,2.619077486791956228e-06
-2.231662718534755007e-06,2.476245826549054494e-06
-2.435090563590232840e-06,2.312738258725819968e-06
-2.630541616337863478e-06,2.133178544991445983e-06
-2.815781955290088962e-06,1.940687643672230833e-06
-2.986659379899434066e-06,1.738832276690485335e-06
-3.139902082575168333e-06,1.534475237736320600e-06
-3.276039951872114261e-06,1.327902492287567857e-06
-3.391177033081413253e-06,1.128033589446191141e-06
-3.488323743625322884e-06,9.334058995109213184e-07
-3.571055744467274165e-06,7.492221751955945552e-07
-3.638128763790132867e-06,5.751302897411638660e-07
-3.690882471745503492e-06,4.118175015454083051e-07
-3.731195114244977827e-06,2.601103652978292433e-07
-3.760660811519109737e-06,1.204991152007967499e-07
-3.781465521399529239e-06,-7.296435022011215036e-09
-3.795481637388051739e-06,-1.243799945769641260e-07
-3.804638651931538973e-06,-2.326314725643656702e-07
-3.810460611187563305e-06,-3.347223084805037684e-07
-3.814078977487813804e-06,-4.340095598059660850e-07
-3.816040151174554891e-06,-5.344597495392323168e-07
-3.816250641378324923e-06,-6.405210463482881458e-07
-3.813742917150100746e-06,-7.569622565101511104e-07
-3.806988896739320946e-06,-8.885816414752198448e-07
-3.793506986414916454e-06,-1.043533149726328756e-06
-3.766048701977590771e-06,-1.224852656433615342e-06
-3.717238291403157454e-06,-1.425992780435742175e-06
-3.650308647991385721e-06,-1.635231282234983037e-06
-3.565878338494281429e-06,-1.849928775219485029e-06
-3.464757260889629199e-06,-2.066497136931881742e-06
-3.348420049318742080e-06,-2.280948643058749359e-06
-3.218797047388595825e-06,-2.490112995827997907e-06
-3.077776118568422604e-06,-2.691399528946312998e-06
-2.927424847097327630e-06,-2.882608164177527636e-06
-2.769252077957508505e-06,-3.061279019710443420e-06
-2.605053999981791175e-06,-3.227179721458070564e-06
-2.439342567089288733e-06,-3.377708285807079840e-06
-2.270913209147644293e-06,-3.515192593258071830e-06
-2.104467058823692179e-06,-3.637039629802343641e-06
-1.938387597790133668e-06,-3.746180637060318678e-06
-1.774890964623613167e-06,-3.844377563104263845e-06
-1.613001199902018580e-06,-3.931305046102314637e-06
-1.452503243963047319e-06,-4.007773160297529668e-06
-1.293326554240129971e-06,-4.074674367893025999e-06
-1.135273705783107550e-06,-4.132687235717252053e-06
-9.778799614763628953e-07,-4.182601241348403432e-06
-8.204248323913283635e-07,-4.225010108279794491e-06
-6.620061146674989362e-07,-4.260401697018732579e-06
-5.015779111408115128e-07,-4.289061577219510285e-06
-3.381914656018898134e-07,-4.311046791136594975e-06
-1.677667940176405628e-07,-4.326978424411593544e-06
8.373444899806527229e-08,-4.691367960288951677e-08
1.272216271020981448e-07,-9.105355187217717497e-08
1.944108558861879548e-07,-1.455888159962537736e-07
2.958469227980858749e-07,-2.086261311354187342e-07
4.183031294104428924e-07,-2.751383345900215044e-07
5.673784460193819303e-07,-3.478953707179034874e-07
7.326744447006380552e-07,-4.227186138665682408e-07
9.176615016505419681e-07,-5.016416778535129404e-07
1.114240683783095241e-06,-5.812854140291732703e-07
1.323922723324935487e-06,-6.630032492675407308e-07
1.540807470610514586e-06,-7.441725892649528528e-07
1.764553280017648085e-06,-8.255025579041844156e-07
1.991348451956533125e-06,-9.050922193816664446e-07
2.219110695158404058e-06,-9.830397824584585382e-07
2.445987680712831749e-06,-1.058116768922943329e-06
2.668273201492323522e-06,-1.129918555280985017e-06
2.886407663153694515e-06,-1.198067374441982041e-06
3.093899410835801622e-06,-1.259850187762254517e-06
3.189593961859483416e-06,-1.527804544377494184e-06
3.078879918128096865e-06,-1.748112068009115330e-06
2.955936462742793541e-06,-1.971902378115855968e-06
2.821775291184322069e-06,-2.194191072715267979e-06
2.677872286736820690e-06,-2.410912207226893014e-06
2.525672690825314229e-06,-2.619104143049953703e-06
2.370218672173520369e-06,-2.814982736141023147e-06
2.210925247331303467e-06,-2.998477828025150740e-06
2.053122507900926576e-06,-3.164354487021621687e-06
1.895196900514079815e-06,-3.315576199928107788e-06
1.742645377752791442e-06,-3.448035678769552616e-06
1.591579937350142772e-06,-3.566403068621293980e-06
1.445210510282953426e-06,-3.666127971090056402e-06
1.301316451568499714e-06,-3.753095649546046463e-06
1.160313191717358794e-06,-3.827914559927384396e-06
1.021678922946114925e-06,-3.891122783668753749e-06
8.843875659293340051e-07,-3.943578003940052161e-06
7.469538510255205684e-07,-3.985866509545821028e-06
6.074441107971358493e-07,-4.018490097260900244e-06
4.635874744423250846e-07,-4.041658477767830949e-06
3.126427244128050079e-07,-4.055274917196838934e-06
1.721263610384401301e-07,-3.871271923490437585e-06
1.878060626375654789e-07,-3.670503554594434408e-06
2.022242710847286017e-07,-3.449111456564324041e-06
2.144900779513890723e-07,-3.215287418412631510e-06
2.250126500148759952e-07,-2.965952281707802405e-06
2.329099298934569897e-07,-2.708188489058091032e-06
2.387182239564303449e-07,-2.441311429423804131e-06
2.414163462475691293e-07,-2.170757885707231054e-06
2.416727712986030022e-07,-1.898665948155069352e-06
2.383351921258707153e-07,-1.628454390377052577e-06
2.322034809232860020e-07,-1.365457709534048662e-06
2.219939871922437640e-07,-1.110700104160782914e-06
2.086373255219401454e-07,-8.730889941410676680e-07
1.907172135632580947e-07,-6.508833228170051487e-07
1.693113363375941407e-07,-4.569269786292266823e-07
1.428673019996070711e-07,-2.862335746417269150e-07
1.124214691963601624e-07,-1.566413099453931813e-07
9.430771253425183111e-08,7.135579103233288547e-09
1.357671693697038931e-07,3.933385042630336938e-08
1.824891730635794901e-07,7.977670763456061817e-08
2.386297418868911680e-07,1.330032416729701025e-07
3.018098285128421715e-07,1.952589928466763587e-07
3.752244264199971665e-07,2.714347181525361857e-07
4.555342232805128238e-07,3.571759636076403066e-07
5.458385967755903357e-07,4.569916332951502309e-07
6.425296807887449847e-07,5.663378597525031076e-07
7.484214779599403069e-07,6.891512425775591087e-07
8.598091701723952670e-07,8.209350444009507875e-07
9.790432613344867277e-07,9.648069756136443016e-07
1.102501450093723135e-06,1.116564479574487426e-06
1.231890735991505184e-06,1.278260917277248816e-06
1.363840522798666522e-06,1.446227034859759235e-06
1.499271037320448294e-06,1.621194964599227934e-06
1.635432584404112726e-06,1.800463575898031598e-06
1.771166005424661355e-06,1.982930730623575475e-06
2.094661921560538318e-06,1.996805789652221956e-06
2.282543139577915394e-06,1.821226695750095094e-06
2.462736604716157415e-06,1.638517092436917405e-06
2.633462545631533623e-06,1.451726680533991610e-06
2.789462167801350996e-06,1.266019882502798704e-06
2.932188387673567772e-06,1.081827339357109648e-06
3.056672575710917754e-06,9.060559567062785141e-07
3.167315396026404231e-06,7.354816285824695598e-07
3.257772473547466992e-06,5.754671852166456269e-07
3.334603681373352562e-06,4.239444804025619060e-07
3.398505905324164463e-06,2.825329653269755079e-07
3.450061142532974390e-06,1.516709156344947169e-07
3.490481091227853126e-06,3.103343446566555114e-08
3.520619286383820791e-06,-8.045076855182272397e-08
3.541415993302036682e-06,-1.846737744128562502e-07
3.553393484124929541e-06,-2.842657546190899690e-07
3.556692215341458465e-06,-3.825592110056577589e-07
3.550866327370983592e-06,-4.834821198952247240e-07
3.534873343243029209e-06,-5.913819657007464132e-07
3.506757107037887337e-06,-7.109605543079625511e-07
3.464194367631318867e-06,-8.470477958570665288e-07
3.202332148016016935e-06,-9.191401490003525459e-07
2.998504087716682060e-06,-8.408420928198766168e-07
2.785395765552962415e-06,-7.599348584459527315e-07
2.565896665481382316e-06,-6.793380693649981737e-07
2.340750642111095140e-06,-5.986559998653383156e-07
2.113284971416379335e-06,-5.196445988564068124e-07
1.885679142447008872e-06,-4.423932612941031305e-07
1.659557477546285401e-06,-3.682147613262505672e-07
1.439124028290901222e-06,-2.978067699174322612e-07
1.224236885476179621e-06,-2.319482641199901430e-07
1.021212310487798690e-06,-1.719808899374690976e-07
8.280313176032631615e-07,-1.181165945415756423e-07
6.532338877141046242e-07,-7.237637403533859091e-08
4.928103182607111486e-07,-3.436735243638101713e-08
3.576390079901611496e-07,-6.837123194423200266e-09
2.416639492599350749e-07,1.123251560732437314e-08
1.578575301547213928e-07,1.649250438920924199e-08
1.532448050603786401e-08,4.614893579066274676e-08
-1.068810326357598118e-08,7.260595433282063290e-08
-3.105846372271886276e-08,1.204669529669903626e-07
-6.415079421154266397e-08,1.856930808228321237e-07
-1.056241874578845146e-07,2.624806029940369630e-07
-1.595506903074457862e-07,3.562046669895594872e-07
-2.220258385064755161e-07,4.610159405578795343e-07
-2.965711939335743576e-07,5.817267164415675999e-07
-3.793589162854006201e-07,7.124408102932166202e-07
-4.732589189403341391e-07,8.572517248760843082e-07
-5.747186775171788018e-07,1.010460236554569907e-06
-6.857727941039582095e-07,1.175191141955372207e-06
-8.033223615133162707e-07,1.346188327690405364e-06
-9.283863417416084526e-07,1.525362346160409017e-06
-1.058503502363419387e-06,1.708162448540467322e-06
-1.193527068250547925e-06,1.894995763485379999e-06
-1.331647104266564941e-06,2.081937744543232341e-06
-1.471221873831740647e-06,2.269176238761226187e-06
-1.453087007876925262e-06,2.582222553983734318e-06
-1.294224625500404936e-06,2.687391086129267340e-06
-1.146017234077584790e-06,2.769408610924355417e-06
-1.002806413736074201e-06,2.837728797618137663e-06
-8.644350246126899853e-07,2.893899551566402149e-06
-7.299782761089362412e-07,2.938988448643426731e-06
-5.983703707117742225e-07,2.974223647557169969e-06
-4.685603827057283874e-07,3.000365164529957545e-06
-3.394740599746099944e-07,3.018069360265380697e-06
-2.101072895747586858e-07,3.027696433381131280e-06
-7.953165502279628334e-08,3.029410289869523905e-06
5.309480906029338209e-08,3.023158741472862349e-06
1.885429092708580387e-07,3.008714179279715656e-06
3.274808671686110005e-07,2.985659473699586437e-06
4.704140449745350635e-07,2.953506509132904946e-06
6.177300975159477208e-07,2.911509677317001071e-06
7.696347378677229130e-07,2.859024121953959641e-06
9.262417938605216361e-07,2.795033861135461994e-06
1.087472025449618876e-06,2.718861816356751965e-06
1.252621349100328855e-06,2.629483578095045058e-06
1.425242371558449240e-06,2.519813856894878736e-06
1.460779014675628159e-06,2.207035918862578819e-06
1.326510178714244222e-06,2.022626086625930127e-06
1.195035453048681904e-06,1.840497913128716764e-06
1.067175615587596794e-06,1.659974850463847337e-06
9.448720259171714079e-07,1.484939296877791250e-06
8.276776562481621027e-07,1.314346857936027623e-06
7.180310396139522327e-07,1.152517543485856809e-06
6.145114728141124899e-07,9.971903947908130918e-07
5.199941121739253250e-07,8.531117116390325259e-07
4.322426531863365545e-07,7.170807966663635610e-07
3.543862904634200114e-07,5.940124573693152876e-07
2.835531631369833928e-07,4.800121015298307747e-07
2.229479509164530640e-07,3.799173229220560351e-07
1.692416988264497727e-07,2.893865571872698032e-07
1.255287554912915204e-07,2.129239701049876212e-07
8.825535906898889839e-08,1.459917209948560963e-07
6.029078912108542041e-08,9.300370831849529678e-08
-3.419591271684866414e-08,1.054959003519021392e-08
-1.038204960215463859e-07,1.826152842347167693e-08
-1.945232247078294545e-07,1.293787298921509741e-08
-3.198000492870879050e-07,-6.143696112616397126e-09
-4.654771601017744276e-07,-3.544213066044611004e-08
-6.378574689727534376e-07,-7.594374742438975505e-08
-8.252902220434026680e-07,-1.247447021131905221e-07
-1.031795562649307938e-06,-1.821470861302986985e-07
-1.248301021239409600e-06,-2.460512879556913590e-07
-1.476591615966357811e-06,-3.160748638620988665e-07
-1.710063453058485752e-06,-3.908771911773512735e-07
-1.948379704334582586e-06,-4.694292605067725111e-07
-2.187293496221932290e-06,-5.511139375044474581e-07
-2.424456971422560719e-06,-6.342890756251578319e-07
-2.657890807526451942e-06,-7.190253070258995378e-07
-2.883303231232826446e-06,-8.031536671499045587e-07
-3.100432407752286303e-06,-8.873166129956993784e-07
-3.305006620694881260e-06,-9.681539166687755134e-07
-3.563625840376359389e-06,-9.015993322539133582e-07
-3.605181251970517730e-06,-7.682772034200597452e-07
-3.632465673359592851e-06,-6.507030914159569818e-07
-3.647710474665730961e-06,-5.439429654727469759e-07
-3.652759716845208414e-06,-4.432021576224859299e-07
-3.648553766403935924e-06,-3.440381340572395845e-07
-3.635419660446478811e-06,-2.424426113321362705e-07
-3.613094970429061937e-06,-1.350214790798234774e-07
-3.580941678029199007e-06,-1.911457034940261740e-08
-3.537893174774997510e-06,1.071637700887857607e-07
-3.483010176702428761e-06,2.448338524892135663e-07
-3.414983028237271898e-06,3.941235847655612047e-07
-3.333208519331419218e-06,5.544509687982318414e-07
-3.236975792316884290e-06,7.239755454565472524e-07
-3.119406394799357539e-06,9.047455219522730356e-07
-2.987390627065110539e-06,1.090993858357707701e-06
-2.836524553214122190e-06,1.285790971947117093e-06
-2.672231660541701796e-06,1.481896439332388700e-06
-2.493579426472907231e-06,1.678229118202524986e-06
-2.306269941074823041e-06,1.869673054634929915e-06
-2.113247899612321973e-06,2.052100614344706532e-06
-1.787326065125604634e-06,2.041499921539875813e-06
-1.649725614692819179e-06,1.854064691657853740e-06
-1.509561783893759819e-06,1.667834099161981994e-06
-1.369015597879699701e-06,1.485073716116923716e-06
-1.230787300195749550e-06,1.308236939562863433e-06
-1.094352283571243121e-06,1.137359584885224433e-06
-9.633006387779609457e-07,9.762090514749965716e-07
-8.361351931963410736e-07,8.232216978556816274e-07
-7.168936878519685452e-07,6.829702586347937711e-07
-6.032354628651884598e-07,5.525523299261166937e-07
-4.994805168035073012e-07,4.371096522526759991e-07
-4.026251009341115466e-07,3.326463450890714771e-07
-3.170924840686241744e-07,2.446259881095323110e-07
-2.393927149448686141e-07,1.681999593471466538e-07
-1.738648201276374734e-07,1.089252910323332604e-07
-1.167753457298334644e-07,6.145316326179886227e-08
-7.205794199419304369e-08,3.055421212621545790e-08
-2.857149453329356836e-08,-4.364497092928747147e-08
-7.527006954670039293e-08,-1.562339433259341749e-07
-1.067522769427408516e-07,-2.868319584922664755e-07
-1.343323091323276401e-07,-4.573214696032497214e-07
-1.568598833903722221e-07,-6.512723493537453959e-07
-1.758750663663784429e-07,-8.734877022863372086e-07
-1.903302000241993295e-07,-1.111098314831462856e-06
-2.016392726134867505e-07,-1.365855565071493586e-06
-2.088703736751077517e-07,-1.628852282135243101e-06
-2.133073054696783268e-07,-1.899063851192902654e-06
-2.141502373462061698e-07,-2.171155783134868262e-06
-2.125514877494909111e-07,-2.441709308454128399e-06
-2.078426561422784137e-07,-2.708586516565990378e-06
-2.010443537326080276e-07,-2.966350636125452952e-06
-1.916188474273425919e-07,-3.215681350744511765e-06
-1.804629947414629933e-07,-3.449503998163950071e-06
-1.671772896700851224e-07,-3.671001493321474308e-06
-1.523695745297593368e-07,-3.871553446486390269e-06
-3.033772768511088956e-07,-4.049645497015767015e-06
-4.679529681608195526e-07,-4.032132533211510127e-06
-6.288271046689623523e-07,-4.004951042158344181e-06
-7.872101383196925653e-07,-3.968013250190501473e-06
-9.440804606958671544e-07,-3.921110730436087493e-06
-1.100293598666146457e-06,-3.863873797928749708e-06
-1.256496233052569990e-06,-3.795917784240267752e-06
-1.413096845271625425e-06,-3.716682506024297342e-06
-1.570222816623479762e-06,-3.625847683391581576e-06
-1.727389132169452263e-06,-3.523051630595833755e-06
-1.886024152931082726e-06,-3.404207715519113549e-06
-2.043700884714637721e-06,-3.272599866573446764e-06
-2.203104870202324631e-06,-3.124996401448576908e-06
-2.360182247357895508e-06,-2.964429064684457595e-06
-2.516018657484651022e-06,-2.788900705733408145e-06
-2.666682436903875683e-06,-2.602326419900223509e-06
-2.812443924391765070e-06,-2.404949468138493620e-06
-2.949607768904609492e-06,-2.199734411915027966e-06
-3.077023551551836801e-06,-1.989157114184945428e-06
-3.193510061659201667e-06,-1.776573394895639624e-06
-3.298281448969670060e-06,-1.566086352267038960e-06
-3.196337588104274605e-06,-1.309085238237534841e-06
-2.986486150354787440e-06,-1.249309396676651252e-06
-2.763057260540033724e-06,-1.182052158174485789e-06
-2.533721055038934103e-06,-1.110215016728770019e-06
-2.297566325819974012e-06,-1.034121174554594315e-06
-2.059323800380934712e-06,-9.544188192802502705e-07
-1.820587014920465721e-06,-8.723463132191945166e-07
-1.584217341162740146e-06,-7.879639095168237850e-07
-1.354013886688542337e-06,-7.032629599894880062e-07
-1.130852556975140644e-06,-6.176134538135539850e-07
-9.208656049492049216e-07,-5.338078781386503653e-07
-7.228318453163486911e-07,-4.504924079239764165e-07
-5.453269075147894388e-07,-3.712956312227196668e-07
-3.849250601733213309e-07,-2.941036573320523712e-07
-2.527510972530257274e-07,-2.234254013185608355e-07
-1.429909968513321144e-07,-1.563432257098870449e-07
-6.965868253913897213e-08,-9.808345719868982437e-08
-4.006953413250780717e-08,5.027591717309704221e-08
1.389859119949816967e-07,-3.614964749232234240e-08
1.844692236277277434e-08,-1.518121423729461669e-07
-8.293685156403770327e-08,-3.895540828502778925e-08
9.757676964034026856e-08,6.464882349366690048e-08
-1.219424686653819585e-08,1.571274738895542692e-08
6.341324743094947504e-08,1.928266691905547792e-08
-2.480423134865367596e-08,-1.340169862002716069e-08
8.590443035948751696e-08,-1.069573030149269242e-08
-2.318104104974897596e-06,-3.247807953369990347e-06
2.169064481517029253e-06,-3.288907022248010219e-06
2.612227191055418626e-06,1.759570526177664395e-06
-2.649939009187718782e-06,1.804790462942829817e-06
-2.983360726139728396e-06,1.405325131643816738e-06
2.928533815127741410e-06,1.379311923081945589e-06
1.616854901865540954e-06,2.094528240763804307e-06
-1.630674727191385213e-06,2.154955155868106884e-06
2.496546676214386644e-06,-2.953105658098303815e-06
-2.637981194170686620e-06,-2.921686817873252693e-06
1.518190264457269647e-06,2.650278647918580127e-06
-1.540605143455785292e-06,2.705835055292087239e-06
-3.251972277864764811e-06,-1.140781572475247118e-06
9.671120099784457854e-09,-3.873916280477701232e-06
3.148987815470780274e-06,-1.091666033180216202e-06
1.346830373250903574e-06,1.730469488374717905e-06
-1.178499936832623571e-07,1.456670284451622937e-07
2.727593687524342632e-06,-9.450922764413735150e-07
3.238993342244295334e-07,-1.068046420173151079e-07
-2.824195474250202406e-06,-9.928589079472258974e-07
1.089104127211016600e-08,-3.451029503316319428e-06
1.811448785997368138e-07,1.716677857452217972e-07
1.746812425502894252e-08,-4.537986950469475734e-07
-2.832483008443193441e-07,-1.137985016910617845e-07
-1.351325180353243182e-06,1.781210978106674695e-06
1.638202786708082354e-08,-8.710871550082144228e-07
1.198375330482135860e-08,-2.967314319798686328e-06
1.087853800954332868e-06,1.380861235108208113e-06
2.280148237379956061e-06,-7.909318686078256571e-07
-2.371778334025884180e-07,2.988326582851742782e-07
2.981252836977052989e-07,3.243438791617309294e-07
6.081386706852376215e-07,-2.094420798851752899e-07
-2.361413663056747045e-06,-8.343487609260389447e-07
-5.893145621812313870e-07,-2.228899967641094720e-07
-1.079117679027175400e-06,1.416140092745476916e-06
8.478195188194968883e-07,1.057664669874087926e-06
-3.969700792172821183e-07,5.079550950006931891e-07
1.528207398145370198e-08,-1.364466300627252845e-06
-8.238169265043749209e-07,1.074699568817085650e-06
-1.884266150286826248e-06,-6.708270650527915664e-07
1.308338022966081330e-08,-2.442002057716430446e-06
9.679159438633061457e-07,-3.363270240920987913e-07
4.491789087960178589e-07,5.242072300294340416e-07
1.824788269941757903e-06,-6.338511996670468995e-07
-9.747730857974620978e-07,-3.574813588865750376e-07
-5.941616318976501622e-07,7.688420781962615723e-07
1.418273343714291394e-08,-1.898572190207837364e-06
6.333553203542168621e-07,7.699481733759205002e-07
-1.414432017581211937e-06,-5.093958987391600106e-07
1.380615541618676367e-06,-4.801199436815091491e-07
-1.991138013900923320e-06,-3.516478069299052271e-06
1.844546236895922512e-06,-3.557718448532592558e-06
2.246109834120145556e-06,2.119016436252317001e-06
-2.268787564655026652e-06,2.177554313430464568e-06
-3.250024730753379413e-06,1.011478878758434792e-06
3.179904628934176219e-06,1.006841340935673117e-06
7.056444302508039546e-08,-2.543211075372749795e-08
1.410063885060980403e-08,-4.935230778769021542e-08
-1.829353366923713001e-08,-2.501077042330724745e-08
1.878434618280048457e-06,2.415435659640603459e-06
-1.893747489770200254e-06,2.478167967057509089e-06
3.095174605436715070e-06,-2.123351600606898735e-06
2.963271755546709579e-06,-2.347218126262598903e-06
-3.084142658490406442e-06,-2.344845872550998682e-06
-3.209424351737928389e-06,-2.132856796632951219e-06
8.468298297172974454e-07,2.967273224250790166e-06
1.007343850904645279e-06,2.909789133703508233e-06
-1.075047062864992499e-06,2.940300170346246336e-06
-9.330076355114067946e-07,2.990230098790733943e-06
3.220228835362639143e-06,-1.898754578522584933e-06
-3.328297667405185488e-06,-1.919971784062105269e-06
6.925520447115923201e-07,3.018477718940257653e-06
-7.967827850916797322e-07,3.034497902040189312e-06
3.574828060351646780e-06,-9.122060007111678923e-07
3.536503741891927236e-06,-1.086556528581954160e-06
-3.634343804568962360e-06,-1.136204027970346458e-06
-3.671894208117125285e-06,-9.652950235037571154e-07
8.124095344520204662e-08,4.133523387381886110e-09
7.534411499127726445e-08,7.949271386419405364e-12
9.095499389580082677e-08,-6.725073081863204519e-11
-1.975199492000160819e-08,6.432088708982913719e-09
-3.103250834568101404e-08,7.296996083197957904e-12
-1.072284781702183076e-08,7.269196287571615579e-10
-2.090873458266359918e-06,2.200337629758854220e-06
-2.287748885315734826e-06,2.024575141245922878e-06
2.264458639005187735e-06,1.970501130518303794e-06
2.072757052575859094e-06,2.140860345238047335e-06
3.605462126727376073e-06,-7.679202429340993989e-07
-3.702070364915547066e-06,-8.241339183780389373e-07
3.191041784948684926e-06,1.152501231416263644e-06
3.295736932308319342e-06,9.695464768418626826e-07
-3.372966985178338263e-06,9.719446333225566888e-07
-3.261628971787009218e-06,1.165678611138626402e-06
-1.511775058239368356e-06,-3.823489224052910533e-06
-1.352548783967548164e-06,-3.899228134441850148e-06
1.391297563401288925e-06,-3.851436081335063365e-06
1.246396751023599407e-06,-3.921383849525407356e-06
-1.195775194961145505e-06,-3.968645592080956659e-06
1.106062036902271797e-06,-3.984580197742649678e-06
3.417496045943682208e-06,-1.453103708084082009e-06
3.325001055739162081e-06,-1.672322461659387319e-06
-3.517021243118998004e-06,-1.494649909430242703e-06
-3.428228324577824590e-06,-1.704583575343169025e-06
1.979226896185448744e-06,-3.556588137298279712e-06
1.818672767793630323e-06,-3.671476258905019105e-06
-1.964703434357051889e-06,-3.633442700425853130e-06
-2.128567693101734431e-06,-3.515239095754419075e-06
-3.582837458350226058e-06,3.243158723895973993e-07
-3.524653715612217020e-06,4.812465537189972877e-07
3.438288738486389387e-06,5.063860423128781012e-07
3.493143968150770910e-06,3.579507748831262927e-07
-3.631704114801171397e-06,1.800325539097746906e-07
3.539355714234287639e-06,2.210973591470914963e-07
-1.678076604373881102e-06,2.722511183117337139e-06
-1.501760179634777115e-06,2.816768478854210785e-06
1.476700944956821988e-06,2.768961832908248139e-06
1.661422484549662041e-06,2.666127680082270841e-06
-2.621774628215485086e-06,-3.076355953526307823e-06
-2.781431114702914272e-06,-2.902028586253146443e-06
2.645590615160507313e-06,-2.932568601875197655e-06
2.479531436528026194e-06,-3.113355697944991284e-06
3.488713192118493287e-06,-1.244016604090717183e-06
-3.587123686637059918e-06,-1.291091854200816164e-06
7.635976566276387902e-08,-6.186460606417050824e-09
-1.319737577037872480e-08,-8.796492303674873533e-09
2.929765711971166593e-06,1.535538546978819856e-06
3.069496205214295208e-06,1.342531436631166984e-06
-3.132515997012065117e-06,1.366513418254828098e-06
-2.984375435816727065e-06,1.569916564403207742e-06
-2.819737672015616900e-06,1.771807660040146784e-06
-2.640133773247226834e-06,1.968833899812340956e-06
2.603213648527873341e-06,1.916876768130861321e-06
2.773946906675680227e-06,1.727975699263051648e-06
5.424112412177653941e-07,3.056252036804673612e-06
-6.634767128211512137e-07,3.067050261977493093e-06
3.973865120915580016e-07,3.087896968789108727e-06
-5.330498276983932033e-07,3.094511447518694914e-06
2.312717909898939084e-06,-3.278095640968375782e-06
2.145160585998967236e-06,-3.425964364842937763e-06
-2.294653030381732659e-06,-3.383597823901795673e-06
-2.459647029661740203e-06,-3.237154017558556037e-06
-1.038603595720015182e-06,-4.025022324551869585e-06
9.672109584055443115e-07,-4.035426690596351411e-06
3.622328096745869989e-06,-6.419732801025254079e-07
-3.718741367474346810e-06,-7.005723506404783322e-07
-2.339393038945204008e-06,-3.108197374546365212e-06
-2.178571144635281619e-06,-3.259715663136214398e-06
2.028854658432114938e-06,-3.301554427854454053e-06
2.190353683565471614e-06,-3.146593465441681503e-06
-8.820985714971034091e-07,-4.074952713025037280e-06
8.300191026604558769e-07,-4.080273302900305875e-06
3.633167819764700548e-06,-5.299941218954934656e-07
-3.729518907338355900e-06,-5.901527212832519445e-07
1.845390184498686957e-06,2.552451126695353140e-06
2.042480419224744675e-06,2.413221025378494097e-06
-2.059490184347436298e-06,2.476251866283060624e-06
-1.859943714260267327e-06,2.613893765868404238e-06
2.622526108284171648e-06,1.604087547517787278e-06
2.447904769231916494e-06,1.790467148408912245e-06
-2.478123397538320036e-06,1.837247719578308729e-06
-2.660824054006892533e-06,1.642021969535017645e-06
-2.830010346391646070e-06,1.443684964774232294e-06
-2.984348439652548691e-06,1.244773208850193160e-06
2.929348363552720603e-06,1.227229471497209556e-06
2.783317527242681974e-06,1.415596502202148714e-06
-3.666853110481518267e-06,4.721198052544086113e-08
3.572734193152349841e-06,9.459124026195739316e-08
2.351426756869171548e-06,-2.975504017518151861e-06
2.511565277421723255e-06,-2.788081888270142929e-06
-2.652646291782472644e-06,-2.763415359264978168e-06
-2.497431778261468358e-06,-2.942853488580919406e-06
1.559167431137804164e-06,2.525834346483975457e-06
1.381901532864269967e-06,2.638153461164670461e-06
-1.412932355575801781e-06,2.694384370805905514e-06
-1.578460460994388875e-06,2.587096748557916708e-06
-3.694275466438503962e-06,-7.412156685719663543e-08
3.598938472603055457e-06,-2.164737427005954963e-08
7.871148504226058630e-08,4.241860711639346377e-09
-1.945842230332042065e-08,7.363918608513498696e-09
3.346552749472310950e-06,-1.154926918784783407e-06
-3.448459685746032182e-06,-1.203788044173922182e-06
-2.017504775291075901e-06,-3.396595832286523647e-06
-1.856950267748819772e-06,-3.518980059497309856e-06
1.714782316654667626e-06,-3.560945432571335714e-06
1.870001400952470218e-06,-3.439541462343043377e-06
-4.035715165332590683e-07,-4.170341329216716777e-06
-2.375593721264291595e-07,-4.185504528131223514e-06
2.514120526640020760e-07,-4.183261725964639451e-06
4.053955613306575833e-07,-4.168045237906140002e-06
8.167961813985759842e-08,-4.194684574676804729e-06
-6.243302208196107950e-08,-4.195331669027584356e-06
2.565633852890132659e-07,3.109104484007748843e-06
-4.038574347162526754e-07,3.112936582143556219e-06
-3.121948883531225711e-06,1.051096907527769168e-06
-3.241513002848070302e-06,8.632879753159368931e-07
3.171734341257743242e-06,8.669568151184729790e-07
3.059170728378732978e-06,1.044200087597447798e-06
2.228479720588940788e-06,2.266729991859274575e-06
2.420034000162534403e-06,2.096990633735996039e-06
-2.448703344642008845e-06,2.155091209914422572e-06
-2.250192154809400742e-06,2.328625686874489767e-06
1.195570570714960507e-07,3.124171990454369564e-06
-2.749163175094777281e-07,3.126055029606246728e-06
-7.245807820275647533e-07,-4.114303749657387018e-06
6.919749831011120089e-07,-4.115836742457847700e-06
3.636402529743614241e-06,-4.271585717794865423e-07
-3.732790297829705116e-06,-4.879618625387012693e-07
-5.653785135473658230e-07,-4.146699505987004128e-06
5.512037192823137024e-07,-4.145597518304318034e-06
3.635183627686128397e-06,-3.286958839688406457e-07
-3.731601337373998149e-06,-3.891331261205722829e-07
2.621266434041363356e-09,2.180554268626689434e-08
2.222656999228593167e-08,2.710070138172450619e-08
-3.712612315135462727e-06,-1.856277143197823283e-07
-3.724953120142467238e-06,-2.897089617857622974e-07
3.616604581075988828e-06,-1.292946123557455688e-07
3.628621291028664993e-06,-2.307355627448373187e-07
-1.405315276976926267e-08,3.131222180348186204e-06
-1.454068139011902582e-07,3.131788666499235706e-06
-1.487932069611357965e-08,4.402291632796853292e-08
-2.425215914259512017e-08,3.085527617270776402e-08
-6.100320567809648215e-09,2.639758607675586210e-08
-3.929026834625004464e-08,2.581885703823058246e-08
-2.357476278116101597e-08,1.291192031287626844e-08
9.797841488354095258e-08,3.243531239456851298e-08
7.853891158820865715e-08,3.941303908218786443e-08
8.067669688094417345e-08,1.349675836605556072e-08
6.456962578602169815e-08,5.665812698859662139e-08
4.892191846632924433e-08,3.392578817514977138e-08
-1.622325781611235853e-06,2.306127445748007345e-06
-1.480994156107085998e-06,2.118241387976346711e-06
1.471010058872610206e-06,2.058417657114593449e-06
1.607834006509871051e-06,2.243415163615635865e-06
-1.639948146273694042e-06,2.005014126863634863e-06
-1.776453920984722369e-06,2.190924632191165650e-06
9.754120540493109397e-09,-4.057817857293644522e-06
1.908008409825700948e-06,-7.691068281283948068e-07
1.681817362049513120e-06,-6.896655659432318158e-07
-4.010871774843171110e-07,4.162144348119229385e-07
-4.960918295443612957e-07,5.302504607397844954e-07
3.626401292426227557e-07,5.020813959356780004e-07
4.418198225323171257e-07,6.171988765731161970e-07
-2.510810627380149094e-06,-7.759243109671731820e-07
-2.274481395798229821e-06,-6.932937011569454789e-07
-2.396678907843179368e-07,2.291701877051929095e-07
-3.154909066384498456e-07,3.157276329075313971e-07
-4.822374404331103793e-07,-2.619565526682673689e-07
-6.546125415017455938e-07,-3.319844210628130337e-07
2.363409709583271191e-06,-9.253949107105091564e-07
2.135853377422767192e-06,-8.478837516686971423e-07
5.486688844269008241e-07,-1.165615339856230042e-07
7.142870945133834590e-07,-1.666152076443275569e-07
1.081178228985047227e-07,-7.575592877917335242e-07
1.156559545820669648e-07,-9.884578424886345719e-07
1.490197723749064523e-06,1.765464403331706379e-06
1.355737592942452257e-06,1.586915415895405215e-06
2.807611359795751282e-06,-1.073458594445187084e-06
2.587881996225236805e-06,-1.000754880637319691e-06
-8.156666863716003883e-08,-3.563578113975756308e-06
-8.741664220234009689e-08,-3.335467606085143851e-06
2.804461092821587123e-07,-4.085825119919696147e-08
4.032513602692517871e-07,-7.437042339462788167e-08
5.293271922726880901e-07,7.434784201558330158e-07
6.249345267591538398e-07,8.804843352933952812e-07
-5.998303547285210261e-07,6.570724820834125726e-07
-7.117467986094228769e-07,7.960376423286411032e-07
1.310656306253398329e-07,1.588223484510099019e-07
1.763246928340546092e-07,2.269567420502855957e-07
1.301579536380994199e-06,-3.536086009815409902e-07
1.518697663561021532e-06,-4.252505426156474552e-07
-9.986628939880032206e-08,-2.034891812098542689e-06
-9.827671170974487872e-08,-1.762960964932918232e-06
-1.270539459365510218e-06,-5.649589815925952156e-07
-1.498892830315891825e-06,-6.471437876040632762e-07
-6.693084219218239370e-08,-3.968427551030515716e-06
-7.489843767149046146e-08,-3.775101404568029274e-06
1.760787821374426590e-06,2.129960224240318138e-06
1.626124078574990821e-06,1.947331828197576597e-06
3.220582610085905600e-06,-1.206781188439812096e-06
3.020080853615960241e-06,-1.143072846010009473e-06
-3.379982593411796182e-06,-1.093054564671922752e-06
-3.176894985866959336e-06,-1.016831781133900168e-06
-2.964745181160260815e-06,-9.384601927312434463e-07
-2.741635702268832009e-06,-8.578934150433718070e-07
-2.067769735504714201e-07,-1.395926951004737016e-07
-3.320773200732371279e-07,-1.975494040791391360e-07
-1.341622062190006624e-06,1.931394918095098756e-06
-1.203875830376505105e-06,1.744626712818934015e-06
-1.187221465351568416e-07,9.910832758227252189e-08
-1.740113545093049194e-07,1.569110028620378467e-07
8.685352110177595934e-08,-3.650539157414342667e-07
9.854483964779506007e-08,-5.484507318632379803e-07
-9.227883603549904758e-08,-3.093380341847752551e-06
-9.606465449571974167e-08,-2.839262984626963676e-06
2.299130043406721152e-07,3.068447709503032094e-07
2.919917581009116745e-07,3.985718469581930259e-07
-8.308857777113344886e-07,9.459964135510157229e-07
-9.565013713477092142e-07,1.106044653668738402e-06
-1.733430989206996289e-06,-7.299177140371334809e-07
-1.971840117573804319e-06,-8.125577580415466863e-07
1.224003875398659051e-06,1.413560072482164092e-06
1.095857775280455993e-06,1.246462457054343223e-06
9.725177707489675884e-07,1.087120495872413924e-06
8.547092419577209973e-07,9.364109795072771893e-07
-1.108950595804178720e-06,-3.037292773777803524e-07
-8.986678341942227133e-07,-2.371359099160373606e-07
1.040149283492785292e-06,-4.557595040575796588e-07
8.469523590474638929e-07,-3.818799158206009516e-07
1.266794228230081956e-07,-2.306736767348028838e-06
1.242727702929433834e-07,-2.576126297291372757e-06
7.281571768452298820e-07,1.027384029111430661e-06
8.385773836706634477e-07,1.183480282291093061e-06
8.966595544735610399e-07,-2.233748920851673947e-07
1.093515329212383781e-06,-2.860737293877727363e-07
-2.035759945571075885e-06,-6.110667372678768172e-07
-1.796820753607255175e-06,-5.299781757631749208e-07
-8.453428360690599084e-07,-4.064200813624311425e-07
-1.051879056405543583e-06,-4.844640348712131510e-07
-1.069322279723575888e-06,1.560659101977641320e-06
-9.390405865691804960e-07,1.381104355868828185e-06
-9.507404588762860200e-08,-1.495531620750342071e-06
-9.016944356368770491e-08,-1.235770592527809242e-06
1.212832680693982904e-07,-1.235571620932017502e-06
1.250885480003920083e-07,-1.495332699557221293e-06
1.205822719612622135e-07,-2.839063680711616117e-06
1.156967033372288583e-07,-3.093181819216017220e-06
-8.143887316199001934e-07,1.207978007850079584e-06
-6.961832711433697344e-07,1.042527218272967616e-06
-9.865568647403725674e-08,-2.576325252433844688e-06
-9.996299639946268864e-08,-2.306935705228757891e-06
-3.122155583698086721e-06,-1.192819014135932251e-06
-3.323836735794376937e-06,-1.255196062953636039e-06
-1.087358122287654805e-06,1.274646548579294005e-06
-1.222518210775268223e-06,1.450632637328674033e-06
3.730596161579077103e-07,3.407397907926728593e-07
3.011205092331496627e-07,2.561944959726162953e-07
9.495681425534980292e-08,-3.774785973405342632e-06
8.600002767919405149e-08,-3.968845850034207532e-06
-1.360444143455400347e-06,1.632071285011573784e-06
-1.500083850177543306e-06,1.817634815038893795e-06
9.554293717189934561e-07,1.347553127517646326e-06
1.078107615437483717e-06,1.518646138424220176e-06
3.074222757051801575e-06,-9.683032977744635093e-07
3.277430169190154891e-06,-1.043424529145711451e-06
-1.131455305696745649e-07,1.996850395036068933e-07
-6.987328148146589519e-08,1.330590522487439873e-07
-6.413850894810971125e-08,-5.486346542040110132e-07
-5.135012650476642200e-08,-3.652994874328870012e-07
-3.689463404674726558e-07,-7.863922637722107347e-08
-2.363889007097545239e-07,-4.302383217522028747e-08
-2.680508255997627341e-06,-1.050347310479385723e-06
-2.906174043168099390e-06,-1.123608959971694938e-06
1.205566995732183081e-06,1.695169003650864128e-06
1.336959737379515469e-06,1.875829617018563438e-06
-5.855034121286015557e-07,8.864035517185847021e-07
-4.829788079158792173e-07,7.405958559391761028e-07
1.271918602240374485e-07,-1.762762014275595024e-06
1.276820744790104677e-07,-2.034692860791273737e-06
7.433545228097834439e-07,7.954385406162416474e-07
6.389876731370419989e-07,6.648157468359611883e-07
2.647169336857177417e-06,-8.136263345950926882e-07
2.864945254038851208e-06,-8.917238113141307984e-07
-1.560976779622335761e-06,-4.511428351001817785e-07
-1.330525000547589712e-06,-3.753360415531241181e-07
2.377523840715541806e-07,1.834364548940324312e-07
1.829135431733591389e-07,1.223018518119465341e-07
1.097381728399026255e-07,-3.335276686814168904e-06
1.027932353434217576e-07,-3.563360586587975982e-06
3.692059484930102073e-07,-1.849422560102432140e-07
2.532087597312279001e-07,-1.304428365912865552e-07
1.460229483821630347e-06,-6.104786428578456885e-07
1.245298803651041553e-06,-5.321846542665263146e-07
-8.344252097577379659e-08,-9.886575534677231539e-07
-7.480434266653305433e-08,-7.577570159248984645e-07
2.196729377162385766e-06,-6.554762083910847461e-07
2.423775778910080151e-06,-7.346570092075221637e-07
-7.033358335659971252e-07,-1.767838746996828537e-07
-5.254855084639013501e-07,-1.235245968604675048e-07
6.690055325456175683e-07,-3.115783623631038360e-07
5.085985681426693409e-07,-2.455699359319686173e-07
-2.210786661613651094e-06,-8.940203229594856347e-07
-2.448068764799065147e-06,-9.736196747660257745e-07
-2.309601336534208603e-07,3.757108669117439206e-07
-1.668513589963611414e-07,2.806257820741421614e-07
-3.894074846559583778e-07,6.063680445618755415e-07
-3.052290198170504980e-07,4.844473883216950945e-07
5.422507030005982012e-07,5.452608112187243720e-07
4.534876741359847863e-07,4.371249725345448867e-07
1.741768762452255846e-06,-4.999529160580529547e-07
1.968755612977583196e-06,-5.770247943534118853e-07
-5.770529007692262149e-08,-4.211834362194821916e-09
-4.793483790532432176e-08,-2.459261145639682257e-08
-4.593721692773919181e-08,-4.818058175074225692e-08
-2.489649868527983979e-08,-3.065251092552636475e-08
1.054894589206899724e-07,-4.431163308228840924e-08
1.069039116108316792e-07,-2.207936184414569117e-08
8.605245695162613232e-08,-2.690753301580047832e-08
1.154682777893956484e-07,-3.958794013481462176e-09
-1.920838780922531728e-08,-9.724871077650631693e-08
1.731480809083368728e-08,-9.252494734369069503e-08
-1.234628671322254884e-08,-5.157211345251862345e-08
5.675553450776662473e-08,-9.924823326452922443e-08
4.919988772448894948e-08,-5.490337018553181789e-08
3.878106344857111119e-08,1.285802301076430061e-08
-1.819612978858985331e-09,8.578116115303358883e-09
-1.030442651334554121e-08,-3.131064827669943419e-08
-2.666988792600288140e-08,-3.839967080052408247e-08
7.365945208512263874e-08,-4.121310481381337377e-08
4.749452218944083369e-08,-3.518453080442831114e-08
6.386393157747362863e-08,4.886380859287477725e-09
-7.991423845062448581e-09,6.018430419497310842e-09
9.372495864040569889e-09,-2.601724525193306507e-08
-4.369342359415867279e-09,-9.382191462087878036e-09
4.362511784918144909e-08,-1.385962599606065284e-08
7.842868009700656503e-08,-1.789918056732557998e-08
8.045711505680827367e-08,-3.445560863425593668e-08
-2.330151118878538850e-08,-3.595840098130030729e-08
-1.767464336432126820e-08,-2.179246632181994155e-08
-7.277375277132747249e-08,8.931295303442442682e-08
-7.385402704322258197e-08,5.579862341668434343e-08
-3.691953234265004502e-08,8.087464610424257223e-08
1.344100025645724778e-07,1.116867329288196363e-07
9.391775718609393221e-08,1.022455202763227611e-07
1.363343797309448122e-07,7.215947282123771961e-08
2.148425759717149070e-07,-6.614359045520714748e-08
1.838383236748504606e-07,-1.724946983517335946e-08
1.642695600439995962e-07,-8.326379010194600320e-08
-1.653489470558926074e-07,-7.056451735350499693e-08
-1.102898282334442937e-07,-8.939157508536745213e-08
-1.318459361727387717e-07,-1.806873732375872013e-08
1.804865959868287605e-08,-2.826019033471239193e-07
7.298489386601141895e-08,-2.135845169106628904e-07
-3.629022893867587300e-08,-2.138256310666886872e-07
-2.468168498395359202e-06,2.001445817867938659e-06
2.438558473650154392e-06,1.948243264727680568e-06
3.285034308577310378e-06,8.318427769304573026e-07
-3.361764563908567386e-06,8.260425631642470307e-07
-8.943715624376949010e-09,-1.095549053826298989e-08
6.808306161974561652e-08,-8.458601589195664855e-09
1.690533635090789109e-06,-3.672585624906457544e-06
-1.831658222811983823e-06,-3.634423879815541319e-06
-1.376785645542438431e-06,2.802456919244154663e-06
1.342519286304778903e-06,2.754652790943572809e-06
-2.797034018494969225e-06,-2.743045736975054492e-06
2.661948828521408039e-06,-2.766574856841194101e-06
3.068457608095848442e-06,1.192270881048984697e-06
-3.131615145685436846e-06,1.207788284658383212e-06
-2.073258172878631945e-06,2.349085828318892585e-06
-1.906908021103993294e-06,2.352835392120900616e-06
2.055792706562215031e-06,2.286993276577837028e-06
1.891233439417843321e-06,2.290492362010843249e-06
2.006715641464155078e-06,-3.436658531715427832e-06
-2.156372064121087702e-06,-3.394088712328107913e-06
-2.482234710203132529e-06,-3.096415300537470496e-06
2.335833720209110908e-06,-3.134237862913845543e-06
2.783332141056898711e-06,1.573457808740113777e-06
-2.829835105223463986e-06,1.609832625170266436e-06
-1.765707662117828148e-06,2.341723650966689890e-06
1.750275287290430898e-06,2.278861537050772455e-06
-1.490557123707211492e-06,1.968088950279894618e-06
-1.188365910549408366e-06,-4.314488886914665106e-07
1.168027621834145986e-06,-4.062332640236152655e-07
5.364879492869521901e-07,6.404630875272682493e-07
-4.903067432410998735e-07,6.311233953067958990e-07
1.363305092866403010e-08,-2.171067305241737422e-06
-1.646599618430475833e-06,-5.892548223676946011e-07
2.052265447969043326e-06,-7.123608818668272872e-07
7.363700762911461152e-07,9.079650429549801608e-07
-7.046045247427578933e-07,9.156990064227423597e-07
-3.112209832789740293e-07,3.953006956443104667e-07
3.685913350431510008e-07,4.172732916330165243e-07
1.473241685560641565e-08,-1.627922794301401857e-06
-4.225494598276078660e-07,-1.639237356522046996e-07
1.253372554065059687e-08,-2.709225757328656812e-06
-2.596500998092311831e-06,-9.148712765832787548e-07
2.506415676771320435e-06,-8.689078546664944000e-07
4.530522111066615357e-07,-1.539509891093646984e-07
-9.482362986502310266e-07,1.240937701452777139e-06
1.693189663571701279e-08,-6.483255878743190172e-07
-1.713403139855088530e-07,2.137292239514698689e-07
9.644607685394725595e-07,1.214580947042753149e-06
-1.213444255714867030e-06,1.596153948783377452e-06
2.943485880119547569e-06,-1.019595016433284958e-06
1.033461820654367391e-08,-3.672698515324805178e-06
1.480730427710221680e-06,1.911404308969360161e-06
-3.044778215319375375e-06,-1.068562839950324177e-06
1.215102151838036070e-06,1.552517731731721068e-06
1.143376903342612122e-08,-3.216937170151284330e-06
2.345742717701457520e-07,2.410008618503960922e-07
1.583170857456760961e-08,-1.109214426139070454e-06
7.785120003739329152e-07,-2.698292688291814299e-07
-2.123404915836084633e-06,-7.528068473698460043e-07
-7.721468017131177050e-07,-2.870063935340052169e-07
1.599567778084903945e-06,-5.560039309311730886e-07
1.706328266705377397e-06,2.540091777423137602e-06
-1.721507512821194090e-06,2.601498152604264478e-06
1.737742352322652641e-06,2.404011726178166345e-06
-1.752910750210941921e-06,2.467274140710280616e-06
1.537661099279332973e-06,-3.765613919794870736e-06
2.813297225625561166e-06,-2.559582729014878928e-06
3.366146811528963952e-06,6.634374930934625966e-07
1.170962362927547389e-06,2.835393244563908845e-06
-1.221092204683976285e-06,2.874741059173393311e-06
-3.448015096634399281e-06,6.475670934518615950e-07
-2.941483658095944620e-06,-2.546152495171060862e-06
-1.669770307247082956e-06,-3.731991117040322875e-06
