Size 899,2
0.000000000000000000e+00,0.000000000000000000e+00
0.000000000000000000e+00,0.000000000000000000e+00
2.062948785250426925e-09,-4.788685232324452579e-07
-1.052525601602436335e-08,3.183306709835109679e-09
2.011032258987046171e-08,-1.277205013029205175e-08
1.499236216155793825e-08,-9.716796720668214342e-09
1.994955407426646253e-08,-4.580176047142198339e-07
2.244655875597484391e-07,-1.419277531574907709e-07
2.023906590737238909e-08,-7.043568009442681824e-10
1.466380497353417319e-08,-3.011638652573279515e-10
2.477943688312270346e-07,-1.098836800757244911e-07
3.739853480711662542e-08,-4.723239631561697934e-08
1.781986626107776618e-08,7.709765232867932369e-11
-4.946576889945198142e-09,-3.027882176493124246e-09
1.171822272670805489e-08,-2.024734587247291682e-08
-1.158500152794815119e-08,-8.133854434695639304e-09
6.939992317256523702e-10,-1.913915134090932936e-09
-4.383308835110931243e-09,3.503313195997971528e-11
-3.833994577373079892e-08,-3.710999544992504964e-08
-2.633578599646839306e-07,-1.176370513213487719e-07
1.283594269007191262e-09,-1.025311595335939781e-08
-1.042003030651334892e-08,-1.067728030560022146e-08
-2.396485935943268978e-07,-1.519317801646990545e-07
-1.645492670543713979e-08,-4.575354753938534887e-07
1.095652355583773413e-08,0.000000000000000000e+00
1.557495081250677204e-08,0.000000000000000000e+00
1.656894489205563991e-08,0.000000000000000000e+00
1.633920177839371127e-08,0.000000000000000000e+00
1.584277996284361698e-08,0.000000000000000000e+00
1.615503102982954706e-08,0.000000000000000000e+00
1.653076511445804226e-08,0.000000000000000000e+00
1.641837378937021153e-08,0.000000000000000000e+00
1.601317720979622994e-08,0.000000000000000000e+00
1.564858609381010701e-08,0.000000000000000000e+00
1.509520077020610742e-08,0.000000000000000000e+00
1.296031711759495724e-08,0.000000000000000000e+00
7.904927133300686963e-09,0.000000000000000000e+00
0.000000000000000000e+00,0.000000000000000000e+00
0.000000000000000000e+00,0.000000000000000000e+00
0.000000000000000000e+00,0.000000000000000000e+00
0.000000000000000000e+00,0.000000000000000000e+00
0.000000000000000000e+00,0.000000000000000000e+00
0.000000000000000000e+00,0.000000000000000000e+00
0.000000000000000000e+00,0.000000000000000000e+00
0.000000000000000000e+00,0.000000000000000000e+00
0.000000000000000000e+00,0.000000000000000000e+00
0.000000000000000000e+00,0.000000000000000000e+00
0.000000000000000000e+00,0.000000000000000000e+00
0.000000000000000000e+00,0.000000000000000000e+00
0.000000000000000000e+00,0.000000000000000000e+00
1.391620981523699879e-08,-4.765920083574013032e-07
2.177879827389943038e-08,-4.721298362386646822e-07
2.441584488785221106e-08,-4.683247290324156889e-07
2.427486882079712900e-08,-4.657819207325901760e-07
2.267624331454659360e-08,-4.645110063428563498e-07
2.067567635574562752e-08,-4.643188879962429399e-07
1.918213786658150150e-08,-4.648865745458299260e-07
1.895525948873631634e-08,-4.657915541885232393e-07
2.064187768387264443e-08,-4.665326813841450259e-07
2.471921583377224635e-08,-4.665007590508565484e-07
3.231161716407409892e-08,-4.659038795256771690e-07
4.360039928372601212e-08,-4.630351383002402392e-07
5.868491316713496732e-08,-4.569994939251260926e-07
7.699041647359990734e-08,-4.474105936670311283e-07
9.819699685574261762e-08,-4.337572572085399253e-07
1.215571994116549039e-07,-4.157946218216406732e-07
1.462984387466160315e-07,-3.934066533555697757e-07
1.714067030512791650e-07,-3.667949142793544329e-07
1.958290530893203189e-07,-3.363811933342120281e-07
2.184189703466349613e-07,-3.029513176075386787e-07
2.380236684468538471e-07,-2.675822813309542289e-07
2.535179652320577382e-07,-2.316635616881407876e-07
2.636803209155608099e-07,-1.973507095788594124e-07
2.680217309458979606e-07,-1.665911949726081244e-07
2.672626451700418493e-07,-1.422709890360545434e-07
2.618067349647586132e-07,-1.245908210664941440e-07
2.535814987219172401e-07,-1.154799453492565241e-07
2.431201451637113177e-07,-1.159715162637435264e-07
2.331377045668055875e-07,-1.256065835761429339e-07
2.252074760023143512e-07,-1.414062702618373814e-07
2.199320176319475079e-07,-1.608454543772732801e-07
2.174633722507497766e-07,-1.817477685503862061e-07
2.176519377732621534e-07,-2.022148375972633977e-07
2.200984349689347553e-07,-2.206306812389247470e-07
2.242194347864597322e-07,-2.356410423142586523e-07
2.292732625882550001e-07,-2.462275761885428076e-07
2.344469131747211755e-07,-2.516432960058308562e-07
2.388675331484893940e-07,-2.514966274029743255e-07
2.417028450392546276e-07,-2.456565340804064730e-07
2.421564893297246891e-07,-2.343244218959848801e-07
2.395718558415947041e-07,-2.179313554327932166e-07
2.334138206409252511e-07,-1.971804533031266997e-07
2.233650741403705043e-07,-1.729558452672427038e-07
2.092984833731665631e-07,-1.463215297705980609e-07
1.913509540425085032e-07,-1.184538207614028449e-07
1.698944254430469679e-07,-9.060953059675160349e-08
1.456498186172318355e-07,-6.401037897820976028e-08
1.190612738352184068e-07,-4.056435988283105811e-08
9.233805597559886746e-08,-2.235467342112307184e-08
6.786790687160187817e-08,-1.017545537137109011e-08
4.824659096579209184e-08,-3.202767864979063641e-09
3.292055002269030165e-08,1.046111757891190091e-09
2.078494775287986857e-08,4.468093303287692047e-09
1.076769391995335917e-08,6.530682652963217018e-09
2.860805546323119308e-09,7.505001290498917908e-09
-3.182856946695672947e-09,7.716883725925878438e-09
-7.624557830474801294e-09,7.430788391535656055e-09
-1.071678550176025893e-08,6.838552660130416176e-09
-1.266161770433440826e-08,6.086544528979516451e-09
-1.363740785369283710e-08,5.284530327534580090e-09
-1.378643924706743336e-08,4.522314794960194650e-09
-1.323902096931525248e-08,3.874015450189110471e-09
-1.211056883670416594e-08,3.407057138268818612e-09
-8.608049670163875899e-09,3.232481288701901480e-09
-6.490957204906604224e-09,3.577297088411472535e-09
-4.329473799294394995e-09,4.256794060337282101e-09
-2.323505639026430741e-09,5.290564694007291765e-09
-7.231539998470538529e-10,6.669183911300816545e-09
1.717616370779198885e-10,8.342014303745583775e-09
-1.919437200976556736e-12,1.020535456252606128e-08
-1.654958661728280016e-09,1.208322773715009035e-08
-5.270453309650602004e-09,1.371230509713639860e-08
-1.136197879087472310e-08,1.470131110184360062e-08
-2.046452783592792483e-08,1.449519267532554509e-08
-3.268854289856700947e-08,1.247880197168160923e-08
-4.905440343941547707e-08,9.093608914167658006e-09
-7.019246446649284731e-08,2.240717955989561318e-09
-9.646558066721540651e-08,-1.040664625832470669e-08
-1.250921972827291085e-07,-2.956201269000675097e-08
-1.535886051555126381e-07,-5.434936125656500099e-08
-1.796173272610635296e-07,-8.255708117736387375e-08
-2.026885752460938451e-07,-1.121567165184922714e-07
-2.220471983107123381e-07,-1.418406260678938722e-07
-2.373001859113934455e-07,-1.702796540920509373e-07
-2.483057352419321626e-07,-1.962348297909909165e-07
-2.551999734505918456e-07,-2.185913406501007956e-07
-2.583185199511000247e-07,-2.364263503139884974e-07
-2.582230971115907178e-07,-2.490102492868862287e-07
-2.556008301777238498e-07,-2.558989080874533107e-07
-2.512814589393910432e-07,-2.568890622985880655e-07
-2.461298821878692506e-07,-2.521224445755375351e-07
-2.410495997602806061e-07,-2.420102906355008427e-07
-2.368799169039022370e-07,-2.273290272512041664e-07
-2.343831257165244056e-07,-2.091321951391688256e-07
-2.341567783935985675e-07,-1.888147856581467453e-07
-2.366065991375623828e-07,-1.680354511460543712e-07
-2.418819874849704617e-07,-1.487362086974260468e-07
-2.498229022607943919e-07,-1.331380863391189628e-07
-2.598076379169378348e-07,-1.238208834252277779e-07
-2.701995635602699699e-07,-1.238457602391900992e-07
-2.781512517668280569e-07,-1.336249918431014182e-07
-2.830269512330210052e-07,-1.517935470916384171e-07
-2.830946481645904678e-07,-1.759808419773465822e-07
-2.783202830262419155e-07,-2.057451345539089407e-07
-2.681953426146723515e-07,-2.385127527626414269e-07
-2.532058117209579961e-07,-2.725743923418186722e-07
-2.344615934038865691e-07,-3.060128383548285569e-07
-2.129877168129977373e-07,-3.375848124358212366e-07
-1.898281504682257701e-07,-3.663401669642551108e-07
-1.660110643163544020e-07,-3.915961079295140502e-07
-1.424699000969650090e-07,-4.129997838970030862e-07
-1.200942753481428315e-07,-4.303945284975979673e-07
-9.955117597528177109e-08,-4.439041280387916110e-07
-8.147865190228341333e-08,-4.537621017573753100e-07
-6.613559990286841149e-08,-4.604307334519001370e-07
-5.399659576907709414e-08,-4.642575514107750463e-07
-4.495059304147796193e-08,-4.660229060855156456e-07
-3.882674703554912207e-08,-4.671736004669183391e-07
-3.465432597168023940e-08,-4.675314658069932486e-07
-3.202343565048623564e-08,-4.676023034376975203e-07
-3.039057751503910301e-08,-4.677935003389864759e-07
-2.913015504213025071e-08,-4.684389583075889073e-07
-2.750835080170462721e-08,-4.697815182774376640e-07
-2.468243171885883377e-08,-4.719561113496483450e-07
-1.958305539042874129e-08,-4.749212984201612873e-07
-1.022872523623044488e-08,-4.780702556921933299e-07
1.870641163055753850e-08,-7.612765933702674901e-09
1.851975446510648690e-08,-4.917210333834156511e-09
1.796246594366832063e-08,-3.206429412060704311e-09
1.676410035796473533e-08,-2.851158641230759186e-09
1.546892409732201108e-08,-4.449413146341711038e-09
1.924062118070728778e-08,-2.385321078369714655e-08
2.945927174299052349e-08,-3.732025901542656026e-08
4.380492040859600329e-08,-5.064813612382501518e-08
6.144626128024793152e-08,-6.383399447268809192e-08
8.158139049326481238e-08,-7.668405540144605210e-08
1.034141877519971398e-07,-8.898738734532037946e-08
1.261803979020145108e-07,-1.005478472549499380e-07
1.491670673966343277e-07,-1.111814396774293291e-07
1.717096891878946755e-07,-1.206777026389482606e-07
1.930158083923262631e-07,-1.287078704654061920e-07
2.114812747708749983e-07,-1.350384029747227376e-07
2.069471862769872580e-07,-1.640169429654574246e-07
1.889257418042255107e-07,-1.915999813349850456e-07
1.698588821116341858e-07,-2.223353782657289595e-07
1.500446673693267742e-07,-2.544733482965422082e-07
1.299174519806709031e-07,-2.865254098199696435e-07
1.100597909967638085e-07,-3.173085405086550622e-07
9.099201573996573272e-08,-3.459698707076918174e-07
7.337724258300396341e-08,-3.717690703057044223e-07
5.760570158264610542e-08,-3.944339088776934295e-07
4.424674078303554060e-08,-4.136361811287780258e-07
3.345323835833784911e-08,-4.295112256553118400e-07
2.555990185897142678e-08,-4.421400984167746195e-07
2.055967631485964575e-08,-4.516751834159498506e-07
1.812284382381173998e-08,-4.585820667006462229e-07
1.757475064262207929e-08,-4.625431701534404644e-07
1.834138976150063575e-08,-4.650287881753418815e-07
2.003829727327845736e-08,-4.662806059234489656e-07
2.206793030248476330e-08,-4.665085056193465632e-07
2.372582570152471475e-08,-4.658616229807939267e-07
2.423635877558065025e-08,-4.643908233658810289e-07
2.294252828478110680e-08,-4.620050200169053812e-07
3.071105780390793679e-08,-4.364205737957860249e-07
3.918295998328187384e-08,-4.076965331224065323e-07
4.622529568892027498e-08,-3.726561975450012991e-07
5.174180281681409142e-08,-3.323729708160169613e-07
5.556159028738067643e-08,-2.881911726111999213e-07
5.751821612451599588e-08,-2.416049359330364915e-07
5.744739021150575159e-08,-1.942463775148803016e-07
5.518373419857726026e-08,-1.478830775695023005e-07
5.055439939306324570e-08,-1.044232287749043344e-07
4.338318170649465038e-08,-6.595501290132195022e-08
3.349999438529217987e-08,-3.466595208778102081e-08
1.834783047554495492e-08,2.610850766237895154e-10
1.729759291839276595e-08,4.030455515059784101e-10
1.664454277957009239e-08,3.656586090168238961e-10
1.607140728572297636e-08,2.852642537098884681e-10
1.544056837085668050e-08,1.216382285408775739e-10
1.104377372485220160e-08,-2.941757650324648185e-09
6.879450824630482821e-09,-8.279318779152773750e-09
2.771423190080886966e-09,-1.560087178349201015e-08
-6.533241516970022342e-10,-2.395765133763452572e-08
-2.919015396403356140e-09,-3.246614146045382977e-08
-3.641503673897269624e-09,-4.036080535227905122e-08
-2.500138907030383050e-09,-4.697296833666392829e-08
7.627008033503634557e-10,-5.171768412812734417e-08
6.320350943124726924e-09,-5.408798557693141142e-08
1.418071547409833800e-08,-5.372921900806184574e-08
2.416300182763333813e-08,-5.089254432881581254e-08
5.458301715520891627e-08,-7.121259455014508031e-08
7.529940263054112695e-08,-9.533257042936088117e-08
9.784404638416109345e-08,-1.202900910024064600e-07
1.209691102657617800e-07,-1.450452092759605581e-07
1.428353474252077962e-07,-1.690947302455140281e-07
1.632107669260577758e-07,-1.915834216069800456e-07
1.815847283864259468e-07,-2.116222110704120077e-07
1.976968404729708648e-07,-2.284181914385753221e-07
2.114158546821096686e-07,-2.413121784011994262e-07
2.228204060338280042e-07,-2.497851046174460861e-07
2.320590036837327618e-07,-2.535075466853988812e-07
2.394219981700373684e-07,-2.523501416238490715e-07
2.452054518927484528e-07,-2.464158041581427765e-07
2.497532010184922522e-07,-2.360443272873802672e-07
2.533452799699445774e-07,-2.218257611527691390e-07
2.562000065163408553e-07,-2.045959972247219472e-07
2.584004992909149427e-07,-1.854310914354072020e-07
2.598579767572031069e-07,-1.656317403393899491e-07
2.602822453103289858e-07,-1.466913308077706465e-07
2.591154059802404335e-07,-1.302309620880215904e-07
2.554950747045309859e-07,-1.177552321767086809e-07
2.297683344254955037e-07,-9.334305079637031867e-08
2.105844589182463906e-07,-8.090050747802317874e-08
1.903645122314062257e-07,-6.886857996265638656e-08
1.687557743801870391e-07,-5.692517483076599489e-08
1.461517465109135738e-07,-4.537962011220148946e-08
1.232013634753402116e-07,-3.454419273926448528e-08
1.006107022513796102e-07,-2.470729009554728244e-08
7.911814911566561000e-08,-1.616325115260590053e-08
5.950885636037654079e-08,-9.225616686931631187e-09
4.265321605624748843e-08,-4.212524801051711477e-09
2.943032954037022585e-08,-1.330255614639664743e-09
1.277912637650500878e-08,5.499098816538613800e-09
7.242454357730542651e-09,6.731033320543529185e-09
2.769628151987228122e-09,6.044954606835539459e-09
-5.129693477645769001e-10,4.230296518178899397e-09
-2.992256973476815177e-09,1.692401004769600108e-09
-7.001169170581276311e-09,-1.113371522024168284e-08
-6.370036799132081850e-09,-1.918143375890435110e-08
-4.360635918315959918e-09,-2.692521299871739654e-08
-1.609074567968765564e-09,-3.386122779599570245e-08
1.323420090559847785e-09,-3.942860228119348547e-08
3.920277675715481570e-09,-4.313230744284850572e-08
5.724976552919725827e-09,-4.456921777685016624e-08
6.353141367263399447e-09,-4.343074524609973351e-08
5.505131142362476741e-09,-3.948119341642459096e-08
2.910558523771866615e-09,-3.244447096619749304e-08
-2.098418958449292981e-09,-2.185249127665097317e-08
-6.048412429302311278e-09,-7.304369881286104096e-10
-2.414401186000369136e-09,4.072139375948298227e-09
-4.236884461150995527e-10,7.002988479727063361e-09
2.205564222983223274e-10,8.597537158095777945e-09
-1.783363855039452886e-10,9.261725135379248215e-09
-1.332729862280042920e-09,9.314057866954975093e-09
-2.986443703237426325e-09,8.992805323490313747e-09
-4.916753713713839313e-09,8.470264538598947978e-09
-6.937317108588927830e-09,7.864426738840942799e-09
-8.894359232499987930e-09,7.245866528585218375e-09
-1.066327085889714680e-08,6.648653322466401634e-09
-1.213730544074144220e-08,6.072410531139807948e-09
-1.321786988266173472e-08,5.489420438771166691e-09
-1.381099508937732555e-08,4.845715847073965643e-09
-1.382606932294911837e-08,4.059949876411372564e-09
-1.316907556245000501e-08,3.021848959985694513e-09
-1.173790921735214966e-08,1.584646570950094818e-09
-9.416979386211364993e-09,-4.363023970567714629e-10
-6.076508830288908233e-09,-3.279856102806108776e-09
-1.573200103479040941e-09,-7.241320129078040135e-09
4.259969129551569028e-09,-1.271685640782169037e-08
4.301136437618349899e-09,-3.342166413561240200e-08
1.107876565228026610e-09,-4.292249923939927344e-08
3.366816549494781861e-10,-4.855390389016898490e-08
1.318967142795417717e-09,-5.083909090509350724e-08
3.709585541658634226e-09,-5.014230216388700869e-08
7.126879407924230950e-09,-4.680528688348424888e-08
1.110659402704936959e-08,-4.124573900650513733e-08
1.511373171933192995e-08,-3.397571983165585726e-08
1.855501332805976863e-08,-2.559741441408102667e-08
2.079294300503879850e-08,-1.677001487163453128e-08
2.108732633059506691e-08,-8.071140978302491926e-09
6.837864050088043915e-10,-7.466346719998819652e-10
3.062406276505775523e-10,-8.516560101737119545e-11
-2.205746738377945258e-10,2.940992104969326244e-10
-9.046674041279185344e-10,5.125054300654262977e-10
-2.054064285099577449e-09,6.097055358050012328e-10
-1.508720221663707999e-08,1.415647253484896483e-10
-3.046455228605185193e-08,-2.477705717671901074e-09
-4.999612748388084962e-08,-7.586040538166937904e-09
-7.267313023573065895e-08,-1.492875974218932015e-08
-9.748700032129535108e-08,-2.414242843004158483e-08
-1.235146429762674139e-07,-3.486854633776688836e-08
-1.498796853465876294e-07,-4.676791328995970104e-08
-1.757382158967451727e-07,-5.950752208669590571e-08
-2.003028828514196109e-07,-7.273143565532920240e-08
-2.230359153547841130e-07,-8.608625138330411848e-08
-2.441367391593542048e-07,-9.983987206931136759e-08
-2.713685735563456252e-07,-1.253465180767623237e-07
-2.751977215000840904e-07,-1.376300149345850455e-07
-2.765001556905966035e-07,-1.539464962885824511e-07
-2.761419217221635785e-07,-1.727811752216146728e-07
-2.746828560472030872e-07,-1.924817293929538695e-07
-2.724111442655808902e-07,-2.115198735975931991e-07
-2.694107999878527719e-07,-2.285601085209766118e-07
-2.655895217482428535e-07,-2.424942645205957722e-07
-2.607169746515633686e-07,-2.524579952335438761e-07
-2.544988935224376568e-07,-2.578387584340581485e-07
-2.465758890687300449e-07,-2.582806377512610381e-07
-2.366379075305364772e-07,-2.536730106479220582e-07
-2.243819019256970181e-07,-2.441456607879321816e-07
-2.096529170059136347e-07,-2.300379622463880202e-07
-1.923707231203334414e-07,-2.118875173796097460e-07
-1.726760697445855723e-07,-1.903810113562337642e-07
-1.508480394746783864e-07,-1.663464218039905094e-07
-1.274313394942231679e-07,-1.407147652097370782e-07
-1.027004485099092917e-07,-1.143843765719233572e-07
-7.860753090049699249e-08,-8.788933976687869517e-08
-5.652519745878102760e-08,-6.234158483741727346e-08
-2.455892662471062602e-08,-4.173313080228675326e-08
-1.373247753832687452e-08,-4.608095978853812015e-08
-4.640300159855307170e-09,-4.823900718189844436e-08
2.434671903176408723e-09,-4.776771086551942299e-08
7.403915133638784293e-09,-4.490299846083699790e-08
1.035874628247233615e-08,-4.004572282965409181e-08
1.147831783173253659e-08,-3.367366461322187653e-08
1.100508019767039374e-08,-2.634694611666659942e-08
9.243789498132200359e-09,-1.872033845674684017e-08
6.582883472822295446e-09,-1.156397862792020274e-08
3.554618789224832568e-09,-5.736875421925224838e-09
1.006430978806058081e-09,-4.474220277473728670e-09
-2.731324201828812509e-10,-2.365781069310739432e-09
-1.894958773054124054e-09,-1.889652712060379788e-09
-3.858568953388976258e-09,-2.867024707074779557e-09
-6.324427878904785069e-09,-5.155031427846180600e-09
-2.555122299125706480e-08,-3.396307904047555523e-08
-3.581146287469614720e-08,-6.580380119181913839e-08
-4.327958788254339915e-08,-1.043412853113802394e-07
-4.826626179572152834e-08,-1.477874425047344267e-07
-5.090809669699400352e-08,-1.941430441266595837e-07
-5.135916669338458207e-08,-2.415003604146445654e-07
-4.978220596563878650e-08,-2.880870773732589571e-07
-4.634108421360504474e-08,-3.322707239057046685e-07
-4.119814281560942945e-08,-3.725557485661414464e-07
-3.451838906080328740e-08,-4.075743550513184023e-07
-2.644558801562213476e-08,-4.361696959188131392e-07
-2.127445319047103948e-08,-4.608433447976103183e-07
-2.497419555106246498e-08,-4.626842218024124395e-07
-2.726620316270521810e-08,-4.636522836169448339e-07
-2.861325965491621933e-08,-4.638073270301132524e-07
-2.961944177723910696e-08,-4.630912822910025544e-07
-3.084921712829169640e-08,-4.613673656463121637e-07
-3.279155248041093178e-08,-4.584496032583900160e-07
-3.576615207953578454e-08,-4.541246306375935222e-07
-4.025924698085631361e-08,-4.471437905246889504e-07
-4.684575557020162204e-08,-4.377473628535357500e-07
-5.582244708083049008e-08,-4.255240743030007546e-07
-6.721067554796024251e-08,-4.103301405916173359e-07
-8.073455916326566976e-08,-3.920840449694034329e-07
-9.627572254648746492e-08,-3.706540314171621498e-07
-1.133484606693788953e-07,-3.463197159462762693e-07
-1.316218567337994316e-07,-3.193103383871272769e-07
-1.505181926801764894e-07,-2.902790885871596952e-07
-1.695840687199708850e-07,-2.599801329473924069e-07
-1.883046113297233072e-07,-2.294768698109525320e-07
-2.062990846612736193e-07,-2.001131077045259580e-07
-2.232988791001713913e-07,-1.735123364791309100e-07
-2.246492071526916899e-07,-1.456441655478770503e-07
-2.037377721510379796e-07,-1.393926114440211309e-07
-1.795609830320616994e-07,-1.311146820389746901e-07
-1.538211463470615973e-07,-1.210877479196896476e-07
-1.274445448380592164e-07,-1.096803123762701606e-07
-1.012343835378858977e-07,-9.714651910557428432e-08
-7.604216076506970978e-08,-8.371520122347862517e-08
-5.277040871135988142e-08,-6.962746001294379479e-08
-3.235352003085431885e-08,-5.513936660923700944e-08
-1.573080398233306731e-08,-4.049061208414256269e-08
-3.858038497759403865e-09,-2.572043650023849258e-08
-1.471203188009988311e-09,-8.725614363139827064e-09
4.091234943782964770e-09,-3.629808927765600095e-08
1.575601836907771049e-08,-5.959135932455140326e-09
2.522788697989212905e-08,-1.308192463673281798e-08
-1.050902061595076524e-08,-1.331926867739269028e-08
-1.415122152218256528e-08,-3.160215758119274311e-08
2.198748471013796291e-07,-1.148489997405485523e-07
2.120220957407577994e-09,-4.348462752888898444e-07
-2.335208048253002201e-07,-1.233375571343683802e-07
1.506495741331251827e-08,-4.185887633944479879e-08
1.590772009988833163e-08,-5.239012172691523120e-10
-1.862142537887138234e-09,-1.813275098911102810e-09
3.260518361233298377e-08,-2.039786784999575174e-08
-3.293681776954700549e-08,-8.826180968769455717e-09
2.509204521902646779e-09,-3.717641965140971340e-07
-1.896321032687317276e-07,-1.018770719408938055e-07
1.059644396613956873e-08,-2.064835616239205318e-08
3.652959009112340183e-09,-1.052114203513395685e-07
-4.175546461908874596e-08,-3.151404794907867769e-08
2.449803377821558356e-09,-2.279845411620826088e-08
5.216456910495824388e-08,-3.006453527602740321e-08
3.691826252156723420e-09,-5.086449651364335737e-08
1.807994409408447954e-07,-9.474936881189411146e-08
-1.386414384670314987e-07,-7.819750998139639615e-08
4.213837341170645999e-09,-3.667809155815986990e-08
-8.702712976192197204e-08,-5.400069830011249298e-08
2.889939291005843344e-09,-2.877640419383989221e-07
8.513218237175542489e-10,-4.819879540652340237e-08
3.268493117182828794e-09,-1.943774200005720208e-07
1.361629974999823618e-07,-7.294267933867729001e-08
9.133085925123953147e-08,-5.075851926102101819e-08
6.251450654629306948e-09,-3.633281429583833906e-08
8.602927173723951809e-11,-4.343813111572327609e-08
6.314693862766621847e-09,-4.437206963215561820e-08
1.688500230587142499e-08,-4.258997610412635098e-09
-7.905039516356854801e-10,-4.193356078127040990e-09
6.238133866641774428e-09,-1.069416562855027568e-08
2.458087611992864253e-07,-1.271011263404387690e-07
-2.613148444900564149e-07,-1.361761690157741545e-07
1.722753408368393441e-08,-1.998874341094467477e-10
-1.024325115423858484e-09,2.685658913299390522e-11
-1.392211317965660875e-07,-3.688906619787810660e-07
1.181935909874631098e-07,-3.696131835916212176e-07
2.013954026032972085e-09,-4.643187862004721661e-07
1.631052495141531088e-07,-3.103874728390602532e-07
-1.819578895598489559e-07,-3.129131656755449932e-07
-1.636218279490678377e-09,-1.944911066403515546e-09
1.734786564854263540e-08,-2.402458499646727220e-09
-9.875223197359502267e-08,-4.109757798870088584e-07
7.623175373547461320e-08,-4.137992022189402060e-07
2.034457490300779515e-07,-2.421481765058176180e-07
-2.202872794797878357e-07,-2.483292738167236309e-07
-1.539043127106659092e-09,-1.634943524375678173e-10
1.129650317612474581e-08,1.417226543978993693e-09
-8.071680162626847399e-08,-4.157001692123485933e-08
7.741718678725953687e-08,-5.166174140918852401e-08
-6.689783983579850395e-08,-4.388448016977210259e-07
4.440760674665852042e-08,-4.424007879552219116e-07
2.317936628327278932e-07,-1.826373936671053011e-07
-2.474121253112724807e-07,-1.914400147459900662e-07
-1.250960912782464684e-07,-8.517252345295995552e-08
1.188919857990328627e-07,-9.288563769391704683e-08
-4.720438109231773981e-08,-4.540044032576779042e-07
2.654316453452675965e-08,-4.571322892625280247e-07
1.429522246519318917e-08,-4.908491151015600184e-09
-1.378476007889549780e-09,-5.537730805322589512e-09
-3.813676199997743902e-09,-3.939666278341424989e-09
1.632347965857508513e-08,1.480937674465715346e-10
1.584227584613130599e-08,8.221486815698707870e-11
1.527686982149527736e-11,-1.858982916074318123e-10
-1.672630406426602407e-10,1.149939014161736995e-10
-1.765511364924144719e-07,-1.405805234117176191e-07
-1.965399359529315879e-07,-1.661705582613532311e-07
1.854814111131006040e-07,-1.689995030865138160e-07
1.668857216679632968e-07,-1.450104677635222214e-07
-3.565218494905712572e-08,-4.623631906710298208e-07
-3.275731445893199411e-08,-4.641115166290733026e-07
1.906476309953523492e-08,-4.640307651652225402e-07
1.866514962068466708e-08,-4.650228669019303550e-07
-2.139374618618644908e-07,-1.921973579766580603e-07
-2.276012154024433130e-07,-2.132382364230618576e-07
2.016221602985735306e-07,-1.933190326666267573e-07
2.142503054651863892e-07,-2.128877799646813098e-07
-3.074605062704179393e-08,-4.651470149111303926e-07
-2.947332068318218393e-08,-4.657744420178092789e-07
1.966000963141319468e-08,-4.653785719013421124e-07
2.134479168032428655e-08,-4.654024880692467408e-07
-2.837609211939226597e-09,-2.669325595499023842e-09
-1.532222501985766050e-07,-1.116196709160264909e-07
1.451493896202413909e-07,-1.178016837765812199e-07
-4.043726386577186493e-08,-4.595211754988697972e-07
2.152539064875721950e-08,-4.619046638621906558e-07
-2.382913145185139983e-07,-2.321385770568398142e-07
-2.456686146917054256e-07,-2.451605833918767260e-07
2.240660661882395372e-07,-2.303237861828599174e-07
2.307666439060926567e-07,-2.421535454374643298e-07
-2.807449861553667594e-08,-4.662019334577523837e-07
-2.611836259235486504e-08,-4.666078295233832266e-07
2.318565440298629967e-08,-4.654312774396493074e-07
2.411257072122402124e-08,-4.655925885032772715e-07
-5.611082945505303142e-10,2.674207339942368416e-10
1.681785871955513043e-08,1.749722825266765492e-10
1.205484509398064771e-08,-4.732780186562614244e-09
4.450932461474497679e-09,-1.055569695736368891e-09
-6.660229953080853475e-09,8.447546549917519328e-09
-1.271312579850657816e-08,5.942423918424631554e-09
-2.505209347222544021e-07,-2.539759017656251488e-07
-2.530548429083273692e-07,-2.569423540464905010e-07
2.350877139485176438e-07,-2.498636556322319687e-07
2.372397742700793400e-07,-2.519879811066364752e-07
-2.249131010699979486e-08,-4.669329847000586336e-07
-1.678744078877423423e-08,-4.672625734738358749e-07
1.949918673345737763e-08,-4.664630697002185512e-07
2.323291689449467492e-08,-4.659431829507585411e-07
1.553058849875692101e-08,-7.478799781872445651e-11
-2.043320783784174795e-10,-6.784245224629908584e-10
-1.945302612526070353e-09,1.493608230937578980e-09
-6.397491992967232488e-09,3.072423098237011536e-09
-5.973184218145029305e-10,9.705487428375193194e-09
-2.559215246056791881e-09,9.556149286768843383e-09
-2.540916706220252528e-07,-2.545410019045268236e-07
-2.540497761330839736e-07,-2.473213102398559156e-07
2.377818994494882861e-07,-2.411438707689785536e-07
2.380024352308178072e-07,-2.488671978918498055e-07
-9.856149389026301402e-09,4.016924442011711262e-09
-1.199288874709873219e-08,4.496265771474933550e-09
-5.338364979308133950e-10,8.481643134022830131e-09
-1.226149909255102946e-11,9.225648743589279837e-09
-2.537609039514990663e-07,-2.347741469272404115e-07
-2.535130403397563645e-07,-2.194138653080764131e-07
2.373803775538914836e-07,-2.282074846169610462e-07
2.370708734655843732e-07,-2.126003296770616650e-07
2.243156012590575064e-08,-1.001317071732293538e-08
-2.240933197763041471e-08,1.469837460679119646e-09
-1.330753965630431447e-08,4.691700696741642568e-09
-1.374277253745838400e-08,4.730689571700284923e-09
-3.612380920070884677e-09,6.764346038175171588e-09
-1.888463744874494311e-09,7.582771752999839981e-09
-2.540663199607610295e-07,-2.001445172735967686e-07
-2.552894813596128422e-07,-1.808976166041009264e-07
2.375978917502418929e-07,-1.931531768980938791e-07
2.388204849841674483e-07,-1.737863967073383933e-07
-7.478429836533667490e-10,-2.743309656257494365e-09
-1.472474801688923688e-10,-4.373309937149348055e-09
1.636057524338438597e-08,-4.249297963880368163e-09
1.698843244618204468e-08,-2.800145050955468227e-09
8.998604413376723651e-10,1.663844418514873060e-09
4.777215149430954618e-09,2.549340638306579477e-09
-1.349025531686117253e-08,4.714711223077013241e-09
-1.268658375162634317e-08,4.724289789205266916e-09
-7.696210596176466004e-09,5.468967388926594749e-09
-5.707527550391443871e-09,6.019507104953560692e-09
-2.577005906806562551e-07,-1.605816814736852648e-07
-2.605615047439301397e-07,-1.436885705168513110e-07
2.412571970245595889e-07,-1.533497506486485663e-07
2.441684576095186717e-07,-1.363149356727960358e-07
2.501026054274287296e-07,-1.153643034859644547e-07
2.475478732514065025e-07,-1.223117039839271547e-07
-2.638434784376276479e-07,-1.299066366832068255e-07
-2.662482539728120005e-07,-1.232675712588546398e-07
-1.132679874088979569e-08,4.831193965719005163e-09
-9.701411512590174442e-09,5.059819609473864872e-09
2.515105838129249463e-07,-1.182581529413681131e-07
-2.674231956836468474e-07,-1.267390978373298560e-07
-8.305364949768076988e-11,-2.458323364743743420e-09
-2.908076556408821666e-10,-7.706894115683754811e-09
1.640947026424283592e-08,-7.489654466396337141e-09
1.616417892911402535e-08,-2.450580799743393557e-09
1.115216601032504825e-08,-4.604408740304209828e-07
1.390219624845346329e-08,-4.699150990167324191e-07
-1.037969548502577918e-08,-4.707425664450829211e-07
-7.291194106980438626e-09,-4.603846331419665022e-07
-2.709139829862675091e-07,-1.355021625812815448e-07
-2.607690922034188932e-07,-1.257001527271295468e-07
2.452663880221100997e-07,-1.172704848588685512e-07
2.550401206151860515e-07,-1.264778486672466644e-07
-1.211131011697277305e-09,1.562349754209909268e-09
-5.047402558290569734e-11,2.304031499021326652e-10
6.606405353770147686e-09,1.007773485598685244e-09
9.295185490584857641e-09,3.764949763769320270e-09
2.007223133599798733e-09,-4.712577909609152329e-07
1.689396685858921431e-08,-1.284941345107878833e-09
1.747721213310096368e-08,-2.876221173586023853e-09
-1.328020043251527153e-09,-2.365951911048984660e-09
-6.778659527183958124e-10,-1.359935571613677251e-09
-2.879940084678664785e-10,-1.735004192024962084e-09
1.643811827247909653e-08,-1.797397813722131172e-09
-1.313738196899053428e-09,-1.318101390152387572e-09
-2.753863757746026757e-09,-2.549461730606093078e-09
1.791554639148082130e-08,-3.710408061618891568e-09
1.669919058834729236e-08,-3.157324986197145608e-09
1.752385121543039341e-08,-5.560767089068229515e-09
-1.220648366712853621e-09,4.076748458072160637e-10
-3.511022202189434604e-10,1.138769082190161107e-10
1.668481435377435869e-08,2.508601163460348107e-11
1.746701986173236986e-08,1.970866564365628922e-10
1.566820626610719058e-08,-7.017274413682065565e-10
1.550129656320724414e-08,-1.527806553996589931e-10
-5.738899109845344387e-10,-5.415137654203115057e-10
-9.058903499470152245e-10,-2.160572448801642426e-09
1.672720045051471813e-08,-1.459442244632977532e-09
1.477420046780939779e-08,-2.038793228051672706e-09
-2.593147190935781116e-07,-1.644306109871543386e-07
-2.515489579614131804e-07,-1.438925587765570944e-07
-2.694038540428180131e-07,-1.535468775387010387e-07
2.439611615879874533e-07,-1.549266529958036467e-07
2.539254641658367771e-07,-1.440727533936801084e-07
2.363067305267264850e-07,-1.343761781408251787e-07
2.588169106325975621e-08,-4.628808098384985042e-07
2.127158322629402653e-08,-4.571522983644659012e-07
-4.057971353443721278e-08,-4.534698781893288880e-07
-4.629083837939593894e-08,-4.609166402089902009e-07
1.443405523503703857e-07,-9.178985550738257569e-08
1.197714133443740662e-07,-1.190251024470561361e-07
-1.261023394142280546e-07,-1.129914140602592362e-07
-1.522834367213771790e-07,-8.391628009673243815e-08
-3.342792450474686929e-08,2.985354855179022204e-09
-2.144659231934964131e-08,-8.986848169276453286e-09
2.151612362287813020e-08,-2.067433449119470816e-08
3.328838878197470698e-08,-8.724971133407349449e-09
-2.666570397127639175e-07,-1.839290407967548367e-07
-2.418012429585892644e-07,-1.701079986288681466e-07
2.261842271850572819e-07,-1.606010590230029785e-07
2.514991315673543873e-07,-1.748435431614107411e-07
1.630025376400073103e-08,-8.438721188957490336e-09
-5.573982886208165845e-08,-1.904108723283660821e-08
-3.616269881815046112e-08,-2.185606849198809498e-08
-4.960242917059300220e-08,-4.438167050012878457e-09
5.407100068700898303e-08,-3.023268372166762248e-08
4.848969254743834724e-08,-1.627597443968199281e-08
3.551643577990053862e-08,-3.284950224123594927e-08
5.623124278223688567e-08,-5.077233803596929530e-08
7.305408627615817281e-08,-2.891581507769061258e-08
-7.592103445495931562e-08,-1.751077813265734619e-08
-5.820712281814246548e-08,-4.073879778135410171e-08
-1.302303307343958209e-08,-5.009403368189130008e-08
-7.029999754022439364e-09,-2.310111596291349301e-08
-3.601348400789121706e-09,-1.345985868073903066e-08
-4.039989608162651476e-09,-6.472087659381383518e-09
1.202257532509517894e-08,-7.406413350027619251e-09
1.467759367430935207e-08,-2.591556051888629606e-09
2.731787021358723746e-08,-2.356348091770169495e-08
1.888891780261067618e-08,-1.349991908639245124e-08
-1.953301349772124276e-08,-9.321364147566364158e-09
-7.698023568953302442e-09,-4.956223350939394183e-09
-7.475128252764106489e-12,-4.959294487960402243e-09
2.078585941648516019e-09,-1.034974420744833911e-08
1.557400576696840461e-08,-2.393529545638119348e-08
2.096175082213135229e-08,-5.029652236637386762e-08
2.294938045226086220e-08,-5.491167246122117446e-09
3.312199138084365934e-08,-9.878905440261699384e-09
1.802475297687397390e-08,-3.677770931372257083e-09
1.779621958057212462e-08,-1.064629771698107874e-08
-3.266974023126738641e-09,-1.413659037852816106e-08
-1.309575835646449772e-08,-2.503366158003749711e-08
-1.162615538776645626e-09,-8.030683932710684263e-10
1.466045272231308184e-08,-1.676807954894932100e-10
-1.453253375895625964e-08,-3.988953053964454933e-08
-2.491017146400192969e-08,-3.313539334228356036e-08
-2.189478611832841207e-07,-1.305161872235301342e-07
-2.373207549064337985e-07,-1.381930021140410015e-07
1.844029528124820083e-08,-4.219886712274494481e-07
1.387012868736139571e-08,-4.467980277157912209e-07
2.154675787448434633e-07,-9.883697920870559969e-08
2.337743778579944309e-07,-1.103071202758290215e-07
7.014186313823991921e-09,-4.188481217172715579e-08
1.372256579268788593e-08,-3.214092667600112589e-08
2.229935737873563570e-07,-1.286691660013731651e-07
2.066317142199183820e-07,-1.211031882024002594e-07
-1.294244133681490342e-08,-2.080957946727356755e-08
-4.715074055752048525e-09,-3.155067710008880981e-08
-9.843924274624688901e-09,-4.465871695627486045e-07
-1.400538090517493058e-08,-4.218958731004863746e-07
-2.484908292443718242e-07,-1.182241583962953537e-07
-2.285070534123591998e-07,-1.058830817333998364e-07
2.479811017071312463e-08,-4.332690929588285805e-08
1.531230988039349966e-08,-4.893656333901139096e-08
-9.234452176801099927e-10,-4.335874999453112414e-10
1.199272583538233359e-08,3.328380039304353213e-10
-1.932936133313491636e-09,-2.101287235842471787e-08
2.362575671179590230e-10,-1.544687097357095195e-08
4.531845165134340427e-09,-1.717639639211056809e-08
-1.763244973535721464e-08,-8.510908847944106915e-08
3.871802437638830231e-09,-6.705972834485728732e-08
2.512296415109954507e-08,-8.515696972323931315e-08
4.028368574730417556e-08,-3.454472420344705755e-08
3.671168633815893589e-08,-2.092421870792694248e-08
4.743954162819232640e-08,-1.611079835049300515e-08
8.609421076852392569e-09,-1.431298727136241305e-08
1.363397835425676944e-08,-1.269012757524155199e-08
1.583422406229720529e-08,-1.879809318101088509e-08
-3.614779546074401965e-08,-1.581808385396255333e-08
-2.384892849153435176e-08,-2.167143608990612113e-08
-2.813280508695101765e-08,-3.697941254169311623e-08
1.654858579591223733e-08,-2.158985573398757049e-09
1.662814341243624472e-08,-6.037456929312154578e-10
-2.276826859512084990e-09,-4.395082620862790090e-09
-3.263342963629471634e-09,-2.661033757918394675e-09
-3.460682399230511023e-10,-3.593908195691337883e-10
-1.120938778890270416e-09,-1.312721500799165302e-09
1.723975224999635259e-08,-1.550880484987415806e-09
1.660576921683765426e-08,-4.498241229155668178e-10
-1.358232898745080764e-07,-3.448133365278431989e-07
-1.564162342434159784e-07,-3.159732150449201214e-07
-1.599286538065673652e-07,-3.417814377569878975e-07
1.145739430521874692e-07,-3.442555358915506065e-07
1.399178167027607008e-07,-3.409563082058182643e-07
1.361855092441757676e-07,-3.136975410513618911e-07
-1.169397226772616284e-07,-3.693919409260892824e-07
-1.177140029377117667e-07,-3.911669790193804592e-07
-9.794495532008815583e-08,-3.918066176230808997e-07
9.488617241584792239e-08,-3.702648266960868764e-07
7.529314599484461157e-08,-3.939102607626091221e-07
9.577452991787519075e-08,-3.930827791425347794e-07
1.567170344987462381e-07,-2.826758579139788781e-07
1.833433422925328860e-07,-2.762059940936155999e-07
1.771641955610478667e-07,-2.483822848448846382e-07
-1.759075466005418169e-07,-2.866791404620632761e-07
-1.952896342914586038e-07,-2.542157433343311294e-07
-2.011721569150078242e-07,-2.806036632576043295e-07
-2.525840495339299426e-09,-2.677306210803604314e-09
-2.192444987959652756e-09,-4.067486207218665837e-11
1.846439789831454858e-08,-3.044272592503271079e-09
1.826087179724452840e-08,-4.694367742694079130e-10
-8.202034532913087436e-08,-4.101014649411763345e-07
-8.125487293663153083e-08,-4.261486403305772435e-07
-6.738607933432452705e-08,-4.256323299173561222e-07
5.914975462754272694e-08,-4.130888323259453721e-07
4.470915711708197677e-08,-4.292240818843517981e-07
5.851732353330976525e-08,-4.295035783802692315e-07
1.957394076368543448e-07,-2.164632649027816405e-07
2.183276150331677730e-07,-2.109687382741049610e-07
2.116630021676868890e-07,-1.873250122507160700e-07
-2.129017876763190992e-07,-2.238652855365417457e-07
-2.280183797386154257e-07,-1.959630362706655310e-07
-2.344855881241560649e-07,-2.186359651698921827e-07
-5.593884394061957454e-08,-4.376626203899837008e-07
-5.565929434015899850e-08,-4.473610973471134790e-07
-4.725602341885351803e-08,-4.465940908124240190e-07
3.390920947030732129e-08,-4.415363291772045795e-07
2.632228969501748462e-08,-4.504816874450569710e-07
3.385382001292663148e-08,-4.508419415673191421e-07
7.675906017893541753e-08,-7.247941531298164522e-08
9.704977901431622449e-08,-9.420238601556805135e-08
9.740568229785254829e-08,-7.163244041222582596e-08
-8.009913497932924102e-08,-6.362918678727405146e-08
-1.020968848738296753e-07,-6.265919145951445749e-08
-1.017886616693345011e-07,-8.663753228522683825e-08
1.958590779809700801e-07,-8.755008529796266294e-08
2.013538250376008428e-07,-1.050994170014613015e-07
1.868973714884210135e-07,-1.123356529376518563e-07
-5.931334182273575850e-09,-4.443323247142398155e-08
-5.961316467313825299e-09,-3.895856679916531441e-08
8.136785084067221414e-10,-3.884146120330648406e-08
2.241557262391026086e-08,-3.901768488915128889e-07
2.313062906736826881e-09,-4.065967967112573500e-07
-1.758571428916679539e-08,-3.901234614009850896e-07
-1.966679560739822105e-07,-1.213673875435848018e-07
-2.128592675600347088e-07,-1.129956539421449402e-07
-2.065749068560047318e-07,-9.359564891744264712e-08
3.127043762126504532e-09,-4.784159189263468436e-08
8.199975286195895165e-09,-4.795192195485390472e-08
7.961128927073648592e-09,-5.194149574472086723e-08
4.445013766217023492e-08,-4.536703721356694108e-07
3.401326060905171362e-08,-4.592387547009178660e-07
-6.690253205319727888e-08,-4.504600609793982343e-07
-5.576007454442220942e-08,-4.564952240212539933e-07
9.752559520627038565e-08,-4.679340403823391309e-08
1.191954963568233250e-07,-6.633545598827450093e-08
-1.021263138182066108e-07,-3.629856519909051163e-08
-1.253325460292191383e-07,-5.694212938215848132e-08
2.322999686322361041e-08,-3.266172436386377758e-08
-2.315216309099881430e-08,-2.157978415577594929e-08
-2.446227852727031247e-07,-2.435447403748553948e-07
-2.568152669786193295e-07,-2.140606771246418443e-07
2.289307720159099196e-07,-2.370492144729960383e-07
2.415422772101293715e-07,-2.061245232761857247e-07
7.709616467226351788e-08,-4.315460698821723777e-07
5.931186251258821274e-08,-4.441077205723768616e-07
-9.957772210174879129e-08,-4.282654961326090725e-07
-8.201476641694418126e-08,-4.406826588754109925e-07
1.436504635112332845e-08,1.246366698853728150e-09
1.465143313095470397e-08,8.506696097433255351e-11
-2.198066065526248777e-09,-1.310673304825538430e-09
-3.087953161120500808e-09,-1.070238972374921338e-09
-2.079757238496189488e-07,-3.093937927959576918e-07
-2.271599044093681115e-07,-2.769032949177606044e-07
1.905209003713086686e-07,-3.065962574583493078e-07
2.106795948472384727e-07,-2.722325051046134172e-07
1.203063887883672303e-07,-3.934806261784746012e-07
9.767653367384932716e-08,-4.142226510031062757e-07
-1.412306745545855424e-07,-3.916385819791994877e-07
-1.195317652069425194e-07,-4.114823043654548227e-07
6.349370776098301884e-10,-4.640262022742212591e-08
5.179797247445014236e-09,-4.578995761304585732e-08
4.109560460409043713e-09,-4.518487593116894875e-08
4.201874619639978316e-09,-4.309881849277403245e-08
5.807346582610420171e-09,-4.457250768274448475e-08
1.296859796378778981e-07,-5.374313262446510355e-08
1.070292805323535981e-07,-4.301412112192210053e-08
1.134197261841303427e-07,-6.178746212883211418e-08
1.197977579963297474e-07,-8.098533173092064170e-08
9.738008289088852359e-08,-6.944950716522672160e-08
1.462060513314406435e-09,-5.049418034390460777e-08
1.608360591803551477e-09,-5.018445356934896823e-08
1.334858323285667109e-09,-5.085139932035803299e-08
2.893819558359420375e-09,-5.214594751581894647e-08
9.000707390381801562e-12,-4.967928297252933044e-08
-2.087776313216160509e-08,-1.260957873741627105e-07
-2.289730172409124330e-08,-1.710026328731614002e-07
3.457808380658740062e-09,-1.483306485023888996e-07
-5.660578992437351365e-08,-2.413985733259560685e-08
-7.987822941477987722e-08,-3.392411008954655158e-08
-6.313800027787182449e-08,-4.239585055993125196e-08
2.798149928808975349e-08,-1.261380876733690765e-07
2.962377265900198055e-08,-1.710524302963582333e-07
-4.729325324691345581e-08,-4.948458532834992596e-08
-6.960998199598912712e-08,-6.228229254781820317e-08
1.426504573642233338e-07,-9.210724727829192191e-08
8.340191071187522752e-09,-3.172908636818235895e-08
8.800185976880833708e-09,-3.801866917493179351e-08
-2.246458614511220556e-08,-3.102276673610143890e-07
-2.360889979961593773e-08,-2.648395439938632675e-07
8.524894013867522030e-08,-3.298033105501379514e-08
9.300505948342734257e-09,-3.521796905746149569e-08
5.941276824330198980e-09,-4.208802185024980914e-08
-1.572434394467459071e-07,-6.878732942486568606e-08
-1.310819653000531241e-07,-5.656248862940647667e-08
3.079339244906726788e-09,-2.414451780369807302e-07
-2.378035370681237872e-08,-2.178639244074581982e-07
1.279083414138197851e-08,-2.723029807348704525e-08
7.834628334243081339e-09,-4.286497032964436891e-08
1.932128649303381586e-09,-4.330786328358651734e-08
3.228067035820387936e-09,-4.724515028468981046e-08
-1.124915494157061723e-07,-6.603089232849465939e-08
-1.050052207011802896e-07,-4.483824426883199103e-08
6.783441995384620572e-09,-2.456171509839084454e-08
-1.826597900679551257e-07,-8.121482965283067734e-08
6.933725096477014084e-09,-4.129105887690996412e-08
1.652492359258023312e-07,-1.026163633348256559e-07
6.511172155295468987e-08,-2.391666638687799510e-08
-2.042940454322344483e-08,-3.524649065133033191e-07
3.012861591490856700e-08,-2.179160474465719320e-07
-9.413899584537392916e-08,-7.510016668848141337e-08
-9.039808305219107354e-10,-4.492394758049282027e-08
5.078211700736936559e-09,-2.235114482488131085e-08
2.957819522193082906e-08,-2.648917733280818647e-07
3.790699708033774934e-10,-2.838438555190849186e-08
-1.199646677340160532e-07,-8.766827103486503246e-08
-1.720595816032098106e-07,-1.110349325586448105e-07
5.893267152114852858e-09,-4.348864792689228206e-08
2.564086635263781348e-08,-3.525150071965106670e-07
-1.242604229388281433e-10,-3.837879681154574447e-08
1.747554662955971097e-07,-7.623952097082196087e-08
5.683142253124546236e-08,-4.600288313442574751e-08
4.617418856832867144e-09,-2.997889941104193242e-08
7.267821380579731785e-09,-2.889924575463119663e-08
2.805493305314024702e-08,-3.102792347737774852e-07
-1.462139725766562909e-07,-9.972780105923473204e-08
2.005823398887816639e-09,-3.062983489160729213e-08
4.760339355174424107e-09,-4.015001372902412484e-08
1.524920254094903471e-07,-6.490265380941729350e-08
1.588491306588631390e-07,-8.399425201993409175e-08
7.613216819753218315e-08,-5.771368596681976963e-08
-1.646271353587329014e-07,-9.022570200638085242e-08
2.776889886902469622e-09,-3.495279132420091254e-08
2.700338054902718105e-09,-3.317017533133334669e-07
7.064807504390856586e-08,-4.009990911574909954e-08
-1.637949912542013231e-07,-3.673412690784487009e-07
-1.861095529705958435e-07,-3.399795169415274620e-07
1.439935427179708201e-07,-3.678980783228261946e-07
1.674898141429354995e-07,-3.389732999075308197e-07
8.584217027353237273e-09,-2.693316295349543468e-09
1.941575802120101851e-08,-7.914850114476830614e-09
-3.733698211297956529e-09,-7.899624900510976734e-09
2.336589376689420445e-07,-1.219978089305814416e-07
-2.485457256282747137e-07,-1.308710144317797620e-07
5.935933966226530567e-09,-2.032695331682204188e-08
-2.315109616960506893e-09,-1.174041398326593523e-08
1.333171490178929918e-08,-1.244809451583841634e-08
2.020111275857882206e-09,-4.526664932054927076e-07
1.125041276286988961e-08,-7.374150945643036755e-09
3.907624762874103872e-09,-4.749864188274807533e-09
