Size 899,2
0.000000000000000000e+00,0.000000000000000000e+00
0.000000000000000000e+00,0.000000000000000000e+00
6.595252898865930254e-10,-6.386163156181196989e-06
-3.112498841378118773e-07,5.882217241727781247e-06
2.262720709219839202e-07,-1.717686575406486176e-07
3.743002922704396309e-07,-9.832590699139841676e-08
5.113121801287773942e-07,-5.540509287991684212e-06
4.647362217685898714e-06,-2.019699146811482113e-06
4.286403380383437661e-07,5.776988197122880798e-08
4.227225710954126218e-07,3.732314916299801157e-08
4.990451369964137792e-06,-1.028049366038169079e-06
3.453228131235589412e-06,3.594442282306744204e-06
1.953006257214304012e-07,1.925830240456022479e-07
2.860113044577096157e-08,1.001161192132275903e-07
2.611839234924848111e-06,4.198634695143495098e-06
-2.700913878779592179e-06,4.502861173642838915e-06
-1.016021091015958420e-07,-1.806376853546123565e-08
-7.051060531232456443e-08,7.773164737337884726e-08
-3.577713837415706163e-06,3.842015271026168064e-06
-5.490667145875889180e-06,-1.234374360823007647e-06
-1.284423559010140562e-08,-1.044194052756202232e-07
-9.281204194540395307e-08,-1.266821761893608582e-07
-5.135440015373011275e-06,-2.291845979509051393e-06
-5.265794614583933708e-07,-5.528007305082217231e-06
1.503237376455267097e-07,0.000000000000000000e+00
2.388784040980327476e-07,0.000000000000000000e+00
2.938369233671388586e-07,0.000000000000000000e+00
3.293770127778884458e-07,0.000000000000000000e+00
3.527552965799136160e-07,0.000000000000000000e+00
3.743173729099410541e-07,0.000000000000000000e+00
3.858791132238885131e-07,0.000000000000000000e+00
3.833877041126565234e-07,0.000000000000000000e+00
3.704055664388737655e-07,0.000000000000000000e+00
3.399260180448946074e-07,0.000000000000000000e+00
2.718456670615438200e-07,0.000000000000000000e+00
1.811435983922138366e-07,0.000000000000000000e+00
9.369586372091373839e-08,0.000000000000000000e+00
0.000000000000000000e+00,0.000000000000000000e+00
0.000000000000000000e+00,0.000000000000000000e+00
0.000000000000000000e+00,0.000000000000000000e+00
0.000000000000000000e+00,0.000000000000000000e+00
0.000000000000000000e+00,0.000000000000000000e+00
0.000000000000000000e+00,0.000000000000000000e+00
0.000000000000000000e+00,0.000000000000000000e+00
0.000000000000000000e+00,0.000000000000000000e+00
0.000000000000000000e+00,0.000000000000000000e+00
0.000000000000000000e+00,0.000000000000000000e+00
0.000000000000000000e+00,0.000000000000000000e+00
0.000000000000000000e+00,0.000000000000000000e+00
0.000000000000000000e+00,0.000000000000000000e+00
4.053411383428061459e-07,-6.348052996099821567e-06
7.721267331171245134e-07,-6.278977948949068642e-06
1.088266634058529245e-06,-6.200590832432255490e-06
1.369449479084190191e-06,-6.117678302485306846e-06
1.622431855664687674e-06,-6.032143181401247197e-06
1.853019466768685550e-06,-5.944831932908323857e-06
2.066342124391779778e-06,-5.855730660996063680e-06
2.266972847908318674e-06,-5.764315386500077804e-06
2.458975849268979167e-06,-5.669474015157653971e-06
2.645782990505449612e-06,-5.569675117421631465e-06
2.830852548405810202e-06,-5.463615423787271620e-06
3.017229526020574695e-06,-5.349297674514450122e-06
3.207725636289290593e-06,-5.223221311876197284e-06
3.403077755402981390e-06,-5.082717984928977952e-06
3.604278857352454024e-06,-4.924777591238297871e-06
3.810832870187115104e-06,-4.746861287790840034e-06
4.022092067197385060e-06,-4.546459882233894977e-06
4.236232672986310708e-06,-4.321799042218538292e-06
4.451251771664517375e-06,-4.071296593346770329e-06
4.664290934503732934e-06,-3.794450912327102174e-06
4.872341283518024877e-06,-3.491103808874236432e-06
5.072207151791902653e-06,-3.162561706389141136e-06
5.261120481109452308e-06,-2.808719327104953114e-06
5.434126123983280090e-06,-2.431681127368251583e-06
5.584408461754840549e-06,-2.033374042958593910e-06
5.700871879209863504e-06,-1.626235648981516075e-06
5.782430963240259715e-06,-1.230746017656506740e-06
5.831435481119816242e-06,-8.629233993657993264e-07
5.857703996168823340e-06,-5.283570108496052879e-07
5.867506058894661501e-06,-2.221207643770664558e-07
5.864189322585937290e-06,5.945791620339327870e-08
5.850206511456559146e-06,3.196442101333417207e-07
5.827432371617640439e-06,5.614551961710689348e-07
5.797302984356329168e-06,7.880287540700311251e-07
5.760738097317852699e-06,1.002386477292873602e-06
5.718225422535751564e-06,1.207525259672566945e-06
5.669789253943281506e-06,1.406274736014451050e-06
5.615059616856835526e-06,1.601280827817185662e-06
5.553291544491091572e-06,1.794979315902481630e-06
5.483399966818579385e-06,1.989495338483632940e-06
5.404033712165624326e-06,2.186713762052612511e-06
5.313567086337568541e-06,2.388119453201743131e-06
5.210230758306318963e-06,2.594946996510852494e-06
5.092033648414200588e-06,2.808022388286341130e-06
4.956856447189225479e-06,3.028020791046152909e-06
4.802141622679035549e-06,3.255151719630443728e-06
4.629654416816333653e-06,3.495274858951746843e-06
4.430022795813035308e-06,3.747198701645797126e-06
4.196701869036271528e-06,4.011618053335934964e-06
3.926491861098069929e-06,4.282578871298186506e-06
3.615813456433776021e-06,4.549960211568809979e-06
3.276173436220422812e-06,4.794951973784735364e-06
2.925888116908957724e-06,5.010997740654895195e-06
2.576774498546728079e-06,5.197308946115533003e-06
2.234067424508930766e-06,5.356581916729019799e-06
1.899751297935337873e-06,5.490816653660122598e-06
1.575985475300436832e-06,5.601540137977298863e-06
1.264572609803146676e-06,5.690401855244509010e-06
9.669592769313204466e-07,5.759374246205224475e-06
6.838382457974926908e-07,5.810588602148293292e-06
4.153968258396010250e-07,5.846309696850295566e-06
1.610031668003967384e-07,5.868765170821326454e-06
-8.053003891520234348e-08,5.880095312301435070e-06
-5.335482758324478332e-07,5.875987977497488764e-06
-7.499877530299127132e-07,5.861849754843178310e-06
-9.634096928794912135e-07,5.840473703197990807e-06
-1.177174403116840078e-06,5.811947628626892232e-06
-1.395003916308928800e-06,5.775693340262772077e-06
-1.620775755249708322e-06,5.730434460566130009e-06
-1.858569237460885222e-06,5.674171152785939203e-06
-2.112324334757477057e-06,5.604139161036873377e-06
-2.386193654892152885e-06,5.516813320098645767e-06
-2.684536381524329095e-06,5.407355106675901464e-06
-3.012817054552752534e-06,5.267782139061205220e-06
-3.368384579605694921e-06,5.086415981693235872e-06
-3.737855404665974829e-06,4.861667507138180243e-06
-4.090216812805268959e-06,4.594992975034511172e-06
-4.408733727175579639e-06,4.309667792493404800e-06
-4.692242121884788123e-06,4.018925636166430964e-06
-4.941535427192492378e-06,3.731003895449212262e-06
-5.160028402174753111e-06,3.448509555339863640e-06
-5.356174111130678828e-06,3.175769120344840611e-06
-5.527293630454220124e-06,2.908971839668727041e-06
-5.675481450752148702e-06,2.649752487711152917e-06
-5.802799315062167034e-06,2.399014676572044238e-06
-5.911533804582897876e-06,2.157198494625206569e-06
-6.003981446312481741e-06,1.924011341181731847e-06
-6.082501530450414894e-06,1.698587822777987697e-06
-6.149269546393262151e-06,1.479307539980947688e-06
-6.206257487558383420e-06,1.264016387087211288e-06
-6.255066272455852899e-06,1.049922138375929680e-06
-6.296857360007371858e-06,8.337907678554938866e-07
-6.332274477038738183e-06,6.119548494404616169e-07
-6.361337872278981029e-06,3.804342724271922371e-07
-6.383458387747481892e-06,1.350903828099886594e-07
-6.397320915940203492e-06,-1.283750796429806507e-07
-6.400993871944556614e-06,-4.141508865703205950e-07
-6.391758256506605881e-06,-7.266953151412583225e-07
-6.365700132597325882e-06,-1.071135033256729469e-06
-6.314780059575553659e-06,-1.454593248630834227e-06
-6.225538441295011354e-06,-1.870105340420316163e-06
-6.092871041159110925e-06,-2.292526050319233926e-06
-5.923147918364600734e-06,-2.689287144149324052e-06
-5.737535159553307199e-06,-3.041309207212951332e-06
-5.548640068908155469e-06,-3.355039862817292383e-06
-5.361415298293271015e-06,-3.634737734383396322e-06
-5.175672443633902878e-06,-3.886924337729598271e-06
-4.991969020567483783e-06,-4.114204259103035442e-06
-4.810441785466435624e-06,-4.320151849054472563e-06
-4.630822277732464130e-06,-4.508048280760064354e-06
-4.451941603269564773e-06,-4.681359630814643327e-06
-4.272322053335205672e-06,-4.843100447939943869e-06
-4.089792307337997004e-06,-4.996039230262714370e-06
-3.901929562729186259e-06,-5.142461377474250648e-06
-3.706088648461504929e-06,-5.284128720346018827e-06
-3.498847549484669575e-06,-5.422720631833082064e-06
-3.277034073924847708e-06,-5.558741789659701978e-06
-3.037831395131439201e-06,-5.687312241142754268e-06
-2.781807343645921752e-06,-5.810548244509125865e-06
-2.507267638569771786e-06,-5.927256545499840289e-06
-2.212836043955972184e-06,-6.036074419521689459e-06
-1.897438196111117696e-06,-6.135180590480419551e-06
-1.560530116960008411e-06,-6.222567717750790560e-06
-1.201892657855732003e-06,-6.295835275177716075e-06
-8.213701176178433050e-07,-6.352216145146356651e-06
-4.155169016166084196e-07,-6.386859053881971584e-06
2.595601069713340167e-07,-1.407643821250414505e-07
3.014406891874983026e-07,-1.136430212828583981e-07
3.321655249662927561e-07,-8.634056581920757314e-08
3.487609476703189533e-07,-6.795030557135866726e-08
3.595096257578186039e-07,-6.761124373762515950e-08
4.632599968224056951e-07,-2.493807465768486342e-07
6.346179643580615531e-07,-4.057852880107794367e-07
8.755766790136868145e-07,-5.713932249901624888e-07
1.177472766960473155e-06,-7.441694986466854135e-07
1.530826335791250901e-06,-9.210545297174840986e-07
1.926134892238589714e-06,-1.099004371071952545e-06
2.353932068956280603e-06,-1.274996496688468872e-06
2.804811544804598896e-06,-1.446019328552024525e-06
3.269419651870077975e-06,-1.609009891131916231e-06
3.738163701239900048e-06,-1.760718215492276533e-06
4.200430474262194660e-06,-1.898073778247745539e-06
4.512760369738815105e-06,-2.377198750352133404e-06
4.364190010189907799e-06,-2.721969175391249640e-06
4.207805260110055621e-06,-3.048150670663492643e-06
4.045525021824803924e-06,-3.352778790303825889e-06
3.878980631586444303e-06,-3.635158965504922327e-06
3.710625906791991740e-06,-3.893802157959742522e-06
3.541417713586818363e-06,-4.129339856608102056e-06
3.373138292888765770e-06,-4.341474605776417458e-06
3.205911730253867707e-06,-4.531790377011704825e-06
3.040491079778531150e-06,-4.700878807718385641e-06
2.875955202850218206e-06,-4.850711203210647856e-06
2.711737008776191142e-06,-4.982631343192662975e-06
2.546103832561493898e-06,-5.097965982312759072e-06
2.376186506650610006e-06,-5.198088393199234830e-06
2.199711177395664842e-06,-5.285528098684667436e-06
2.014052794972232870e-06,-5.361070368747428953e-06
1.816031793202269439e-06,-5.425035788289154555e-06
1.601978178596775909e-06,-5.477181281072816897e-06
1.367893847228414591e-06,-5.516937534637893374e-06
1.109617359575163437e-06,-5.542865896156962687e-06
8.237500640729738687e-07,-5.552736326786164376e-06
5.753689625321613562e-07,-5.060958088830818959e-06
6.151834991026022860e-07,-4.551950336374600369e-06
6.406570902747947989e-07,-4.021678862862380071e-06
6.524416976606057065e-07,-3.480004373070561035e-06
6.502705669820042598e-07,-2.938313538500366159e-06
6.339233879124444370e-07,-2.408423293182030130e-06
6.032310136475178879e-07,-1.902306796368129906e-06
5.580125728748727674e-07,-1.432024275172826568e-06
4.979347578577898523e-07,-1.009779884681373773e-06
4.224005300179340043e-07,-6.486508824480348463e-07
3.313293931316344370e-07,-3.635276191545841139e-07
3.909511088910713938e-07,2.791504806446176252e-08
3.870099006597489636e-07,1.094878080218471361e-08
3.892816474337203566e-07,5.018487299096452082e-09
3.951497396476454621e-07,6.186611645768204898e-09
4.047832322720272517e-07,1.598189231210129918e-08
5.953764302228317055e-07,1.138608666381974439e-07
7.942020957828041667e-07,2.586731029216530582e-07
1.018618596982681026e-06,4.575872793202620848e-07
1.265310518880770288e-06,7.037999350960550366e-07
1.529697419092485411e-06,9.909486734024810125e-07
1.806880691320985633e-06,1.312540802928787849e-06
2.091849702122307863e-06,1.661930715717687263e-06
2.379532314076994821e-06,2.032361275098285509e-06
2.664818197547004275e-06,2.416980476723070325e-06
2.942627997875111474e-06,2.808927619875485034e-06
3.207924440848906962e-06,3.201926748629740450e-06
3.732688975164733286e-06,3.398127672132415947e-06
3.981478203320028252e-06,3.198291812102973679e-06
4.200720467323245657e-06,3.003259135401668317e-06
4.393333537955202376e-06,2.813350920027589430e-06
4.557035782758688410e-06,2.625618489696802707e-06
4.701266898646347317e-06,2.440300792191051744e-06
4.827329802602735766e-06,2.257878090432166320e-06
4.936695947107432904e-06,2.077976479751154498e-06
5.030643858756045746e-06,1.899843569707407163e-06
5.110383092156678534e-06,1.722386959860966467e-06
5.176864967272016175e-06,1.544253953718865977e-06
5.230811377843361951e-06,1.363805526509373537e-06
5.272658505816186624e-06,1.179193735628932878e-06
5.302484816887508871e-06,9.883480991456865092e-07
5.320058733122109345e-06,7.890656757058178298e-07
5.324692980077707200e-06,5.790051569416254036e-07
5.315369528686579038e-06,3.557901395655808524e-07
5.290562558652831721e-06,1.170059406088610895e-07
5.248416462501252300e-06,-1.396534782068366578e-07
5.186579729265709235e-06,-4.162372121988985015e-07
5.102234901565220333e-06,-7.135606579582118907e-07
4.551103635008875304e-06,-8.413868381399679694e-07
4.095050350691966279e-06,-6.712145868993865706e-07
3.628999632350330543e-06,-5.100747990978606332e-07
3.160401185584400020e-06,-3.599786911802014298e-07
2.698207737576988536e-06,-2.241202146314463927e-07
2.251768645732299642e-06,-1.056702759782976804e-07
1.830499875290012391e-06,-7.750459129375212477e-09
1.443844192153594023e-06,6.651806056071701066e-08
1.101288650107491932e-06,1.139966087548757683e-07
8.123979866650598252e-07,1.315641953276779964e-07
5.856597841802327047e-07,1.159687982931852407e-07
1.378605385983641755e-07,1.639332095442683061e-07
8.017447194720258884e-08,1.452315610892085393e-07
3.216330683308379012e-08,1.189619041120320841e-07
6.048395031221963631e-09,9.041028287610161335e-08
9.121973708932407893e-09,7.120975361372201441e-08
4.119002839744825637e-08,2.781152516221002080e-07
-1.699756682772802252e-08,5.237106727946020561e-07
-1.345469664302916812e-07,8.263324820466205003e-07
-3.041184992046194505e-07,1.176303391719764749e-06
-5.185802364047973479e-07,1.563845551773086255e-06
-7.709575933417607674e-07,1.979232589167047593e-06
-1.054252438067219539e-06,2.412613321154219215e-06
-1.361379450749834853e-06,2.854023768091353713e-06
-1.685139588979017199e-06,3.293461779683018834e-06
-2.018384013348666658e-06,3.721190776795173402e-06
-2.355521760567924888e-06,4.128269827949289155e-06
-2.443918783652652507e-06,4.709394066651503476e-06
-2.193861774660251921e-06,4.880302992125584010e-06
-1.957549438817319325e-06,5.020444695322082015e-06
-1.734424213018025627e-06,5.133678139516588534e-06
-1.522090585153599734e-06,5.223420549926879927e-06
-1.317697229049233268e-06,5.292684685320677764e-06
-1.118296082495696945e-06,5.343891699865673018e-06
-9.209597742738438826e-07,5.378877301254559663e-06
-7.229165145929568101e-07,5.398941837956136855e-06
-5.216199077459457209e-07,5.404819824387886274e-06
-3.148343147263102642e-07,5.396808563781766919e-06
-1.005599009349919088e-07,5.374721213987483876e-06
1.229982282320070695e-07,5.338047362860650733e-06
3.572940550600437675e-07,5.286005187659009581e-06
6.032516545144757120e-07,5.217611479435202621e-06
8.612645914785150659e-07,5.131794275722454120e-06
1.131150209351328281e-06,5.027406484377939055e-06
1.412229969242493020e-06,4.903440304863111344e-06
1.703283595695198434e-06,4.758968837828752302e-06
2.002582551452033974e-06,4.593458115380362624e-06
2.307359372017372786e-06,4.406669791598819142e-06
2.322976546846279383e-06,3.841378899560718851e-06
2.035656756218900091e-06,3.466224232212497879e-06
1.752119856075206734e-06,3.078746863332566006e-06
1.477748484000742174e-06,2.686198717733206658e-06
1.217580861074265653e-06,2.295786118879870660e-06
9.765184067011583625e-07,1.914521968751839268e-06
7.594076561885248800e-07,1.549304618281560057e-06
5.710513823679466177e-07,1.206945339684405875e-06
4.162298143632052685e-07,8.942345890488534239e-07
2.995625555063362525e-07,6.181395560489720361e-07
2.244183784385085726e-07,3.846945670042317061e-07
-4.822470376127771503e-08,-1.513393228282991588e-08
-2.451430187760343538e-08,-6.792197849115970483e-09
-1.464396807829808620e-08,2.577280719635688894e-09
-1.263650905973072519e-08,1.414762248123053981e-08
-1.980531738081784001e-08,3.767525515712701063e-08
-2.672441495153602745e-07,1.565852125564038434e-07
-5.501985926786807198e-07,1.806886305985421924e-07
-9.101983048384401947e-07,1.619949205637249804e-07
-1.335368302034634708e-06,1.046812228924588684e-07
-1.812218843893325888e-06,1.305019758451404852e-08
-2.327392986853469249e-06,-1.085041013494561470e-07
-2.867607333070466895e-06,-2.556072315809533870e-07
-3.419614359134817089e-06,-4.238957586043446093e-07
-3.970217108605675491e-06,-6.089831491661741849e-07
-4.506460265414704932e-06,-8.064477162472802558e-07
-5.016664160228999784e-06,-1.012786432779182199e-06
-5.611619883046563100e-06,-9.141594612581493627e-07
-5.702285925738634856e-06,-6.106017683080198083e-07
-5.768393389127964825e-06,-3.294501513160876494e-07
-5.812891624360952048e-06,-6.964223711543344685e-08
-5.838218319048315103e-06,1.717009923897414923e-07
-5.846208465842307067e-06,3.978245413807962145e-07
-5.838293157861767218e-06,6.120900044661732497e-07
-5.815272220732937251e-06,8.177576995198573685e-07
-5.777535851541875652e-06,1.017964724211326013e-06
-5.724950204308765983e-06,1.215558329786257685e-06
-5.657029902401915071e-06,1.413091004982219246e-06
-5.572961679360925243e-06,1.612674041121596233e-06
-5.471672101658175064e-06,1.815998139333582520e-06
-5.352011508512700986e-06,2.024215957479853695e-06
-5.212689816402812011e-06,2.237993259668992770e-06
-5.052630794061996270e-06,2.457415025212980661e-06
-4.870797202118556483e-06,2.681982444820361319e-06
-4.666721090211580140e-06,2.910141050138473722e-06
-4.431807558220460826e-06,3.140551542442753680e-06
-4.171300548161468262e-06,3.375456610116166820e-06
-3.885419471286101584e-06,3.612683846415110310e-06
-3.316075489737859956e-06,3.420464069755200713e-06
-3.026268937817047996e-06,2.984477444618353844e-06
-2.713679691734677073e-06,2.542359428175805287e-06
-2.386145272649394555e-06,2.105479034905026720e-06
-2.051411669551275978e-06,1.684013163590271521e-06
-1.716887283852966156e-06,1.287805263456095595e-06
-1.389851897007182119e-06,9.266352474097011627e-07
-1.077534879426132804e-06,6.102207305316931907e-07
-7.871531392742718184e-07,3.481590047825005797e-07
-5.258107923124649310e-07,1.496401750485276373e-07
-2.983671987712169251e-07,2.256389754069320797e-08
-5.077699656916446956e-09,-5.135834422131165624e-08
-1.213219715481837987e-08,-3.146805563883653885e-08
-2.512903275076133297e-08,-2.745938047077798381e-08
-4.255664258709279654e-08,-4.006376001442760174e-08
-6.285026806017719406e-08,-6.708219325150241574e-08
-2.301566798522854394e-07,-3.504596281936360762e-07
-3.296038481062258419e-07,-6.456001042844132992e-07
-4.134034693981010052e-07,-1.007554563292902009e-06
-4.831075239118887288e-07,-1.429432432170952362e-06
-5.383207725071460087e-07,-1.899568860854615271e-06
-5.790278757475699827e-07,-2.405668038456272506e-06
-6.053758518964240963e-07,-2.935571669013985295e-06
-6.175237891566727397e-07,-3.477309920599112467e-06
-6.155834775787007153e-07,-4.019029410190023941e-06
-5.996716085115833151e-07,-4.548728605224304982e-06
-5.703894586545267702e-07,-5.054383048564696291e-06
-8.868763009185674569e-07,-5.522677282615146711e-06
-1.235651504982314412e-06,-5.498823101625079425e-06
-1.567090118552318147e-06,-5.460069971299366910e-06
-1.879491972663944721e-06,-5.407837431269030437e-06
-2.172519528734450896e-06,-5.343386215695353089e-06
-2.446506923439275538e-06,-5.267616206032408219e-06
-2.702291098754677609e-06,-5.181403355395591123e-06
-2.941377500329659323e-06,-5.085169622205813076e-06
-3.164100656918491784e-06,-4.983997606974629195e-06
-3.370123244517957861e-06,-4.873266685583015061e-06
-3.561485192751809695e-06,-4.753017519588832509e-06
-3.740331970462043061e-06,-4.622121562003115646e-06
-3.908811726942893500e-06,-4.479190017734404595e-06
-4.068787382947168421e-06,-4.322300611463549677e-06
-4.221729614426947613e-06,-4.149541225352390034e-06
-4.369102855261817991e-06,-3.958134633308249701e-06
-4.511379774698989610e-06,-3.746037365222771487e-06
-4.649382657293451166e-06,-3.509944618784682341e-06
-4.782427296508769561e-06,-3.248149618675535109e-06
-4.910291988177031127e-06,-2.957457209423647500e-06
-5.031815001229566615e-06,-2.637469532843277801e-06
-4.631772806228185690e-06,-2.185798527048788835e-06
-4.101127386468175046e-06,-2.049774560404990051e-06
-3.552638537005915692e-06,-1.890461407482474649e-06
-2.999695592209073088e-06,-1.712151933787021417e-06
-2.455617287089583866e-06,-1.519208035716688793e-06
-1.933612694881401408e-06,-1.315908947039336131e-06
-1.446939292515247691e-06,-1.106514384588640035e-06
-1.008900633066016115e-06,-8.952991007620507082e-07
-6.328118503674972092e-07,-6.865457809145911915e-07
-3.319492545696607309e-07,-4.844739221812877445e-07
-1.188758017019349110e-07,-2.918602928218666667e-07
-1.378614872379964977e-07,1.654274922094209297e-07
5.421656418238068080e-08,-3.745464638392327892e-07
4.192679841596123086e-07,2.584572243043957303e-07
5.393736820524347350e-07,-7.164240469302554612e-08
-2.117869809898545567e-07,-7.469008472516267011e-08
-2.833468693731488227e-06,3.769199698200028331e-06
4.371712034772064002e-06,-1.369917006817423077e-06
2.183110071534971376e-09,-5.050746870613403223e-06
-4.816847910565404371e-06,-1.597801496531085106e-06
2.763447265926841574e-06,3.519289654172042422e-06
2.822487013341334036e-07,7.295366661332187835e-08
-2.079929030297870854e-08,2.853608106026859209e-08
3.241026035498121092e-06,4.179115308186630564e-06
-3.347610061675064407e-06,4.469023946417384960e-06
1.242207330213030163e-08,-4.018458309632405816e-06
-3.759873024405812395e-06,-1.249258621431657709e-06
7.222888134825416734e-07,6.828289499832767473e-07
4.249384678385497698e-08,-1.018596685084339938e-06
-7.830255519814462753e-07,-2.659476433920728592e-07
-4.673867883237985142e-07,5.963897438588375983e-07
9.978335377672822555e-07,-2.317176292578786398e-07
2.208553225857352733e-06,2.748072774541636192e-06
3.449303340382977896e-06,-1.059667871940137980e-06
-2.664395601296310217e-06,-8.882926619551542544e-07
1.147946119946385633e-06,1.274814032508721139e-06
-1.636713619443688664e-06,-5.490358439638668023e-07
2.245405337695277704e-08,-2.938899125315479580e-06
1.656497170681554097e-06,1.981319032715339645e-06
3.243197909500028922e-08,-1.906842351993553658e-06
2.529261869943289065e-06,-7.505714599348384758e-07
1.686945288432599057e-06,-4.664305863652685952e-07
-9.585279849844897586e-07,1.251174792508730548e-06
-2.199088733464283259e-06,2.917274078763447093e-06
-1.554787018645163870e-06,2.051034496237404826e-06
3.890319186629798936e-07,-1.224050715899957563e-08
-2.775413695734364799e-08,-1.046807376472012007e-08
7.988940149775182450e-08,-1.322003275792623813e-07
5.095221002690196852e-06,-1.636704523708278290e-06
-5.594288002540796920e-06,-1.881780889369323466e-06
3.939593913374506500e-07,1.852871732650714259e-08
-2.345510501706772478e-08,2.466829052634892973e-08
-4.421471105327544720e-06,-4.329119844241471483e-06
3.777093382095431961e-06,-4.338058201316572967e-06
-6.291102957466554928e-10,-5.820233227630356968e-06
4.167943642772525455e-06,-3.843259820221520769e-06
-4.753818222224756324e-06,-3.921371828205961284e-06
-1.957128013842513876e-08,-2.380614438704453968e-08
3.035686430917145160e-07,-4.809018045505688391e-08
-4.072711518184889133e-06,-4.661946477187890679e-06
3.386921274505395349e-06,-4.728255122026338227e-06
4.539282973366328050e-06,-3.239571771741868363e-06
-5.071909442846410206e-06,-3.414339489783236608e-06
6.340153365081363830e-09,4.927731307070534965e-08
1.365445953672683469e-07,9.020094662191353746e-08
-4.178651578964822844e-06,3.890193795192848310e-06
3.989380171701219234e-06,3.642485969513979688e-06
-3.704568803724516921e-06,-4.944959580685390687e-06
3.016910816455497184e-06,-5.032697643071860720e-06
4.852381893345445211e-06,-2.607076752170239163e-06
-5.353291915381003525e-06,-2.849733050568807864e-06
-4.649781097203981917e-06,3.426668579754870044e-06
4.383514950607895917e-06,3.241999968642657803e-06
-3.329712064073413826e-06,-5.180744796346969770e-06
2.687536334280207796e-06,-5.259030198193156149e-06
1.927392649489003532e-07,-7.410306079889432231e-08
-5.665890790599757403e-09,-6.848164845966364205e-08
-3.559474208682947241e-08,-4.767979588849793471e-08
3.857443060977873213e-07,3.584420238901208997e-09
3.797596417235747472e-07,5.615770625413353452e-09
-2.929429556394897650e-08,-2.447016953191605208e-09
-1.952937988476620116e-08,3.030953125925888825e-09
-5.111309113689458567e-06,2.916421485857066528e-06
-5.285242629124766443e-06,2.682538033180676306e-06
4.893276804076742396e-06,2.623849697591983643e-06
4.755126257653247338e-06,2.816769301451101156e-06
-2.859005333348173569e-06,-5.436782651651016015e-06
-2.613538742382153504e-06,-5.542177408663099168e-06
2.321220568815898106e-06,-5.478356441632156566e-06
2.140197037586624538e-06,-5.564455551875200240e-06
-5.441002513748133580e-06,2.432959720492208979e-06
-5.572808647359334199e-06,2.211029857831427507e-06
5.016953277888830864e-06,2.417641238215341854e-06
5.122491923676439777e-06,2.232819822340217289e-06
-2.327864867936620142e-06,-5.638165394762737190e-06
-2.045429308306740644e-06,-5.726124122695980029e-06
1.932414542648103384e-06,-5.643049415707795354e-06
1.726813375386495896e-06,-5.715515848572263562e-06
-2.956710954660868556e-08,-3.270271806637280809e-08
-4.908564843624674464e-06,3.179075772379412710e-06
4.593553801667013848e-06,3.034253057793448135e-06
-3.108422013200028823e-06,-5.324213950218440251e-06
2.510877883762213071e-06,-5.383904869259395379e-06
-5.688229507280538596e-06,1.977005506246349100e-06
-5.784630669156146112e-06,1.767878836804985529e-06
5.215879423563080301e-06,2.035403224956969218e-06
5.295352851956728279e-06,1.855798471002745598e-06
-1.719142234176553937e-06,-5.800692912545185893e-06
-1.397077723388422746e-06,-5.865429542586379316e-06
1.484869243853131043e-06,-5.779885405085566233e-06
1.238000575278045463e-06,-5.838398318670062263e-06
-1.786451274636437662e-08,1.078311810720393673e-08
3.894071798567092680e-07,7.791256069425168520e-09
2.601211634423780571e-06,4.707261302286238940e-06
2.288108209994803967e-06,4.889478227895909554e-06
-2.435479780950082702e-06,5.131625806856740726e-06
-2.710842111996923819e-06,4.978354492188925765e-06
-5.867044009594373802e-06,1.547310540962311064e-06
-5.934896388673146135e-06,1.347120096618188613e-06
5.364577118664378405e-06,1.662300384683622576e-06
5.423035016643825051e-06,1.482466394668974189e-06
-1.029332080765166943e-06,-5.911599071872006854e-06
-6.682071184351273899e-07,-5.945901563739561364e-06
6.324527036312333443e-07,-5.924786420366278097e-06
9.420270934615570031e-07,-5.885382743556846435e-06
3.641585552482038401e-07,1.652447448661394822e-08
-4.285994315471336005e-08,-4.171793418410766074e-09
1.954993143896775094e-06,5.053968527931068875e-06
1.654754888993552985e-06,5.190226429717903547e-06
-1.921536416421470580e-06,5.360152466199523788e-06
-2.159358025180734931e-06,5.259999466963211992e-06
-5.990865820478963033e-06,1.133055475877404961e-06
-6.035559780073328990e-06,9.335660900473694363e-07
5.512706767943856701e-06,1.097799337394112705e-06
5.472319502420890581e-06,1.285524623157751920e-06
1.341349961598571126e-06,5.308962598519633082e-06
1.061903712822408712e-06,5.403498490130019816e-06
-1.468287486163364399e-06,5.506095104922914948e-06
-1.680534799411315777e-06,5.442727235991194787e-06
-6.069265248531552771e-06,7.148792940971902408e-07
-6.093234385370133135e-06,5.043590540694688851e-07
5.543728441860038404e-06,8.880224968142900236e-07
5.566258714219179432e-06,6.830620242800727807e-07
2.947387059803273640e-06,4.493796974309811936e-06
-3.042248330897716062e-06,4.784061995886061641e-06
7.744646183140432199e-07,5.482014578901865131e-06
5.199346110675399407e-07,5.540822879632367741e-06
-1.048702253689533345e-06,5.593445722818175529e-06
-1.248465514653369281e-06,5.556631297549963042e-06
-6.105111759809910234e-06,2.669123829452680805e-07
-6.106677386778057612e-06,3.144771605598445096e-08
5.577565450629863441e-06,4.496636883840979447e-07
5.579204083877925481e-06,2.171524366328604064e-07
-1.278817718942846667e-08,-2.966283248354881049e-08
-9.595337179108494025e-09,-4.118517250006234784e-08
3.557175246374199039e-07,-4.195795962432753196e-08
3.387084608373198275e-07,-4.075013938738214628e-08
1.546440549300727708e-08,6.079438634206151610e-08
5.536710028410861564e-08,7.844905945314296520e-08
2.601059434477490985e-07,5.585865856555593453e-06
3.001444285785012898e-08,5.615522680721041840e-06
-6.356424862558716709e-07,5.634879882163470277e-06
-8.356461136754568717e-07,5.619713722181571858e-06
-6.092443229519702471e-06,-2.403571703104684066e-07
-6.064991029269457190e-06,-5.152155249693821380e-07
5.565751810307990107e-06,-5.124798687585533329e-08
5.539780694444419918e-06,-3.217341403136530637e-07
5.428118652838156959e-06,-9.547884022979218316e-07
5.492419600710648018e-06,-6.362136296077282852e-07
-6.014782588058286390e-06,-8.366766337989845935e-07
-5.946120239565767991e-06,-1.164884361251352345e-06
-2.055744334746016336e-07,5.633589318882305249e-06
-4.164395085998925601e-07,5.639539416507474173e-06
5.335919170766794256e-06,-1.332241401960871075e-06
-5.847163157436871403e-06,-1.559733478087441085e-06
-5.946511501122533759e-09,-1.743420851243310141e-08
-2.735925755384408256e-08,-5.802498888357758283e-08
3.858216508530575747e-07,-5.465750174726342643e-08
3.586998103558607243e-07,-1.674259339964971468e-08
2.571193820461945270e-07,-5.673621274922424882e-06
4.029522077092221728e-07,-6.067980775142090203e-06
-4.174608519657618174e-07,-6.089752818795182955e-06
-2.627551300771125770e-07,-5.672214218696153717e-06
-5.910374036901386661e-06,-1.875950223541215171e-06
-5.536085264892289219e-06,-1.555973043002680174e-06
5.037362313437265747e-06,-1.329870590094503683e-06
5.399876362825572708e-06,-1.632286887989318174e-06
6.295414346330764134e-09,6.977945174314237155e-08
4.433912578258525035e-09,2.653172292914924752e-08
7.745726396156504105e-08,4.209836957712825376e-08
1.061996520126896053e-07,1.222509002068200697e-07
-8.054218297229728498e-10,-6.100939532304172223e-06
3.154315718873888732e-07,-1.995931227572594375e-08
3.310906817782034908e-07,-6.085382046784630592e-08
-1.922355496216585501e-08,-2.952032322568342144e-08
-8.844365565776752504e-09,-1.484872789716903269e-08
-1.193846612414354137e-08,3.486504513213112403e-10
3.772471230689429887e-07,-5.523828564946165285e-10
-1.417820621587190935e-08,-1.555719118814918157e-08
-3.122067077825786173e-08,-3.307058394126079814e-08
3.015068489906685649e-07,-7.935586121065451123e-08
2.565617583341770900e-07,-5.678459171636396762e-08
2.560616832152634660e-07,-9.856394664204774240e-08
-2.226814817179659099e-08,2.310656731043052494e-08
-1.133492065275856357e-08,8.934013653678708107e-09
3.884828437631565534e-07,6.435714002939796932e-09
3.927506861985857826e-07,1.705392779944068217e-08
3.581516323493711319e-07,6.200682757097555441e-08
3.101717361119555490e-07,1.791400476314175406e-08
-1.759489755298547283e-08,2.509051772096115750e-09
-6.275413268952072171e-08,1.200019669258318075e-08
2.750814012311197676e-07,-2.757046853791671206e-08
2.139260624420678642e-07,-3.356208793167783407e-08
-5.538229007966160143e-06,-2.482044023958262182e-06
-5.361975649964677930e-06,-2.084807920138182696e-06
-5.762827645001485194e-06,-2.292725939746637788e-06
5.043553326271217167e-06,-2.222390356696413818e-06
5.263685362926691469e-06,-2.034852119184962188e-06
4.871167667750990181e-06,-1.826833143269806543e-06
2.666924832215474713e-06,-5.415420552305245130e-06
2.530896406216053618e-06,-5.228283843964667539e-06
-3.138706091585675724e-06,-5.135604818294589499e-06
-3.302655289600046682e-06,-5.366542316347748497e-06
4.599053892404037861e-06,3.251371500417478682e-06
4.385171585931251432e-06,3.020366080787548478e-06
-4.654856136672561331e-06,3.161211392615418289e-06
-4.910757430252313760e-06,3.440219825846220568e-06
-3.359723531331937510e-06,4.782707468478035276e-06
-3.020305657538372229e-06,4.479935383543646293e-06
2.926844642151483822e-06,4.186925145111217691e-06
3.258016546283291934e-06,4.486648684021220242e-06
-5.629862916568197144e-06,-2.769192335480505204e-06
-5.253238409951805676e-06,-2.574822899142344791e-06
4.752871148608404924e-06,-2.314591325936485573e-06
5.140008544931120018e-06,-2.519351653671107835e-06
2.027825499799830552e-07,-1.215611394031545828e-07
-3.829078318993787142e-06,4.223308945573152065e-06
-3.460080028422307010e-06,4.156558812421015427e-06
-3.718637304866484707e-06,4.530671818780555824e-06
3.684162876502305182e-06,3.945151537945623138e-06
3.588928645253587369e-06,4.233482004233945992e-06
3.344367404137442989e-06,3.884079961213505084e-06
3.728409104331816843e-06,3.624490583969507158e-06
3.955866458261379738e-06,3.952167798517503579e-06
-4.133730056858788589e-06,4.235878542552989537e-06
-3.881747724815087460e-06,3.870382259644084225e-06
-1.120078197066198437e-07,-5.009207161199598945e-07
-5.410415932081629668e-08,-2.486461450947313559e-07
-9.463779836828113611e-08,3.221367087013110079e-07
-2.352810155250707435e-08,1.450706985551534989e-07
5.863656874282757935e-07,2.654095722632740675e-07
4.394491161974133141e-07,1.273504949701240175e-07
5.872606518738839560e-07,-2.137132086049499146e-07
4.419046582824136644e-07,-1.112109158508216049e-07
-3.629060980981857750e-07,2.738978902795861999e-08
-1.458317037750356627e-07,3.795517011954981922e-08
-1.438652499849893372e-07,4.881733464287561377e-08
-3.046260022596233257e-07,1.664395777918672276e-07
1.694537565773861675e-07,-2.648450310953733888e-07
2.130786840071376458e-07,-5.045682573407824789e-07
4.873651410059123484e-07,2.230683882469490881e-08
6.615655541977149926e-07,9.633795964166865012e-09
2.883068595708303859e-07,2.360798265214709217e-07
3.717093955444182642e-07,4.220699440067996915e-07
-9.258260155200906667e-08,-1.236017136730159460e-07
-2.721846826122523909e-07,-2.477480197264165065e-07
-4.485757405731278891e-09,1.733317055366797463e-08
2.337612698280392336e-07,4.157284936870485178e-08
-2.924442403551853065e-06,3.383433266053556039e-06
-3.213552751063322754e-06,3.800605364774583316e-06
-4.465418736650728661e-06,-1.814520163522405804e-06
-4.972644398689392442e-06,-1.958287021315562324e-06
2.984135618330798631e-07,-4.805006144842742725e-06
2.723930715108153309e-07,-5.295729522526149881e-06
4.233806486055870336e-06,-1.026435096109791004e-06
4.682142700948666654e-06,-1.189782644889954396e-06
2.403975625757041383e-06,3.491128657670177126e-06
2.682839975386097757e-06,3.861891851971329538e-06
4.508403824337828297e-06,-1.700765043446390618e-06
4.057797420263215373e-06,-1.560746276965480222e-06
-2.755656510013349384e-06,4.142811077657271110e-06
-2.434736963090663545e-06,3.742681396897109570e-06
-2.736691352522321978e-07,-5.290235191866318241e-06
-2.889401006382827203e-07,-4.802566619322480386e-06
-5.157807376640071939e-06,-1.401337151555483375e-06
-4.661835498359037580e-06,-1.213645958713055384e-06
3.113693062915689171e-06,3.551931200346829421e-06
2.850203392697902065e-06,3.168194837486349185e-06
1.964002181791653388e-09,2.312173257615137475e-08
1.582216413475745108e-07,4.538831755673304537e-08
-2.217458950061948768e-07,5.676585127270030228e-07
-2.786521555590235397e-07,3.476841157433244553e-07
-5.099624218650235458e-07,3.562427414595763694e-07
-1.615300724453927548e-07,-8.272037984060910027e-07
4.806649350756660344e-08,-6.590542928894345368e-07
2.514032389926112106e-07,-8.283170675343858302e-07
8.057760233244173568e-07,-3.345773697772447983e-07
7.344751927496050198e-07,-1.406018572619596178e-07
9.059266563951347348e-07,-3.109596208687869085e-08
7.683975407226399072e-07,4.581168291725537011e-07
5.526138907332863741e-07,4.462903077725315919e-07
4.956347255682483969e-07,6.560697596094512670e-07
-6.675955455377962614e-07,-1.932956198609259024e-08
-4.547606049234206526e-07,-1.563226539396007856e-07
-5.446862809208457750e-07,-3.946701640900847455e-07
3.330340392229108007e-07,1.466953885921793241e-07
2.414130759419672617e-07,1.307611142606332078e-07
-5.708571140621940204e-08,7.299681857386420303e-08
-1.684375298945111743e-09,6.592177131924976457e-08
-1.131621935354751443e-08,1.069709019453425726e-08
-2.816936811418710921e-08,2.149733299919538898e-08
3.938798112973570371e-07,1.546572923676197175e-08
3.849504701706415902e-07,8.322179363494017465e-09
-4.397035029005977841e-06,-4.146400584196083276e-06
-4.556630114139794632e-06,-3.938146271750260560e-06
-4.583181852399245840e-06,-4.131005396668980281e-06
3.746766026130902658e-06,-4.120796051856352608e-06
3.966288200487165928e-06,-4.098314225926350425e-06
3.933935167157835191e-06,-3.866642661186930031e-06
-4.242396486497951601e-06,-4.324524677331661997e-06
-4.244655221584683419e-06,-4.498092896575894984e-06
-4.071260397781649315e-06,-4.493054290188285485e-06
3.570060468349814109e-06,-4.337400145304129050e-06
3.382042173590531429e-06,-4.539299580983170261e-06
3.575281712734280196e-06,-4.539413455005496716e-06
4.110059590359725569e-06,-3.602537475968662130e-06
4.348778487940537945e-06,-3.549343563019721678e-06
4.287608518733352676e-06,-3.295086632575442221e-06
-4.704845770985906594e-06,-3.719921066517908266e-06
-4.854008289176992114e-06,-3.460749716179662562e-06
-4.907438124526601687e-06,-3.677130425479424942e-06
-5.388410720122454731e-08,2.863636120640232016e-08
-4.102761517074575669e-08,4.525727029428540421e-08
4.132695862396451302e-07,1.871789256587955885e-08
4.058406259675769362e-07,3.375841053681597315e-08
-3.905849447183166908e-06,-4.641759082779363254e-06
-3.889041017435521874e-06,-4.803501055506445190e-06
-3.722216261490775261e-06,-4.782526827569348828e-06
3.209682717132017961e-06,-4.712270701028567977e-06
3.029783988655787019e-06,-4.869999255038511528e-06
3.196231104133850431e-06,-4.884851572211529222e-06
4.454796433955470295e-06,-2.984298662472015858e-06
4.693075922850375039e-06,-2.929131073796650156e-06
4.605644798820661934e-06,-2.663986586664517330e-06
-4.995699534402542757e-06,-3.190973426495839514e-06
-5.125319330578450979e-06,-2.902513534010055045e-06
-5.207849129861963757e-06,-3.142671623790472402e-06
-3.538418157696907350e-06,-4.910012313352636423e-06
-3.520078279956290519e-06,-5.061307523036445721e-06
-3.349278285185382224e-06,-5.024642719880443093e-06
2.861671536459784877e-06,-5.005914376394062870e-06
2.700048817182785406e-06,-5.121834549451491956e-06
2.849102088872480271e-06,-5.147980552562834185e-06
3.982340911606661765e-06,3.413752967416095190e-06
4.187230021118633599e-06,3.222744875915952968e-06
4.194135720515543407e-06,3.434442835138628114e-06
-4.172741660168300167e-06,3.628152612783788271e-06
-4.420539339125091461e-06,3.652260467005136846e-06
-4.414951043682461694e-06,3.403385441467691270e-06
3.772021592438173983e-06,-8.654985275655560288e-07
3.915019169653254861e-06,-1.216179988956352645e-06
3.593675386946471513e-06,-1.410517629644696876e-06
-2.614523731725894024e-06,2.950120239548321031e-06
-2.521293168265146403e-06,3.350209245429893462e-06
-2.107672781223959325e-06,3.320328503404078711e-06
3.175053712543020869e-07,-4.286112012173731840e-06
7.256384898199041722e-09,-4.546579390312926796e-06
-2.976298582893981900e-07,-4.284703124317266073e-06
-3.930261730093399112e-06,-1.653176076986594480e-06
-4.300022005601093974e-06,-1.427282707930564298e-06
-4.134969835753662982e-06,-1.024957203737891276e-06
2.122087038733171146e-06,3.107079585709514425e-06
2.488250822483940920e-06,3.136744051599940512e-06
2.575376135906704597e-06,2.778463870552776000e-06
3.018232644540276581e-06,-5.193479543313427950e-06
2.850817402628090712e-06,-5.302898913250703388e-06
-3.704905163168879818e-06,-5.113604533851271370e-06
-3.520260709944996201e-06,-5.234411034765463909e-06
4.213926234016554927e-06,3.698766036754311314e-06
4.402727818101701668e-06,3.486942114156830804e-06
-4.438109410343647995e-06,3.957233878320667468e-06
-4.667369452323165226e-06,3.715857370558083345e-06
3.008941821469164863e-06,3.859364492162783003e-06
-3.102913089172625227e-06,4.133838271465266455e-06
-5.304445614404633634e-06,-3.382955683280734581e-06
-5.457268175765328679e-06,-3.107993655999022101e-06
4.801805250616960703e-06,-3.199883421214362392e-06
4.965176402435722291e-06,-2.887408607008154460e-06
3.396850443406228477e-06,-4.909028724664483307e-06
3.206112819007292652e-06,-5.055441301593045584e-06
-4.081561480724955220e-06,-4.829516154468593061e-06
-3.897957136362987644e-06,-4.971020815057856736e-06
1.686698499254915403e-07,1.355748875607586099e-07
2.053117292490894160e-07,8.698874295582711904e-08
1.964557456102865458e-09,4.312868883210670644e-08
1.258265890029444953e-08,7.079807334555973993e-08
-4.960123525648727980e-06,-3.902662199353565651e-06
-5.128242834558777085e-06,-3.656571146020573167e-06
4.411397281775957148e-06,-3.817295831651657685e-06
4.605143895623940407e-06,-3.521529715530537373e-06
3.796412166976494377e-06,-4.546790568528327392e-06
3.593909195693165618e-06,-4.735171597445911375e-06
-4.437978008871253391e-06,-4.507427005866285004e-06
-4.260966639246285154e-06,-4.671057249665543730e-06
-2.292133036738099454e-06,2.512175826024186641e-06
-1.964881654394494763e-06,2.080176120489729241e-06
-1.874530549258397112e-06,2.480838455574609661e-06
-1.781065913795062285e-06,2.885425505910015799e-06
-1.461649005817650757e-06,2.447829412852679329e-06
2.390861953461269791e-06,-4.214657811440300348e-07
1.962560999235909413e-06,-2.960859657084200029e-07
2.093684600143387433e-06,-6.038596823690496280e-07
2.224073419585875164e-06,-9.303945020221014000e-07
1.806926827383788324e-06,-7.706127635473006050e-07
1.842512264270017540e-06,2.717437937345970072e-06
1.570428199996695562e-06,2.329428264087135679e-06
1.929596289791085685e-06,2.360608145257125435e-06
2.294548196004030325e-06,2.389680671080489352e-06
2.012880974762849355e-06,2.008638596898717159e-06
-2.027584583135392926e-07,-1.219014566310178808e-06
-2.365233088050104106e-07,-1.665095898074971201e-06
3.741525576438082859e-08,-1.438640169918805438e-06
-1.046688515493996627e-06,-9.917246935211179819e-08
-1.486739556797049759e-06,-2.075456479889854662e-07
-1.181459068745620869e-06,-3.983099705890569614e-07
2.825592864863087873e-07,-1.220186784025458320e-06
3.063821325032814861e-07,-1.666431900016010760e-06
-8.967122382242238678e-07,-5.582847352934759696e-07
-1.314781882279002087e-06,-7.344243510621976709e-07
2.667175805497870575e-06,-1.092318724984489514e-06
-1.026952046153007374e-06,9.195335291942991068e-07
-1.325063133135606604e-06,1.274025041461410707e-06
-2.944098565366549896e-07,-3.207125168765968924e-06
-2.822750169974676761e-07,-2.671286621970816448e-06
1.565985493574557607e-06,-1.871591268461816749e-07
8.489832187900217498e-07,1.244820867480417732e-06
1.068759656322897025e-06,1.586256175694425257e-06
-3.039124108515189623e-06,-6.602136377443384264e-07
-2.496250896428230103e-06,-4.924108968457951884e-07
2.744553491378561874e-08,-2.410964906028922198e-06
-2.630040457701787577e-07,-2.153259313706393604e-06
6.563480043849130893e-07,9.325136066740964356e-07
-1.640106412185665540e-06,1.664168784025020230e-06
1.394293716622134907e-06,1.617111998830359793e-06
1.310864950576287690e-06,1.950065258403634647e-06
-2.135457637760856335e-06,-7.138023040343748659e-07
-1.974365984814068497e-06,-3.400750090856605601e-07
-7.529154758200160290e-07,6.104062979396609618e-07
-3.589751217114003740e-06,-8.391545007896705643e-07
-1.247061281426936726e-06,1.637854112166647385e-06
3.126849133607372706e-06,-1.253359934086759752e-06
1.210603217016646974e-06,-9.778828812107639929e-08
-2.994907750174196520e-07,-3.748874833993940105e-06
3.228902380243244217e-07,-2.154635654718197158e-06
-1.785575433532338008e-06,-9.188184077505689804e-07
1.735482809035904402e-06,1.642225147060239693e-06
9.790379216111970442e-07,6.986525076548290626e-07
3.321739696319179591e-07,-2.672662180121080261e-06
-3.985720544952043009e-07,8.698856301870927359e-07
-2.295779063956253687e-06,-1.107172282349760021e-06
-3.381349857666172399e-06,-1.478617638141133208e-06
-1.156562913111563246e-06,2.017558038884818238e-06
3.294212088540198398e-07,-3.750195794359387920e-06
1.467403196309906986e-06,1.297276339737000708e-06
3.304943593550182585e-06,-7.092174909977944832e-07
1.088284359335497824e-06,-4.696554009995599974e-07
-6.962982673210646307e-07,9.007823551732486941e-07
9.223406002395305862e-07,9.611680804362281553e-07
3.343237401890679245e-07,-3.208483699643988263e-06
-2.832114551574281468e-06,-1.295196975929515787e-06
1.213623575024920327e-06,9.805383297452293188e-07
-8.729711745085419434e-07,1.604581557529422243e-06
2.841456330142927502e-06,-5.602042256449871348e-07
2.984262973902218203e-06,-9.035088547980429378e-07
1.425170465158862553e-06,-6.160153527602270062e-07
-3.210273198853604619e-06,-1.068201554301984102e-06
-6.179681556790085550e-07,1.218768725289004288e-06
1.745804073990706193e-08,-3.478673722978258265e-06
1.318497813041211080e-06,-3.413568904603099722e-07
-4.612768243144964829e-06,-4.323434046842586046e-06
-4.784736445533678267e-06,-4.124768025534768572e-06
4.001517107870565265e-06,-4.327915323675930062e-06
4.205097301831611903e-06,-4.087224047255181490e-06
1.138521763910729371e-07,-3.861129813068898787e-08
4.377421271515406932e-07,-3.210028564696349158e-08
-8.642019522451825370e-08,-2.993523650859671009e-08
4.744396350566631525e-06,-1.508305563829014210e-06
-5.224967308659909337e-06,-1.747288698832909586e-06
7.465263030993223534e-08,-2.265286853766642476e-07
-1.012334182746279387e-08,-1.378442346623910162e-07
1.555309969298780670e-07,-1.578127641810011496e-07
-4.558150331640114118e-10,-5.453466058441585251e-06
1.409475399043327090e-07,-1.009784563933150696e-07
5.255394099668177458e-08,-6.301388653664442824e-08
