Size 899,2
0.000000000000000000e+00,0.000000000000000000e+00
0.000000000000000000e+00,0.000000000000000000e+00
8.521520648052028904e-10,-5.575357923542239106e-06
-2.699739503618636552e-07,5.075290928828580809e-06
1.979753573324276314e-07,-1.499455914384238665e-07
3.249835122615290691e-07,-8.616387094426020122e-08
4.438702438308831506e-07,-4.842912315485789204e-06
4.040297909241643279e-06,-1.761965790634797641e-06
3.725852554607371885e-07,4.974400520073298156e-08
3.667144991515457823e-07,3.215902721323050810e-08
4.339498378440360107e-06,-9.020266113146128913e-07
2.984388724590872325e-06,3.094604527723323356e-06
1.709405188697163246e-07,1.661606391584342459e-07
2.399654267066245260e-08,8.595909789662524744e-08
2.254959842042358661e-06,3.619572392128695063e-06
-2.331790267812136262e-06,3.883704926928276169e-06
-8.756146527580156915e-08,-1.584712175249097946e-08
-6.143430874419003001e-08,6.706740505949466878e-08
-3.091917368825384370e-06,3.309586255791685537e-06
-4.773193245386961338e-06,-1.081096674455921748e-06
-1.090512147994563940e-08,-9.149461908079813604e-08
-8.150333325295892746e-08,-1.107599338705721275e-07
-4.463468571702929074e-06,-1.998132234379545104e-06
-4.565623609453732520e-07,-4.832060116579180406e-06
1.311949022879736722e-07,0.000000000000000000e+00
2.082289072233739551e-07,0.000000000000000000e+00
2.557805300840086698e-07,0.000000000000000000e+00
2.864110341120271752e-07,0.000000000000000000e+00
3.065123971837953725e-07,0.000000000000000000e+00
3.251578305179178698e-07,0.000000000000000000e+00
3.351842364788983743e-07,0.000000000000000000e+00
3.330193592556795994e-07,0.000000000000000000e+00
3.217634685838489821e-07,0.000000000000000000e+00
2.954173461418283501e-07,0.000000000000000000e+00
2.366054032036377315e-07,0.000000000000000000e+00
1.580596161342000725e-07,0.000000000000000000e+00
8.192063586783632353e-08,0.000000000000000000e+00
0.000000000000000000e+00,0.000000000000000000e+00
0.000000000000000000e+00,0.000000000000000000e+00
0.000000000000000000e+00,0.000000000000000000e+00
0.000000000000000000e+00,0.000000000000000000e+00
0.000000000000000000e+00,0.000000000000000000e+00
0.000000000000000000e+00,0.000000000000000000e+00
0.000000000000000000e+00,0.000000000000000000e+00
0.000000000000000000e+00,0.000000000000000000e+00
0.000000000000000000e+00,0.000000000000000000e+00
0.000000000000000000e+00,0.000000000000000000e+00
0.000000000000000000e+00,0.000000000000000000e+00
0.000000000000000000e+00,0.000000000000000000e+00
0.000000000000000000e+00,0.000000000000000000e+00
3.516161423919826570e-07,-5.542166107447934781e-06
6.691377898405574283e-07,-5.481959495076040175e-06
9.422478826328696695e-07,-5.413809126032840330e-06
1.184817650034857037e-06,-5.341927735534017818e-06
1.402857532386084020e-06,-5.267958291118741954e-06
1.601521272489737422e-06,-5.192604571575129244e-06
1.785359351014315620e-06,-5.115810805085172045e-06
1.958421381118658427e-06,-5.037066939378700860e-06
2.124302523165439594e-06,-4.955344735909012021e-06
2.286029100504640532e-06,-4.869239346069128166e-06
2.446739046067694646e-06,-4.777654942197969642e-06
2.609084307998441007e-06,-4.678634117238559596e-06
2.775504314220899969e-06,-4.569033933383505137e-06
2.946555914833811442e-06,-4.446499255163477421e-06
3.123051883723028017e-06,-4.308362969490944469e-06
3.304461645391916609e-06,-4.152401093425511117e-06
3.490120335662474227e-06,-3.976432907344073038e-06
3.678315323171492196e-06,-3.778955280176312591e-06
3.867174080995958282e-06,-3.558661091317925252e-06
4.054073148501407369e-06,-3.315225426371903949e-06
4.236258405401120275e-06,-3.048659630200904798e-06
4.410818368992491277e-06,-2.760281525745917401e-06
4.575197248317754262e-06,-2.450296145090342797e-06
4.725052895966055259e-06,-2.120786397428659426e-06
4.854604055733657653e-06,-1.773810850862567147e-06
4.954333446029202024e-06,-1.420127513245791097e-06
5.023569190661485196e-06,-1.077670265827953420e-06
5.064411725311656696e-06,-7.604005808880035529e-07
5.085704618463978273e-06,-4.730775345120773150e-07
5.093072837026247042e-06,-2.110423032125580266e-07
5.089487256484156912e-06,2.922019543041667092e-08
5.077084821215164953e-06,2.508256958759884287e-07
5.057462425587335009e-06,4.566377293165579825e-07
5.031804238632885402e-06,6.495852873200198324e-07
5.000823689604806409e-06,8.324611132438775592e-07
4.964839751171531137e-06,1.007990535315752069e-06
4.923761793843599901e-06,1.178717334670219293e-06
4.877150820361447147e-06,1.346978012577692402e-06
4.824249880118960700e-06,1.514892012342529246e-06
4.764013530025688175e-06,1.684265142565390138e-06
4.695185930388130776e-06,1.856664396811508560e-06
4.616291073141894404e-06,2.033274329946254415e-06
4.525758924340753317e-06,2.215038722589243165e-06
4.421854240174782696e-06,2.402524159974686260e-06
4.302767387797872934e-06,2.596151680372434322e-06
4.166342919589587207e-06,2.795929538005360860e-06
4.014202739305852078e-06,3.006745460185726052e-06
3.838322131311046674e-06,3.227309598238922884e-06
3.633357755857610675e-06,3.457935462842767351e-06
3.396876751768210266e-06,3.693377233871174627e-06
3.126147363570062055e-06,3.925016206204362189e-06
2.831021031559023358e-06,4.136964824129106281e-06
2.527148423484866135e-06,4.323826931060712328e-06
2.224577448381988764e-06,4.484849108068965080e-06
1.927823345931373577e-06,4.622394810395220927e-06
1.638564229062907884e-06,4.738234251599543955e-06
1.358627212152298253e-06,4.833721125311160372e-06
1.089532870109986935e-06,4.910304847713010871e-06
8.325014926618871977e-07,4.969707222085935071e-06
5.881062830705342927e-07,5.013782075478917143e-06
3.564893125504603257e-07,5.044495656474527403e-06
1.370875698362457855e-07,5.063780023964146021e-06
-7.113913025040184627e-08,5.073490955495255202e-06
-4.614976488294997768e-07,5.069923411193908557e-06
-6.479391622684353765e-07,5.057773056775852296e-06
-8.317712173219223992e-07,5.039424237618396859e-06
-1.015920341074207789e-06,5.014955397137899651e-06
-1.203632026452172369e-06,4.983866410368226146e-06
-1.398292738879671815e-06,4.945049138629424502e-06
-1.603471735084713927e-06,4.896763999082606699e-06
-1.822624585406221603e-06,4.836601989851981215e-06
-2.059400239241748125e-06,4.761485648812892111e-06
-2.317630051610847029e-06,4.667186859290001052e-06
-2.602101957826429128e-06,4.546742676948331558e-06
-2.910543898023652674e-06,4.389993156860128558e-06
-3.231549330600159167e-06,4.195627881062630390e-06
-3.538448705829690204e-06,3.964615146665577958e-06
-3.816853722032512814e-06,3.716716335358908180e-06
-4.065378339526681230e-06,3.463250801249912081e-06
-4.284366185074148054e-06,3.211445549602501551e-06
-4.476442495064283579e-06,2.963853298359512870e-06
-4.648832883300523293e-06,2.724485133562057275e-06
-4.799122473453038987e-06,2.490232828883227903e-06
-4.929064334365479006e-06,2.262689211058102533e-06
-5.040417761574338740e-06,2.042803921817040660e-06
-5.135174175886741430e-06,1.831109658739574979e-06
-5.215360960093719872e-06,1.627480645847039376e-06
-5.283090679371850047e-06,1.431270411674094958e-06
-5.340334537820174972e-06,1.241141923531838008e-06
-5.388907748929595712e-06,1.055264636356337572e-06
-5.430310208885008920e-06,8.712101176316188946e-07
-5.465667970455453527e-06,6.861317832099881228e-07
-5.495651604566672614e-06,4.967590108757859221e-07
-5.520383209048446987e-06,2.995133760451058584e-07
-5.539436507726491939e-06,9.063280590025155986e-08
-5.551732585709260997e-06,-1.338186606290652703e-07
-5.555625483431342229e-06,-3.777214170737086765e-07
-5.548747431216704615e-06,-6.452266671582803296e-07
-5.527636366993919700e-06,-9.411115085535285190e-07
-5.485131667240299860e-06,-1.271941612991916256e-06
-5.409230308143322273e-06,-1.631764874863020529e-06
-5.295441374682969121e-06,-1.998699988958416913e-06
-5.149022876702683005e-06,-2.344323497057916034e-06
-4.988231076547190502e-06,-2.652114096684437646e-06
-4.823873067976897833e-06,-2.927281194001390068e-06
-4.660288430838995285e-06,-3.173264285012983857e-06
-4.497466960096159556e-06,-3.395426628250907843e-06
-4.336030339913982129e-06,-3.595844671625461298e-06
-4.176239845992599311e-06,-3.777471756067889558e-06
-4.018004986651138355e-06,-3.943044980768414196e-06
-3.860445423723542792e-06,-4.095506255673392395e-06
-3.702408375638675024e-06,-4.237434864641487402e-06
-3.542112093326875593e-06,-4.371236306099060456e-06
-3.377553891290481259e-06,-4.498914349056595026e-06
-3.206487196069024140e-06,-4.622052455074063903e-06
-3.026024818863617371e-06,-4.742147194877781701e-06
-2.833414725059216708e-06,-4.859741083629228043e-06
-2.626203262039507018e-06,-4.970822546968136804e-06
-2.404747085102781993e-06,-5.077192921738137874e-06
-2.167528201739891875e-06,-5.177892157413818199e-06
-1.913284673304911692e-06,-5.271800485918455649e-06
-1.641003731604988119e-06,-5.357392439919651561e-06
-1.350115342180087635e-06,-5.432969527274578867e-06
-1.040314766354593198e-06,-5.496479225802589277e-06
-7.113209011981632312e-07,-5.545528530665737868e-06
-3.598891067368622982e-07,-5.575848739717352125e-06
2.265017530856993819e-07,-1.224886681391318775e-07
2.626083998656584171e-07,-9.871986916028057822e-08
2.890396102801074041e-07,-7.492999685353061177e-08
3.031927480550370969e-07,-5.901512758364222250e-08
3.122883479174982385e-07,-5.894197194257613289e-08
4.023161544151986533e-07,-2.184259834429204279e-07
5.515569584260921686e-07,-3.552116511571925556e-07
7.614119155910661006e-07,-4.999184012072326612e-07
1.024292641912672462e-06,-6.507901057080637223e-07
1.331910341578076097e-06,-8.051605306197057237e-07
1.675957513816655022e-06,-9.603745741269882764e-07
2.048162198966008489e-06,-1.113797645167648217e-06
2.440311283331047701e-06,-1.262806265335639737e-06
2.844243729048907614e-06,-1.404728980610832263e-06
3.251574722595210391e-06,-1.536716771567653528e-06
3.652927584252439858e-06,-1.656088504713928841e-06
3.921766340010869718e-06,-2.073428665785569728e-06
3.791114460923168024e-06,-2.374663562495975127e-06
3.653577266446842873e-06,-2.660293628157455735e-06
3.510851190352450301e-06,-2.927521135017506517e-06
3.364403277248342708e-06,-3.175542545833564263e-06
3.216430504574165450e-06,-3.402910824496384118e-06
3.067829821924526458e-06,-3.610053724430542419e-06
2.920229864871077169e-06,-3.796613003268398955e-06
2.773791248611122875e-06,-3.963917859709963486e-06
2.629241812682176419e-06,-4.112433678226605229e-06
2.485807832556266461e-06,-4.243879768673632194e-06
2.343045993783380251e-06,-4.359426595712853767e-06
2.199460479828746532e-06,-4.460239725847492128e-06
2.052530675087424636e-06,-4.547567847259869101e-06
1.900202223961208276e-06,-4.623549704178900728e-06
1.740131592336297395e-06,-4.689064589553005688e-06
1.569522855563943705e-06,-4.744422258905958390e-06
1.385127729108106375e-06,-4.789441806776228270e-06
1.183400177432238454e-06,-4.823652531248137396e-06
9.606434807463140881e-07,-4.845820223188707538e-06
7.138352924730900956e-07,-4.854008425444445801e-06
5.006119872005621442e-07,-4.426217577529474992e-06
5.361245930991807793e-07,-3.983131125915903678e-06
5.590684038380368418e-07,-3.520832560977379649e-06
5.699926836452168413e-07,-3.047976487220427853e-06
5.686438359380051626e-07,-2.574571213983213780e-06
5.548089440858080479e-07,-2.111016820101026273e-06
5.283195278884813267e-07,-1.667867105897096352e-06
4.889968425189612881e-07,-1.255769582092738772e-06
4.365296040332499059e-07,-8.855152323108777343e-07
3.703785354558548595e-07,-5.686730094246697940e-07
2.904508438223867213e-07,-3.183897384426763424e-07
3.398094769581247877e-07,2.411940567874405666e-08
3.362650686658046720e-07,9.501326789042464281e-09
3.381353726832101341e-07,4.379863684921628759e-09
3.431193747247994990e-07,5.376622701182214412e-09
3.513440373790044700e-07,1.380499445936725887e-08
5.151739001428512984e-07,9.782913217368177429e-08
6.861381917502112886e-07,2.220325705240659704e-07
8.791885777859944292e-07,3.926398790674058614e-07
1.091550757087737205e-06,6.039116282081724175e-07
1.319338278077075082e-06,8.504799582612354259e-07
1.558377618302933390e-06,1.126848405410369986e-06
1.804389889196826416e-06,1.427375282951741253e-06
2.053034489010488531e-06,1.746311191198877358e-06
2.299926297122216891e-06,2.077814180823958517e-06
2.540684210132661224e-06,2.416013893976247115e-06
2.770937529812777339e-06,2.755461307605474882e-06
3.227850848364543546e-06,2.921943662900579532e-06
3.445335957501242504e-06,2.746225671909211638e-06
3.637580506026298601e-06,2.574536646591321145e-06
3.806930514413781387e-06,2.407296505798918237e-06
3.951165069806118493e-06,2.242030359554151399e-06
4.078396382406087497e-06,2.079061743719528608e-06
4.189678449533020845e-06,1.918927032312634962e-06
4.286245019588258956e-06,1.761412471329959367e-06
4.369181120603633522e-06,1.605959415905707989e-06
4.439541082913410858e-06,1.451696647475905060e-06
4.498166036749841440e-06,1.297502348773600814e-06
4.545718644427848863e-06,1.141980214940745544e-06
4.582615855796363848e-06,9.835218170298096655e-07
4.608972559954100799e-06,8.202942186741961885e-07
4.624627400277395692e-06,6.503158557690863961e-07
4.629017399307499399e-06,4.714520458175821507e-07
4.621275665912640987e-06,2.815048646000667684e-07
4.600073620432110291e-06,7.821252926018844312e-08
4.563770516141036513e-06,-1.406194580791721072e-07
4.510261024138362730e-06,-3.769814481704863875e-07
4.436996030468545842e-06,-6.317834338861531333e-07
3.957979118388741436e-06,-7.387141504364779783e-07
3.561888308377257130e-06,-5.901910771144404067e-07
3.157030055451678077e-06,-4.495170762525555246e-07
2.749783143938848211e-06,-3.183831060446251502e-07
2.347925505165114761e-06,-1.995871892236964745e-07
1.959612320762181482e-06,-9.590787134967843729e-08
1.593064080982076869e-06,-1.007786755076390720e-08
1.256528832827854574e-06,5.516964401065999835e-08
9.582992513197004440e-07,9.708375246895751289e-08
7.067467323116683698e-07,1.129281729195696120e-07
5.093145567296788707e-07,9.986892642263496581e-08
1.206924997858614884e-07,1.421873488773493877e-07
7.016419394978669024e-08,1.262216826904339871e-07
2.812887991484410985e-08,1.034634976161400320e-07
5.147815510088800909e-09,7.858165602921668563e-08
7.459235985997731381e-09,6.166815517369130544e-08
3.457554959062549601e-08,2.384144087788986536e-07
-1.553888607915810199e-08,4.491960619443473224e-07
-1.166782524832297506e-07,7.092186682081384212e-07
-2.625975933317453103e-07,1.010202347701221543e-06
-4.472209033518348252e-07,1.343788291346052279e-06
-6.646017957194748761e-07,1.701653063789937038e-06
-9.087653263427569541e-07,2.075352936510103167e-06
-1.173651427780741786e-06,2.456333890284343033e-06
-1.453090288786315544e-06,2.835998969617058846e-06
-1.740951395304213696e-06,3.205985883623326065e-06
-2.032502835906780781e-06,3.558645134819588382e-06
-2.109309088978134384e-06,4.062906320360491870e-06
-1.893074848009378515e-06,4.211016332727759226e-06
-1.688924307021354142e-06,4.332325171578415872e-06
-1.496335689722213057e-06,4.430235628470810155e-06
-1.313200646257397213e-06,4.507751614883217652e-06
-1.137019729395181709e-06,4.567516090069463926e-06
-9.652143509528380054e-07,4.611650596608660270e-06
-7.952283658132089160e-07,4.641762530902087118e-06
-6.246448494989073566e-07,4.658989957073777080e-06
-4.512458053059396683e-07,4.663976260537481802e-06
-2.730853434443575208e-07,4.656982614389496541e-06
-8.842346495794913179e-08,4.637847769794565022e-06
1.043018990350574305e-07,4.606127566791860693e-06
3.063580623229338615e-07,4.561140084391173763e-06
5.185547029452045998e-07,4.502025898648106389e-06
7.412442713682022248e-07,4.427845043625719549e-06
9.742831958646862346e-07,4.337587726790261763e-06
1.217101935762648657e-06,4.230359129733440377e-06
1.468665516975519449e-06,4.105326790142307766e-06
1.727502320762151910e-06,3.961989497698072726e-06
1.991247655372396616e-06,3.800087245457919612e-06
2.004726946586849590e-06,3.309543471045938057e-06
1.756404919264312801e-06,2.984576589975492134e-06
1.511679002431883174e-06,2.649509457099741202e-06
1.275101273683172665e-06,2.310526821363476594e-06
1.050971060292979194e-06,1.973795908916491381e-06
8.434646533939742420e-07,1.645320159700933435e-06
6.566996562513442359e-07,1.330993761519508143e-06
4.947462064498977463e-07,1.036622823056307201e-06
3.616469926821074862e-07,7.679831240556077943e-07
2.613000555700573870e-07,5.309950957940738782e-07
1.965101918233465531e-07,3.307855424810358220e-07
-4.151177301864745533e-08,-1.315920494803094839e-08
-2.110756038413705976e-08,-5.871624696745177347e-09
-1.266428641835199658e-08,2.263902831837657419e-09
-1.102625611080914577e-08,1.227613562647537838e-08
-1.736887061623141443e-08,3.258782623222078381e-08
-2.326343687240449829e-07,1.351125527085185656e-07
-4.788625402697663785e-07,1.555481503692087965e-07
-7.921313266592340224e-07,1.387190998774752069e-07
-1.162057181439410050e-06,8.826416469205842422e-08
-1.576863467578389701e-06,7.945326799842042538e-09
-2.024899848395714058e-06,-9.839725938177458817e-08
-2.494585851228082928e-06,-2.269430083497921803e-07
-2.974376409380272192e-06,-3.738816815625992505e-07
-3.452777845665811727e-06,-5.353799649097018930e-07
-3.918539213149855896e-06,-7.075745634091900341e-07
-4.361611306705659784e-06,-8.874800286573005836e-07
-4.878644134521831141e-06,-8.058910064671041225e-07
-4.957391386460627583e-06,-5.456840697076100966e-07
-5.014604040966945351e-06,-3.053614117685723507e-07
-5.052945505257217376e-06,-8.379856347147948711e-08
-5.074595722637882749e-06,1.217151232558123388e-07
-5.081177378888117056e-06,3.141890244746059437e-07
-5.073936673841081031e-06,4.967066432525972992e-07
-5.053550984293339641e-06,6.722329045375820902e-07
-5.020325336265569848e-06,8.435929597078221682e-07
-4.974103865454633383e-06,1.013327335208669587e-06
-4.914418487610628328e-06,1.183687029420523115e-06
-4.840525004690439567e-06,1.356508732038361667e-06
-4.751455722507550881e-06,1.533233273702788411e-06
-4.646197508506005988e-06,1.714808523556317452e-06
-4.523626337556344278e-06,1.901735077743657887e-06
-4.382833014982417082e-06,2.093992000832799380e-06
-4.222960973074526028e-06,2.291035303559718115e-06
-4.043681253698656070e-06,2.491396089405647555e-06
-3.837616322586130733e-06,2.693795584085507145e-06
-3.609558309087857636e-06,2.900095350337182907e-06
-3.359884906762290579e-06,3.108268537058272544e-06
-2.864298658122845448e-06,2.945260481469180121e-06
-2.612783496971448591e-06,2.568518403333063100e-06
-2.341850715766109559e-06,2.186787055784104454e-06
-2.058300931380608687e-06,1.809935332226682190e-06
-1.768829108019565440e-06,1.446710919824350636e-06
-1.479814273903972411e-06,1.105551186972377317e-06
-1.197512435130820718e-06,7.948281277046606446e-07
-9.281274179670752909e-07,5.228486871132863173e-07
-6.778437451728398981e-07,2.978030110952443519e-07
-4.527371427025540858e-07,1.275141123674868543e-07
-2.569269448586272835e-07,1.867947730578027491e-08
-4.242622813451053643e-09,-4.492326769586980676e-08
-1.050448221278460988e-08,-2.747362536765018856e-08
-2.194004186285602870e-08,-2.394980961777094470e-08
-3.724514171489197824e-08,-3.495832520911584024e-08
-5.509181857593149892e-08,-5.858238581527909328e-08
-2.020735749189201868e-07,-3.070189207106814534e-07
-2.892793987505828345e-07,-5.660202110131113354e-07
-3.626021468800717124e-07,-8.835841000809050119e-07
-4.234234227118913697e-07,-1.253520355903283116e-06
-4.714209863009256586e-07,-1.665490782478769066e-06
-5.066027510526446563e-07,-2.108625384129015599e-06
-5.291178923172571886e-07,-2.572191391981519249e-06
-5.391261545816831037e-07,-3.045637827707285857e-06
-5.367462663146116406e-07,-3.518532971594585920e-06
-5.221015504654497473e-07,-3.980334823665235576e-06
-4.957304880123671337e-07,-4.420510559645130937e-06
-7.680681914321549628e-07,-4.827915687241114513e-06
-1.069480091752143847e-06,-4.807588279295174758e-06
-1.355741715346421033e-06,-4.774287077887030474e-06
-1.625449769128441054e-06,-4.729244991257203898e-06
-1.878395955849436327e-06,-4.673541741245896128e-06
-2.114946026236515057e-06,-4.607934921910519237e-06
-2.335889160958314453e-06,-4.533154731671007080e-06
-2.542568056826360868e-06,-4.449535927755120463e-06
-2.735338064481594028e-06,-4.361292114416619982e-06
-2.913987069673896413e-06,-4.264469850517236541e-06
-3.080315744692869891e-06,-4.159047767330671990e-06
-3.236178013179684279e-06,-4.044032481391326822e-06
-3.383389314241575137e-06,-3.918214627987575023e-06
-3.523540625995687761e-06,-3.779917689377592587e-06
-3.657834101485658495e-06,-3.627530373970118648e-06
-3.787487753883392780e-06,-3.458688107902243586e-06
-3.912830081613827202e-06,-3.271717550903153410e-06
-4.034508275283674434e-06,-3.063871014073977420e-06
-4.151861370145086006e-06,-2.833821942051373875e-06
-4.264645834150126251e-06,-2.578998174489063422e-06
-4.371822521540912773e-06,-2.299279293157664498e-06
-4.026873423846546944e-06,-1.905777310150315624e-06
-3.566191499692592607e-06,-1.787565245176816931e-06
-3.089667058386125025e-06,-1.648982419273662448e-06
-2.609085332265660746e-06,-1.493770551526131340e-06
-2.136064131339393166e-06,-1.325743425493985322e-06
-1.682109762435005631e-06,-1.148627811542766520e-06
-1.258776920922493469e-06,-9.661301678973240526e-07
-8.776670587887090300e-07,-7.819716085074794780e-07
-5.503959922684103660e-07,-5.998821461290294799e-07
-2.885467174821876157e-07,-4.235350299473932355e-07
-1.030890481968328343e-07,-2.553312890176937387e-07
-1.191412501649994918e-07,1.415241220775541081e-07
4.733661629426942911e-08,-3.281202113722472903e-07
3.638839829163767210e-07,2.221647788117345630e-07
4.688046437893068811e-07,-6.360469088226413778e-08
-1.841605913095764627e-07,-6.626663848205301890e-08
-2.446503508994001862e-06,3.247520956174423174e-06
3.801851967516873383e-06,-1.197652752080613937e-06
2.174478231414420424e-09,-4.417191819007280993e-06
-4.187763730558109470e-06,-1.395424071384178975e-06
2.386218281171980140e-06,3.030504509337995564e-06
2.456920921468377045e-07,6.286850916301754996e-08
-1.820007366435832548e-08,2.437048270940335862e-08
2.800654498803938068e-06,3.602711477120721527e-06
-2.892654861767348650e-06,3.854417000285525215e-06
1.106148332365776335e-08,-3.517931612985470451e-06
-3.269839904254040777e-06,-1.091774862458199240e-06
6.246055366040584617e-07,5.862732309432499464e-07
3.716274396862499083e-08,-8.932300666783164644e-07
-6.812825879044838939e-07,-2.337704797829743588e-07
-4.028994060774226268e-07,5.114031193376467864e-07
8.680358222683764809e-07,-2.040397506454992045e-07
1.905925158167564325e-06,2.363904872615438287e-06
3.000685110002678220e-06,-9.272280631920190206e-07
-2.317723424127559043e-06,-7.771031193695824202e-07
9.909632407952406691e-07,1.094805290295808054e-06
-1.424011529425084800e-06,-4.810898362930079823e-07
1.976878252820287025e-08,-2.575017800343904799e-06
1.429251637647966254e-06,1.702757732319554840e-06
2.842914725706856682e-08,-1.671798120438517200e-06
2.200797283603390859e-06,-6.575635781153635339e-07
1.467939362904780493e-06,-4.093775514294211276e-07
-8.261072639330004401e-07,1.074458043214218863e-06
-1.897241184644147083e-06,2.510901771088348220e-06
-1.340518133168690575e-06,1.763429642632021555e-06
3.379529246663364651e-07,-1.114500573094215661e-08
-2.405324575580364986e-08,-9.606837911467617636e-09
6.978040289579996517e-08,-1.155230094448295839e-07
4.429615329546121031e-06,-1.429504035185429020e-06
-4.862311216085457199e-06,-1.642188058924123969e-06
3.422510916600619363e-07,1.595812424058975555e-08
-2.037637019064056602e-08,2.128613256446498800e-08
-3.833711242015321285e-06,-3.785558917803434216e-06
3.274891396133019642e-06,-3.793369611066720737e-06
-2.663367224871869331e-10,-5.085107637236327581e-06
3.618259882796189474e-06,-3.358355720546828585e-06
-4.126307913200463901e-06,-3.426093135143622787e-06
-1.710960471735875613e-08,-2.080558262913728201e-08
2.642834341321827712e-07,-4.181931598485035940e-08
-3.527266067473392241e-06,-4.078479848328392722e-06
2.932512860184728506e-06,-4.136074834241411236e-06
3.944167996409818915e-06,-2.828160645928477440e-06
-4.406000447059410329e-06,-2.979789021388423182e-06
5.258694907054871734e-09,4.249131916733898093e-08
1.193536789094696726e-07,7.801494452023621065e-08
-3.616189882548517499e-06,3.350539880762762671e-06
3.452444018158650522e-06,3.135446033254259059e-06
-3.205280578673260007e-06,-4.326473172153033106e-06
2.608920136081229515e-06,-4.402656830694623450e-06
4.218183440762153233e-06,-2.274310530027544934e-06
-4.652484810226071915e-06,-2.484869261430708533e-06
-4.028745833720540215e-06,2.944651121746995376e-06
3.798174480909118002e-06,2.784270522613602708e-06
-2.879171745550292950e-06,-4.531976437534016951e-06
2.322301938485503852e-06,-4.599946100805663581e-06
1.682469427660781033e-07,-6.460576590729092156e-08
-5.077422031834041992e-09,-5.984228628661762494e-08
-3.123263453658806803e-08,-4.167624804336226527e-08
3.350394813456820712e-07,3.112767535382622810e-09
3.298101939923168046e-07,4.856262891017006352e-09
-2.527141264167813468e-08,-2.136667299696334752e-09
-1.687183415061245085e-08,2.630723385528789138e-09
-4.433989318702189283e-06,2.496832929789783984e-06
-4.586793164973328150e-06,2.291538772821822318e-06
4.247108739677506929e-06,2.240517413258074780e-06
4.125367685187050194e-06,2.410250466008367120e-06
-2.471486232211523186e-06,-4.754019123011788737e-06
-2.259313802527909897e-06,-4.845187897765557945e-06
2.005238365522062007e-06,-4.790115588711330961e-06
1.849006355073712272e-06,-4.864533343593106136e-06
-4.723562135579946884e-06,2.072644004419771981e-06
-4.839152646658390809e-06,1.878287142548903848e-06
4.356025406566040284e-06,2.059274103785342370e-06
4.448811629332385275e-06,1.897134429166613572e-06
-2.012574016066873871e-06,-4.928143188061406341e-06
-1.768729437198555593e-06,-5.004115265576300757e-06
1.669879578593045167e-06,-4.932388635453996904e-06
1.492729427032615678e-06,-4.994911976725319030e-06
-2.589835420532374611e-08,-2.858048728521936439e-08
-4.255870692187674735e-06,2.727411643496558156e-06
3.982988424740599194e-06,2.601618046874128080e-06
-2.687326022060168812e-06,-4.656510948759261404e-06
2.169202014737254323e-06,-4.708336141177521175e-06
-4.940198694731640239e-06,1.673789619162426934e-06
-5.024380893886908459e-06,1.491579278915927902e-06
4.530728497123474554e-06,1.724421052827421047e-06
4.600213493961181802e-06,1.567844241791379833e-06
-1.487034873034938935e-06,-5.068507797689930422e-06
-1.208906810553163243e-06,-5.124414718199459994e-06
1.284245984573257147e-06,-5.050450446605412769e-06
1.071388478355931237e-06,-5.100954315847865933e-06
-1.548953541008147799e-08,9.339786940430878878e-09
3.382674636288426925e-07,6.745883672856895188e-09
2.245837135037526400e-06,4.060516947108263605e-06
1.974665020645406151e-06,4.218228418995546700e-06
-2.102112355851601195e-06,4.428444401610756757e-06
-2.340510642809218999e-06,4.295866488068777604e-06
-5.096148602931604231e-06,1.300075120352111396e-06
-5.155035700730450822e-06,1.126954638605573029e-06
4.660529477818393690e-06,1.399846468655016432e-06
4.711259122741611068e-06,1.244404003839750702e-06
-8.911382346802685949e-07,-5.164291881736599680e-06
-5.787965648572399040e-07,-5.193931425620700989e-06
5.483218197418186007e-07,-5.175604703667933611e-06
8.159180753124285476e-07,-5.141538018223317144e-06
3.163076527203187878e-07,1.424614409739365837e-08
-3.700525081057329394e-08,-3.692311361671226094e-09
1.686393720476779543e-06,4.360491503808929380e-06
1.426753557351459831e-06,4.478264038742326291e-06
-1.657878080581625486e-06,4.625777311937158312e-06
-1.863326784231504458e-06,4.539350306871914591e-06
-5.203465362538687283e-06,9.426010369364763799e-07
-5.242019106208323112e-06,7.714834883146045244e-07
4.788697394634898696e-06,9.140227989208450526e-07
4.753883749496437272e-06,1.074921801607875380e-06
1.155890279419900505e-06,4.580832722041729236e-06
9.145061242529909237e-07,4.662458889680268348e-06
-1.266831081274405931e-06,4.751520627296125813e-06
-1.449874818494331399e-06,4.696952428362652817e-06
-5.271058684274501219e-06,5.845346901762112550e-07
-5.291703918734077406e-06,4.050176623263612641e-07
4.815406080428171468e-06,7.348144437192345454e-07
4.834801481174066582e-06,5.601279625158853561e-07
2.545922536407615188e-06,3.875626888119682285e-06
-2.627760580719355654e-06,4.127627707675566278e-06
6.663390164104248916e-07,4.730225083634219814e-06
4.466847662478042044e-07,4.780967007362754470e-06
-9.052585302813227853e-07,4.826646235940581581e-06
-1.077366685397961288e-06,4.794997104498409770e-06
-5.302027005483051705e-06,2.028065270217446879e-07
-5.303545627368022838e-06,2.302275114714963786e-09
4.844628648271550197e-06,3.614339131004487185e-07
4.846210177982138345e-06,1.634941596364780423e-07
-1.113558212123713469e-08,-2.596799562087205640e-08
-8.298540414712379431e-09,-3.613256337122042754e-08
3.091391148241739529e-07,-3.678226041007656371e-08
2.945508051467866365e-07,-3.554131607679785209e-08
1.346535007548447023e-08,5.267842873720840337e-08
4.842338981518879438e-08,6.803144987131392395e-08
2.225535199828482195e-07,4.819825421134535719e-06
2.415351700850159754e-08,4.845413015075511830e-06
-5.494537725118061171e-07,4.862215556108736906e-06
-7.217329621888303678e-07,4.849206590434333575e-06
-5.291596114787106598e-06,-2.294075922372168320e-07
-5.268304538516218482e-06,-4.642216237922979644e-07
4.834938745808251877e-06,-6.526195595518800469e-08
4.812931878117591812e-06,-2.962844428301348219e-07
4.717410491692418917e-06,-8.395733175578150910e-07
4.772535168770385922e-06,-5.656780636254679565e-07
-5.225437919745898053e-06,-7.396689767342092139e-07
-5.166529883440360234e-06,-1.021917335530319284e-06
-1.789129905542782160e-07,4.861014591445135945e-06
-3.606127049743168127e-07,4.866179388910217660e-06
4.638059093806520480e-06,-1.165616232267970011e-06
-5.081316413900404586e-06,-1.363047953825883916e-06
-5.141723082251626545e-09,-1.537869464430474009e-08
-2.364397971845817635e-08,-5.111858297880465363e-08
3.351180127864283097e-07,-4.818348279883815910e-08
3.116851108050684503e-07,-1.478094440108585549e-08
2.233591723036212599e-07,-4.958086633369566528e-06
3.495531808025201462e-07,-5.299618737206412336e-06
-3.615869617517353198e-07,-5.318516034794918737e-06
-2.276914488312485224e-07,-4.956864983189934917e-06
-5.136330417091224568e-06,-1.637065169951426296e-06
-4.812022183158711472e-06,-1.359661056620822270e-06
4.379623586480469457e-06,-1.163435263686411429e-06
4.693722293078005731e-06,-1.425607193763888088e-06
5.265104088673439457e-09,6.041631909362327521e-08
3.818408468595416568e-09,2.292173747432202324e-08
6.773263526677333234e-08,3.645848323432788603e-08
9.289903753445282090e-08,1.059881209512220308e-07
-4.193724796384927126e-10,-5.328238033971319233e-06
2.744558177838518636e-07,-1.739616304962620594e-08
2.880456911329043148e-07,-5.289610990751064737e-08
-1.676730480795847515e-08,-2.579325225344437999e-08
-7.723473341833887952e-09,-1.299732483043540074e-08
-1.033938154464479053e-08,6.265860686264882782e-11
3.277243131788605367e-07,-7.232672807120453502e-10
-1.241249472981844439e-08,-1.360280610435172823e-08
-2.731346155256316324e-08,-2.888140985531223806e-08
2.625825483817554111e-07,-6.897315084159907848e-08
2.236394415840045142e-07,-4.942398568963539066e-08
2.233211929595282136e-07,-8.579880298169604113e-08
-1.937927533976540871e-08,1.999103271651123869e-08
-9.827337568991868491e-09,7.723406519590306661e-09
3.374517362154533568e-07,5.555823792138262379e-09
3.412411578448322682e-07,1.474024347290001780e-08
3.111440982386489999e-07,5.339977007774622389e-08
2.697267694841640852e-07,1.543424963587698832e-08
-1.525868056730362689e-08,2.090346653422917723e-09
-5.426515734050938582e-08,1.005656150398317360e-08
2.396210169295152196e-07,-2.398660179964979202e-08
1.865914902204828718e-07,-2.923536074370932296e-08
-4.813672067095589962e-06,-2.163940188068634478e-06
-4.660544460163715819e-06,-1.818407743935054342e-06
-5.008828220295407499e-06,-1.999113095803538033e-06
4.384785703618281801e-06,-1.938620798309786433e-06
4.576071185444486559e-06,-1.775333354876421225e-06
4.235010215997229254e-06,-1.594535103539590382e-06
2.304428675933095578e-06,-4.735660122607500720e-06
2.186438060243050109e-06,-4.573422581212580473e-06
-2.713473013707721632e-06,-4.492958777214352570e-06
-2.855703258173906235e-06,-4.693221072914881568e-06
3.987622584089707908e-06,2.792506167068233985e-06
3.799724440643657742e-06,2.589469205512405740e-06
-4.033262411573781081e-06,2.711810959197613282e-06
-4.257633478754838711e-06,2.956514818262377511e-06
-2.903173104969803867e-06,4.126667108027775406e-06
-2.608697506412064759e-06,3.863808736654962821e-06
2.528074018418043763e-06,3.609411429123151782e-06
2.815406751715604565e-06,3.869636547545596674e-06
-4.893736540812368370e-06,-2.414352237377478941e-06
-4.565394019158113054e-06,-2.244763955837541405e-06
4.131561112380149164e-06,-2.018945571325624542e-06
4.469036592719281400e-06,-2.197556388311737472e-06
1.771869379508990854e-07,-1.060345313167286632e-07
-3.311169058932110571e-06,3.641025545300601590e-06
-2.990130540634439326e-06,3.583050826094343560e-06
-3.215044228713430923e-06,3.908205675548902399e-06
3.185914918553065899e-06,3.399510507836850253e-06
3.102985991795652230e-06,3.650181826968581479e-06
2.890211340174948654e-06,3.346462134072639562e-06
3.224384637917298629e-06,3.120042677839169836e-06
3.422931369667463712e-06,3.405744498844549142e-06
-3.576775817592697802e-06,3.652079945742329228e-06
-3.356947978072277080e-06,3.333561664788796892e-06
-9.842167106487355577e-08,-4.390425373856137451e-07
-4.764299947177986986e-08,-2.176889809140617265e-07
-8.214259801331382995e-08,2.760744298077972517e-07
-2.085326237137069248e-08,1.242707060600950094e-07
5.075342714318565990e-07,2.279642368894400470e-07
3.811471362662332371e-07,1.095153095841037105e-07
5.104057520325412306e-07,-1.876142235748548345e-07
3.838436680692918405e-07,-9.779960113137639578e-08
-3.157764539818126547e-07,2.235100275769105203e-08
-1.268721770078967621e-07,3.206537038421227387e-08
-1.241200630835166472e-07,4.143622789228814828e-08
-2.625292895612358490e-07,1.421743741312553982e-07
1.483330042014399694e-07,-2.317789854032765409e-07
1.867096903503580488e-07,-4.422172282076089947e-07
4.236217944870788057e-07,1.849142581762458513e-08
5.753085853463351857e-07,6.955581758735021709e-09
2.512093115506689564e-07,2.031719174601161894e-07
3.231330720661842252e-07,3.626775123036993653e-07
-8.032359253747119170e-08,-1.085770872960622263e-07
-2.366234539012797855e-07,-2.171793790559967795e-07
-4.029639845672610941e-09,1.484388258814993072e-08
2.036886054320676565e-07,3.584375637891456564e-08
-2.525042966832352777e-06,2.913565380844568643e-06
-2.775895879483853544e-06,3.274405596453427234e-06
-3.882569730462039523e-06,-1.583382338069747279e-06
-4.322697946517649881e-06,-1.708470168363567954e-06
2.599858544603840418e-07,-4.203415446702578022e-06
2.369095265341784393e-07,-4.630189834227653993e-06
3.682269714148128194e-06,-8.991176938636784313e-07
4.071582277408913720e-06,-1.041619321702887849e-06
2.074980883105407575e-06,3.006205188244070729e-06
2.316490487728023633e-06,3.327416707395911503e-06
3.920210197466618383e-06,-1.484987154777534699e-06
3.529205992166302374e-06,-1.363148184770958381e-06
-2.379205519045020045e-06,3.571333671284003232e-06
-2.101204511184970238e-06,3.224649488056429291e-06
-2.374578279018933809e-07,-4.625420686146510947e-06
-2.512039585893714908e-07,-4.201298021055150561e-06
-4.483979542980363855e-06,-1.225223584590703982e-06
-4.053339372040784533e-06,-1.061600057334010103e-06
2.689727043548966929e-06,3.058464348071198494e-06
2.461100653334014494e-06,2.726627735123246040e-06
1.567685829564439390e-09,1.988864908177840482e-08
1.381510037330053339e-07,3.920423146481690914e-08
-1.915754856513087056e-07,4.868604708162613165e-07
-2.403733496528792314e-07,2.978426024182238820e-07
-4.393455541123870766e-07,3.049891288076972070e-07
-1.417794162301359554e-07,-7.253476508277760953e-07
4.200055486714458997e-08,-5.778001282589218123e-07
2.203451587233189375e-07,-7.263146902307540785e-07
7.007084363124707953e-07,-2.933964140082741704e-07
6.387037208160141406e-07,-1.241755129539827844e-07
7.880950789884908993e-07,-2.903917468683247638e-08
6.641128856675723601e-07,3.932735140802477580e-07
4.786362477684801122e-07,3.832929863619500082e-07
4.297797477118913914e-07,5.634408287059021778e-07
-5.809262372143338617e-07,-1.884759434765010560e-08
-3.956158586790986083e-07,-1.378411122530231468e-07
-4.737867766354300491e-07,-3.455753497897480209e-07
2.895948546829262627e-07,1.262643938688977208e-07
2.105602387571120790e-07,1.127306413532636802e-07
-4.956292252453602518e-08,6.237439962381435931e-08
-1.901096374199013781e-09,5.650844412282578078e-08
-9.810512176499733602e-09,9.179533814189388826e-09
-2.445683819949478449e-08,1.836654086937341202e-08
3.421841113751397695e-07,1.313011588725775548e-08
3.343933489323712921e-07,7.118178755865974822e-09
-3.812162766803312851e-06,-3.624614043272473351e-06
-3.952679124688351860e-06,-3.440985210658150204e-06
-3.976068603179822199e-06,-3.610915777913478418e-06
3.248229804408713931e-06,-3.602447298005761373e-06
3.441100052280901694e-06,-3.582598377999447792e-06
3.412675354296231262e-06,-3.378983474760509533e-06
-3.676157262120218782e-06,-3.781663263145097565e-06
-3.678212248483456927e-06,-3.934397121958138270e-06
-3.525903317790376240e-06,-3.930137882613689617e-06
3.093075709919173002e-06,-3.792891317697442572e-06
2.928174611332164068e-06,-3.970324515237601224e-06
3.097702244275614031e-06,-3.970309183569665109e-06
3.567443887254642237e-06,-3.146870146199416769e-06
3.777052034096175168e-06,-3.100089338720487332e-06
3.723429825645957368e-06,-2.876911481184578614e-06
-4.083226732357171049e-06,-3.248691732021012761e-06
-4.214576248373497146e-06,-3.020637162910959215e-06
-4.261479981276619677e-06,-3.210940427735395109e-06
-4.683493258377152092e-08,2.433840639416482292e-08
-3.569729712312375366e-08,3.903990460615586840e-08
3.590806330097354558e-07,1.573092840032838811e-08
3.526433991027713096e-07,2.906047020605878149e-08
-3.381010102416508035e-06,-4.060943269032315676e-06
-3.366403647443917120e-06,-4.202687914490365589e-06
-3.220572849365917602e-06,-4.184521636318417099e-06
2.777256577871542692e-06,-4.122186851855365158e-06
2.620067791374750526e-06,-4.260481028660620810e-06
2.765564460617484135e-06,-4.273333154545837359e-06
3.870219916680409340e-06,-2.604399645599679723e-06
4.078894716705011700e-06,-2.556049928916684492e-06
4.002549193435531896e-06,-2.324052608628253171e-06
-4.339237028186946904e-06,-2.783723245833263223e-06
-4.453140696622854674e-06,-2.531026170957493935e-06
-4.525230531330341364e-06,-2.741333353102419079e-06
-3.060430749653731565e-06,-4.296160328889276733e-06
-3.044569740747171536e-06,-4.428020690820777556e-06
-2.896059494777055662e-06,-4.396283036748966469e-06
2.473547253883092733e-06,-4.379431047835510355e-06
2.333066705432158729e-06,-4.480668401602331246e-06
2.462695422301715107e-06,-4.503275183884692050e-06
3.446280600009059731e-06,2.935250432203774377e-06
3.625832672789786663e-06,2.767477555853559099e-06
3.631839380466894112e-06,2.953216765325399659e-06
-3.611006351379825758e-06,3.121437409489560429e-06
-3.827811879887227634e-06,3.142369478816357867e-06
-3.822948300319697913e-06,2.924362629000225069e-06
3.281175704488650750e-06,-7.587212789421834778e-07
3.405300342207315975e-06,-1.063678717629918985e-06
3.126078354293655797e-06,-1.232335770598632056e-06
-2.256481599553654374e-06,2.539103052257832196e-06
-2.176051504528607067e-06,2.885029299753951641e-06
-1.818272647876277192e-06,2.859265909803975923e-06
2.770028455307003429e-07,-3.751375755953760395e-06
6.577889650146989799e-09,-3.978346424378928173e-06
-2.591924226384284569e-07,-3.750152917187078973e-06
-3.417807627730116511e-06,-1.442927802950151200e-06
-3.739038824541023579e-06,-1.246890347844147217e-06
-3.595778317108750095e-06,-8.971232511337326484e-07
1.831249361178983728e-06,2.674051142351445782e-06
2.147851650094117599e-06,2.699628871104280948e-06
2.222985803045356071e-06,2.389976817836085111e-06
2.610066374339633954e-06,-4.542917430452857767e-06
2.464197184816460145e-06,-4.638082741771437455e-06
-3.205571415160020645e-06,-4.473565027768832446e-06
-3.044740963901516103e-06,-4.578618598266310973e-06
3.648930007322561181e-06,3.184669587795086619e-06
3.814791946192232957e-06,2.999237297332049300e-06
-3.842974411711959059e-06,3.409101915533668832e-06
-4.043952555200476289e-06,3.198022089550225508e-06
2.599138193757762215e-06,3.325164758104050592e-06
-2.680200759874511628e-06,3.563486712477906503e-06
-4.609960053585671351e-06,-2.952056095893559780e-06
-4.743480445080903176e-06,-2.710787126111324316e-06
4.174155745076710341e-06,-2.793219859036758198e-06
4.316834394159583490e-06,-2.519389183504941126e-06
2.941197846486498794e-06,-4.294472215954254436e-06
2.774198915920732471e-06,-4.422513095154670093e-06
-3.535014631721174292e-06,-4.225422862078815939e-06
-3.374200284327225341e-06,-4.349209628906966874e-06
1.474907569678458607e-07,1.171376376223523029e-07
1.791426661915541295e-07,7.506078614812454672e-08
1.393216911478883503e-09,3.702916788476971150e-08
1.043179034750844486e-08,6.093379412655879459e-08
-4.307867875070296444e-06,-3.409468443609096429e-06
-4.455545105348167369e-06,-3.192695116717468260e-06
3.832061245737279540e-06,-3.335435054113565697e-06
4.001982064175510437e-06,-3.075547697650825116e-06
3.291848574691032131e-06,-3.976728358452362321e-06
3.114034072980101076e-06,-4.142100109831151064e-06
-3.848228311512334393e-06,-3.942514808680565014e-06
-3.692534340681815636e-06,-4.086409645463834929e-06
-1.977439359529575648e-06,2.160998354569280573e-06
-1.694481033998443215e-06,1.788376823579050139e-06
-1.616677957530614786e-06,2.134129333681590924e-06
-1.536029132247924636e-06,2.483471143774024696e-06
-1.260233406440055927e-06,2.105734994921000636e-06
2.080504433579395221e-06,-3.709940396607911569e-07
1.707880147791498153e-06,-2.613506107661029033e-07
1.821883509867346150e-06,-5.294576049464132267e-07
1.935251238986440024e-06,-8.138089171280877879e-07
1.572283131410930699e-06,-6.743746592147650275e-07
1.589819071953009735e-06,2.337525645161534926e-06
1.355099963656072892e-06,2.002814718798812990e-06
1.664932927681188181e-06,2.029623466393295832e-06
1.980007365509749540e-06,2.054527962002445788e-06
1.736604399679985128e-06,1.726124347799742880e-06
-1.777944386510465808e-07,-1.069006090371276265e-06
-2.072020890028226943e-07,-1.460024251450237381e-06
3.275442915312322587e-08,-1.261538844067707150e-06
-9.107947934914125047e-07,-8.887387444122594581e-08
-1.293640922529413583e-06,-1.837152382710576278e-07
-1.027964003673603921e-06,-3.494590076998649480e-07
2.476172335162962386e-07,-1.070023221365759394e-06
2.683956868828590156e-07,-1.461183715497349571e-06
-7.801253062162821910e-07,-4.884494131041574689e-07
-1.143875916855620649e-06,-6.421695488248929227e-07
2.320672289187784060e-06,-9.550347819513478355e-07
-8.848530963952120139e-07,7.889680581561829755e-07
-1.141983834410713197e-06,1.093940591279861155e-06
-2.570840311080335808e-07,-2.809511743585346233e-06
-2.467718206340033305e-07,-2.340989928792591602e-06
1.362747121310352907e-06,-1.659973290763204774e-07
7.337326380028131885e-07,1.069129243626553393e-06
9.228826082007634318e-07,1.362757928537003175e-06
-2.643571817405683175e-06,-5.790374690746543666e-07
-2.171619831856363156e-06,-4.325885598917292860e-07
2.410115475748847344e-08,-2.113187656531677134e-06
-2.301694178485705025e-07,-1.887616780808796216e-06
5.680166186054802611e-07,8.007840369955581933e-07
-1.413918401978516675e-06,1.429870008304193785e-06
1.203185242878999350e-06,1.389211209005084185e-06
1.131385359080601559e-06,1.675924584678619444e-06
-1.857795595862217106e-06,-6.248924928941645267e-07
-1.717787028894256355e-06,-2.995523115303860625e-07
-6.486430641547433514e-07,5.232538162167999911e-07
-3.122111167179787502e-06,-7.351235543806819734e-07
-1.074944301291685060e-06,1.407383181624459521e-06
2.720354986416925510e-06,-1.095414721165230147e-06
1.053378877251192573e-06,-8.764904483506608598e-08
-2.611882298648798846e-07,-3.282700872392574062e-06
2.827072659751213225e-07,-1.888811366393094825e-06
-1.553417466211141454e-06,-8.030139308737148068e-07
1.497155184871662648e-06,1.410655638651627859e-06
8.453571627795145971e-07,5.996912114090501476e-07
2.906412118280991266e-07,-2.342183853556471398e-06
-3.438140511479477348e-07,7.465936540223096142e-07
-1.997137840295540755e-06,-9.672403442236434339e-07
-2.940858988228990241e-06,-1.290910187835861006e-06
-9.970100869474113275e-07,1.734669247616594910e-06
2.877258632555169889e-07,-3.283847401018226570e-06
1.265977837513071361e-06,1.113951105259222605e-06
2.875309882956765938e-06,-6.223381524626073281e-07
9.467123724369464590e-07,-4.115070099594726135e-07
-6.000941432162732559e-07,7.730307967279836939e-07
7.967423622227576657e-07,8.252764720740953214e-07
2.922868405844938186e-07,-2.810690887301839468e-06
-2.463461491398030490e-06,-1.131112953941338565e-06
1.047323081479662784e-06,8.417505275603537291e-07
-7.524982087073461560e-07,1.378834062758336882e-06
2.472382758546087819e-06,-4.922216496721156633e-07
2.596461032266420379e-06,-7.910264462771667913e-07
1.240008326113736739e-06,-5.393857040031990266e-07
-2.792243302177327070e-06,-9.339695601818595455e-07
-5.327678461714531737e-07,1.046689282988590523e-06
1.543247348751459130e-08,-3.046736347493267321e-06
1.147224301225479492e-06,-3.000078885871370996e-07
-4.002124790153152568e-06,-3.780440862259343746e-06
-4.153552294560800486e-06,-3.605287194143198488e-06
3.472053032351350595e-06,-3.784383486620758845e-06
3.650915822529623936e-06,-3.572758203238983164e-06
9.940363139972151101e-08,-3.368137852663041694e-08
3.803247762122627184e-07,-2.878071570812631346e-08
-7.507106696655652125e-08,-2.691074047337583233e-08
4.125275462802120138e-06,-1.318028008440088969e-06
-4.541928978925301715e-06,-1.525427424243264045e-06
6.522092587887564684e-08,-1.982264838238903622e-07
-9.051623566006368897e-09,-1.205358652622751244e-07
1.360134463234128940e-07,-1.378607485581553568e-07
-1.159819739190155529e-10,-4.767081730790725655e-06
1.231459715251293886e-07,-8.813080524837417829e-08
4.587699491530914229e-08,-5.501686300388223812e-08
