Size 899,2
0.000000000000000000e+00,0.000000000000000000e+00
0.000000000000000000e+00,0.000000000000000000e+00
7.495728398810773220e-09,-1.080762426602360026e-06
-3.358957415699544734e-08,5.508092036790873979e-07
4.835282488513775645e-08,-3.766670709862246635e-08
6.458727465205658635e-08,-1.955561759846887917e-08
7.250924481306338177e-08,-9.858292389200235986e-07
6.722214104483986484e-07,-3.246701277918721953e-07
6.899204079502397236e-08,4.614290483133697096e-09
6.451355677226462962e-08,2.501371620894525312e-09
7.257311383318091425e-07,-1.995253082831247468e-07
3.668403866112215608e-07,2.891617745205809499e-07
4.447471108630262204e-08,1.735460299877092350e-08
-6.817167001953835574e-10,7.146048423950620542e-09
2.621062569262037207e-07,3.716612651499844585e-07
-2.557143957047330660e-07,4.117527974310581896e-07
-1.001167158521308623e-08,-8.035161331356360024e-11
-1.238414965236705919e-08,6.136344893878718130e-09
-3.648271036921287710e-07,3.228690510849779755e-07
-7.739191435637937049e-07,-2.270157460442775665e-07
-6.377214889945015456e-09,-2.215521985319590855e-08
-1.718849790023874056e-08,-3.026515259505326045e-08
-7.189284408420656799e-07,-3.594012566784908134e-07
-5.701420649429346443e-08,-9.845073288911779367e-07
3.178470142577884938e-08,0.000000000000000000e+00
4.875357981617966873e-08,0.000000000000000000e+00
5.642318986874169934e-08,0.000000000000000000e+00
5.925534533851154022e-08,0.000000000000000000e+00
5.823531047391933912e-08,0.000000000000000000e+00
5.900362938522236654e-08,0.000000000000000000e+00
6.112741779142803273e-08,0.000000000000000000e+00
6.140589375604851583e-08,0.000000000000000000e+00
5.979760273933718408e-08,0.000000000000000000e+00
5.627179781934496292e-08,0.000000000000000000e+00
4.782998776079937300e-08,0.000000000000000000e+00
3.539577203869072619e-08,0.000000000000000000e+00
1.990080019324927297e-08,0.000000000000000000e+00
0.000000000000000000e+00,0.000000000000000000e+00
0.000000000000000000e+00,0.000000000000000000e+00
0.000000000000000000e+00,0.000000000000000000e+00
0.000000000000000000e+00,0.000000000000000000e+00
0.000000000000000000e+00,0.000000000000000000e+00
0.000000000000000000e+00,0.000000000000000000e+00
0.000000000000000000e+00,0.000000000000000000e+00
0.000000000000000000e+00,0.000000000000000000e+00
0.000000000000000000e+00,0.000000000000000000e+00
0.000000000000000000e+00,0.000000000000000000e+00
0.000000000000000000e+00,0.000000000000000000e+00
0.000000000000000000e+00,0.000000000000000000e+00
0.000000000000000000e+00,0.000000000000000000e+00
5.565626416549840953e-08,-1.075374015868643914e-06
9.698838121978319937e-08,-1.064394346506176466e-06
1.265910455176454480e-07,-1.054120440910615290e-06
1.512212102809850174e-07,-1.044576868100147744e-06
1.723419299855106609e-07,-1.035924940899758790e-06
1.912539892091965574e-07,-1.028057754671202474e-06
2.093304308173798661e-07,-1.020663814449683704e-06
2.276459150500719111e-07,-1.013296553719049436e-06
2.472280103756285182e-07,-1.005358759664791634e-06
2.692247665279253565e-07,-9.960805820617312880e-07
2.946505912234959243e-07,-9.857963396832958742e-07
3.240555999094527388e-07,-9.723153584959030722e-07
3.579327363946329164e-07,-9.543284098524714766e-07
3.956680420447838362e-07,-9.312378670263806404e-07
4.370899329557653721e-07,-9.021847305829570868e-07
4.812410650447744117e-07,-8.666937054381724005e-07
5.273014296206360876e-07,-8.243995997302157994e-07
5.739304919033416718e-07,-7.754072194875286096e-07
6.198418676647412064e-07,-7.200055747016091281e-07
6.635202358654390862e-07,-6.590502386406260314e-07
7.034515220770615004e-07,-5.936856942575662169e-07
7.381702980382336056e-07,-5.255074324207418590e-07
7.660046490964172109e-07,-4.569488213765409630e-07
7.861486944507836380e-07,-3.899360997923226064e-07
7.989473464052065843e-07,-3.287476099985730024e-07
8.036736617572478668e-07,-2.734130717621731440e-07
8.027078094080334648e-07,-2.274583914085593672e-07
7.959214889424640141e-07,-1.942206297929721349e-07
7.882585883956160079e-07,-1.747430145696720778e-07
7.813485964252113148e-07,-1.636611434083431107e-07
7.759499798612896630e-07,-1.580069865508495028e-07
7.723971931635240414e-07,-1.555758719034495484e-07
7.706936768339805087e-07,-1.541326143616748071e-07
7.705663855403754814e-07,-1.518336373865921254e-07
7.714844344887324131e-07,-1.471037633149327580e-07
7.727576695627882850e-07,-1.385978143327144043e-07
7.735481775986054294e-07,-1.254590600190247219e-07
7.729610829618314434e-07,-1.069223984352708663e-07
7.700813972839861222e-07,-8.283870916542269708e-08
7.640224948767707678e-07,-5.303609809151920743e-08
7.540048454454141823e-07,-1.799667413310113698e-08
7.393441915114524275e-07,2.190916495103540181e-08
7.195748061553194198e-07,6.570102791108582274e-08
6.943718853788349020e-07,1.125787125859174051e-07
6.636881995375093876e-07,1.613134772676714837e-07
6.275385786404803596e-07,2.109811090745275439e-07
5.873287546385508078e-07,2.606079667495525137e-07
5.417452891873545833e-07,3.082239875744396397e-07
4.926521035837628910e-07,3.515328129397596109e-07
4.421830939913828756e-07,3.891879295435631291e-07
3.933966074844804947e-07,4.208702454499230679e-07
3.462521626812797974e-07,4.476863858009213965e-07
3.010799967774773334e-07,4.713068307399538396e-07
2.584671340971923098e-07,4.905357062432265016e-07
2.188193031721217630e-07,5.062165947883226275e-07
1.817941509444548467e-07,5.188715463136417254e-07
1.471960447767907722e-07,5.288876493635661433e-07
1.150590069497549423e-07,5.365847422001188402e-07
8.521176598539408860e-08,5.422886816094566173e-07
5.764295864790671982e-08,5.462910580217103311e-07
3.214412201190210895e-08,5.488831597598557340e-07
8.617502483760720773e-09,5.503345118752701510e-07
-1.321851731783562115e-08,5.508987240928460540e-07
-5.285584456583885721e-08,5.501743526182540797e-07
-7.134727346795089020e-08,5.490685239919507768e-07
-8.948974504573646124e-08,5.475864383134595683e-07
-1.077692149968322319e-07,5.457628275680849560e-07
-1.267333088420537762e-07,5.435376324137864952e-07
-1.470504824209284022e-07,5.407567756558799323e-07
-1.693619272679297872e-07,5.371469639447184086e-07
-1.944959380113328080e-07,5.322965283989894437e-07
-2.231381639145100320e-07,5.256612229581004030e-07
-2.563158539963177924e-07,5.164873671665884768e-07
-2.957519767316605541e-07,5.035415215027110693e-07
-3.412838808433994294e-07,4.846568380964208488e-07
-3.919675038925046704e-07,4.607858092327469485e-07
-4.457431546070747330e-07,4.294642267127449387e-07
-5.022875494985316001e-07,3.901682935639538556e-07
-5.577845961415615510e-07,3.435976093884376515e-07
-6.097801517914302801e-07,2.913458868211862965e-07
-6.559151283965383371e-07,2.361858017112939728e-07
-6.974720104994572093e-07,1.805111061547093849e-07
-7.328687161129317512e-07,1.255714824992778613e-07
-7.620304304424225929e-07,7.253206956949392272e-08
-7.849848903713741138e-07,2.285046652511850160e-08
-8.020920509369395416e-07,-2.253206328684097741e-08
-8.138742400613524985e-07,-6.247606454000793908e-08
-8.211062146239353243e-07,-9.655133815795536311e-08
-8.246669261622266136e-07,-1.241982525743886048e-07
-8.255550732878588100e-07,-1.456077718827234009e-07
-8.247949942519454764e-07,-1.609323783474282942e-07
-8.233849315073102654e-07,-1.710222788583591909e-07
-8.222537205290238394e-07,-1.768063878716725561e-07
-8.221628720965374439e-07,-1.797595501389612856e-07
-8.236952840431177782e-07,-1.815768043765180455e-07
-8.271497399288010590e-07,-1.842485287481122105e-07
-8.325261649896602848e-07,-1.901503654883381772e-07
-8.394695996106117714e-07,-2.016220104195023451e-07
-8.471803238598057808e-07,-2.217930177994504628e-07
-8.539093644888842001e-07,-2.565552281453747989e-07
-8.541860262955583147e-07,-3.045285733512484692e-07
-8.475744944468493281e-07,-3.614262194339183263e-07
-8.324082177482211720e-07,-4.220629560544109991e-07
-8.109117414232471857e-07,-4.851962090716456892e-07
-7.833612342013283738e-07,-5.482237370687343132e-07
-7.505746776271981477e-07,-6.098374042762308045e-07
-7.137693525583511455e-07,-6.684343303906801242e-07
-6.741051505246869111e-07,-7.228912341806064424e-07
-6.327210721053563814e-07,-7.725066254331803913e-07
-5.907194358733546021e-07,-8.167885536643693813e-07
-5.489771515077120496e-07,-8.556757037037259574e-07
-5.083857958248855845e-07,-8.892265326785560778e-07
-4.694204365503703751e-07,-9.178218837788168283e-07
-4.326311470873279935e-07,-9.418981078795509117e-07
-3.980107147456981584e-07,-9.621226225417766436e-07
-3.658156196900820493e-07,-9.789806963271549671e-07
-3.355590251871279798e-07,-9.933892077569270767e-07
-3.068113632121274904e-07,-1.006505803007083313e-06
-2.788477115798522797e-07,-1.018213100147096727e-06
-2.509283586809155029e-07,-1.028934409301192841e-06
-2.223712298878302991e-07,-1.038960610102041394e-06
-1.925287421460121021e-07,-1.048466211322354625e-06
-1.606008415540310181e-07,-1.057514144464397773e-06
-1.259170306891757627e-07,-1.066036269740783041e-06
-8.769921838957334220e-08,-1.073797947230677628e-06
-4.174727385580898370e-08,-1.080378081584615646e-06
5.392049000769288535e-08,-3.157169059005874195e-08
6.145691499419768043e-08,-2.420888069409091480e-08
6.616480110857064829e-08,-1.727384251235378441e-08
6.793069122503290280e-08,-1.274777583675129455e-08
6.772934323537323481e-08,-1.199777905569605422e-08
7.882513869222321412e-08,-4.725336790558341238e-08
1.047729572973398227e-07,-7.478896956181673324e-08
1.413924525135772236e-07,-1.031866532259961672e-07
1.870467498016748193e-07,-1.321209013638986756e-07
2.400141791348064138e-07,-1.611018388983548888e-07
2.985952548742523274e-07,-1.896400529839246677e-07
3.611381732424825635e-07,-2.172599455648319700e-07
4.260377732104486082e-07,-2.435033972540435154e-07
4.917807673378840930e-07,-2.679444173347095004e-07
5.569852386697693305e-07,-2.900869118082981209e-07
6.186567443549253371e-07,-3.085573679334586662e-07
6.407053231494261403e-07,-3.808318741458974792e-07
6.076442493893330973e-07,-4.413774987082923144e-07
5.726882633106475604e-07,-5.035246195199752870e-07
5.363332360643680700e-07,-5.653752199874968632e-07
4.992180148258950697e-07,-6.252152947747905245e-07
4.621979646949493155e-07,-6.816211535242084005e-07
4.259124030949723667e-07,-7.337177919369556744e-07
3.912561825554241119e-07,-7.806473187715133998e-07
3.586695054811228396e-07,-8.222880537082013005e-07
3.288406390680546110e-07,-8.582745759096287824e-07
3.018414640342452493e-07,-8.889685711713978612e-07
2.779937514588845637e-07,-9.145023732784436801e-07
2.570015688882020923e-07,-9.352157746804441210e-07
2.380223561505669420e-07,-9.519306136886667192e-07
2.211162124053373277e-07,-9.638667265317984092e-07
2.046386275743660606e-07,-9.733717812040444025e-07
1.881307481938800097e-07,-9.806221439532700897e-07
1.706941603383374949e-07,-9.858054953223285158e-07
1.512672613389839298e-07,-9.889973719448106927e-07
1.287950324877085411e-07,-9.901462085728553350e-07
1.018298268435522342e-07,-9.890056766736156813e-07
8.802700127808611957e-08,-9.196374334682835418e-07
1.002904766925412841e-07,-8.452284828759979318e-07
1.098816717983776693e-07,-7.620354802837757588e-07
1.167010531760200383e-07,-6.722399024088144217e-07
1.205579771753874189e-07,-5.782242625210234663e-07
1.212689037811556391e-07,-4.825580395947032962e-07
1.186479523269033557e-07,-3.879585439146852007e-07
1.125098770845630811e-07,-2.972994314560033065e-07
1.026700714584210983e-07,-2.135872260889486682e-07
8.888656804152468022e-08,-1.399615939185037068e-07
7.070959845399539263e-08,-8.046677785932454697e-08
6.496511658748762318e-08,1.639308450137756095e-09
6.402071053577003927e-08,4.745021063420463989e-10
6.373062827586806014e-08,1.907899045277441686e-10
6.381716471982313806e-08,4.383335701641080899e-10
6.401625990630445705e-08,1.416567815535484971e-09
7.725041890596203635e-08,8.444391009960984978e-09
9.126650591444395547e-08,1.696831570061856883e-08
1.077533794397853797e-07,2.822734543845878270e-08
1.270457045449565102e-07,4.282978137173865324e-08
1.491633552499150472e-07,6.107425129627414412e-08
1.740408883028918687e-07,8.312561827204325582e-08
2.015415978712290121e-07,1.090511763930702496e-07
2.314554749831265275e-07,1.388163433158412390e-07
2.635122231124584723e-07,1.723014442515607895e-07
2.973430294956480694e-07,2.093309597004813916e-07
3.319300278801262866e-07,2.490715863954833116e-07
4.111111759837556130e-07,2.462707309213633131e-07
4.553996770105685437e-07,2.031123266596973344e-07
4.987267527992522852e-07,1.594990387825611370e-07
5.404625411033261772e-07,1.164213224630680128e-07
5.775049641560646398e-07,7.456550618077145764e-08
6.112541417896309644e-07,3.438778991795843601e-08
6.412708817348862521e-07,-2.959455608998868806e-09
6.674612989107243914e-07,-3.692439392218026426e-08
6.898017903836100823e-07,-6.666908628919874737e-08
7.085064536211582517e-07,-9.202233065410872067e-08
7.238013997526215453e-07,-1.124929852143196632e-07
7.360603172384371011e-07,-1.283530763543476265e-07
7.456196692449522861e-07,-1.395998755852408738e-07
7.528427804520484438e-07,-1.469702650396595188e-07
7.579997572992943835e-07,-1.510448933307164398e-07
7.612611699655471312e-07,-1.529871398719913223e-07
7.626311584578690187e-07,-1.539978099958903278e-07
7.619112964143110924e-07,-1.555659040254855280e-07
7.586361975802096721e-07,-1.594841074191918857e-07
7.520918094651366064e-07,-1.673968992539857981e-07
7.412185955297001018e-07,-1.813945127454268659e-07
6.631102920428911151e-07,-1.676628661721436185e-07
6.015479810900417909e-07,-1.401458570286453048e-07
5.381435443390933000e-07,-1.133675581464561634e-07
4.728021163444418697e-07,-8.771734823256911734e-08
4.070356348405507780e-07,-6.385360094330872584e-08
3.424190633166751861e-07,-4.234146957348871503e-08
2.805207010492896695e-07,-2.374826042141261134e-08
2.229532644041194748e-07,-8.658556169545086676e-09
1.713749391278224877e-07,2.326723531941066382e-09
1.275075883331751096e-07,8.574775344845755922e-09
9.324957073869275456e-08,9.393797336530532065e-09
3.282493876520320307e-08,2.188678086025161974e-08
1.980258821938461680e-08,2.233666941025284804e-08
9.342475871542824387e-09,1.933509396344013326e-08
2.106545880303048970e-09,1.440605025780014482e-08
-3.934388067800667664e-10,9.743516359794657162e-09
-1.326366303927285941e-09,1.562707485124333496e-08
-5.887171878145085267e-09,3.027226227331958440e-08
-1.459661800089345658e-08,5.042826281095163743e-08
-2.724193578406530458e-08,7.569409968671525079e-08
-4.379304990901595251e-08,1.058124662310261894e-07
-6.416459698087578251e-08,1.404081832860581913e-07
-8.819104008454496398e-08,1.789961406109628020e-07
-1.156332244917201943e-07,2.209876297202833580e-07
-1.461578302575197440e-07,2.656608992090800674e-07
-1.792910463308788578e-07,3.122311692545238081e-07
-2.149640219041956690e-07,3.607624791467482482e-07
-2.276295876065314860e-07,4.365647787693764445e-07
-2.009964338881305005e-07,4.567708687742598522e-07
-1.773441518881068138e-07,4.724394723211612284e-07
-1.560183303830805704e-07,4.844290902592172134e-07
-1.366744872657830999e-07,4.933946202626014721e-07
-1.186397926424899576e-07,4.999328243847262069e-07
-1.015126972668405411e-07,5.044646900445139355e-07
-8.475848546330703359e-08,5.073230888427447347e-07
-6.798950228205102163e-08,5.087257380023611850e-07
-5.083253645914946256e-08,5.088035601806325287e-07
-3.296035846577198305e-08,5.076119393131646208e-07
-1.414759011408277017e-08,5.051270376678173681e-07
5.922749748185397313e-09,5.012691607574844238e-07
2.739149292880389157e-08,4.959172748371700635e-07
5.051728294607383522e-08,4.888980946002008347e-07
7.531210056621803176e-08,4.800142568261031883e-07
1.019753762815067933e-07,4.690069508148953951e-07
1.304226096025623646e-07,4.556196017939486858e-07
1.608159432956977532e-07,4.395121212556149697e-07
1.929929748097660103e-07,4.203720128505033382e-07
2.270520696497087600e-07,3.977832709884351014e-07
2.281394098298682252e-07,3.237467383539840648e-07
1.983684223301189304e-07,2.790719402234825689e-07
1.712401271804417356e-07,2.373154879583928693e-07
1.467100087759148408e-07,1.983493602128023708e-07
1.249548674148975595e-07,1.625900709234257813e-07
1.060279542866352017e-07,1.303711544646861653e-07
8.989525477813546618e-08,1.019042871444158015e-07
7.644829958080923137e-08,7.729776969203100427e-08
6.550118727476822573e-08,5.655331853032818096e-08
5.681878815555433110e-08,3.958670433897089312e-08
5.023695729767001394e-08,2.650493206246871255e-08
-6.683449721332345714e-09,2.298865930150401917e-09
-5.973259158065873563e-09,2.324223630242019712e-09
-6.112764476212834209e-09,1.813787683491005351e-09
-6.716300474712434595e-09,1.338743863095099439e-09
-7.740533233863736718e-09,2.268559150030252073e-09
-4.192993124982571074e-08,1.309509011613436272e-08
-8.335956863742778342e-08,1.310967194765836757e-08
-1.361566538298717733e-07,6.500011718830125475e-09
-1.979658650052058387e-07,-5.880612227765770101e-09
-2.666039176992279078e-07,-2.324756666334692227e-08
-3.399507446455304487e-07,-4.484952760871893651e-08
-4.159316697088798739e-07,-6.995179336811544346e-08
-4.925165972336356250e-07,-9.783683973012776555e-08
-5.676711591874467725e-07,-1.277902750369814053e-07
-6.394282448633899328e-07,-1.590138038463111664e-07
-7.072594856232151644e-07,-1.909601810468640355e-07
-7.900545626558434122e-07,-2.086300779680386687e-07
-8.015018930148783008e-07,-1.941366402895387355e-07
-8.084020621125905060e-07,-1.859065811300962540e-07
-8.118196995356908397e-07,-1.817641569994018882e-07
-8.124722302751013837e-07,-1.799522821495485236e-07
-8.108180506594320612e-07,-1.785680664234847785e-07
-8.070351922267431314e-07,-1.759966585876359772e-07
-8.010872742922965050e-07,-1.709520695573184500e-07
-7.927597651465104492e-07,-1.621547667437713559e-07
-7.817347537984352086e-07,-1.489830669966578292e-07
-7.675931442968770834e-07,-1.306159751272555550e-07
-7.499533433633465012e-07,-1.070716493892268112e-07
-7.283945439442728476e-07,-7.804411587355749366e-08
-7.026718477244973574e-07,-4.409931333692447463e-08
-6.725595370704443386e-07,-5.435642648250501502e-09
-6.381143802261956431e-07,3.698275473042576815e-08
-5.994839320723261198e-07,8.251355733898580286e-08
-5.572151234332416293e-07,1.298449524747075122e-07
-5.100198401006449434e-07,1.783673629039268413e-07
-4.614449362969539156e-07,2.273131925491177222e-07
-4.124954055450639832e-07,2.754578156685867374e-07
-3.284988684100758937e-07,2.794551246603917088e-07
-2.911434588806518923e-07,2.344335124220963402e-07
-2.530614098134963652e-07,1.912270863127382920e-07
-2.158933687340537583e-07,1.513656957259554495e-07
-1.802906356099588104e-07,1.153713379430963694e-07
-1.467900368392476071e-07,8.373176989975093531e-08
-1.158747361553986155e-07,5.685851963091754847e-08
-8.795509356972753134e-08,3.506088789481497492e-08
-6.337170844059527125e-08,1.855433109422176944e-08
-4.240681343325706840e-08,7.444078269635029870e-09
-2.505415929530300051e-08,1.404491605735894192e-09
-9.740718493897007448e-09,-1.341220436726564932e-08
-1.004553215127669704e-08,-1.315217716397258797e-08
-9.548282001874336107e-09,-1.520825668297127315e-08
-9.054216724324796844e-09,-1.936327734412338895e-08
-9.864887536799435594e-09,-2.371767824052025395e-08
-4.244681874123510868e-08,-7.995435707133351538e-08
-6.126995885541188839e-08,-1.407453848792883033e-07
-7.612321902699255753e-08,-2.142044026165258539e-07
-8.711271451843373044e-08,-2.978755805786379832e-07
-9.439067125018939117e-08,-3.885384931059770001e-07
-9.814890444546836158e-08,-4.831392835044063898e-07
-9.857544605225180566e-08,-5.788050692317061135e-07
-9.585689143456696902e-08,-6.728200431286159272e-07
-9.017814495790619324e-08,-7.626263739739073313e-07
-8.170884679573106456e-08,-8.458411720051377565e-07
-7.052122145639927958e-08,-9.198310335939424543e-07
-9.278043980516910348e-08,-9.855934859571365521e-07
-1.279167633575148793e-07,-9.848337794536235270e-07
-1.599476759318246606e-07,-9.819050309733199545e-07
-1.895448157086164195e-07,-9.769370515006650365e-07
-2.172302470174590593e-07,-9.699602140561977973e-07
-2.436216653112048399e-07,-9.609357955173515448e-07
-2.692458958249513184e-07,-9.497495350171544273e-07
-2.944374252251030932e-07,-9.362842567339355170e-07
-3.201836474257584576e-07,-9.192682553584974521e-07
-3.465129343877881999e-07,-8.989010189071111638e-07
-3.740269165887068021e-07,-8.746496249219705604e-07
-4.030020098252647603e-07,-8.462252810276539936e-07
-4.333222544250537744e-07,-8.134671013131027743e-07
-4.650299811071754093e-07,-7.760460237999623109e-07
-4.977249199558580353e-07,-7.341417231217143313e-07
-5.311754680386617009e-07,-6.877425415301983101e-07
-5.647839492506392565e-07,-6.373988065268879906e-07
-5.981448190661388658e-07,-5.836478547194891209e-07
-6.306282098171810622e-07,-5.274997325538521985e-07
-6.617994523944547542e-07,-4.701372755741247167e-07
-6.913108145944693241e-07,-4.130867306083538312e-07
-6.584830651555823816e-07,-3.448230941137847286e-07
-5.888033876802973531e-07,-3.266408454895306349e-07
-5.140861521526931840e-07,-3.036916450333953591e-07
-4.377144458993877865e-07,-2.774769703680700021e-07
-3.615327574863453848e-07,-2.486376689197269487e-07
-2.875199118067754477e-07,-2.177519577514103716e-07
-2.177427619040800600e-07,-1.854282121118030411e-07
-1.543149369001366937e-07,-1.522920334284293561e-07
-9.939805607327399369e-08,-1.189826795964063018e-07
-5.517475225331404024e-08,-8.613814745608252537e-08
-2.374181008048535595e-08,-5.421786471655131931e-08
-1.196740278902955509e-08,7.050257658340731454e-09
1.448397555524544890e-08,-7.500044011350957952e-08
6.329916286871305523e-08,1.652701710485188100e-08
8.236206028420205232e-08,-1.796031294054407459e-08
-2.843097274416914963e-08,-1.936305534421223679e-08
-2.722002697976001428e-07,3.196049912023605942e-07
6.419731983249392335e-07,-2.395112513322323586e-07
8.733969080274409949e-09,-9.231721746788665982e-07
-6.846928630709404202e-07,-2.694813509592397477e-07
2.800268486135427050e-07,2.855627670133141959e-07
5.132965733282135078e-08,4.727320109833564687e-09
-2.907263018187847000e-09,1.134104000088482347e-09
3.411161069542767774e-07,3.703843080329117517e-07
-3.367365372995326821e-07,4.092793902684948134e-07
9.854684053431949800e-09,-7.642734841660279730e-07
-5.416461270287229559e-07,-2.160035103605791487e-07
8.589678704091801738e-08,4.134878398785062843e-08
1.326271853606608120e-08,-2.107323152351158736e-07
-1.147559615464971636e-07,-5.528984085714199702e-08
-3.787715908415525450e-08,3.293538415836182254e-08
1.538128867894259576e-07,-4.962470473109662379e-08
2.167323488881743465e-07,2.039043993930829128e-07
5.153365767518797819e-07,-1.907894917680633076e-07
-3.882882702931120614e-07,-1.591768048525161624e-07
1.187351011851892153e-07,8.036998009289622547e-08
-2.404684018435495823e-07,-1.038099098941401439e-07
1.099128966893603974e-08,-5.789440439826835496e-07
1.624856357705255063e-07,1.347447499257955459e-07
1.212876833043317369e-08,-3.869759287878465604e-07
3.835312156352163784e-07,-1.404025564128654784e-07
2.587320163496842599e-07,-9.195213719754094341e-08
-7.883088184492857800e-08,7.992929744624369701e-08
-1.990883764149387594e-07,2.277141282869588653e-07
-1.334363893401663532e-07,1.460501287634173242e-07
6.110089221092667973e-08,-4.434500387305752204e-09
-2.450024347617267704e-09,-4.665391976427982948e-09
1.723677416187316595e-08,-2.590472885720969277e-08
7.357048473215992559e-07,-2.724183579208587202e-07
-7.838615800848107554e-07,-3.044610637063610565e-07
6.301625155387638992e-08,2.184482836934266119e-09
-4.521856984189612856e-09,2.568002241418315595e-09
-5.422669635991985110e-07,-7.765634903593666658e-07
4.743811690284918545e-07,-7.804603157594711477e-07
8.884501811969152744e-09,-1.019338235167666384e-06
5.593763531108290489e-07,-6.714439930539397610e-07
-6.192437426628493386e-07,-6.790711561911792172e-07
-6.376780611017215437e-09,-9.180653521941897167e-09
6.097873678711614094e-08,-9.046645908565626797e-09
-4.662142454204008055e-07,-8.522529646792976895e-07
3.927187945917474390e-07,-8.634876229406341788e-07
6.376448159281643906e-07,-5.426108760035715815e-07
-6.900705675870653306e-07,-5.633859634578205516e-07
-4.275875621584727045e-10,4.614302590658544788e-09
3.015793229733827280e-08,1.008977005013890680e-08
-4.636450408302836712e-07,3.219410683196728209e-07
4.576392925097112740e-07,2.887438714544335367e-07
-3.977678161205980228e-07,-9.080235544436766274e-07
3.240151964558872700e-07,-9.216686127640058924e-07
6.975130125392224159e-07,-4.203952201770774297e-07
-7.452852001191074210e-07,-4.509284339509595045e-07
-5.537555518690658737e-07,2.329914105949446693e-07
5.376607850212485630e-07,2.082789054202362405e-07
-3.420458336107507185e-07,-9.457909492239105148e-07
2.743647121477388212e-07,-9.577392939922129930e-07
4.216683803117114760e-08,-1.607383587779576699e-08
-2.192024394330043964e-09,-1.356456615974897124e-08
-7.979893967467416921e-09,-1.347988586719538403e-08
6.243038474030013925e-08,-8.262060643216194143e-11
6.142460188010064134e-08,-1.333096967676636575e-10
-4.448010610522697348e-09,1.602038010967922921e-09
-4.305489365186229532e-09,1.451872548177882471e-09
-6.488610024619973226e-07,1.277523551661370774e-07
-6.851828771614166921e-07,7.954041898026987041e-08
6.525933698517946366e-07,7.194858962173381272e-08
6.209745823943035573e-07,1.145897898892960115e-07
-2.865692182751784259e-07,-9.780147039128661158e-07
-2.611630890433599070e-07,-9.895405026972893541e-07
2.326972124186671410e-07,-9.844969046451357095e-07
2.158084445515555540e-07,-9.932876348587441466e-07
-7.171465516145373009e-07,2.946768094692757619e-08
-7.430982324964246980e-07,-1.296802470843966124e-08
6.803359496231371900e-07,2.778125437975682323e-08
7.028139172618368887e-07,-9.561862120741875376e-09
-2.331396881714339247e-07,-9.994351889481198405e-07
-2.063734312265526925e-07,-1.008167094863153891e-06
1.980514118545404780e-07,-1.000700673918438685e-06
1.813872639727808739e-07,-1.007246159758506688e-06
-6.698615787963980366e-09,-1.188421784695107665e-08
-6.065123967179944712e-07,1.821725505445040740e-07
5.840102945910655273e-07,1.629007082630632179e-07
-3.144763571012503094e-07,-9.647429321800861297e-07
2.526670723555136693e-07,-9.739132095685804588e-07
-7.644544906408084046e-07,-5.432602146650204206e-08
-7.806991609517872254e-07,-8.736776377422174938e-08
7.212564774342988521e-07,-4.587228366708898633e-08
7.352501858341587931e-07,-7.480348188804917704e-08
-1.757377958578641222e-07,-1.015462382448941624e-06
-1.451731637457431143e-07,-1.021869772522794609e-06
1.618851133386502935e-07,-1.013033059106383571e-06
1.413116030954263919e-07,-1.018492299761439194e-06
-4.676252303793690344e-09,1.286385625601761480e-09
6.297273600834053428e-08,4.387561633267353408e-10
2.606178987415321998e-07,4.346233244159900011e-07
2.241691052661181487e-07,4.549126231696527857e-07
-2.262078386881388086e-07,4.857279606173220132e-07
-2.568402079854380502e-07,4.696879420748758248e-07
-7.930210963947722470e-07,-1.171428923647177336e-07
-8.016651367216312440e-07,-1.389942647977017337e-07
7.458233764045909071e-07,-1.007818715334745626e-07
7.532160146293206089e-07,-1.197471572954361260e-07
-1.091334199433133425e-07,-1.026630588018148995e-06
-7.174219540645146040e-08,-1.030402497624425033e-06
8.467442747562843682e-08,-1.027519975683519848e-06
1.149768028578604578e-07,-1.023231159553272875e-06
5.957478250525338527e-08,1.238512610229027071e-10
-5.247603114532196147e-09,6.415270498702555287e-10
1.870066363719317483e-07,4.724708048385855403e-07
1.547544107623363649e-07,4.865164813317745318e-07
-1.737000231791603634e-07,5.075233914780626956e-07
-1.972326603601848665e-07,4.983016178472065868e-07
-8.076307262194909854e-07,-1.565562194294912218e-07
-8.114971511501033660e-07,-1.677058738872101772e-07
7.615985552568172030e-07,-1.443242518707667837e-07
7.583002764093806081e-07,-1.348635692151509552e-07
1.221937714359652692e-07,4.983245752706095076e-07
9.403331757849282862e-08,5.074659196408963060e-07
-1.320147732871563767e-07,5.197422901200984352e-07
-1.510547610346101417e-07,5.146024573103953638e-07
-8.140669205363576013e-07,-1.749976566422373073e-07
-8.158465135125804462e-07,-1.784297300263590468e-07
7.638230646670677915e-07,-1.503491482989917771e-07
7.654170829927478503e-07,-1.530274822652092840e-07
3.035263912267461703e-07,4.098953937879140725e-07
-2.976193103438794675e-07,4.483161609301653404e-07
6.586975710038393808e-08,5.148383928233753832e-07
4.159034778225634609e-08,5.202453841288828400e-07
-9.600994430556671829e-08,5.262973237589622447e-07
-1.129460965381796829e-07,5.235953723396522681e-07
-8.173555712765747687e-07,-1.800321169957728370e-07
-8.187090965500954428e-07,-1.811563830931080559e-07
7.668510918264209843e-07,-1.541555879596118099e-07
7.681994817954279215e-07,-1.550349588408822619e-07
-6.816151623802604346e-09,-8.796633670827138077e-09
-5.137635383595460628e-09,-1.043025796788838965e-08
6.320233341390158032e-08,-9.068006665646035430e-09
6.452380946711248975e-08,-7.409856628178132190e-09
2.419559284829946852e-09,7.688191281662572662e-09
1.202010530279066742e-08,1.121717788851627894e-08
1.743484855254761452e-08,5.243051617055841465e-07
-3.423537089083613346e-09,5.269655951312612235e-07
-6.124612086978891405e-08,5.291113610035631151e-07
-7.809529073781031713e-08,5.281201113042102675e-07
-8.199535045388027255e-07,-1.840620730129057621e-07
-8.206453036731593589e-07,-1.903550638343349206e-07
7.695065716860016230e-07,-1.577483548707344423e-07
7.703202595996505875e-07,-1.638084651115834613e-07
7.675735712964468346e-07,-1.962911058132933263e-07
7.699532451621167604e-07,-1.764762283004943924e-07
-8.200417286013675030e-07,-2.034613905798821800e-07
-8.173073507955814926e-07,-2.239727603640665591e-07
-2.428093322920641010e-08,5.286234155981336174e-07
-4.255820620834842873e-08,5.292778535056065452e-07
7.626130808303127551e-07,-2.344914675916404485e-07
-8.119086281088429612e-07,-2.641346958326305362e-07
-1.798116794506558933e-09,-4.296314271173161126e-09
-4.002132964238660469e-09,-1.408058271634896323e-08
6.240397693617440323e-08,-1.268576675443640570e-08
6.025969639668399913e-08,-4.081186659956092485e-09
4.203471886567175007e-08,-1.002257959871826856e-06
5.766722315128307987e-08,-1.044179164250351925e-06
-4.247982535415216573e-08,-1.047124812255524119e-06
-2.489605172694580384e-08,-1.002057764682469483e-06
-8.207583005926229747e-07,-3.035423751658607140e-07
-7.781690752594260405e-07,-2.635401229548238805e-07
7.298631165293098559e-07,-2.338482474391653676e-07
7.716794002302395223e-07,-2.720097076473535668e-07
1.757459994452212902e-10,8.867281020287654544e-09
2.852390378578485617e-10,2.479140056369850922e-09
1.697350958811390379e-08,5.658021045504134604e-09
2.449517082503093879e-08,1.630521094072270588e-08
8.338085031800735888e-09,-1.049059140469706294e-06
6.052214355267217008e-08,-3.587697906335028565e-09
6.549521749370594965e-08,-1.145337035839539169e-08
-8.758979619702604420e-09,-1.184244894520089274e-08
-3.657158219728515751e-09,-4.752755629005119073e-09
-9.224206107011199761e-10,-1.318401094420216633e-09
5.986920257829636231e-08,-1.237307666153362310e-09
-3.861502536156522341e-09,-5.562737275154825177e-09
-8.267361167578099867e-09,-1.436990272188809837e-08
6.159964317777753587e-08,-1.613882412907986693e-08
5.378046024096854871e-08,-1.161682751921427603e-08
5.385565063728995095e-08,-2.136136760390082814e-08
-6.324745281857234474e-09,1.832515373235615037e-09
-2.428750556062992439e-09,8.897981746321813252e-10
6.216116644397612090e-08,6.494326366545795516e-10
6.393667257409395746e-08,1.200390490550163346e-09
5.886708799194596264e-08,3.362140372929777702e-09
5.352002361828918144e-08,4.851035227647141699e-10
-2.125898347217737645e-09,2.787183232482976894e-10
-6.737085348392444907e-09,1.420141303140768359e-10
5.589844805274171004e-08,-5.206827999691309102e-09
4.578438288256549390e-08,-7.069807412902495140e-09
-7.748233662843907099e-07,-3.887773022318060490e-07
-7.523633725817618138e-07,-3.317609171416936222e-07
-8.054509116809812157e-07,-3.606677279575409680e-07
7.278225078622966432e-07,-3.552947221672425561e-07
7.578810993632036222e-07,-3.274306454312439799e-07
7.050865810971473284e-07,-2.981386170995485603e-07
2.717186301659836306e-07,-9.782925294806972552e-07
2.549079213516020793e-07,-9.541457363849929865e-07
-3.175506628798419749e-07,-9.406579303642920514e-07
-3.387700692346930246e-07,-9.703419600251433342e-07
5.834921741922269182e-07,2.095144071909939917e-07
5.388440697732386060e-07,1.613411668778397558e-07
-5.552802264520393080e-07,1.804220336734231287e-07
-6.056906110997518001e-07,2.344147370822193943e-07
-3.389953723073201219e-07,4.492397696192091164e-07
-2.948487584022840751e-07,4.100959656236615980e-07
3.008542910119590451e-07,3.706710838235600572e-07
3.437706967738611035e-07,4.103492163894977048e-07
-7.898568549028897175e-07,-4.361514401464859642e-07
-7.311094315544603432e-07,-4.031225400169720802e-07
6.833834852413373797e-07,-3.700257675880776468e-07
7.434678945725047614e-07,-4.045825912100508988e-07
4.450766528964827611e-08,-2.604904434949657186e-08
-4.046607097017327065e-07,3.759247231297094646e-07
-3.505922811674710469e-07,3.671309355800031996e-07
-3.886609946786841365e-07,4.185353807405148060e-07
4.043431084532743071e-07,3.388114351518092867e-07
3.899783376955605381e-07,3.793813618317229460e-07
3.537823559544818312e-07,3.303112181234311984e-07
4.115010703285761661e-07,2.885798055233360123e-07
4.496099375966271882e-07,3.402144016512873162e-07
-4.543650077938199070e-07,3.776037068861315016e-07
-4.128241305211388867e-07,3.218828753088769907e-07
-1.816748772728090111e-08,-1.050731918352039289e-07
-7.723912054411102215e-09,-5.013700871076643265e-08
-9.676223691460265370e-09,1.649078511205735309e-08
-3.992826889686798148e-09,7.162655067450657390e-09
7.592381499266244743e-08,1.668277063321034626e-08
6.497589726450793743e-08,7.974839870519875754e-09
9.261560543052971794e-08,-4.207111214608704048e-08
6.956600915825923410e-08,-2.270300983564353158e-08
-5.207175726710652277e-08,-6.580658281954913258e-09
-1.933824944611729208e-08,-1.184223715943976216e-09
-1.244545524516655402e-08,1.215187711155141753e-09
-2.486585119887074758e-08,7.284982877621582161e-09
3.694899811767926166e-08,-5.284629689251163901e-08
4.657114675961765897e-08,-1.047200646133666743e-07
7.478783510339834890e-08,-2.218790997029641006e-09
1.017438742349064104e-07,-7.558902701941537300e-09
5.332697784219094391e-08,1.689570992781899693e-08
6.037634594582641495e-08,2.693345232112993231e-08
-1.275548615609700869e-08,-2.537517675401616024e-08
-4.068414366700573408e-08,-4.759068493089786231e-08
-1.090370762320419569e-09,8.068516515963652856e-10
4.441320066728616301e-08,2.838040758079336174e-09
-2.816228539842939773e-07,2.764921099467299793e-07
-3.179177433778439765e-07,3.220882129523743255e-07
-6.382246199676766243e-07,-2.964840286296634535e-07
-7.031083115652966220e-07,-3.162976320835552801e-07
5.127810252949673016e-08,-8.860007589439293502e-07
4.453426141491995686e-08,-9.560829576984211773e-07
6.219150901180983392e-07,-1.912996886272039213e-07
6.841344162275136357e-07,-2.173561602941221612e-07
2.382424020443458798e-07,2.822042465746740254e-07
2.710825432622492647e-07,3.275210270065051903e-07
6.583911388302397318e-07,-2.830389683980764087e-07
6.003831335497695034e-07,-2.637723820282201703e-07
-2.633768565432920645e-07,3.651200686382108029e-07
-2.253455824275617747e-07,3.157085900470339197e-07
-2.752731899370830680e-08,-9.555045345818446487e-07
-3.330772531638398921e-08,-8.862620002816815464e-07
-7.301809501873300674e-07,-2.455590971806190192e-07
-6.623496766929836882e-07,-2.164852458519142240e-07
3.224346614034939675e-07,2.880367667428007241e-07
2.888873270812973021e-07,2.464733756691608160e-07
-4.446161424676756861e-10,1.573293635546303798e-09
3.290100292344993562e-08,4.339671605401455342e-09
-1.958498902678014718e-08,3.165566944783077878e-08
-2.299048250703944202e-08,1.730006501169492792e-08
-4.089240145081025608e-08,1.800810071604344147e-08
-2.696439944433897265e-08,-1.730956330078155953e-07
1.388093831724184918e-08,-1.361869743363414694e-07
5.408052259639059709e-08,-1.727195984411137138e-07
1.264948333409422741e-07,-6.403356055745211073e-08
1.130417976747049466e-07,-3.213768131985475567e-08
1.394655365232632296e-07,-1.743119102270621077e-08
8.914088484763147532e-08,2.775336804262399354e-08
7.337332789737555603e-08,2.732906553257612493e-08
6.985101708241840025e-08,4.055550242351345878e-08
-9.762319250834945213e-08,-1.744433478744556361e-08
-6.557990158717122677e-08,-3.535429132589361391e-08
-8.164941345339098957e-08,-7.284588626213656625e-08
5.662337468226964383e-08,9.785136128181826727e-09
4.785465302980551373e-08,1.039518575784309356e-08
-6.039145844090355865e-09,2.734217530282468172e-09
-1.917846683183694562e-09,3.769898793111771746e-09
-1.330136786791614858e-09,7.887902787421991167e-10
-3.385987960653284314e-09,1.220766750974519587e-09
6.193850696692166402e-08,9.666358515423223038e-10
6.074157618498533793e-08,9.269211890606512843e-10
-5.371018059354122540e-07,-7.334247292878164627e-07
-5.742150824251340055e-07,-6.834308366177868031e-07
-5.796631745835079376e-07,-7.292680606325226161e-07
4.688225302083270695e-07,-7.326510806111500337e-07
5.155476508212946132e-07,-7.276862708699199846e-07
5.096643167042794258e-07,-6.766114990790848257e-07
-5.022695332390429254e-07,-7.761033710969824341e-07
-5.026513761510088019e-07,-8.159584487822384642e-07
-4.658393483047659071e-07,-8.155889143016206942e-07
4.310129317710435411e-07,-7.803293645834487572e-07
3.923379755225825265e-07,-8.240760131348069820e-07
4.313887864820855102e-07,-8.240354202299276443e-07
5.483195221242841805e-07,-6.191580492125167650e-07
5.981902218313322843e-07,-6.076845309876876591e-07
5.870239884764191197e-07,-5.542167799047123023e-07
-6.090765107134050736e-07,-6.320934918342370871e-07
-6.438938961845461140e-07,-5.736763969872549521e-07
-6.542628574399539662e-07,-6.220170193407407545e-07
-6.580594553249421171e-09,6.778948874782725811e-10
-7.570869292864298446e-09,4.336044236741885409e-09
6.435024223745874661e-08,3.977987730330922084e-11
6.508737260151364994e-08,3.477172820776866160e-09
-4.332317537114991807e-07,-8.488449482447811118e-07
-4.303228584608714694e-07,-8.814630050870926702e-07
-4.004078443789808952e-07,-8.784035559689056449e-07
3.588029024635794929e-07,-8.603525059154091847e-07
3.265134743432974565e-07,-8.919235915153731852e-07
3.558964377226894599e-07,-8.944848374221248215e-07
6.226718762365704050e-07,-4.915457697467664633e-07
6.681248553523254313e-07,-4.805225637070613852e-07
6.539430928186452047e-07,-4.310027524415309704e-07
-6.760396707051330956e-07,-5.166554940596973817e-07
-7.043782353561944155e-07,-4.606093662416594226e-07
-7.179814585866069725e-07,-5.067418809054172744e-07
-3.710100608259026954e-07,-9.029842483299966321e-07
-3.686504089775475491e-07,-9.277519502363568269e-07
-3.441905202799388774e-07,-9.230649703317229683e-07
2.992155888553620721e-07,-9.173702679972442125e-07
2.760877504663939929e-07,-9.373736291384562876e-07
2.971423610076687856e-07,-9.410238732252386194e-07
4.568466259054361377e-07,2.462438399901200157e-07
4.969291799061609588e-07,2.059644913054300867e-07
4.976986920447150113e-07,2.483806149238102984e-07
-4.629800509721057826e-07,2.752769765745641032e-07
-5.085569592225548653e-07,2.775725594994793232e-07
-5.078989815592405311e-07,2.304411919617477277e-07
5.590433288946646909e-07,-1.653698138640582179e-07
5.799883401133755794e-07,-2.155866642758893070e-07
5.365389760560568555e-07,-2.409944500672312137e-07
-2.441310014293285832e-07,2.312226656951980110e-07
-2.349848453734849404e-07,2.727462876674074692e-07
-1.897127491964787308e-07,2.690308674241561318e-07
5.692561832664925009e-08,-8.064618337186730071e-07
9.276178066093145729e-09,-8.481171128601365531e-07
-3.779133309954853411e-08,-8.067714348288084819e-07
-5.658225108058958059e-07,-2.723575620837834521e-07
-6.153651275127708655e-07,-2.434571937229647686e-07
-5.915985414463705657e-07,-1.871459162213149788e-07
2.080904835108960063e-07,2.402611638238420245e-07
2.473847257452306742e-07,2.433651978758057919e-07
2.557567943099583917e-07,2.067110370974495317e-07
3.241198532107467895e-07,-9.485612972299751741e-07
2.974318377721356243e-07,-9.643903136020724407e-07
-3.979553876642982348e-07,-9.360786231854717170e-07
-3.689623138345778200e-07,-9.535984876976753960e-07
4.992509769236469389e-07,2.980469531763661929e-07
5.393798634562612676e-07,2.578618422034345159e-07
-5.099900446387844743e-07,3.321753485271429211e-07
-5.554008841492128352e-07,2.880900920187659062e-07
3.104867425522756559e-07,3.275019382113000748e-07
-3.049901953592252429e-07,3.647307625438621958e-07
-7.366777808757087680e-07,-5.555829810786683073e-07
-7.636807790496384998e-07,-4.990149650181049892e-07
6.881304435697936909e-07,-5.337434305816482754e-07
7.168002201828997353e-07,-4.718718826735296834e-07
3.943644428748201927e-07,-8.990753210628272349e-07
3.575313895586771061e-07,-9.258473879892456958e-07
-4.679479230588903241e-07,-8.862319889915920110e-07
-4.320577163503081494e-07,-9.125436201145225536e-07
3.774093957123494726e-08,1.363825373702792211e-08
4.177582349487331785e-08,7.402620575705908904e-09
-1.174815184819997887e-09,2.833661678586364414e-09
-8.108869139703124293e-10,6.200668307684607698e-09
-6.657861901713293853e-07,-6.736143741076246872e-07
-7.018286900804960734e-07,-6.162790104366593732e-07
6.107030995074004238e-07,-6.650454320401862498e-07
6.503392302499166987e-07,-6.010177561918683983e-07
4.780284180080732612e-07,-8.251710392135596975e-07
4.348502189910830788e-07,-8.646688284443140540e-07
-5.458006880570661826e-07,-8.173291694648472646e-07
-5.060556441566385680e-07,-8.536810594812644091e-07
-2.077357465250002122e-07,1.883904970372908747e-07
-1.730590596085575876e-07,1.488669034871867733e-07
-1.650890747862816074e-07,1.852279605558275561e-07
-1.562074437988503079e-07,2.242261292260793176e-07
-1.251896195858692827e-07,1.820200984859074609e-07
3.625054278411394141e-07,-9.070892436084736203e-08
2.993507604731276114e-07,-6.847307507169752851e-08
3.194686154045168826e-07,-1.156792973732468600e-07
3.402636703577818757e-07,-1.653061621067393234e-07
2.784618285032647120e-07,-1.390402903494476505e-07
1.803548313649889571e-07,2.010867528066242939e-07
1.551631725410238321e-07,1.650697383965686607e-07
1.883682373340661903e-07,1.675765723239842540e-07
2.244853515109924951e-07,1.700317437552111522e-07
1.954135086494396100e-07,1.368608123858967527e-07
-3.374247884168539548e-08,-2.528194705903388647e-07
-3.861691182605112957e-08,-3.410926493208075015e-07
1.269571639857849897e-08,-2.953928470066403721e-07
-1.537728360525896789e-07,-3.309475190813147481e-08
-2.182500526952376705e-07,-5.279704449978759541e-08
-1.737839331858983058e-07,-7.834794359284731935e-08
5.970293912927048156e-08,-2.525289766060050005e-07
6.344289539083312238e-08,-3.408046289090736511e-07
-1.339274670780901962e-07,-1.002753836485977736e-07
-1.953752650775455711e-07,-1.291644273181878388e-07
4.049013155550728515e-07,-1.913630775784207001e-07
-8.403987628590260772e-08,5.548466861153623846e-08
-1.107881715518769953e-07,8.196173580856707136e-08
-4.278737534442477384e-08,-6.266606132327004131e-07
-4.304731671272759148e-08,-5.308880686778371539e-07
2.400202289659756773e-07,-4.847050330408406188e-08
9.595885594832000487e-08,7.888732064626610743e-08
1.129357403931050091e-07,1.038022980531024288e-07
-4.403075960802862476e-07,-1.290312978203686722e-07
-3.636014258884310284e-07,-1.014723915550089147e-07
1.156005288860095744e-08,-4.824508329532094630e-07
-4.168807981878586539e-08,-4.347673117942240507e-07
8.165198787144746892e-08,5.783501672027035714e-08
-1.405904492117507238e-07,1.132238305454156195e-07
1.392445647308950228e-07,1.056353083603517559e-07
1.326674326320116068e-07,1.325680687393603505e-07
-3.126678951539300209e-07,-1.309798826526266512e-07
-2.888954775441118402e-07,-7.582752858992611910e-08
-6.065952190601143916e-08,3.409528372996922477e-08
-5.169910445369354569e-07,-1.578137104910095078e-07
-1.045622068512687734e-07,1.107845012659477111e-07
4.708111312956259783e-07,-2.167315539650497347e-07
1.861595454826025121e-07,-3.126509155061834161e-08
-4.100251672500409803e-08,-7.194472627053465376e-07
6.537699878544079733e-08,-4.344768203996788114e-07
-2.638209169623654068e-07,-1.588338379549035153e-07
1.687727179036760565e-07,1.074046288270216368e-07
1.049311633779849297e-07,4.208587969343689772e-08
6.559857903928525453e-08,-5.305974932751763991e-07
-3.335803079850870904e-08,5.217471409844053842e-08
-3.371373160037012343e-07,-1.886218404647016062e-07
-4.901117854487965451e-07,-2.459835033837141684e-07
-9.709130327012971869e-08,1.431664705280523142e-07
6.127945950765089283e-08,-7.191562092120434766e-07
1.447486711117848363e-07,8.178877046944515915e-08
4.939308169646043217e-07,-1.396891588721376192e-07
1.698897714681384714e-07,-8.788399798048905998e-08
-5.653143218557669045e-08,5.388096988378339527e-08
1.009725339103127144e-07,5.896846941727312907e-08
6.420122525428127853e-08,-6.263707153437878194e-07
-4.132430201529966063e-07,-2.178815221093090244e-07
1.234549478839452227e-07,6.004046267900549486e-08
-7.225619107299019222e-08,1.082639665446717303e-07
4.278859741568482233e-07,-1.146277863231418158e-07
4.493342712310800070e-07,-1.656036372306816264e-07
2.211154562192914747e-07,-1.130623836654005984e-07
-4.652819150937622654e-07,-1.877324874930612365e-07
-5.094872744478463463e-08,7.780388828990056366e-08
1.042305799011149126e-08,-6.737381188517408611e-07
2.029536328837668278e-07,-6.975204738418301635e-08
-5.862617115256793635e-07,-7.743602159059955916e-07
-6.261294796010300403e-07,-7.267625375104543692e-07
5.226055672922610477e-07,-7.776824433072881287e-07
5.667883095430941947e-07,-7.245551966413716684e-07
2.469089766044524023e-08,-8.527394866069427814e-09
6.726203833442716545e-08,-9.670220115281507269e-09
-1.006882045638864066e-08,-1.020428946714334173e-08
6.910428001850263718e-07,-2.572058482813958180e-07
-7.376483012642615960e-07,-2.885748341272540031e-07
1.737466014965496487e-08,-4.372788092487710914e-08
-1.550088790849404843e-09,-2.709970953545968059e-08
3.422564218401307367e-08,-3.198795023106307613e-08
8.762001902314386754e-09,-9.764793912834925909e-07
3.106342651973259560e-08,-2.075989970121753846e-08
1.021453317255457666e-08,-1.268398288782510821e-08
