Size 899,2
0.000000000000000000e+00,0.000000000000000000e+00
0.000000000000000000e+00,0.000000000000000000e+00
-5.334656217719136704e-09,-9.051750977189659779e-09
2.004428979477566250e-09,-3.024370584529992658e-09
2.891220541783013036e-10,3.983941720906027579e-10
-1.638720872997684936e-12,-3.931218110030904247e-12
-2.687509478346386150e-10,-2.778573049442498353e-10
2.466261450004726141e-11,1.258712992438359884e-11
-7.953208353465782048e-11,1.654499275753296272e-10
5.683997017334932818e-10,-4.199412462398603619e-10
-8.288895811275436285e-11,-4.466202002330727462e-11
1.022807123543925363e-10,1.216553858016039697e-10
-1.264831258667207312e-11,-5.512658568817163028e-12
-2.496323136798334829e-09,-5.672215202540156065e-09
1.209381296171774434e-10,2.233570640313705692e-10
1.374257290042468831e-08,-3.883820177365620487e-08
1.505225195281018877e-09,-1.254554542312472877e-09
-2.463614355152537479e-09,6.745208992783779121e-10
-3.292873291342947161e-09,-6.314904198193811960e-08
-1.401416129218197962e-07,-7.820923539428106647e-08
-1.121388644963204581e-09,-7.580312130119610765e-09
-4.865448859048852904e-11,-1.029179920191075425e-09
-1.340052224948055450e-07,-6.673277488677233855e-08
-6.517695098774919489e-09,-3.763596201924254686e-09
-1.083215396238732119e-10,0.000000000000000000e+00
3.263452033729375774e-11,0.000000000000000000e+00
-3.665824770529980991e-11,0.000000000000000000e+00
3.690333312163725682e-10,0.000000000000000000e+00
2.250443546775748322e-11,0.000000000000000000e+00
9.097947077161579845e-11,0.000000000000000000e+00
1.730651604811980533e-10,0.000000000000000000e+00
-5.038578919253539034e-12,0.000000000000000000e+00
3.644009713333354610e-10,0.000000000000000000e+00
3.182112817716444188e-10,0.000000000000000000e+00
1.399925879163719567e-10,0.000000000000000000e+00
1.619427801899654729e-11,0.000000000000000000e+00
5.696410531993918000e-11,0.000000000000000000e+00
0.000000000000000000e+00,0.000000000000000000e+00
0.000000000000000000e+00,0.000000000000000000e+00
0.000000000000000000e+00,0.000000000000000000e+00
0.000000000000000000e+00,0.000000000000000000e+00
0.000000000000000000e+00,0.000000000000000000e+00
0.000000000000000000e+00,0.000000000000000000e+00
0.000000000000000000e+00,0.000000000000000000e+00
0.000000000000000000e+00,0.000000000000000000e+00
0.000000000000000000e+00,0.000000000000000000e+00
0.000000000000000000e+00,0.000000000000000000e+00
0.000000000000000000e+00,0.000000000000000000e+00
0.000000000000000000e+00,0.000000000000000000e+00
0.000000000000000000e+00,0.000000000000000000e+00
5.080211125921893663e-12,-9.730626263076813078e-10
4.776296160252625361e-12,9.596099596367634458e-11
-3.114936305925320686e-11,1.708861622216975471e-10
8.063739490937001519e-11,-5.187349203207847499e-11
1.196113440358020456e-11,1.944075497594924014e-10
1.489825285615824605e-11,7.031073024782944634e-11
2.038986972702115936e-11,8.813295293321712302e-11
1.887806539805916764e-11,2.546751741612206153e-10
6.508927926815958135e-11,-5.414377075699840565e-12
-2.236280628547668470e-11,1.191543108887429159e-11
2.841044835326969050e-11,-1.140420386351985467e-10
-1.406018967747718935e-11,-5.382686267724401079e-12
1.194953556146192235e-10,6.848820706294582709e-11
9.876968471328439214e-11,-6.920044970531886370e-11
6.791358060895740500e-12,-1.143966757581332299e-11
-1.102629947393735928e-10,1.113164266094695202e-10
-5.030946723371234300e-10,-6.797918148291545363e-11
3.736882688998140362e-10,6.293751961619917631e-11
4.832960582502269628e-12,-6.656671201650089405e-11
8.794404349265129851e-12,9.656885467132748075e-12
-1.259547586778183498e-11,2.525686122943942198e-11
1.082247231231123939e-11,-1.851732354892828692e-10
1.682891173111122593e-11,-3.319709841409088129e-10
1.188049506516590173e-09,3.086235444507069926e-11
-4.336640537025554217e-10,-4.802509598678646899e-11
4.219892685321411327e-10,4.944646524190680915e-10
3.473924268275592221e-10,-2.765701116507920765e-10
1.868290020208377088e-10,1.279117745345664311e-10
2.471274663155196451e-10,1.276841584143821523e-10
-2.649317898395519276e-10,-6.306966594392998496e-11
-1.008935734551959154e-10,3.231466412732968908e-10
-3.693941630359629270e-10,5.299302263420954319e-11
-1.509221659950339734e-10,-8.487504521389432002e-10
-4.177357824180440064e-10,-9.081728935950324893e-11
-1.006952091143388679e-10,9.774794961007393935e-11
3.623129469358760692e-10,-4.317409974557921569e-10
-1.610124648600352400e-10,-2.316330241434225910e-10
-4.561847409312683078e-10,2.563142420488860359e-10
-1.525782170105709575e-10,7.304647843127576610e-10
-2.144274441949942594e-10,-5.522873164130069775e-10
-6.555892134706331039e-12,-3.852062474546852258e-10
-3.857807626141781007e-11,2.329229775146114590e-10
-3.629120172414804807e-12,-6.046861122835664184e-11
-3.564791488789252760e-11,-1.825053301908654872e-11
-1.155212356675423583e-11,4.335681874025890777e-11
2.348190451571311850e-10,2.108698014672624367e-10
5.891419683081694905e-11,-2.785798786270929409e-10
5.533444952020139772e-12,2.527473774758003477e-11
-1.260624687596500771e-11,1.360512611374179212e-10
-6.243361819386358573e-11,-7.731941829919229808e-11
4.966235324384015725e-10,4.410341574178412553e-10
-3.492086088605700160e-11,-3.195312529120197260e-11
2.961895500129773772e-11,1.708807466389965682e-12
-1.888873403772125791e-10,5.657640535865764165e-10
1.964676926429710897e-10,1.378451348806409238e-10
-8.631562901750085011e-11,-1.092590143484421740e-10
1.136028426972900337e-11,-1.671184895965586258e-11
1.198752470047269301e-10,5.289527823429753285e-11
4.285726863386724411e-11,1.928618153972055201e-11
-1.125791494160465614e-10,-4.436424714063533715e-10
-1.940125669461886759e-11,-2.196292512557773858e-10
-6.341571955051961650e-11,-9.665174099812006451e-11
1.437288457657288508e-10,-3.889696191157023100e-11
3.731096662391397017e-09,-5.500277881693223846e-09
5.753818364103851080e-09,-7.736362960110535631e-09
8.006384304724275744e-09,-9.713090975467765165e-09
1.033736923925057909e-08,-1.139465807593817360e-08
1.259385108835666756e-08,-1.276292268715455184e-08
1.449444968429483625e-08,-1.383054000892531737e-08
1.578394891445199294e-08,-1.465549461073391257e-08
1.604780281518056667e-08,-1.536302831846331060e-08
1.493726796190686314e-08,-1.614847478083464133e-08
1.189505606652571584e-08,-1.732505899925303629e-08
6.215271248794673118e-09,-1.941272174876269298e-08
-2.040318351457984549e-09,-2.321543440666715772e-08
-1.276544106316238374e-08,-2.740800066943935720e-08
-2.720756672012393485e-08,-3.380677481971328291e-08
-4.685931839212325385e-08,-4.505057027265981253e-08
-6.857988927183888299e-08,-6.190285283666646932e-08
-9.027881489222413779e-08,-8.408085820564130702e-08
-1.095699866646556066e-07,-1.092430727046634020e-07
-1.263868834609897980e-07,-1.355593968503431093e-07
-1.399188550735733617e-07,-1.618474771618072909e-07
-1.498426003368419533e-07,-1.869433518761527070e-07
-1.560132360044618168e-07,-2.096764707208393469e-07
-1.585544517536318679e-07,-2.291837697017474525e-07
-1.577278996550943009e-07,-2.444996842274900912e-07
-1.540066481013109680e-07,-2.550953946917765416e-07
-1.479625935465539307e-07,-2.603634761867688521e-07
-1.402934622203958877e-07,-2.601985469485785197e-07
-1.317427730552727256e-07,-2.544605695797443583e-07
-1.230801381205534996e-07,-2.435119872953221625e-07
-1.150565157142226116e-07,-2.277421900926140826e-07
-1.083477240841986251e-07,-2.079744125150688691e-07
-1.035373266099871115e-07,-1.851363488359979767e-07
-1.010450110257437427e-07,-1.604512338236116228e-07
-1.011179720474129441e-07,-1.353393895840866831e-07
-1.037778802533830565e-07,-1.113197040880304188e-07
-1.087781508465550730e-07,-9.033735304132812077e-08
-1.152865381771737594e-07,-7.600669025224504920e-08
-1.203375280124182015e-07,-6.761881378348825908e-08
-1.234568289447282481e-07,-6.269080204030105844e-08
-1.244317295529454192e-07,-5.861716228003964727e-08
-1.248977862180015867e-07,-5.508326808585329783e-08
-1.247437579881843048e-07,-5.212716967532228106e-08
-1.239173783889940364e-07,-4.967364969247892429e-08
-1.226535578799902734e-07,-4.738063139783351225e-08
-1.211400303856657090e-07,-4.512026192074378937e-08
-1.195026568545028027e-07,-4.284537991235150509e-08
-1.177995651973100580e-07,-4.060156688997496583e-08
-1.160234817170838562e-07,-3.847470672475624144e-08
-1.140879522499622089e-07,-3.658238694153769058e-08
-1.118664271432089500e-07,-3.504161217907940043e-08
-1.091514487103528584e-07,-3.395331994127278622e-08
-1.057604394481034774e-07,-3.336871060672267844e-08
-1.013967020219710774e-07,-3.337288052517335639e-08
-9.580385893384400722e-08,-3.391741434845518475e-08
-8.904585279237291315e-08,-3.409495582524166558e-08
-8.108973859727437328e-08,-3.427481614462426668e-08
-7.212671169565854290e-08,-3.424803270162832044e-08
-6.220248205144874633e-08,-3.379295494356427836e-08
-5.152507367013251827e-08,-3.267827550978234711e-08
-4.035610707710384603e-08,-3.063174192957832571e-08
-2.915165328691292960e-08,-2.740560846858731659e-08
-1.846034143804872744e-08,-2.275671504892392327e-08
-1.044216953281304017e-08,-1.626508347710403658e-08
-2.075255816864103645e-11,5.107935641976156102e-11
-3.491251146949940722e-10,-1.000153053074196631e-11
1.265189629622158586e-10,-8.892353159279800797e-11
-8.659074954208551945e-11,4.098936304150410334e-11
-8.136403334357838457e-11,-8.010338913188748457e-11
6.790859007543149341e-11,7.654239176843549140e-11
-9.840162928763658478e-12,6.358542498003763649e-11
6.495366087540964850e-11,2.985328488899189838e-11
8.290515187974605365e-11,-2.026248299111830491e-11
-2.209742488815402441e-10,2.762256774839440250e-10
-2.176140457729529142e-10,-1.496539966038220736e-10
-1.310474725132536700e-10,2.702451268807351948e-10
-3.096469322101779708e-11,-1.463706221968565568e-11
-2.271632169810529464e-10,-2.504923245562776725e-10
-4.504010623829353507e-11,2.610736459770453237e-12
-5.503524109104029954e-10,-1.133786175702353440e-10
-5.131371505999964340e-11,6.133142998153778888e-12
-1.779643874608637924e-11,-3.894232650866314548e-11
-4.120132576042196041e-11,-4.979263669481396235e-11
-2.680044203330998399e-10,-3.902188496197153515e-11
-8.918532316066097605e-11,2.254825881227225845e-10
6.672468853540296069e-11,-1.423240637425730695e-10
-1.301587507021065824e-11,-1.415584251062891890e-11
1.036882931911993287e-12,4.353469125861361516e-11
4.149479805083688639e-10,-1.751931257758028276e-10
-1.089845481648471277e-10,4.800979294614002229e-11
3.547428771355575132e-10,7.380435719828062872e-11
-3.931117107248058498e-12,-5.037967236901655465e-10
2.010324006176742380e-10,2.457286117192069439e-11
1.480806049510143651e-10,-4.684546940949231796e-11
-7.531189135318493382e-11,-9.430083089994387923e-11
4.210499370245720384e-11,-1.933686051732038165e-11
5.397276089311839655e-11,7.570173553434837881e-12
-1.168457229365132243e-10,-5.128337151042922955e-11
2.090720794050318632e-14,-8.791938792666942805e-12
-6.753361199220541508e-11,-1.151155407117534740e-10
1.773311162678838577e-10,1.233137393648153836e-11
8.951673079357344444e-11,-1.003332539943753515e-11
-7.364644671839017624e-12,-7.183304467106213532e-11
-8.674128932928274324e-11,-1.157451056244842162e-10
1.728200003048602751e-11,5.162464127015456658e-11
-1.283719083646610040e-10,8.026886689381003913e-11
-3.401249989654988082e-11,-4.751413721070545846e-11
-3.776541192170230497e-12,2.971052120176510237e-10
-2.749633904481140803e-12,8.028822517625236631e-11
-9.497374202731838726e-11,6.342215712082667242e-10
7.904967947547815338e-11,-2.638537886032355379e-10
1.160948468099235594e-10,1.033976418539080612e-12
-5.934412103262297539e-11,-3.368792165501342158e-11
1.423777760637526832e-10,5.346219820217487543e-11
-8.759863481989952303e-11,-4.940319146133789089e-11
2.141460442563947857e-10,-2.157869838884170473e-11
-3.527340688855442169e-11,-6.184527649412521182e-12
5.919535946443314614e-11,-7.701063048779690137e-11
6.982295353791700272e-11,-2.559002472999096954e-10
2.435686363323587077e-11,-1.273397002909519960e-10
-6.383111353811305304e-10,1.729285748099979080e-10
-3.867650657188504420e-11,-1.643736186044573517e-10
1.401998218206539617e-10,9.566202476853885899e-11
-5.223719715435658763e-10,1.409371896258371284e-10
-1.519253352074185251e-10,1.677488556989088431e-10
2.534517498067659333e-10,-4.415706705575599212e-11
-3.179748445431734287e-11,-2.847479761215322839e-11
-3.875668411459078498e-12,1.560506602857667969e-11
8.186767717381643860e-11,-3.354438143374606079e-10
-9.372610707782357284e-11,-1.019919180437792548e-10
9.515346280157921173e-12,-5.706962956642787561e-11
6.487473608435601297e-12,-1.041177366119817922e-10
-2.116278939452854174e-11,1.740727176196620231e-10
-3.663816479121356092e-11,7.352526904172184587e-11
3.033584818275308672e-11,-9.162723304734904292e-11
3.244460235231643110e-11,8.190687654919020279e-11
3.323117907248137806e-11,-1.069239134262805633e-11
-6.823146528725387941e-11,-1.373867536224096153e-11
2.001453876835659520e-12,2.203514100117665667e-11
2.156027401901654000e-10,-1.360228007214717576e-11
2.894806473418252960e-11,-9.403657299969521137e-12
4.852151330441952463e-11,3.541395991890484316e-11
1.757220901023686347e-10,1.671447026234691282e-10
-2.103183677245757316e-10,-1.264462994756400219e-10
2.703952084817163241e-10,-2.777368074220906604e-10
5.461115158750338549e-10,-7.929652889804755300e-11
-1.652652136965390000e-10,1.209456243460731239e-10
5.680746860865337549e-10,-1.449731722193374992e-10
-2.569648190806802148e-12,4.757010093587161819e-11
-5.318815701512938877e-13,7.330639920316225400e-13
-1.086021005543361496e-10,2.387432693940642824e-10
2.021573706133788229e-10,-4.928156904096750705e-11
-3.724357534064334164e-10,7.562799601417899264e-13
-2.354226821748227745e-12,-4.259324098029733505e-11
-1.169544674857068533e-10,-1.217375935751220177e-10
-1.131386932897681263e-10,8.781048155816413709e-11
-2.171695577818811852e-10,-8.021958404481156704e-11
4.511000044850893434e-11,-4.603998983396968797e-10
-2.031766304709013757e-11,-6.172268085373444680e-12
-1.549919385730160764e-10,2.988853575035203902e-11
3.722603076858861749e-11,1.693016899276635524e-10
5.460431272165045324e-11,5.271048429925888285e-10
5.165986526828836356e-10,-4.512154097799871665e-10
6.811993624480050691e-10,-1.292379872570503332e-09
-1.121460555485957586e-10,-2.290617000913977058e-09
-3.797187601001554686e-09,-1.514681773340369027e-08
-2.495791879986439016e-09,-2.479661723315550730e-08
6.405246893339109327e-10,-3.459426442911403467e-08
4.908139808391684354e-09,-4.388497048120188159e-08
9.653469243144147098e-09,-5.202281632883306245e-08
1.428926154452798147e-08,-5.845787818376835790e-08
1.830490716649208566e-08,-6.274410619647499297e-08
2.126300186901902433e-08,-6.453868936039260373e-08
2.282172152999365144e-08,-6.363395519816869974e-08
2.282549884582200199e-08,-5.992938468936905032e-08
2.075652469525235804e-08,-5.222397655172019483e-08
1.544125891376431574e-08,-3.097216062074960985e-08
1.629260806151251515e-08,-2.486062360622411310e-08
1.592285183724574478e-08,-2.021848842791236899e-08
1.472049973807649102e-08,-1.659077866821899632e-08
1.285123200206802257e-08,-1.366257583341690570e-08
1.064808128896967051e-08,-1.116150778152925666e-08
8.257678838901450967e-09,-8.906982397193957821e-09
5.909723645822235047e-09,-6.759592595755609535e-09
3.699968180220543467e-09,-4.630209320622072235e-09
1.771310343830469333e-09,-2.455287943334597106e-09
2.102740077287319874e-10,-1.836328989484134916e-10
1.245645616985698700e-10,1.311981133377002716e-10
-1.994974290683639233e-12,-7.309979604199573685e-11
1.322231893233418342e-10,-1.401738657324118165e-10
-7.825247586536081569e-11,-9.345793162727275338e-11
3.454842395044173256e-10,2.756543990374112973e-10
-1.239783868549196815e-10,-6.087274306938538874e-11
1.117883780505431168e-10,-1.946578486175909927e-11
-2.122370920520100573e-11,-6.803019768895207652e-12
4.712730988614098728e-11,-1.989310093054448026e-10
-2.671999731242391767e-12,1.332961688080340495e-10
2.393221548287758788e-10,-1.853884300767986380e-11
4.870639936931490295e-11,-3.414909001109265786e-10
3.159355596354182895e-11,-7.927017136822378253e-11
1.272338869513680980e-10,5.077887186831077817e-11
3.149115320073329371e-10,-1.459012283981591352e-11
-2.044501949008107873e-11,-2.386947049877663093e-10
2.889795511151039653e-10,6.805709423298014819e-11
2.622350414611377165e-12,2.968983476465331193e-12
3.285380987730660023e-10,-1.829872702572028357e-10
1.121902536722207711e-10,3.136119050774968822e-11
-4.677785838874513850e-11,-6.855561283638641594e-11
9.110063773615263296e-10,-7.544786773566544766e-10
4.377526045548130860e-10,-4.558868239437017166e-10
3.837783986177783002e-11,-2.784780065096113996e-10
-3.618307284488562077e-10,-1.348395407281012702e-10
-9.812920435228671224e-10,1.776556399513181467e-10
-1.111567233172201072e-08,1.349643481649124652e-09
-2.318756685623600609e-08,-3.000470997348692461e-10
-3.799581168558770736e-08,-4.192369702316358809e-09
-5.436781733896878027e-08,-9.860483137677637264e-09
-7.132606299891682003e-08,-1.691633042966548950e-08
-8.794164574591462080e-08,-2.499718167064530107e-08
-1.033296308983954707e-07,-3.375493682979143242e-08
-1.166507984420998325e-07,-4.285795607768590293e-08
-1.270735505077691459e-07,-5.198085061201954583e-08
-1.337817163949859706e-07,-6.071898574257961142e-08
-1.370704827925467032e-07,-6.872082977293270391e-08
-1.437632174439980294e-07,-9.891327007500616417e-08
-1.464286871898324945e-07,-1.203418683408762906e-07
-1.481087671424548959e-07,-1.435971168502119505e-07
-1.492581783991341631e-07,-1.673296837834797658e-07
-1.501301498498823061e-07,-1.903483767292540141e-07
-1.508112452018471059e-07,-2.115427083548941027e-07
-1.512308070993488922e-07,-2.298816608182966969e-07
-1.511992704148077602e-07,-2.446925438405139329e-07
-1.504330057309179380e-07,-2.552263713320825039e-07
-1.486151218983546469e-07,-2.612668813865717267e-07
-1.453845400445277016e-07,-2.624183494013019061e-07
-1.404455245743231522e-07,-2.588884000081003650e-07
-1.335016640306255072e-07,-2.506575881866653436e-07
-1.244108934065202782e-07,-2.382778628113902643e-07
-1.130747844867805793e-07,-2.220818142954687328e-07
-9.960792360951348671e-08,-2.028477184631920532e-07
-8.421998640311184492e-08,-1.811962721418036228e-07
-6.734981027857488557e-08,-1.580049653923283729e-07
-4.921842567050116716e-08,-1.340692503364691885e-07
-3.192190961229339005e-08,-1.099380258517689197e-07
-1.637801371774799604e-08,-8.663926440848994095e-08
4.266670811017984918e-09,-6.344898632887642703e-08
1.191129710929669647e-08,-6.513981023254786504e-08
1.837429257730854015e-08,-6.451355171688271218e-08
2.269438306240767124e-08,-6.116770696340182867e-08
2.490813062265554627e-08,-5.554558267776174310e-08
2.515976078015858556e-08,-4.809411479752292884e-08
2.364152367877528953e-08,-3.933168269584085070e-08
2.061864704604816946e-08,-2.988001887602091544e-08
1.642982589286363953e-08,-2.046250783119965916e-08
1.148285098856906850e-08,-1.190995087156668190e-08
6.336639158176380799e-09,-5.293912006822484972e-09
-2.200192224669975527e-09,-3.418109116798622128e-09
-2.108247297044055193e-09,-2.295118624798121409e-09
-1.700443552304382774e-09,-1.849504775777054445e-09
-1.199733437411341967e-09,-1.632524971644406185e-09
-6.474622357097547607e-10,-1.357108048052844217e-09
5.312689483706717087e-11,-1.010524964500438028e-10
-1.487470332783854798e-10,9.735705898009708025e-11
-1.582987647003324359e-10,-4.061341569421386512e-11
-1.818327065694814676e-10,-2.282737089825016591e-10
-9.452366820446918397e-11,-4.261072950519386561e-10
1.526925878712737777e-10,-5.712411314937118444e-10
2.318422281144878110e-10,-3.423451477466505303e-10
-1.175729835585221051e-10,-1.479273321977783782e-10
-8.099445747394602418e-10,-1.188743146857896947e-10
-1.501852887306163075e-09,-2.565008972826392793e-10
-3.079094966698387556e-09,-5.036519834868804486e-10
-1.596785349095025274e-08,-6.541341769070607058e-09
-2.625010698749051897e-08,-9.325374894434367709e-09
-3.700083669039114656e-08,-1.204507910534723138e-08
-4.772473106450351354e-08,-1.462454427343697126e-08
-5.801525300741172848e-08,-1.702991241338919819e-08
-6.768800673290215194e-08,-1.927070996287298869e-08
-7.654407499364241666e-08,-2.135844621540227013e-08
-8.467351097585510814e-08,-2.328811863856096108e-08
-9.168901964631541179e-08,-2.590571810985128266e-08
-9.773902575076648542e-08,-2.853831243687214573e-08
-1.027952615984548719e-07,-3.130426058627305746e-08
-1.069700301637312708e-07,-3.416737228963337755e-08
-1.104647881308016091e-07,-3.706182260882303032e-08
-1.134556825903915643e-07,-3.995254657486994681e-08
-1.161046395271330285e-07,-4.278469221321101418e-08
-1.185623190797667923e-07,-4.553354479177808588e-08
-1.209309775146305194e-07,-4.822046184162413470e-08
-1.233024432231307594e-07,-5.090353772893490053e-08
-1.257301510024216077e-07,-5.374168300120831957e-08
-1.282642244090782229e-07,-5.694927721956672409e-08
-1.310201701147618463e-07,-6.085479314544342006e-08
-1.364844108749019705e-07,-7.261814025526489346e-08
-1.311860449391976709e-07,-7.553908609651754477e-08
-1.213943882047762365e-07,-7.544579447204843725e-08
-1.087322209883138220e-07,-7.327770523198573238e-08
-9.384855060646920206e-08,-6.926834578156378824e-08
-7.754071097528342292e-08,-6.361266072403072635e-08
-6.068563133001190084e-08,-5.653352456995083042e-08
-4.420586497133907080e-08,-4.826994122847950678e-08
-2.907302296514793509e-08,-3.907581810154751784e-08
-1.629286971551775166e-08,-2.921938546191594675e-08
-6.792030484355086727e-09,-1.889881426847966871e-08
7.624083182219488230e-10,-9.562385854360333315e-09
-2.866599325913185991e-10,1.493678649737286134e-10
-7.357674532530795071e-11,4.395526299087791195e-10
5.099160698396156906e-11,-3.898262857993699543e-11
-7.677117260094844375e-09,-8.420114164372654680e-09
1.223594479527400295e-08,-5.932059854228570287e-08
-2.894307123597555824e-10,-4.267337386954622189e-12
-5.452502547800781653e-10,-2.007903205346715465e-10
-1.379434050144055885e-07,-7.219835026397727019e-08
2.398814494100399042e-11,7.280874945692199157e-12
3.798693273355015436e-11,4.788799401148172016e-11
-1.223999624775917596e-09,-1.860350437924079811e-09
-6.655528331325796221e-11,-1.615162603173908694e-10
2.628004824328652368e-10,-4.023224861284472760e-08
-2.671225067184383537e-10,5.477616844634399291e-12
-1.252264376479323038e-07,-6.405673149193434836e-08
-1.714120574498695408e-10,-2.146667884092411207e-10
-5.433383717626606842e-11,-6.992729767178834464e-11
-3.291531499079662150e-08,-2.146124358967869935e-08
8.440730595601067827e-09,-2.742687790320329710e-08
3.211143417041618289e-11,-2.113527218369870515e-11
7.949191891530061282e-11,-7.632497773959362249e-11
1.501739953612681429e-11,5.839912884348814616e-12
-9.909871038155111271e-08,-5.170378184338656699e-08
2.346236616656699016e-10,5.336549935253200024e-11
-6.597937723255624655e-08,-3.674215778280694482e-08
5.253836451342770592e-10,-4.446420590062898377e-10
8.472338539949132462e-11,3.692876772093171478e-12
9.533918063454252199e-11,-6.611594049274814443e-10
9.524648927698340865e-11,9.768093215007011235e-12
2.564420811540721549e-11,1.305500065342270711e-10
1.685844707291088022e-08,-4.599341321877377026e-08
2.114969348898261668e-08,-6.485039460723387155e-08
2.203046615617393872e-08,-5.975538058768109058e-08
-5.789220290691099880e-11,2.270675194439274525e-11
1.048973679774929069e-10,-2.314727254668409558e-09
5.398179817592363534e-10,-1.076134204948860491e-09
4.474481595866396637e-10,-1.126221171561276606e-10
-1.326461631397925353e-07,-6.890575682887703100e-08
2.053329908690738830e-10,-4.669832207764549734e-11
-3.502581159384892071e-10,3.870701188833513115e-10
-1.170080194780617565e-07,-4.146583436676568527e-08
2.181263404960936181e-10,-1.266804026900084874e-11
-1.373698814603263206e-09,-3.066268425577561404e-09
1.955645054199746711e-10,-2.977497464928982909e-10
-1.211379077531209380e-07,-4.654425743683250218e-08
-9.584557924357276940e-10,-1.329383758006201088e-09
1.595144867304763667e-10,-4.400283693990047469e-11
-1.122536568432295742e-07,-3.649144113453766153e-08
-1.006932061077828142e-12,1.357271370788882872e-11
-1.526667998268810713e-11,-7.545046005498568979e-12
-1.250239369303939606e-07,-5.166650248840048987e-08
-6.215359037868640106e-10,-2.289486919698503886e-09
1.314532436512106280e-12,-5.086886127139911854e-11
-3.336724833051580619e-08,-6.889518797801293337e-08
-1.384369278093736747e-11,2.129308498962802572e-10
-1.058087465316717381e-07,-3.221365575962946271e-08
-6.584510184296303929e-12,-4.080823521444133096e-12
-1.915331962334109494e-10,-7.276615254233619257e-12
-1.279754409738535134e-07,-5.732545825348038572e-08
-6.707592162268931213e-08,-1.092677468910664724e-07
3.471863849622596705e-10,-4.418416572487914905e-10
-9.696600362784390927e-08,-2.927467886164522415e-08
2.838039290728276030e-11,-9.800491105285290764e-11
2.655697251887812886e-10,-9.747852645007930899e-11
-5.157930414599784021e-11,-8.016743746530293028e-10
-2.066834298859373576e-10,-9.087666399591593842e-10
3.191148813823852961e-11,1.118236193213814815e-10
-4.930239502195500194e-11,1.124761604556632863e-10
2.255850682122584382e-10,-1.491003713493448377e-10
2.982078112880141627e-11,-7.730304187445543044e-11
-1.053280955622911513e-07,-1.600786721967697125e-07
-1.195132934049810339e-07,-1.832535869206065878e-07
1.925987769774094108e-10,-2.976541025892031838e-11
2.134629959848000421e-10,-4.911351155525010091e-11
-8.290044759460554983e-08,-2.763425329210248069e-08
-7.482294578327602960e-08,-2.682680447262036953e-08
1.071241708404075189e-10,-3.343118009936951836e-10
2.983059423242718852e-10,1.087620407278049264e-10
-1.311668378892348189e-07,-2.066393315300919967e-07
-1.396712646257872386e-07,-2.254577086117742371e-07
-7.413373883252839295e-11,1.911591932083878716e-11
-8.170594529563402777e-11,-5.716414830945862285e-11
-6.506762994394936014e-08,-2.555738843049972733e-08
-5.529979962637283520e-08,-2.427450060604099955e-08
-4.198412068932889963e-10,5.090815404433479593e-11
2.773486893093752458e-11,-2.709952972271338964e-11
-6.324070459793822174e-10,-1.122715041530563573e-09
-8.831882181894069998e-08,-1.337367265766221394e-07
-1.016789955247692900e-11,9.078143159135859414e-11
-9.069293507453392900e-08,-2.857961408491060061e-08
3.185572497869414211e-10,-2.405366899783990372e-11
-1.452899946184357260e-07,-2.421842906675369378e-07
-1.481563492920450906e-07,-2.535211099952909860e-07
8.616975354806267159e-11,1.211479800997571161e-10
7.560692499441276651e-12,4.092887294949478873e-10
-4.405944404661097925e-08,-2.220076665638445192e-08
-3.337905871680082026e-08,-1.990719398497103137e-08
1.440930603606757167e-10,-4.356022240143822326e-11
-4.428785492719193242e-10,-2.822426563536504478e-11
-2.135491880791556771e-10,3.226467255037014186e-11
6.240631718904425228e-11,1.656479340527337213e-10
-1.558529927284517777e-10,1.924999234432643461e-10
-9.861706402592183640e-12,3.158245227053346991e-10
1.521645132719691966e-08,-2.142170052864351794e-08
1.245531766190642702e-08,-2.520694204609712783e-08
-1.485133622163150266e-07,-2.608366325469884235e-07
-1.470126533157735977e-07,-2.626929890534728409e-07
-7.361619041248815391e-12,3.906900668326809465e-10
3.274972791647886400e-10,9.023965915579232773e-11
-2.202022948387517607e-08,-1.652725567750710971e-08
-1.234842480590000523e-08,-1.286746941321289615e-08
-6.387617398920823168e-11,3.690807524536449260e-10
-5.719703408677323724e-11,5.180726295616636490e-11
6.345796360402301270e-11,3.709699105381703123e-13
2.323244537225857023e-10,-2.085194680062631248e-10
4.013323162544954839e-11,-7.046184038012693329e-12
-2.531901530647090449e-11,-3.457201248716568378e-11
1.609485330828828431e-08,-1.634668481208956180e-08
1.635902188073345788e-08,-1.849434595609907427e-08
-1.439038636749612964e-07,-2.592942968348149808e-07
-1.400621568463338379e-07,-2.511866013530596574e-07
-3.334587285997605320e-10,1.705147932275262465e-10
2.475709667931465309e-10,-3.792315904895148290e-10
-6.307487256614628613e-11,-2.530496915946084215e-10
-1.196492905374002049e-10,4.453375396821772904e-10
1.296295643283730115e-08,-1.278541226146175691e-08
1.479764057309490251e-08,-1.443379620518511380e-08
-1.357564895851953054e-07,-2.375227177380080357e-07
-1.317800790615377392e-07,-2.206972661709339152e-07
-6.686541915813984291e-11,-3.945391447969471084e-11
5.105160733847137540e-10,-6.803071847176440414e-11
-3.398769823712722594e-11,5.947737102335377611e-11
6.345030243933965726e-09,-3.057079781984947727e-08
6.936824381980617036e-11,2.265844179933525815e-10
3.129918688865882901e-12,1.189870048547084822e-10
8.302046262819747220e-09,-9.270662134067242205e-09
1.061213617841330883e-08,-1.100771534005391691e-08
-1.283948242475026329e-07,-1.990818672186994364e-07
-1.260459623772484473e-07,-1.765312305340790438e-07
9.101148360374111285e-11,-4.063917766714403613e-10
-3.032533683392624854e-10,-1.652674817439220420e-10
-1.476492704775506997e-09,-2.090729488160625644e-09
-1.068160482052032677e-09,-3.383642520891267432e-09
2.198686156838906945e-10,-6.807186540545666634e-11
-1.082183152549272344e-10,-4.501910550186179518e-12
1.768687657074564910e-10,-7.539748510905568099e-10
-1.021583015356941531e-10,2.183930023442738853e-10
-4.439535585743102469e-11,8.566760871797801369e-11
-6.824594906003559700e-11,1.183965828223559822e-10
3.816486666830632848e-09,-5.258439693887916336e-09
5.880667922415160965e-09,-7.259239179274272588e-09
-1.249044967631905728e-07,-1.510475345246249377e-07
-1.248876023548766941e-07,-1.273195066238923736e-07
1.195615976705981495e-10,2.255407779918075780e-10
4.138817297737565641e-10,-2.929190197488179067e-11
-1.321552097701178739e-10,-1.041627342905969958e-10
2.415731213377178474e-10,-3.630342107849533778e-10
-1.259218651329278128e-07,-1.035212973457242362e-07
-1.274178470424687603e-07,-8.441036894659802828e-08
2.086548282044432653e-10,-9.071263138546703934e-10
1.898590702617810716e-09,-3.004583929577999243e-09
-1.446802586639061894e-10,5.333401994187134836e-11
-1.296637900501460923e-07,-7.272556465090797951e-08
-2.273497382906723136e-10,-1.604621322081253706e-09
-3.850290595120656091e-10,-5.307895626947392122e-09
1.367350734367303255e-10,-5.020612029584581874e-10
-2.289615625927684712e-10,4.346829206521306066e-11
2.426015307176153307e-10,-9.651417908767666011e-11
-7.908325606279376722e-11,6.562959178521366902e-11
-8.390893131783291229e-09,-1.180088433734281938e-08
-3.276430555235650230e-09,-4.058636263002815182e-09
-1.271088764606539751e-07,-6.782000853515048976e-08
-1.363518506235354566e-07,-7.283398751049592594e-08
-7.074717438931699496e-12,-1.387229072881118070e-10
-5.578352007793484714e-11,-5.592684439667161438e-10
2.148974788491430661e-10,-1.865037050753259094e-09
-9.626239334495211664e-11,-8.646894580317920913e-10
-9.812113382915102874e-11,3.964045775679505530e-11
-9.310780660566433828e-12,-3.128412746333655915e-11
-3.096246460861205325e-09,-5.727660332056402922e-09
6.398623612402560828e-12,4.666855917897705040e-11
1.959909322164385168e-12,5.388113778458044145e-10
-1.678506202389344137e-09,-1.937962507329800608e-09
-6.573733425557255304e-10,-1.029595566446754643e-09
2.586116535392448739e-10,-7.898965605997984967e-10
1.728531805018355657e-10,-4.424541662208264066e-10
-4.184765565377737825e-10,-7.192047930744814390e-10
-1.155768883235453486e-09,-1.555559019987946459e-09
1.074340171775332219e-10,5.885241852844865988e-11
2.822612759306342700e-12,-9.107854214417574114e-11
-8.938988364370858711e-12,4.146430295691768656e-10
-5.236793484310216963e-10,1.637610847846440555e-10
-1.241812660239973870e-10,1.216324404184444193e-10
8.777625033368481391e-11,7.803626216172534836e-11
-2.459985017587001497e-10,2.303646393699288855e-10
-6.234879216169291747e-12,-1.372754310520126474e-10
8.019391481660436588e-11,4.108366390649657362e-11
-3.755625629958735122e-10,-2.610723733486954050e-10
-1.836635295472088527e-10,-1.598900877897553715e-09
-8.620960467969677433e-11,-1.391852572108001889e-10
-9.312094508010049354e-11,1.103709375492972027e-10
-1.286018593142635374e-07,-6.154798507355098248e-08
-1.334608590523977471e-07,-6.800321156100482473e-08
-1.274188834770560863e-07,-6.320581945038903942e-08
-8.899893228840233048e-11,-4.999977139879364666e-12
4.411992312990987006e-10,3.609316972783078171e-10
9.638779428558778586e-11,-1.124342970024080055e-11
-6.702422591646827895e-11,-5.721669393295582401e-11
8.336718814686833223e-11,-2.257611735037601044e-10
-9.128086320926587008e-08,-2.658461908002605536e-08
-9.641570101210496958e-08,-3.109224802611475804e-08
-1.349878982667068162e-10,-9.870134266069087349e-11
-1.136890308679890215e-11,-1.725936359086777100e-10
-6.730705349190685559e-08,-1.337675180134840852e-07
-8.832556128564141549e-08,-1.094842483777730971e-07
-1.069661801304218319e-09,-3.048240770937110320e-08
7.387055659592005187e-09,-3.987779233150069848e-08
9.610998853878153064e-11,1.608858964133164923e-11
5.497666769268283717e-11,-1.101906835190209341e-10
-1.265088992324360472e-07,-5.789606051816601669e-08
-1.304472372081945999e-07,-6.107441880576420742e-08
-1.360212319264049391e-10,1.061841425191024137e-11
1.103915040461060863e-10,2.174109050679530175e-11
2.322314647061056959e-10,1.311918912741288966e-10
-1.462562873644622183e-08,-4.931270492870016938e-08
-1.264486114232197520e-09,-5.124760411546534385e-08
-1.131780466383294032e-08,-3.750328551875828419e-08
-4.142810821760943261e-10,-1.639368631936067567e-11
4.893974029590832183e-10,1.350921070280423827e-10
-8.537691985025549460e-13,1.359418585269321877e-11
-1.077944267148781193e-10,-3.047919681880583752e-11
-8.935361992280202788e-11,1.572103871145752581e-10
-2.994672020861994682e-08,-4.927152939728378863e-08
-1.676437386025259398e-08,-6.682594169309774879e-08
-1.550633198184282552e-10,1.504576444244302240e-10
-1.064307973732606526e-10,-4.114286134447495168e-10
-4.006712628404408760e-10,-1.647265720016726378e-08
-2.111249999130121280e-09,-7.893899702294930423e-09
1.727522164453943516e-10,5.724990904244533060e-12
9.132196255951360922e-11,-2.574577698370640833e-10
-8.455751845183644160e-11,1.785416992730915465e-13
-1.342611223428876623e-10,2.323298069023464357e-11
-1.442149491444488413e-08,-5.390535876390310085e-09
-4.676566217962495981e-09,-2.422645802322231411e-09
1.401123388899443455e-09,-4.551294491571549125e-09
5.322120625342725344e-09,-1.097355592291678103e-08
-4.488318074321075767e-10,4.183774266473747675e-10
1.013552494987475973e-10,1.286911900294286295e-10
1.775515824103508786e-10,-4.505225065558360563e-11
-2.641276100623104816e-10,-1.346891764260137367e-11
-2.099817844231040665e-12,1.004878037625040052e-10
1.283122270075709712e-10,-2.590621522689014599e-10
-3.037106800134207039e-09,-9.458322511889438801e-09
-1.175326960576213949e-08,-1.736554370591004989e-08
-6.712788619108486028e-10,-1.012223663070012202e-09
6.907572363132960352e-11,3.412734747630859316e-10
1.169097868268646467e-08,-6.329246277009246160e-08
5.117890995815481778e-09,-6.021689153995305451e-08
-1.359016055638123321e-07,-7.270513991691506082e-08
-1.370888319659968056e-07,-7.163130114902357007e-08
-3.072085879247094041e-10,-3.058036533477278356e-10
2.712677938428667452e-10,-3.363865664594994081e-10
1.458112865661195849e-10,-2.965004559297994710e-11
7.224460383031365148e-11,-1.136161328205259647e-10
4.775492468952672954e-11,-1.267424676596032578e-10
-6.870813939880614225e-12,1.387156998317111831e-11
3.613576292258350814e-11,1.395945413423059591e-11
-8.324365168721658238e-11,2.947200093825162744e-11
1.293545560426137247e-08,-5.097119276509255681e-08
1.880328120734907622e-08,-5.961897595915571889e-08
-2.163896940558464331e-09,-8.664011759238350011e-10
-1.439253640721183673e-09,-4.175683113009516615e-11
-1.392344841265046056e-07,-7.365760929346277812e-08
-1.361795414118516075e-07,-6.804148005407848872e-08
-1.229842359092471077e-10,-1.448198657503621748e-10
-5.039901848283832934e-11,-1.269238893770609269e-10
-4.211075424135024150e-10,-1.257581809397127931e-09
4.853998710549583019e-12,-8.352472125128513118e-11
2.751051105375124534e-09,-2.597253618973235075e-08
4.225532172025657307e-09,-1.799944784721432294e-08
9.890473814990537680e-09,-1.943161151331574353e-08
-1.186652396666311762e-10,1.234436466380061548e-11
-5.967917812355354938e-11,1.147510036569339648e-10
4.437535682017723031e-11,2.117678566862871836e-10
-5.990115441770475612e-11,-2.985544592820245039e-11
-9.477518638319605337e-12,2.271432258349993992e-11
-2.507880651525007772e-11,-4.430955497078919104e-11
-1.415708443947535213e-10,2.390709227348470263e-10
-3.677619972006842669e-10,-1.450380137454107636e-12
-4.708485924765836734e-11,-4.167029133578791113e-10
-2.766389125508685438e-08,-1.014526915241408836e-08
-1.881398410805717805e-08,-1.447921989068871481e-08
-2.383570658101141881e-08,-2.572776866581491612e-08
-4.656877241636918969e-11,-3.284019785488832073e-10
-1.153820933928588333e-11,2.805031098768464224e-11
-1.082215412166211113e-09,-4.616868221777836060e-09
-2.068575509473970579e-09,-3.822248573051847041e-09
1.437029323784651848e-10,1.198378956985914633e-11
-5.606235911539680360e-11,-2.707427950714491518e-10
-2.679659538085356414e-10,-2.812637509171395283e-10
-1.247598857124639439e-10,1.146423697264889976e-10
-1.176851324955051557e-07,-4.336908305423043684e-08
-1.199887653696795338e-07,-4.608402298955361047e-08
-1.190947240315172622e-07,-4.405152896355715694e-08
-1.661290527280434947e-12,2.664944088545505073e-10
-1.097728782969396515e-11,-7.923693268947972234e-12
-3.662472475980466287e-11,3.052337692235356345e-11
-1.154067447816247522e-07,-4.075801615191346506e-08
-1.147367380746575960e-07,-3.895874757190805033e-08
-1.127455103214460440e-07,-3.799511940592911691e-08
8.463504088956726988e-11,-1.018669217187975369e-11
1.317883897985120175e-10,-3.969979212335397968e-11
-1.732542357441630261e-10,-4.797533748846360159e-11
-1.878344106030132306e-10,1.061989839572559077e-10
3.303754816464853046e-10,-1.146689119496458216e-11
-9.269591454677811453e-11,5.223910091392125319e-10
-1.221267507250413418e-07,-4.860374379520037785e-08
-1.243845557702089239e-07,-5.133749915028287709e-08
-1.231259292654933923e-07,-4.910269038288145117e-08
-8.478948991668154685e-10,-9.637412601690213836e-10
-9.980997354506124857e-10,6.082741737873857888e-10
-1.010562508078847940e-10,1.161626605613424577e-10
-2.067349525402926582e-11,-1.444113319516768731e-10
-1.098884063576921286e-07,-3.541813071903881933e-08
-1.092930219136369956e-07,-3.422830162720553098e-08
-1.062973590563955802e-07,-3.283427648887435312e-08
2.421166914233727729e-10,3.200195907223835816e-10
6.415327329620148850e-11,1.874728855106128904e-11
2.766935668650672618e-11,3.443601090255745557e-11
-1.882736332677288409e-11,-7.004584107447231426e-11
-5.924923220801638021e-11,3.019962758881218962e-10
8.237162223976736873e-12,1.540458369939224469e-11
-1.265034565326611863e-07,-5.408580732085250045e-08
-1.285345355365421545e-07,-5.713577158028575438e-08
-1.266577256078341021e-07,-5.430009607984930030e-08
-1.021688139053993835e-07,-3.054127063363142221e-08
-1.017660309637878123e-07,-3.056997564334951233e-08
-9.730845659464101795e-08,-2.851848107289161099e-08
1.660942569755198420e-11,9.019964001721685483e-11
3.308415683022773143e-11,8.338842775602265787e-11
-1.263505792333161275e-10,-2.213233484065276945e-11
1.490026051306600607e-11,4.321376658623462409e-11
4.105283683611607471e-11,2.552387253503417886e-12
1.565602443581070686e-11,4.484210321440112291e-10
-3.315382860196127360e-08,-8.828995998375342396e-08
-4.961506639673329757e-08,-8.849536181826250565e-08
-4.918863970644681133e-08,-1.094828120632882319e-07
1.493767484437617600e-10,-1.616514672507636081e-10
-6.583195159043100274e-11,-5.950449709482562609e-11
-1.443954074847445426e-10,1.660876337065510694e-10
1.767232615034478701e-08,-6.503922378886508301e-08
1.779032343467010046e-08,-6.345116224147393490e-08
2.157559496740536887e-08,-6.351891138011477933e-08
3.812930943549753559e-12,-5.145207086871114108e-11
-5.901827507376745736e-10,-1.152317030070370516e-10
-8.562657689223037655e-10,-1.181810064408225639e-10
-1.286571956167665950e-07,-7.106438733033605453e-08
-1.336218363897005272e-07,-6.870714593789310376e-08
-1.306101885859779189e-07,-6.173744974937949126e-08
1.844744064982993212e-10,7.155674672935447720e-11
-7.546940702852213012e-11,-1.053853294689055240e-10
-1.942217869489231159e-11,8.950250793458859091e-12
-8.705653693944913075e-11,7.030461181738520419e-12
-4.762682361279220890e-11,1.729588125821389048e-10
-1.057743291869771170e-07,-3.246583179254091901e-08
-1.018533540812729627e-07,-3.158449796357364594e-08
-3.669332306793737154e-12,9.758338002337309989e-11
4.788382883113076995e-12,-1.541196225752399141e-11
-4.987628377049122885e-08,-6.603959026115154311e-08
-6.773095681779915225e-08,-8.494792525888641543e-08
1.131068120801765156e-10,8.016705251565972535e-11
6.614306279308354643e-09,-5.120773420599294570e-08
-1.250958316248929648e-07,-5.184847623760647455e-08
-1.260524185752170870e-07,-5.442031010237666346e-08
-2.947880977189664706e-10,-1.654458346704589803e-11
6.411122055408620018e-12,-6.659529088947421756e-12
2.722330146319107685e-11,3.710207824124025664e-11
-1.471595702247695645e-10,-4.078151633132788240e-11
-1.120259926935118627e-07,-3.553587113753067164e-08
-1.092398108094342695e-07,-3.381828154758533908e-08
-1.328960181026152050e-12,1.683693529089504847e-13
1.608537935633147836e-10,2.727209608605216276e-10
-1.269151355594277203e-09,-2.442018063465262506e-09
-1.432466108278583542e-09,-3.706597844650829089e-09
-1.220230848122164989e-07,-4.697507392451992713e-08
-1.236730266291007535e-07,-4.935329664577245993e-08
-9.795865805958244092e-12,-2.491741225842205112e-12
-1.036230407458504282e-11,1.794856286215077837e-11
-3.512496347861669919e-11,-2.606770836862268272e-11
-3.681462496792349424e-11,-8.263378951839860027e-11
-1.164605178536916797e-07,-3.982814830485190761e-08
-1.143843478541313102e-07,-3.759359642515729152e-08
2.150628675666779908e-08,-6.407506253651164447e-08
2.329280857738641471e-08,-6.051588867142486043e-08
2.247729700900553725e-08,-6.356240493780427359e-08
2.233502109182504970e-08,-6.462900519548037536e-08
2.140355246686140319e-08,-6.307014792265649761e-08
3.677479317130103376e-11,-2.837852276130051350e-11
3.617834201404135472e-10,-1.670367835663301466e-10
-6.379766540324998302e-12,8.580420996601253558e-11
-1.955738673590959247e-10,2.165730454170029190e-10
-1.117876135979756578e-10,1.012724502787988867e-09
-6.973344785159656144e-11,6.996223440617056761e-11
6.628583798485145316e-11,8.146540509470538928e-11
-1.102117992669655226e-10,-1.181308651727813945e-10
2.962989151083528805e-11,-1.292582954101694550e-10
1.976180521116158987e-10,8.925671257860145424e-12
-7.421640733246931459e-11,-9.392745843140746504e-11
-1.088880400199467021e-10,-3.275481346632081259e-10
-1.132883127785394573e-10,-1.056605496785218071e-11
-4.320795771092501136e-08,-1.622792289843750052e-08
-6.000450949319671851e-08,-2.328472242460199311e-08
-4.897116294586053053e-08,-2.898925894212559265e-08
-6.912117578842690607e-11,3.086464954089261074e-10
7.044525811474702683e-11,-3.937069150970504512e-10
-3.855332778721697891e-08,-3.418916234853723094e-08
-5.491624484219158343e-08,-4.244482422610582752e-08
-2.100987966027074528e-10,8.528865340314057056e-12
1.848516369158907929e-08,-3.830986003444626104e-08
2.152953746136665327e-08,-4.715479326383734082e-08
1.729815322940945921e-10,-1.283731688115830736e-10
2.137707862647153513e-10,-5.080295733770085876e-10
-5.900536421888172254e-10,-9.703303514698306786e-11
-2.472205472818975558e-10,-1.150451965261376106e-10
2.132685221072002588e-11,-1.793834800111186752e-10
-1.085153242748957021e-07,-4.696891295823898339e-08
-9.355198029178095630e-08,-3.897599251858560057e-08
3.195467164579931954e-10,-5.951093367265348640e-10
1.249292885234173554e-10,-6.060850376606195458e-10
-6.638565412690143692e-11,-8.979319279959354635e-11
2.322824440068618248e-08,-5.473222217659287121e-08
-1.828786742026657025e-10,5.049876267335221494e-11
1.485538175585330032e-11,2.455025897920932529e-11
-8.298981096422943464e-08,-4.441165139664835577e-08
-7.709156498396281752e-08,-3.097671542273712244e-08
1.445910839291041739e-08,-2.882613746684356232e-08
-1.211514926956145140e-07,-5.465290959182051127e-08
2.005344984417067585e-08,-5.375480378697299814e-08
-2.630691878699983488e-11,-3.499004338973831591e-10
9.335920375825680905e-11,7.488863429658746901e-11
-4.148113765578207810e-10,1.270840663441423646e-10
-1.251185006358172537e-10,-5.628323067897608065e-10
-7.193848370419061844e-08,-5.020496418466766181e-08
4.924279780745491569e-11,1.931669032697453419e-11
-2.391095574832370445e-11,2.288913635079283576e-10
-2.111862278169759402e-10,-3.658016343837859735e-10
6.851897003857045756e-09,-3.566477468370460286e-08
-8.868356865319887703e-08,-5.719517272805041331e-08
-1.178314772133633391e-07,-6.784291884005959077e-08
1.901758326944306786e-08,-5.900862136769576906e-08
7.414628111547722055e-11,6.619634182361872357e-11
1.165703124962225123e-10,-5.278970135742215905e-11
2.051576282981110522e-11,3.880993772578679516e-10
5.450006382725024762e-11,3.067003186368128794e-10
1.283328872142522778e-08,-3.700540308832915714e-08
-2.814426722133173147e-11,1.035376366631371172e-10
2.278110080191042532e-11,-6.501258586130416804e-11
-1.042607206428950818e-07,-6.315572943799071441e-08
7.523096822230871685e-11,-2.934099949709760821e-11
1.550986022043406736e-08,-5.277695048198238744e-08
1.536160979566652660e-10,-1.870669979611383494e-10
-6.986802976391986176e-11,1.068504374317784553e-10
3.933834953375491153e-11,-1.388351157086184984e-11
-1.134486105953740327e-07,-5.833817847459608066e-08
1.129253014910843881e-08,-4.481508051366190902e-08
2.295466565221556034e-11,4.987485169761671172e-10
4.809800728720804987e-11,4.528405830183565376e-11
-1.183969411832788011e-07,-4.221149934927871781e-08
-1.202340486667486071e-07,-4.459044969090729686e-08
-2.890481969536082645e-12,1.087012404413146880e-10
1.207783777901051711e-10,9.328880415650709834e-11
-6.926215972926047173e-11,5.070388182836566373e-10
-1.500724760549917035e-10,2.845117498429893038e-10
-2.039930774167558359e-09,-4.761182144894605438e-09
-1.777746281200005906e-11,-2.219025094823003789e-11
-1.372923363272484634e-07,-7.182048048363426454e-08
-2.390913670238705382e-10,-3.407271283161257526e-10
-5.033376981798655188e-12,-9.723972082338081460e-10
-3.620916818017235294e-10,-3.122662438021129499e-11
-4.422492901795903606e-10,-1.036119420571004056e-09
3.489540377862787979e-10,-9.405353724961767238e-10
-2.028671095136001628e-10,-5.519110039999322697e-10
