Size 899,2
0.000000000000000000e+00,0.000000000000000000e+00
0.000000000000000000e+00,0.000000000000000000e+00
-5.921869307693475901e-09,-8.125822899883237730e-09
2.905432978695800876e-09,-2.679700405562611655e-09
-3.791141743511959974e-11,2.308115447553696661e-10
-2.480889975826764124e-12,1.119853028187723263e-11
5.541182787027243193e-11,6.126846581143006296e-10
-4.086265751275558433e-13,1.072461741724055403e-12
-6.509860384226938922e-14,-3.597088057364338647e-11
1.965106429922360874e-11,8.625999407226665548e-14
-1.055412718791777263e-12,-1.087717298797237702e-13
1.767347646902702565e-11,-2.626752893342909751e-11
-8.682226973667435786e-13,-2.296632809304353793e-12
-2.690330807245390378e-09,-7.151853045444843349e-09
1.832484015774782778e-11,1.228624676108905629e-12
1.697953590211793951e-08,-4.918202397472724106e-08
1.865575477317883211e-09,-1.810016102528116365e-09
-2.090695721005359647e-09,2.986573328330952807e-10
-1.262473969537886182e-10,-7.657946193116344098e-08
-1.384772080534016057e-07,-8.406828144261666526e-08
-9.536813373297054025e-10,-7.965012786478642297e-09
-3.094357433448325703e-11,-5.897693594402408452e-10
-1.295914537377667436e-07,-7.047410196792290104e-08
-6.090957308555610339e-09,-5.413427800761979870e-09
-2.006235689217631766e-10,0.000000000000000000e+00
9.898235005675990106e-10,0.000000000000000000e+00
1.230368218479059227e-10,0.000000000000000000e+00
6.954066167256851029e-11,0.000000000000000000e+00
2.000200833273292759e-11,0.000000000000000000e+00
-1.110301068132996525e-11,0.000000000000000000e+00
5.627793022217048268e-14,0.000000000000000000e+00
1.069762391358620492e-11,0.000000000000000000e+00
-9.325471464149584774e-14,0.000000000000000000e+00
-7.856273192926939975e-11,0.000000000000000000e+00
-3.326568332923978166e-12,0.000000000000000000e+00
2.438338281554058977e-11,0.000000000000000000e+00
-2.325611034490457523e-09,0.000000000000000000e+00
0.000000000000000000e+00,0.000000000000000000e+00
0.000000000000000000e+00,0.000000000000000000e+00
0.000000000000000000e+00,0.000000000000000000e+00
0.000000000000000000e+00,0.000000000000000000e+00
0.000000000000000000e+00,0.000000000000000000e+00
0.000000000000000000e+00,0.000000000000000000e+00
0.000000000000000000e+00,0.000000000000000000e+00
0.000000000000000000e+00,0.000000000000000000e+00
0.000000000000000000e+00,0.000000000000000000e+00
0.000000000000000000e+00,0.000000000000000000e+00
0.000000000000000000e+00,0.000000000000000000e+00
0.000000000000000000e+00,0.000000000000000000e+00
0.000000000000000000e+00,0.000000000000000000e+00
-4.479573194616174274e-10,2.679810434128700414e-10
3.530052231721576721e-12,-1.148626252807340505e-10
-1.381609603516520328e-10,-2.454140107719479636e-12
-2.803829461907086097e-11,-2.884785392423220812e-13
1.716228551200451135e-12,-3.507655098602133268e-10
4.832724586927714460e-12,3.301689206324744317e-12
-1.521651561299702141e-12,-3.556874603378782183e-12
2.167897166855403657e-12,-3.687178042321399132e-13
-9.072037511109687471e-13,-8.490566809520333918e-18
-1.363359806813611555e-12,3.014492755816568858e-12
5.290674055986178389e-15,1.578445043601455821e-14
5.746801593535306868e-13,1.296697788132584812e-12
1.873737366474320422e-11,1.528916386705497795e-11
1.271761614309843662e-12,-4.846083188660920710e-14
2.336925073923912142e-12,9.131303065055568674e-12
-9.741663310151216013e-12,-7.593888753782087615e-13
-3.277547380865573876e-13,5.641920239410553602e-14
-2.475248105647034666e-11,4.052360182020786943e-13
7.012876043359538076e-13,3.827641481188431471e-12
-1.029537993461178385e-12,1.177922267021165600e-13
-4.085103890464385552e-13,-1.251474467005310160e-12
4.186620083568305875e-13,-4.703744458607801854e-12
-5.021973640733306576e-13,-6.801546569687549116e-12
-4.776220189621600864e-12,-2.791222155778805256e-12
-1.394148889742308760e-12,-4.580531380396289691e-13
-7.908010575473589128e-11,1.913892438820713165e-10
-4.191409429570935321e-12,2.317754297223625176e-12
2.234290673484671509e-12,-7.451950411651060866e-12
-5.566102179904625599e-12,1.105540218142683911e-12
3.613861419189569677e-11,-8.318561287103661321e-12
1.728922379107362127e-12,-3.923411434666416639e-12
-2.629871272437831792e-12,-6.894930343915246878e-13
-3.588049757733385966e-12,1.229836393316314997e-13
-1.570269920310415566e-11,-2.956020897319911262e-12
-1.227495562263301170e-12,4.754499773181666635e-11
-4.989095076327672342e-11,-4.983650396011779436e-11
5.047208389898004004e-12,2.053529434699748657e-11
-3.849378732927786884e-10,1.834164654068123559e-10
-3.067972569332937433e-13,3.020458584825390884e-12
1.954330064923871284e-12,-3.528781121994601286e-13
-8.786595358544708159e-12,4.128522401852945595e-11
1.257260482796648534e-14,2.390234058075010568e-12
2.133154172547251197e-12,1.152153032063247411e-12
-6.385196904665615030e-13,-6.806783639260396235e-15
3.762535573965389420e-12,4.975553241283436668e-13
-1.039999509949674755e-11,-5.255477422653093143e-11
3.437781460260573438e-13,7.895313020505960739e-14
-2.529163757375537598e-12,4.262570362149072794e-11
-5.192593090302989914e-13,-3.143453482783856530e-11
8.145285992130942010e-12,1.807191496785815718e-14
2.761544679346676435e-12,3.125866051970871819e-11
4.605792371973763025e-13,-5.736438108186937571e-13
-4.606005728087099879e-12,-2.003045635081466806e-12
2.899171188657077885e-13,-2.008138302584206939e-11
-1.930888529588637451e-12,6.398542518868640318e-16
-1.972655299560160806e-13,-4.697950267169824889e-14
-1.149562425407681687e-13,1.598139028009885013e-12
-3.347847856464473930e-12,-4.580215047806310367e-13
4.042847206100828566e-11,6.811132815263288083e-11
-3.471778942612620571e-12,1.614137010496972573e-12
2.033499725735147281e-10,-3.185171820604372188e-10
-2.202808940803085034e-11,1.283208504673293311e-11
-4.169599082216214341e-10,7.627295144813229338e-10
4.471289429679825597e-09,-5.924296399084282105e-09
6.496202196979821146e-09,-8.923929318212655931e-09
8.711005413837348056e-09,-1.174234643662686577e-08
1.104344309734258698e-08,-1.433468502998780637e-08
1.341726152747746520e-08,-1.664305456726796659e-08
1.556673495736870729e-08,-1.863531547960398671e-08
1.723712955953915423e-08,-2.032671556897733490e-08
1.795730577522714648e-08,-2.181471702057729853e-08
1.731333203137303582e-08,-2.328432031793664705e-08
1.462585369011002123e-08,-2.506875527587932807e-08
9.014202587139095673e-09,-2.776092847434235123e-08
5.419486532504084492e-10,-3.230094348350675912e-08
-1.064269961587612211e-08,-3.713976131836991328e-08
-2.611438108254146527e-08,-4.435580237859203650e-08
-4.770860169208134144e-08,-5.707419540896876682e-08
-7.181703833734861196e-08,-7.629834578432629761e-08
-9.597868933098893588e-08,-1.017652902419979399e-07
-1.173749946234484053e-07,-1.307155341548619164e-07
-1.358744755355030624e-07,-1.609825645524694706e-07
-1.505661046388270407e-07,-1.911801976462579173e-07
-1.610709393235890493e-07,-2.199304907468996392e-07
-1.672251583277517567e-07,-2.458720319937064161e-07
-1.691786816835580666e-07,-2.679926867846585086e-07
-1.672437645026277126e-07,-2.851774817802505777e-07
-1.619784527841843679e-07,-2.968085988042857011e-07
-1.540564045100615319e-07,-3.021938230742394525e-07
-1.442969737905777973e-07,-3.012130122682902770e-07
-1.335723036826546238e-07,-2.937241247728996609e-07
-1.227838684580524359e-07,-2.801563370838659388e-07
-1.128096925038635144e-07,-2.609906091630083626e-07
-1.044390950053172628e-07,-2.371975886214328341e-07
-9.835064331686935480e-08,-2.098926419397915322e-07
-9.503055286531131131e-08,-1.805178708954345345e-07
-9.475827483473978128e-08,-1.507712763807854242e-07
-9.754760262650129528e-08,-1.224462751214151337e-07
-1.030882809691906753e-07,-9.785861782171877536e-08
-1.103829783807839686e-07,-8.120521617963839765e-08
-1.159763230958211310e-07,-7.161392686353946688e-08
-1.196154341182419766e-07,-6.627575626993627689e-08
-1.207770957791271073e-07,-6.272410638331799766e-08
-1.208870339382113884e-07,-6.110521153645999372e-08
-1.195107114927348425e-07,-6.080824445501786317e-08
-1.165708307661112551e-07,-6.145485860395248203e-08
-1.125654153602376058e-07,-6.225474578915179656e-08
-1.078773923216038911e-07,-6.282472632050399968e-08
-1.028470580733362909e-07,-6.290052806711409672e-08
-9.775680980017730986e-08,-6.236129571541267933e-08
-9.280568909926617416e-08,-6.120541464029924777e-08
-8.812458379277860703e-08,-5.949487396438112363e-08
-8.373994790589871994e-08,-5.736973828834301793e-08
-7.962127076880898683e-08,-5.497287595842634462e-08
-7.564250362120258962e-08,-5.247190296779068591e-08
-7.165146985164888452e-08,-5.002314171129292565e-08
-6.732746482334792774e-08,-4.778457677933941537e-08
-6.272689792124835949e-08,-4.521067573568679956e-08
-5.764198064624255742e-08,-4.263943387718738427e-08
-5.210193629516488132e-08,-4.001186455429448042e-08
-4.598139109801611371e-08,-3.723376436160005789e-08
-3.930992737011782837e-08,-3.418433022533490727e-08
-3.209257315357964098e-08,-3.068189548715192086e-08
-2.453760537097507706e-08,-2.653716712695487470e-08
-1.688850749827234071e-08,-2.151182644822187213e-08
-1.037912613681322350e-08,-1.525538265678716284e-08
-1.847656250963060539e-11,-8.387947435874945196e-11
-3.307314421165371566e-11,-1.024121554991760040e-10
1.565000119222479228e-12,-9.508895448250671536e-12
9.653669254705128908e-13,3.441169036849811115e-13
3.561491616952308094e-11,5.477675069459541395e-11
-4.056516443999556445e-12,-9.123144478126710401e-12
8.429010922148623182e-12,-3.477092498041645123e-11
1.073853995889040770e-13,-4.632247840289353334e-13
-1.112707095691827077e-11,8.232198704538416356e-13
-1.750044795296634707e-12,8.505467081238218432e-15
-7.713740514206630012e-13,8.479087981193804445e-12
1.885819327719799894e-12,5.392222518227199254e-11
-1.586352211519617567e-12,-5.831580275701699812e-12
-7.238577278470862858e-12,5.406014531894083997e-12
-1.782444991603531925e-13,1.911598344738507193e-12
5.230554901472872592e-13,2.637265907954088179e-12
-7.855343385817044363e-12,3.168511841643962870e-11
1.611169949401589819e-12,1.300129683696043402e-12
-1.729728442747734425e-11,-1.555520789437075817e-13
-3.928944852775865958e-13,2.757250221735858282e-13
9.919032830044063777e-13,2.422246787622323399e-11
-5.160304441692216645e-13,2.543528482283923864e-13
-1.036632782208423789e-11,2.073269418057824894e-13
-1.284266097774717494e-11,-1.107850628076564444e-11
-2.783949678247133927e-13,1.742752431150163794e-12
-1.365714923163441299e-13,-1.452478842334615682e-11
-3.193080857138503202e-14,-2.971227787445443307e-11
-9.383668317396438258e-13,-6.318880840558096693e-15
-6.220139968623033402e-12,-2.421873343062727298e-14
8.598037381258047820e-15,-7.892427914723539168e-13
1.620253283866973845e-11,1.070787999813035198e-10
-4.465798765384947414e-14,1.851323505995877389e-11
-7.734943535503407114e-12,-5.222190747548354213e-12
-8.539667670536037079e-11,7.774703359212263929e-12
3.601530447145514332e-11,2.702858392166915274e-14
1.322860730315044880e-12,-1.515782371616112507e-11
1.622465914884402888e-10,4.209138116412067521e-11
-5.402992118066962227e-11,8.311824067042491904e-10
4.175178847595345733e-10,5.990231024938372789e-10
2.062092997329760568e-10,-3.336031343504191206e-10
-5.878342519439196357e-11,9.247909812840055459e-11
2.002729428336187166e-10,3.194039716884100028e-10
1.809602373559130013e-11,7.726977736441364564e-11
8.680504180858200266e-10,2.719840552102290857e-10
-3.679623584138092176e-10,-1.235759859337100342e-11
6.246639884489487291e-11,-1.885949673973750164e-11
2.692265734167535771e-11,-4.270788796805993153e-10
5.536983725554122078e-10,7.292643620152722307e-10
-2.530268279768258608e-16,-5.803625814630286101e-15
1.657510088693950734e-14,4.384684396273877657e-12
-1.213293308762909838e-13,-2.045351546721468077e-12
2.744773229862802233e-12,4.245087358118233869e-11
-2.462378541200394711e-11,-3.522397144759486154e-11
-3.738744368808184921e-10,9.491817712504298806e-11
3.472519711661345554e-12,-4.369036609637706476e-12
6.864204850625927071e-12,2.139127752794360207e-12
8.664171928186794016e-13,7.280789866021021545e-12
-5.929303131986554837e-12,-6.664925320423000536e-12
-2.008071718263753840e-12,1.872525666075232349e-12
1.363849258512953771e-12,-8.431468711659340628e-13
-6.394790855479864827e-11,-9.074457828671387274e-13
9.627409008039126337e-13,-2.971978094211396877e-13
6.715835368591854659e-14,4.949723065175550414e-13
-2.117834001710553245e-11,1.911101963870763208e-12
-3.202753127996385883e-12,-1.560432581380796038e-12
-1.598113204728253413e-12,-3.571705692994375835e-12
2.293625346491687525e-11,-1.784865528987484494e-11
1.135668712660875735e-12,-3.214398601448616724e-12
-1.092220557854824315e-14,-1.148977491128825273e-13
4.467061811368981860e-13,-6.446820806595029282e-13
-7.083076902239912479e-14,4.808112927522931029e-12
1.061075818369270906e-12,-1.075186894654404476e-12
-4.774421637661736733e-13,-3.890561577228582529e-13
5.627068863189742537e-14,9.780530220711100236e-14
7.626966371714356961e-14,6.987701110080441060e-15
2.383152054890883864e-12,-8.643180743499564968e-14
-2.350712130396227460e-14,-4.172981423244028210e-13
3.203352205730289387e-12,4.177322486237933662e-12
-3.283823701327217424e-11,-2.353093196286982375e-11
-5.376529521804573062e-12,-9.402253913845313225e-13
-1.436098675160390515e-11,-4.624526541091989306e-12
-3.510637139461902410e-12,1.832541421151560981e-11
-2.746173169333534535e-12,-5.297216651469641056e-12
-1.185519650396215092e-11,-4.151859318430064323e-12
-7.862948391196936439e-14,-7.778510120797552331e-13
-1.485493393756699542e-12,1.150270707817828872e-12
-1.654935630564476487e-11,4.512714526149906815e-13
-9.062650835628690606e-14,-3.972572482512835824e-13
3.332319951039820610e-12,6.690001468784930933e-15
6.518277993014748943e-12,5.040708487645124591e-17
-1.197629508283472170e-11,4.955550716281260488e-15
4.826428120413227556e-12,-6.867924023561136271e-11
-2.113691928982107653e-13,2.148409191140707498e-12
-3.556597178914536199e-11,-8.734903969249154162e-12
-5.736813550084381672e-15,4.163004998749442047e-13
6.085846351851138806e-12,-7.142285264778854663e-12
-2.367938546074181745e-11,3.726348530023847651e-12
5.702736214871855753e-10,-2.084060669212401039e-09
1.357001904324285541e-09,-2.089527813584498971e-09
9.213668173945346091e-10,-2.793809597715773587e-09
-9.977887673109639903e-11,-3.736575601076306091e-09
-4.233071111781830508e-09,-1.765966287317513564e-08
-2.867761909121620277e-09,-2.850757451436563041e-08
5.428626373583683138e-10,-3.961178010493336009e-08
5.239059199374459193e-09,-5.026025903769839369e-08
1.052203072113654886e-08,-5.974667414139025430e-08
1.575853026465028749e-08,-6.745777550435062643e-08
2.039166307152513959e-08,-7.288371913649295951e-08
2.393738126356399301e-08,-7.561807439157492702e-08
2.601238462529309708e-08,-7.539772202648576268e-08
2.645061066073787527e-08,-7.207233215739204753e-08
2.463299231693776594e-08,-6.409402800524114910e-08
1.801051972973846886e-08,-4.000759613702021878e-08
1.825564920383227699e-08,-3.278560789381228434e-08
1.728188564261636709e-08,-2.718039994991408585e-08
1.555549398324302938e-08,-2.265862262003184951e-08
1.327031532611431227e-08,-1.885489914404166837e-08
1.079751125850906702e-08,-1.545738538818337205e-08
8.269482154044953033e-09,-1.226024959273045265e-08
5.903185467529995724e-09,-9.099199857364558694e-09
3.722264110301725123e-09,-5.856662965413087166e-09
1.803755503237110939e-09,-2.412867689424382393e-09
-3.488577903674502767e-10,1.437359986758259787e-09
-4.137737392128135413e-10,5.346824908049295946e-11
-4.977221895330491889e-11,-4.746754837838961439e-11
6.676350510330773990e-12,4.253908023179031661e-11
4.277644786014723412e-11,2.814648723981232158e-12
-2.711911163404832443e-11,3.000466918533222412e-13
5.115986166123215328e-11,-3.245800860495770715e-12
-1.822423686390136241e-11,-5.236778648189843119e-12
2.039862230153232047e-12,7.264401917769255530e-11
4.865209632963032019e-14,1.120294139172959290e-12
-2.714239226509166300e-13,1.372158039396660925e-11
2.171790796791645048e-11,-1.934202754378807426e-11
-1.026379285009512140e-14,-7.322270955478825539e-13
3.892366868598334651e-13,1.279572526662648847e-13
9.601267806177099951e-12,3.267350708590864599e-13
1.650462788691995506e-11,6.542886573387162600e-11
-1.600586884037893575e-14,-9.722857289292777947e-13
1.909043286118169009e-11,-3.175726006938069833e-12
1.762101184313573268e-10,-1.405460271305651696e-10
1.786178021486576439e-12,3.291060844796468088e-12
2.078208553071222048e-10,3.595532590325887683e-12
6.850988000129329657e-11,3.521177732615126548e-11
1.276731528014924714e-09,-1.071984727724030569e-09
7.821148645923318528e-10,-6.393271585602532335e-10
3.691992306939126751e-10,-3.827039011090757874e-10
-3.335809321165818613e-11,-1.907333012182919645e-10
-6.842992396590909835e-10,8.095526160181926969e-11
-1.051453410686627132e-08,5.497096788232883037e-10
-2.244931042785761436e-08,-1.496640029080839016e-09
-3.714903981596353375e-08,-5.810711060440162918e-09
-5.340240893481566504e-08,-1.191235669435542764e-08
-7.022147285478939555e-08,-1.940887945860979617e-08
-8.666735361580485194e-08,-2.793437796677752014e-08
-1.018448317318819469e-07,-3.713738393309029358e-08
-1.149043625113162005e-07,-4.668340431375345598e-08
-1.249914911311025073e-07,-5.624118539854720287e-08
-1.312520245927348074e-07,-6.536612953403004932e-08
-1.343276596385913381e-07,-7.366898268091222061e-08
-1.436313259005609150e-07,-1.082302143091329384e-07
-1.475584071323256551e-07,-1.334454282373249260e-07
-1.502821883812196078e-07,-1.609429112648894459e-07
-1.523662083980794285e-07,-1.891021753887860261e-07
-1.541246482235867134e-07,-2.165248466835532976e-07
-1.556747262115497688e-07,-2.418782562510060040e-07
-1.569434658091449225e-07,-2.639516458110994433e-07
-1.577172511605205183e-07,-2.819296209495634089e-07
-1.576689285846485412e-07,-2.949327018122638449e-07
-1.564307211180847838e-07,-3.026835620577854993e-07
-1.535814338267114221e-07,-3.047172046524103593e-07
-1.487744330749558662e-07,-3.012555732375995385e-07
-1.416619007450494618e-07,-2.922750554645582136e-07
-1.320746988200264262e-07,-2.784035089479648884e-07
-1.198955150407083419e-07,-2.600306430315022501e-07
-1.052545762096046380e-07,-2.380522024799127326e-07
-8.839517843606157644e-08,-2.131966822494534639e-07
-6.982557918448247972e-08,-1.864751421696377958e-07
-4.984547551049785340e-08,-1.588312798083120877e-07
-3.089363105192623985e-08,-1.309085975329202203e-07
-1.404183456678813376e-08,-1.039071926451799669e-07
7.602172591637137443e-09,-7.554948373618561220e-08
1.569110883016968201e-08,-7.660911969064479381e-08
2.250017323352233004e-08,-7.515477441575065163e-08
2.688573777712185100e-08,-7.072200767344459767e-08
2.893144654181872253e-08,-6.385334873445659197e-08
2.883437887986094001e-08,-5.506641601107278376e-08
2.683300671450533991e-08,-4.494259304811266929e-08
2.323850221204105044e-08,-3.416695502034547964e-08
1.843581491808029810e-08,-2.352675196387500750e-08
1.288097506819913896e-08,-1.391833971128654532e-08
7.185037027401158203e-09,-6.472685355372424834e-09
-2.150037482527569573e-09,-3.441557281304408959e-09
-2.071606969373038858e-09,-2.159367138581469040e-09
-1.686181237443240773e-09,-1.575390786978886883e-09
-1.189159816873284458e-09,-1.286254801600543675e-09
-6.663229223525156320e-10,-9.390317673358245812e-10
3.415012407354628797e-10,-5.742621795018487074e-10
4.811184915199384650e-10,-2.205169831671813199e-10
4.820572177265498290e-10,6.084360111815661177e-10
-4.401473789149211580e-10,4.638946939358836496e-10
-1.289513626166175713e-09,-6.572407847306127920e-10
-3.836327326516046496e-10,-5.020697029523752258e-10
-1.107091404743546613e-09,-2.473442973746376358e-10
-4.558127486028674903e-10,-1.207079726093617398e-09
-4.458421660948835666e-10,-7.871863290105059095e-10
-1.448040588066324737e-09,-3.372120946932423370e-10
-2.911758896206646020e-09,-8.400059979549550068e-10
-1.318715951390462861e-08,-1.061546075343266047e-08
-2.058839130683279918e-08,-1.572158560188045319e-08
-2.792726399643026631e-08,-2.068519546279228849e-08
-3.501534179965620981e-08,-2.547348943816487239e-08
-4.164611772076383542e-08,-3.005167618948785398e-08
-4.783671125659531442e-08,-3.440710746642460445e-08
-5.353938610186582119e-08,-3.850820697640849089e-08
-5.892457560426901655e-08,-4.231307546409845462e-08
-6.387401466239813932e-08,-4.625823203255840880e-08
-6.850127525599506592e-08,-4.985093476476767108e-08
-7.288933083456216493e-08,-5.306876234782495484e-08
-7.717861510173678199e-08,-5.583831415616377290e-08
-8.148928262242721898e-08,-5.809097636457967579e-08
-8.597226136209110441e-08,-5.975508103959240849e-08
-9.065848650751947689e-08,-6.085696086811637891e-08
-9.562033150499581692e-08,-6.141758407089094107e-08
-1.008141845117566448e-07,-6.161411273399508456e-08
-1.062296342524454659e-07,-6.166437443956672451e-08
-1.118005812895324564e-07,-6.196201003156368266e-08
-1.174792642836246487e-07,-6.300084702001137540e-08
-1.233270028717180917e-07,-6.534901546309273800e-08
-1.341589105659673462e-07,-7.672296244183001349e-08
-1.294331583968668409e-07,-7.968499286696393619e-08
-1.199174921626934421e-07,-7.934445821126006833e-08
-1.075215959366175885e-07,-7.688642915611500022e-08
-9.286047440996383853e-08,-7.256087224613249738e-08
-7.673083885255734442e-08,-6.656100543819173090e-08
-6.002077524635858939e-08,-5.911282583263787556e-08
-4.366373574030033528e-08,-5.045890572185894925e-08
-2.864262667090253782e-08,-4.085674361529010689e-08
-1.597303729390093642e-08,-3.057903041669425357e-08
-6.565333112852594909e-09,-1.981885067816693901e-08
8.964669008567884582e-10,-1.135129993766763773e-08
3.853177926555746392e-10,-4.145939845010474782e-10
-5.132108828173670027e-13,-5.678946844425633598e-11
-1.148732838740104040e-11,1.661295635557646136e-12
-7.257321822566079447e-09,-9.278015208199937675e-09
1.568919128644523499e-08,-7.161760483790593494e-08
3.059750531074526908e-12,2.074835066769451988e-11
-6.589175823387223937e-10,-5.244824564851775704e-10
-1.353254148552085047e-07,-7.709402520922566127e-08
-7.378871843642843452e-12,-7.372894407724201670e-13
-2.586923444461660454e-11,-1.698660951444905055e-11
-1.231118543395964460e-09,-2.539801330845113255e-09
5.253362663727223479e-12,-1.026333267565734417e-14
3.206383699127316788e-09,-5.111295506888000926e-08
-4.815188338307695425e-10,6.363090313370674278e-11
-1.234684344557054100e-07,-6.814170478946805935e-08
2.641656893546635266e-10,-3.640815179588863886e-12
6.275190979757532209e-10,-3.070296174677404092e-11
-3.227819245774543360e-08,-2.316174336533545140e-08
9.370582268954129065e-09,-3.143451921851118592e-08
-1.951006912207214559e-15,1.992782074228582087e-12
-2.368017807706502291e-10,1.094779339797587378e-12
-9.117164205217381432e-12,1.419160922105709690e-12
-9.787669249145791738e-08,-5.504623611808570806e-08
2.856052076007497624e-12,1.343924341249507604e-12
-6.510269854549612702e-08,-3.928070349738218109e-08
1.108304470034135931e-09,-3.647726771472876621e-10
1.905888845665551106e-11,1.608825814108827323e-11
-1.526931962735307034e-11,-1.052850520818947662e-09
1.049009863740255325e-14,-1.476695986832330737e-14
7.356317383978496982e-16,6.268994009373680925e-15
1.889233129757172471e-08,-5.266615188160204438e-08
2.486877671829795232e-08,-7.613524703121571428e-08
2.511731069939222471e-08,-6.902322901845511971e-08
-1.055446364242414391e-12,-6.925497847030246608e-11
3.163187565928478207e-10,-2.633076001048843238e-09
3.449569722113742703e-10,1.565029386555174538e-10
-3.334202799129953388e-13,-7.656394846553476476e-13
-1.293602409538692248e-07,-7.297296217820864696e-08
-3.960252760281263266e-10,-9.861195560763468367e-11
-9.772720297245358258e-11,2.744537395877043156e-10
-9.410739548908659149e-08,-6.146311907474371664e-08
-2.640073654036458288e-13,6.597173742620265951e-13
-2.122963490822317942e-09,-3.165329006419152708e-09
-8.101609727737718312e-14,7.308352844487010131e-12
-1.044854452250619730e-07,-6.200521152418288786e-08
-9.320541970577011873e-10,-1.191774989822225454e-09
-1.549904573695887226e-11,-8.714016348859928602e-12
-8.446339131978353380e-08,-5.852309149409738644e-08
-7.888291644297090759e-13,6.263808599839731478e-12
-1.130967326344708351e-12,6.457990423915433409e-14
-1.144807279268155300e-07,-6.126982266010529093e-08
-5.332378928830918276e-10,-3.364939183534441667e-09
-1.448938208650676930e-10,7.290247969324070170e-10
-3.272154847452080901e-08,-8.386666208314701458e-08
-6.902830369861827822e-14,8.496567350139136484e-12
-7.585312719478228882e-08,-5.359771626527238549e-08
2.189105437882617018e-12,-8.804393692504150201e-12
-4.180268758362391454e-17,-6.349930050604410446e-14
-1.219580902341109282e-07,-6.234534487240540615e-08
-6.990479659336544334e-08,-1.304389394354600994e-07
4.879674234283063669e-13,-6.353106104632639508e-12
-6.800243563127237926e-08,-4.802399489497847151e-08
-6.647039357680149992e-13,1.915632093555844579e-13
1.426957827112437699e-10,1.851398428505942045e-11
3.676361211907759344e-10,2.825109785340446035e-11
-1.035382898523231030e-10,-3.796977275708941878e-10
-5.772251400174321778e-11,4.678632732577726048e-13
-3.310013188636924616e-15,2.343558044602898785e-12
4.125770360215093391e-10,-2.696619570031119452e-10
2.335093663988272641e-10,-1.494462440636693469e-10
-1.121391647339593512e-07,-1.890116495604099376e-07
-1.276202499528883526e-07,-2.156336545526928885e-07
-6.096889647072557410e-13,1.098636265047639057e-12
-1.379152193110740938e-12,1.481348603223648967e-11
-5.824763996847697164e-08,-4.169385383709904952e-08
-5.311928661459091950e-08,-3.854774154871137335e-08
1.479888086223913331e-12,1.407133606113293000e-12
-2.761626803226770003e-11,5.880822601176833597e-11
-1.401242856203410889e-07,-2.423996064942847531e-07
-1.490265951784644834e-07,-2.638252193319664746e-07
-1.373901157676874292e-11,-3.857199516771748378e-11
5.884567568686090651e-13,1.203609035128065597e-14
-4.701250288287022196e-08,-3.491582675956687316e-08
-4.090092223323232699e-08,-3.144990195246313018e-08
7.259970519312128507e-12,9.668086654701602048e-12
3.096102378828400551e-12,3.371253940840725262e-12
-5.899761771838553389e-10,-7.886213764159191096e-10
-9.342904311092430423e-08,-1.586824866797002192e-07
2.507650467854170759e-13,1.646439985269158908e-12
-6.344309370711113886e-08,-4.498986028533515447e-08
-1.048374088717591123e-12,9.016866941769385677e-12
-1.545478281363131181e-07,-2.827091247962199904e-07
-1.569387923414075480e-07,-2.953057107155652457e-07
-3.211333686801120304e-15,-2.170379966046638876e-13
-9.491602158273290542e-13,4.981066458043564326e-12
-3.369885796320632866e-08,-2.734564921894229657e-08
-2.664429608791275082e-08,-2.332052260071441029e-08
1.182475025050507476e-14,1.683801686034224362e-12
-6.242859465546058891e-13,5.621108209207088579e-11
1.672425812838758874e-11,-1.188279055265763156e-11
9.890749971419482502e-12,3.991507875852650716e-11
3.744031405981737447e-11,1.018103647651835665e-11
-5.625325673253859643e-13,-1.941797878325573399e-11
1.769938966051421451e-08,-2.926178161238943257e-08
1.533846945289472487e-08,-3.384075336455043623e-08
-1.563988282618312061e-07,-3.031188427423683800e-07
-1.537801087482252430e-07,-3.045828297519560766e-07
2.647867923897087494e-11,6.520593192421776352e-12
2.720745068574400173e-11,-4.375270223559594538e-12
-1.875732549470281808e-08,-1.845942785720855970e-08
-1.157241489974997728e-08,-1.363868065242425182e-08
1.663878981556372585e-11,-4.643326599798494908e-11
6.698664428741352717e-11,2.443703309540370782e-11
8.444663606936450965e-11,8.087196361197059302e-11
3.835842857134905248e-10,-4.312459084847755313e-10
7.798783860212677710e-14,-1.571004181478913901e-16
8.163666658607726448e-12,-1.160247683677880619e-11
1.752411162274987340e-08,-2.261097951281633131e-08
1.829745659244952676e-08,-2.552614412702531842e-08
-1.492918477519997270e-07,-2.998425324667677659e-07
-1.440412906716635162e-07,-2.896529538619627711e-07
-2.823942618583865417e-12,1.513841898693887140e-13
1.492071388767436948e-11,9.091567147767921753e-13
-3.585878790473053497e-13,2.529679793989087774e-11
7.282829108011839843e-12,1.020916230806701168e-11
1.359885779703912441e-08,-1.733728338251036048e-08
1.575252754399543600e-08,-1.983585915157290082e-08
-1.382618984156973518e-07,-2.729365447383396853e-07
-1.329577796019993760e-07,-2.526058885457524298e-07
9.833543922778977611e-12,-2.054135978060051752e-12
3.114571371198083339e-11,9.096259777066881738e-12
-4.998244650641221812e-14,-2.415433583455653663e-14
9.257753298156126758e-09,-4.014331513700587393e-08
-3.117478635599651277e-12,1.169037746887455214e-12
-2.693901112128072432e-11,-1.500675914924565518e-14
8.696826193309362098e-09,-1.196119517843137775e-08
1.105330380610978828e-08,-1.460756567354803427e-08
-1.283546927889413181e-07,-2.266832836369836125e-07
-1.250420666198510248e-07,-1.997786476748367558e-07
2.299405974486652896e-11,4.542684828372446099e-13
-4.316056681346962846e-11,-2.814328629568071965e-10
-1.480895292714486891e-09,-2.097847765988571429e-09
-1.050509982564834002e-09,-3.546708576101758676e-09
-9.229605037645296468e-12,-3.954614974206101106e-14
-2.347730916800645064e-11,4.217616002988441660e-11
5.838596859364337293e-10,-2.395265250009193572e-09
1.773180714524411320e-09,-1.842842678866687663e-09
1.178479568430640587e-11,-1.605458914215988206e-11
8.762303069181625800e-13,-5.407084979843213458e-10
4.317273669683549580e-09,-6.116960319962929609e-09
6.319384240635495998e-09,-8.981205569277907062e-09
-1.231378833741544901e-07,-1.695046222741445031e-07
-1.226070176048894311e-07,-1.414285318874700964e-07
1.202295476095228176e-12,9.447434237516915971e-11
-5.163870434275296096e-13,4.460376335716249965e-12
2.790297249875743541e-12,-5.118326598292508696e-12
-2.284374947784344141e-12,1.257134669449342015e-12
-1.232792576293393727e-07,-1.133995623602559328e-07
-1.245252817004325597e-07,-9.103619590696872199e-08
1.033212196745346077e-09,-1.307327171581392863e-10
2.378589006892425632e-09,-3.038806789112151216e-09
1.640084477684284546e-11,1.345705314789433228e-11
-1.265903056847111186e-07,-7.748844122267376219e-08
-1.951843068325338242e-10,-1.731483398922777112e-09
-1.931221916358026125e-10,-5.716658002213114459e-09
-8.331338524397188370e-13,9.572049343047737005e-12
-2.377428949245340265e-13,-2.575091973521538364e-13
-5.378548375705706556e-10,3.641537803537060764e-11
-8.853215490737730674e-10,4.809761736047924429e-10
-8.462886110950373618e-09,-1.172821544740897176e-08
-3.673830126179812627e-09,-4.624956892053378804e-09
-1.235267393244348454e-07,-7.176288691200025735e-08
-1.338191719655234336e-07,-7.771038417429241017e-08
2.489170616351607927e-13,1.725887907026006721e-12
1.881612308448568535e-11,7.995197291385327871e-13
3.578765586446857507e-10,-3.392578291926804240e-09
1.117174619273085423e-10,-1.650911097262201515e-09
-1.493160573446515124e-09,-1.474329191054687205e-10
-3.576228288254264137e-11,-4.014110367382920070e-10
-3.746154160194004724e-09,-5.354476922290588674e-09
-1.531246141706824619e-10,2.952000280860035862e-11
-3.450649358961354135e-12,-1.862808502398434822e-11
-1.662482938258608102e-09,-1.800927797170803070e-09
-6.468617088682234081e-10,-1.018525925617704299e-09
3.826156830789577904e-10,-9.273865885795195937e-10
-4.405235228258796111e-11,-4.472121354344563516e-12
-3.760864120162230413e-10,-6.143738758479209399e-10
-1.132310021782155540e-09,-1.254839391385522721e-09
1.394154021021358808e-11,-2.641914030891276672e-11
1.536107121532877189e-11,-4.304343548747053697e-11
-1.794442572136614353e-11,4.158431061556297074e-11
-2.228283676874222332e-10,1.049175065534739855e-10
1.515455009741947471e-11,8.653179568377177302e-11
4.938067282400295481e-11,-3.354560669239316488e-12
-7.565319873554592198e-12,5.917399775259667181e-11
-1.787473267275650842e-10,-1.294948433777045579e-14
-1.964713848905030062e-11,-2.587406405775438570e-12
-3.320391806227538742e-10,-4.562966045888823324e-10
-7.139840810839761736e-11,-2.220535086565765002e-09
3.031344357701900386e-11,-2.025585441752943472e-11
7.305237550430344631e-12,1.091027482830797395e-10
-1.241584146637087449e-07,-6.516883500771199984e-08
-1.296493933046315296e-07,-7.187951032188985939e-08
-1.235470610144703112e-07,-6.672086449486298722e-08
2.529789518898215370e-12,1.206534076392681709e-11
-1.868318135742637901e-11,-9.847713652560730181e-12
-2.813839454463048289e-12,-8.048738749686174702e-14
-3.641886052174307739e-12,4.641573527593139324e-11
-7.520904620822122203e-12,5.372740995023704293e-11
-6.368226333647289490e-08,-4.536770570846429452e-08
-6.767159795035048515e-08,-4.763281619173999087e-08
2.580952001701851275e-13,1.807350742857273597e-12
1.957705241749716858e-13,1.985633335820766457e-14
-6.999525942439761183e-08,-1.585902327899404257e-07
-9.362126777998756717e-08,-1.308487285819023193e-07
1.658794073914379495e-09,-4.029148190816494070e-08
1.045374729688339953e-08,-5.051872252722320530e-08
-3.475190503457152240e-12,-1.407204098035141674e-11
-1.024626271365249277e-11,-3.037984753998741837e-11
-1.219831493491391978e-07,-6.234028519952635568e-08
-1.248899046596277261e-07,-6.504386504791176679e-08
-1.222040095221773590e-12,2.234770680463498022e-13
1.111233313480614332e-11,-6.976877088428732774e-13
9.435249704635766972e-12,-3.175529971337485873e-10
-1.233525480978227541e-08,-6.151345434898795914e-08
1.827758570610383339e-09,-6.339791977669159276e-08
-8.966370318319176548e-09,-4.829465076716087462e-08
6.447277866718667519e-13,6.963121361616423784e-13
-2.275547711568146544e-14,4.216588791700195369e-12
3.347867707667673535e-14,2.575653875213481474e-11
-1.507646139030614455e-12,5.485942757903720366e-12
3.560141792180463804e-12,5.765819369915434881e-13
-2.901691251546503285e-08,-6.167475505105054275e-08
-1.455588658642201391e-08,-8.119603143107215432e-08
2.840316470185810369e-10,-4.191188928887987467e-10
3.327493397122352595e-10,-6.556969079232695051e-10
-4.742281018182906789e-10,-1.912835185144328602e-08
-2.303639252310050223e-09,-9.544271349853230637e-09
-5.587782049696264831e-11,-2.160228319348055636e-12
-2.526601716365339915e-13,1.069611237273108463e-13
7.119950599614517954e-11,-4.628767543311395833e-13
-1.321250595779035055e-12,4.198000617661693081e-15
-1.384392978240335428e-08,-6.420447418201031657e-09
-4.262051815717278191e-09,-3.073025851379467607e-09
1.683093582593414344e-09,-5.653710266431353076e-09
5.996839535760257814e-09,-1.288860816326201848e-08
-1.610079431296294932e-10,-1.148312882846259595e-10
-8.935477821260927294e-10,1.270611077066092263e-11
-7.193313236636653685e-12,3.963519922816819398e-11
-2.640336531208969997e-12,1.840235553467957806e-11
1.871503598654964733e-11,-3.339877344214706659e-12
-1.115856534002282542e-10,-3.436116474648246381e-12
-2.732378611061247331e-09,-1.012500346144345311e-08
-1.138187716581212187e-08,-1.846498282720192846e-08
-6.274962706887694984e-10,-1.438128752420656682e-09
4.861371446662612938e-12,5.338897631055905226e-12
1.524442026043848978e-08,-7.529285303157858678e-08
8.375170825422367514e-09,-7.286160706872035014e-08
-1.337747422066692717e-07,-7.718576800605405476e-08
-1.338937282138644508e-07,-7.613692619624358266e-08
1.991514812962790612e-10,-1.227879139615775327e-10
-2.171926538451296890e-09,6.707831151085342173e-10
1.364538758030558420e-12,-7.513189305175821178e-13
2.141106892632808144e-12,4.038484674341879521e-13
1.495270854773919460e-11,-7.143472365189602445e-11
7.393000166315886347e-13,3.523942343525363671e-16
2.552740863361410036e-12,-4.647996815735427062e-12
2.740096403625993823e-11,-1.030751323684402055e-11
1.629261117084327061e-08,-6.271734165899939974e-08
2.254340601693888462e-08,-7.182553307923525776e-08
-1.923430666077926571e-09,-1.453052280961066500e-09
-1.299419344140690167e-09,-3.436268467870107916e-10
-1.367515828844149183e-07,-7.895433548548607013e-08
-1.335942935362051041e-07,-7.280890548521436658e-08
-5.076745404289649929e-12,-1.655136989289598501e-11
1.778847137402663906e-12,-8.818905609413992823e-14
-3.407640915450671338e-10,-1.831770113290852089e-09
-1.186177617896533344e-10,-4.922020147573376078e-11
2.975258381043299892e-09,-2.982204502020125776e-08
4.698636261581901968e-09,-2.080836660016183740e-08
1.106046928525552062e-08,-2.238338893997136488e-08
2.389253717512543430e-10,8.641275973563892368e-11
3.305538474769665739e-12,-1.160768044336784567e-10
-3.091592722830956127e-11,-5.449815069078730555e-10
-3.615902773716383264e-12,-8.072357483849983466e-12
1.187531987231126592e-10,-5.750935002181326642e-13
-3.937717239552723742e-12,5.496473288857538068e-12
-4.787397420956528015e-13,-2.777444311271808136e-13
-4.512873325205303203e-10,-3.128242959717949606e-11
5.528586373610227418e-12,2.380250077049914187e-15
-2.697469751855413382e-08,-1.159481790799730834e-08
-1.828396774233802347e-08,-1.575528828379528237e-08
-2.335754015245456047e-08,-2.725521130318780955e-08
6.902254313400500464e-12,1.652310356771289806e-11
4.104574249028464029e-12,6.084121284659553204e-11
-1.107255020117275294e-09,-5.779265513833335383e-09
-2.180336509402487640e-09,-4.947411967933246089e-09
2.816195414730072769e-10,-6.059754647367461998e-11
1.949016476091745977e-10,-4.830950917804998194e-10
-1.323894620991842139e-13,-2.904448830070081120e-12
4.148685885783091536e-12,6.823626732068533997e-12
-9.481664971909161685e-08,-6.147222947253582507e-08
-1.001262986332827157e-07,-6.179143120627618892e-08
-9.916003047037344837e-08,-6.198675271454452520e-08
-1.078150014846818483e-11,2.980544725314099746e-11
-7.124041357240348835e-13,-8.821220236167913860e-13
-2.340645748700303555e-14,-1.016781007163499058e-14
-9.000992941767740289e-08,-6.065298944044857657e-08
-8.907742455054832117e-08,-6.027403932022531562e-08
-8.514829856930307113e-08,-5.917020361730099718e-08
-2.048589740285334326e-13,-9.679573471305569964e-12
3.327251740533024705e-13,-3.231780233683660399e-12
1.599679777470412842e-12,-9.157317466068107540e-12
1.352710370364407260e-13,3.160228383523430516e-13
1.570454208672886980e-12,3.302879954858182219e-13
1.429863197008156344e-12,-4.164156466966317897e-14
-1.052862511696436705e-07,-6.172136298929516502e-08
-1.107096286107649690e-07,-6.156312177463491933e-08
-1.095343419004842859e-07,-6.163464871773900854e-08
-5.262070904910703998e-10,-1.349163083168512846e-09
-6.611057052244981634e-10,3.891848292726317599e-10
-1.137886486170293133e-12,-3.687648476642596794e-12
-5.141143929397287175e-12,8.798654624098134954e-12
-8.082581192989812878e-08,-5.721519808574350749e-08
-8.001477861141476594e-08,-5.624789371836126821e-08
-7.643008092792026840e-08,-5.464693923080111571e-08
-5.987662040302658117e-11,1.136074774589000484e-11
-3.058415450024580963e-13,2.114001681792818738e-12
2.014587444954698069e-11,6.473030138078911181e-14
3.100616223969283693e-13,3.492197055168244901e-11
9.886057300638178769e-13,-7.543104940350973110e-14
-1.159442476813301597e-13,5.320771917038551855e-12
-1.157774289257492501e-07,-6.173003371768405281e-08
-1.204444379574176854e-07,-6.268904774671667619e-08
-1.184983220520145696e-07,-6.136227092880776174e-08
-7.229244418752038142e-08,-5.179698694225772728e-08
-7.192807918727782259e-08,-5.087718077009182676e-08
-6.819187201600650567e-08,-4.875347631020799556e-08
-7.191503517517921308e-14,3.384723505364986866e-13
3.663360954963967928e-14,1.583787044809575723e-13
7.056838019987750948e-14,-3.452216994327937510e-13
-1.129066188539726221e-12,4.718208795731370053e-12
1.675117260442366209e-14,9.930278919928843397e-12
2.905561611794526527e-12,4.009462397351613889e-13
-3.241864954816967159e-08,-1.060370686594959686e-07
-5.060603156816751598e-08,-1.064658647352378777e-07
-5.001861538014798881e-08,-1.305363498189612634e-07
-5.256239083214280418e-13,-3.769759943831066176e-12
7.492890139136507041e-12,3.307435997233862395e-12
-8.372312451606896585e-13,1.627937194085443775e-11
2.154549077074563893e-08,-7.643588608454828147e-08
2.152674235876414524e-08,-7.538521674062674846e-08
2.520347372358053819e-08,-7.535527622340634017e-08
9.761591883322913659e-10,-5.592935306783402637e-10
-2.943040018219443883e-10,-3.674520120859763837e-10
-8.766840741111067221e-10,-1.628069640794744630e-10
-1.268980337219955745e-07,-7.521369974098342406e-08
-1.314855462018985991e-07,-7.316812181791450818e-08
-1.284935568927888099e-07,-6.610289835411025673e-08
-3.022680544026458575e-13,1.150362232465849435e-16
1.029252374076513955e-11,4.864206733670441808e-12
-5.099965083031362848e-12,-6.240420026893733273e-12
4.652041553150289820e-13,-4.950317328984522674e-13
5.772640843891188341e-14,2.576264894221406281e-13
-7.573946941745802554e-08,-5.293810814743643611e-08
-7.201931606953628244e-08,-5.041046981651515753e-08
7.817786206779854806e-13,-3.075794808256188757e-12
4.890224695653815372e-12,-1.789158841484354181e-13
-5.096377797703452903e-08,-8.084110329136413241e-08
-7.076180301484410220e-08,-1.025875954430560465e-07
1.035106254387179444e-12,-2.828300566953982176e-12
9.829042642486320852e-09,-6.310185773055016973e-08
-1.173504608327382369e-07,-6.093703589190842811e-08
-1.201831343321685442e-07,-6.098820232908874580e-08
-2.350200815762942150e-15,6.681427644814907016e-15
-5.828310146570374600e-13,3.550491509486968582e-12
-8.053229889437101436e-12,-1.920643311899547328e-12
3.137214847923429645e-11,-7.865563381077211737e-12
-8.407652454311417689e-08,-5.794121116487033122e-08
-7.985697015307004568e-08,-5.559199883421421380e-08
1.745261824489394272e-11,1.273816302493837146e-11
-8.142634107072130042e-12,-4.032514646110153209e-11
-1.263923103989205136e-09,-3.320202212081420816e-09
-1.456869174439061221e-09,-5.023920902325796586e-09
-1.086391555021512180e-07,-6.211477166034560236e-08
-1.132537697743884093e-07,-6.149730105113151910e-08
1.758351630192718590e-12,1.771535768709649018e-12
7.609903431306790188e-12,-7.900219660221534479e-13
1.915350817113077049e-13,5.788850301622494464e-13
-3.338537622984840557e-11,-3.529383423100429413e-12
-9.340612839443090792e-08,-6.137086323712408774e-08
-8.860491883150272917e-08,-5.992440514424681364e-08
2.541067614826135919e-08,-7.459720167963684751e-08
2.700222725815984194e-08,-6.993734294782225395e-08
2.595634873855794025e-08,-7.394245439707712809e-08
2.564756679850388503e-08,-7.579396482642785045e-08
2.427262559241221083e-08,-7.331382400636194606e-08
-2.112652794301718651e-12,3.108639883026986815e-12
1.019568457752705641e-12,-1.130800295167841890e-11
7.895342165970966775e-12,-3.065152582581700904e-13
-2.603178152123666632e-12,2.156990161392145629e-12
2.600461778964853646e-11,2.723836917653511788e-12
1.412725014941010925e-12,-4.236224474544679538e-12
2.505176164226472085e-10,8.808354738462472255e-11
-5.384730706037912003e-13,-1.219099638916835597e-16
1.536852689835451307e-13,-1.747408481466256289e-12
1.479023941825944571e-13,-1.230334134270856005e-13
4.302300335533262728e-10,9.682037140964726143e-10
-7.502642464139974708e-10,4.170711838651987690e-10
1.230378385439036178e-10,2.276830154888952918e-09
-4.240994625242771305e-08,-1.810385538301504859e-08
-5.908423514773959287e-08,-2.558931409458073374e-08
-4.822217671885267869e-08,-3.111136455669167545e-08
-9.058722882518368673e-10,-3.990083391446838715e-10
7.504046656680636454e-10,1.950946387773567298e-10
-3.796629143659871957e-08,-3.613608805865849575e-08
-5.421293857915050973e-08,-4.480149246744925022e-08
6.417132041826128457e-13,3.489176349113186244e-13
2.079909561173436484e-08,-4.378735871570669784e-08
2.439759954685436289e-08,-5.398982172359057577e-08
-4.040196193180924444e-10,-1.235189054423417249e-09
-8.428891900728564990e-10,4.009190853109483643e-10
-1.992363544321843963e-12,9.643441099918667186e-14
2.832594653814513729e-14,-2.667365788686448886e-13
7.051465899566714574e-12,-2.079882876950718978e-11
-1.070470116472406580e-07,-5.054252780861792798e-08
-9.230681327010623763e-08,-4.213284739880298873e-08
-3.447289670698391871e-09,-5.093181257890434266e-10
-9.684951031151481298e-10,-1.426975747284272431e-09
-8.305206303532466601e-11,-9.922900642651091590e-13
2.657674559984692393e-08,-6.290299596472311880e-08
6.703039153616466915e-11,-6.893956470292596140e-12
-2.985898338144358429e-13,-4.224938699815733832e-12
-8.195898460702802223e-08,-4.735814113256997516e-08
-7.602571291841679064e-08,-3.370941074775642350e-08
1.619142047728148041e-08,-3.298778876837945556e-08
-1.194042244851640546e-07,-5.863125865193404880e-08
2.264328542330755546e-08,-6.176561652071422762e-08
1.412648332285914359e-12,-7.248825557323377342e-14
2.691232058568251944e-14,6.105911878180305944e-12
-2.144606471424027554e-10,-1.058398352748092184e-09
-2.394685998045739994e-09,-6.964691454774525180e-11
-7.109994625788520008e-08,-5.295827006296941217e-08
-4.534031496849655450e-12,4.203442772297006298e-13
-1.486228907600899227e-14,-4.325685216233203733e-15
-1.502200276603417681e-11,1.683573985680865108e-10
7.509211936597295276e-09,-4.082015862082861148e-08
-8.768006273874699950e-08,-6.032850270190007595e-08
-1.163670117414871885e-07,-7.167163042780397177e-08
2.135385638113312631e-08,-6.812748359761637036e-08
-8.924456227485997186e-11,6.646596768499088498e-10
4.058106896468153365e-11,2.663545475193860387e-11
3.086693745846551854e-12,-1.026275454582999903e-11
1.855536439280532634e-11,1.563939844724945694e-11
1.429845615797958708e-08,-4.232256133519763553e-08
1.167355983555597218e-12,-1.106340175492681788e-11
-4.207863219403942421e-11,5.298768630551814660e-10
-1.030515048813168466e-07,-6.664871770625475709e-08
-3.074276217505322815e-11,-1.606745314519614290e-12
1.726905365511986290e-08,-6.063026757209118443e-08
3.712338493451228311e-12,4.824000238372084794e-15
-2.052132627708405695e-11,1.232131334510574160e-11
-5.331924872097725901e-13,-8.783725920551322746e-13
-1.119879175695106357e-07,-6.206065296504913184e-08
1.247666929193731865e-08,-5.132605089350098469e-08
5.427748955539201452e-11,-1.808045999833670671e-09
-3.285582488051599054e-12,3.210302534683055501e-11
-9.846198763510374643e-08,-6.221010494235342205e-08
-1.035558658106876016e-07,-6.242572496794741397e-08
8.335814012159710189e-13,-2.993576051924095609e-12
4.864259772696464549e-13,2.621256384988822554e-13
-2.020850981853285215e-10,-1.196028166374273603e-11
-1.515107137012624574e-12,-2.640266196418311022e-12
-1.711173999551108757e-09,-5.337105821343925697e-09
-3.313629436153217880e-14,-4.165733238277455315e-15
-1.343089084175072238e-07,-7.648723488328973306e-08
1.202777997148824482e-09,-3.561371685995406543e-10
4.419673863044544775e-10,-2.581248165930212108e-10
-1.083249995650748040e-10,-5.213073378993654220e-11
-1.220045955524232138e-09,-6.581625800631718302e-10
6.089188520617459685e-10,-2.091247095560084174e-10
1.462687310262367062e-09,2.506333612010823462e-10
