Size 899,2
0.000000000000000000e+00,0.000000000000000000e+00
0.000000000000000000e+00,0.000000000000000000e+00
-5.469112304487627969e-09,-9.982062642261378551e-09
2.291167297455907619e-09,-3.467604437136030053e-09
9.961280356436636002e-11,-1.026511291115555982e-11
2.993836303198092071e-14,-5.684112700620600629e-14
2.439920789685796159e-10,2.178278967142335066e-10
-8.608940753876463754e-16,-2.841910933315315647e-16
-1.247747803231838699e-14,-6.531643129783045105e-15
-3.281514266783931089e-12,-8.079832308313648247e-13
2.874500425447971222e-15,-6.335867616567163480e-15
-7.311484833246883796e-14,-1.496397525460157172e-11
-2.791967967948179769e-12,2.530930440819885827e-15
-3.221128938459204319e-09,-6.918136780439507927e-09
8.167077108248326490e-19,2.506623283190411262e-18
1.921257350505215060e-08,-5.897104734876934069e-08
1.570491986363572781e-09,-1.495376031424957733e-09
-2.034468215872704411e-09,-1.306185734591631829e-10
2.700575011352991717e-09,-8.909812494819109575e-08
-1.378533079825244026e-07,-9.039906261749568833e-08
-1.112746377314808273e-09,-8.597346061024115067e-09
-6.091202980279533958e-10,-1.318626985139562260e-09
-1.260875259631062210e-07,-7.493981596965577485e-08
-6.012293286790887985e-09,-1.092478594463943849e-08
-1.153459646166644200e-09,0.000000000000000000e+00
1.412639826095215956e-11,0.000000000000000000e+00
8.369134653982721585e-14,0.000000000000000000e+00
-8.696329802413973469e-11,0.000000000000000000e+00
-2.759659785105602140e-11,0.000000000000000000e+00
-4.346372348235231500e-12,0.000000000000000000e+00
-2.037551958832345897e-13,0.000000000000000000e+00
-2.049808012198441968e-12,0.000000000000000000e+00
8.878684199496634435e-13,0.000000000000000000e+00
2.317945876530333283e-11,0.000000000000000000e+00
-1.222664314433999757e-11,0.000000000000000000e+00
-1.905435266653493928e-13,0.000000000000000000e+00
-1.428595384121336313e-10,0.000000000000000000e+00
0.000000000000000000e+00,0.000000000000000000e+00
0.000000000000000000e+00,0.000000000000000000e+00
0.000000000000000000e+00,0.000000000000000000e+00
0.000000000000000000e+00,0.000000000000000000e+00
0.000000000000000000e+00,0.000000000000000000e+00
0.000000000000000000e+00,0.000000000000000000e+00
0.000000000000000000e+00,0.000000000000000000e+00
0.000000000000000000e+00,0.000000000000000000e+00
0.000000000000000000e+00,0.000000000000000000e+00
0.000000000000000000e+00,0.000000000000000000e+00
0.000000000000000000e+00,0.000000000000000000e+00
0.000000000000000000e+00,0.000000000000000000e+00
0.000000000000000000e+00,0.000000000000000000e+00
-9.171946814119576026e-11,-2.638214234119854473e-10
1.935388502364720669e-11,5.775352349281076213e-13
3.031140211510514665e-11,1.016067456460431394e-14
2.537479384389545352e-14,-1.512323006914526562e-13
-4.045901023867865949e-13,-4.441150785801826901e-09
-4.495594627997254695e-12,4.447408387514126096e-12
-1.660027831263741950e-14,4.369284885337187384e-12
7.136532981946277038e-18,-4.630856996039072028e-17
-5.407230175408528021e-19,-1.188685774183906264e-18
-7.536868201033587697e-25,1.348757044786130868e-21
4.044419421407703680e-19,6.042786863676426983e-16
-6.100460456430617050e-15,-2.974991961451153942e-14
-1.919518332249103246e-12,7.231747799189671274e-11
-7.237144840131616178e-17,4.324631943286093061e-16
8.079764368038722203e-26,-5.391898675201403114e-26
7.200141833680695395e-33,-3.440848382204080439e-33
-9.447440863120929903e-17,3.889448258679358927e-15
-2.132603927354913901e-16,1.178236224979023440e-14
-4.888123760187124780e-14,9.140549983679378015e-15
-2.508336020617563713e-13,5.125318122257255628e-19
-5.323299758404915957e-18,-2.240201566072603915e-17
-1.099777506613144476e-16,-4.934030813044063325e-14
2.290226284332663515e-20,2.162674955523823390e-19
-8.644493712802676523e-27,5.011296734630836150e-26
-9.897886058986016248e-16,1.625104091430354314e-18
3.039397602967954897e-19,2.979017732899937543e-16
-5.062960531837095518e-17,-2.846246018673827526e-21
-3.446832334568162288e-19,2.359696425335322569e-20
2.150730544899762254e-21,2.597869543324870659e-22
4.106322016391177399e-20,-1.208256479473557005e-16
-1.644206915160941887e-13,1.938377525084113681e-15
-1.655334777578378470e-13,-2.864862080104224557e-13
2.598648269806867966e-15,4.037836950509834563e-14
-4.253113513380922258e-13,-3.453845722462046127e-12
5.584864612380157640e-21,-3.804856491213587889e-20
6.328368923328389260e-20,-1.553085994234724850e-19
1.057250134836720760e-20,2.911842500588377844e-20
2.150529854429823939e-19,2.762375239051053002e-18
-5.787973818137218627e-17,-3.045023992498402948e-16
3.461874382268174595e-26,-1.039801365260983992e-21
-8.638316585892396659e-22,-1.231732584707597814e-27
2.050212522349345985e-16,-3.474802363147737978e-17
8.807932671364110641e-18,7.379593023992251598e-23
8.607541861908270885e-18,-3.073975883899307663e-17
2.635855495989851839e-15,1.049362331868321210e-13
3.762549014977317575e-13,3.571773272915845047e-13
-2.643098527729419746e-21,-8.817255930857789272e-21
4.799399880063848039e-33,-3.943111666064014195e-34
-1.898220749692096426e-25,2.051589570210818555e-25
-2.013727727026561393e-13,-3.001425194161131471e-17
1.433627980604435279e-11,2.227714825861367047e-10
9.829085526021291303e-13,4.108148990361054706e-13
-2.487376111061831343e-15,-3.976894323327201351e-16
6.577173333652907307e-25,-5.681000294855816853e-27
-3.509289970660294587e-20,-4.796647771824391757e-19
-2.128777457643957172e-15,-3.739582775435958676e-18
2.175233123841727875e-13,-4.320325243315014508e-16
3.064880238879454949e-18,2.744072686256217299e-13
-2.763763749762469448e-14,-1.127813387424728727e-15
1.197222701226186575e-12,-7.484729497300330746e-12
-5.408994130426110378e-11,-1.291970197401524057e-11
6.032107792557219502e-11,-5.255845649666431319e-12
-2.855004521457976904e-10,-1.008750422858887406e-10
3.896468179344517729e-09,-6.665223056653469036e-09
4.979631020868308128e-09,-1.043808608193635226e-08
6.557638586004327043e-09,-1.433321721277839673e-08
8.606949453754200745e-09,-1.810161418977239646e-08
1.107633594420851788e-08,-2.156508632691926053e-08
1.366177974322722575e-08,-2.461137516408140407e-08
1.605211901830221672e-08,-2.719875103509663904e-08
1.767274813857522005e-08,-2.939260380187031491e-08
1.798997965218672334e-08,-3.137432368857245932e-08
1.615355249955867421e-08,-3.351006888094667951e-08
1.103994031735939341e-08,-3.649346858744421399e-08
2.682380896716025422e-09,-4.144783344739847295e-08
-8.745086485975999087e-09,-4.662685930583535659e-08
-2.511745311382274690e-08,-5.440022012833284488e-08
-4.862623031642215608e-08,-6.840138180883676135e-08
-7.516103293616129176e-08,-8.987767236889859196e-08
-1.018781319955571234e-07,-1.185945726624567853e-07
-1.254973970260122093e-07,-1.513560394639732071e-07
-1.457976960248108941e-07,-1.856485723561252679e-07
-1.617690609810651414e-07,-2.198656400126875304e-07
-1.729679415101539302e-07,-2.524017628615353121e-07
-1.792063329530800264e-07,-2.816953101183555647e-07
-1.806573904498263621e-07,-3.065772469863633541e-07
-1.776823286143712222e-07,-3.257755575246416984e-07
-1.709241939305690714e-07,-3.385775530205560297e-07
-1.611594866364455847e-07,-3.442003149433304811e-07
-1.493314672728885539e-07,-3.425056609192269888e-07
-1.364438777171528901e-07,-3.333462915300192161e-07
-1.235336047257983581e-07,-3.172179316906126334e-07
-1.116095449985223332e-07,-2.946931819702332528e-07
-1.015782102357308496e-07,-2.668932001641281885e-07
-9.421660769966352763e-08,-2.351247583130647323e-07
-9.008013088393862775e-08,-2.010550445054891957e-07
-8.948230044441986686e-08,-1.666671208313195378e-07
-9.242949341395154101e-08,-1.340377891331771915e-07
-9.854670436262309030e-08,-1.058643733117562241e-07
-1.066677293753484055e-07,-8.694225108653813602e-08
-1.128363654712859349e-07,-7.624159621519493302e-08
-1.170268202938092614e-07,-7.063282645576093877e-08
-1.183856621370704352e-07,-6.779836486851778534e-08
-1.181090029311800288e-07,-6.836399304971885241e-08
-1.154283372338334354e-07,-7.102970471454303782e-08
-1.102429922623810425e-07,-7.509961826269515351e-08
-1.033258258541994502e-07,-7.931450813236464207e-08
-9.526351073724487227e-08,-8.302387463927338990e-08
-8.662057144740949706e-08,-8.573562342466848128e-08
-7.791395612068000464e-08,-8.715399901734527312e-08
-6.955882830810810797e-08,-8.718476420226982705e-08
-6.191391463540868734e-08,-8.583072712046542123e-08
-5.516649109900701451e-08,-8.325476972123209952e-08
-4.947219568556579003e-08,-7.964251724020318021e-08
-4.476546996628166491e-08,-7.528208305763033043e-08
-4.104687915782385862e-08,-7.040288313952507787e-08
-3.793159487944634521e-08,-6.537725268429440429e-08
-3.546695821964201820e-08,-6.004454700466191435e-08
-3.326471426973006035e-08,-5.470506003501802132e-08
-3.118462849629346987e-08,-4.945644477026674717e-08
-2.892524464779263744e-08,-4.433755699841777300e-08
-2.633113135382826534e-08,-3.934318013081785431e-08
-2.314231204652002212e-08,-3.438726632324108125e-08
-1.930605570962340652e-08,-2.934391181545466165e-08
-1.469139555856480527e-08,-2.398786030328126958e-08
-9.450370310519226900e-09,-1.777887010114862949e-08
-3.668315298549981040e-12,-4.371373974029600713e-11
3.660639495711056563e-11,1.263702990726674116e-12
-4.056519736369660859e-11,-2.692138561345050943e-12
-3.521704841374550375e-11,5.383076660730701273e-12
-5.616513605645266654e-14,5.524665516657868545e-13
-2.660331947937219508e-13,-3.426734703440628821e-14
-7.911760404722400051e-14,-6.605972459779590771e-16
5.579357836130584327e-14,-2.250078158039206078e-14
-7.545651651695121816e-23,-7.152071699203718170e-21
3.560061909241203507e-17,1.364052151078666467e-15
-1.633185341654432399e-12,-8.967401881315164317e-13
8.127637814907982378e-13,1.110175816067983855e-10
5.309914078110411931e-17,-3.299999402888218261e-15
1.519184749341995527e-28,3.018558311231470854e-28
-8.133793123727598681e-22,-1.498382522068844762e-21
-3.376647855566435010e-15,-4.089062616381465119e-14
3.701975442890318011e-15,6.060812002531896016e-15
-1.886052074524303356e-14,3.181803355531290566e-13
-2.023556737152648006e-13,-1.827702926313666412e-13
-2.230376306839976055e-14,1.144402517943451806e-15
-5.591428108883376414e-34,-1.282347949379829016e-29
3.078045587384156066e-28,7.103588454114863995e-29
9.308394773504020045e-13,-4.877294513300454551e-14
1.005893595966777365e-14,4.579591224392120223e-14
6.036614103693516135e-12,-2.898612019588867006e-17
-6.394052765980603144e-15,4.003399038630094628e-14
-1.746273398308661715e-11,4.980865413438399385e-11
1.036036823015484683e-16,-1.787938246239017074e-16
-1.356938179369857791e-22,-6.412639128144515765e-22
-4.360007128089168879e-13,1.034425307344330650e-12
-8.178524854100267193e-15,-2.194421722976979574e-15
2.545513051419588817e-11,3.930093861065309918e-18
-3.316317974092776427e-13,2.722551319211828438e-19
-8.961880212115633947e-14,-1.330282394428542285e-13
-1.946607128994184445e-11,4.501662259352578382e-17
-5.840532057355850945e-13,2.272889653866479898e-12
2.236591266612571055e-10,2.018594854303380719e-10
-2.570041225819127520e-09,5.200633784655850929e-11
7.440198577541987463e-11,9.976060915730921757e-12
6.730241081984088205e-11,2.498738432947744199e-11
-2.612663730781695563e-11,-2.277409485895415081e-10
-2.089296938492542824e-10,-2.003497363992899701e-10
-3.102454282079059521e-11,-3.141927652348160800e-11
9.081175320485358411e-11,3.599869826853350010e-11
-2.434422381565992367e-11,7.372125036228282887e-11
2.358437142707467562e-11,5.467289127124525234e-11
-3.583858512193181170e-11,-9.613596677767402220e-11
4.636892484597398459e-11,3.297271836611247438e-13
-1.618577273918323618e-12,-1.572606045186538439e-15
-7.486626438042537690e-15,2.214151360322302344e-14
-2.924532120195577356e-12,5.189954601043991541e-12
6.980698975733036257e-14,-1.236162607045929808e-14
-6.959723807977865826e-14,4.176903358452649213e-14
5.103285259130669176e-14,-6.820210956418536255e-14
2.019619105828866437e-12,-2.553884762419730669e-16
-2.334485452571918873e-12,-4.721978353751672919e-13
7.565161054917578491e-12,-4.822871853042720355e-11
-2.180755233521547608e-14,5.961230955144356676e-16
8.045859060633245787e-15,-2.131157965682035139e-13
7.096238686601453817e-14,2.700029015101258358e-21
-7.913586912832945766e-22,1.240424824945377009e-20
4.913236871470521048e-15,1.949649326842627378e-15
-3.145040099388802408e-16,-3.455432089486784195e-16
-3.359936157946637426e-12,-2.137269363611520995e-12
4.526231106561525984e-18,-1.245349463816547428e-16
1.200986330270899851e-15,1.603810125561603564e-13
-4.867644566096066686e-25,-1.173195253014494129e-25
2.277668857595897912e-28,-1.336181653724944881e-33
3.173177774327572109e-22,1.350702190160360208e-26
2.401048565359942340e-15,3.478141861312563702e-14
4.590515862419571980e-13,-2.387120249062504900e-14
-6.494247011013293325e-15,3.896564378575378988e-16
-4.058136033083979420e-13,7.336477715027770651e-14
-6.996893381665477206e-18,-1.233890720368240144e-19
-1.704293305838875026e-18,-2.476363785638702830e-18
-5.570436987500265224e-18,-2.899896824854790258e-15
-2.646865220677954584e-15,3.592094825337479308e-16
-5.005314459925476691e-25,-1.787409604002490194e-25
3.066201360871344194e-25,1.967688632667046092e-26
-1.179174484098092523e-24,-4.724979073959150007e-22
-1.561208066700792446e-20,1.904489306399673679e-20
8.608479337574361012e-23,2.018092423937353745e-21
1.323539760626409767e-25,-1.705983115301664991e-26
9.047577210511334042e-26,1.404858886761443041e-23
-1.003183647411163215e-15,9.718091166348074844e-18
3.090056092233384773e-14,-7.099776925939963395e-14
1.768346590790421869e-13,6.046022334068292904e-14
-2.450329308181654694e-24,-1.379189904498334976e-23
3.831461626665153541e-22,2.937963022643669319e-29
-3.206050971788200821e-17,3.502054342971394218e-18
3.209810022720552004e-14,4.022124655423090294e-12
-8.978431759548841466e-13,-3.002323470279826820e-16
3.171306625800385352e-19,1.586225123036938305e-16
2.447240873573842683e-20,9.087788787201092865e-21
9.152602868158647284e-13,2.514655056028013541e-14
-3.920327857183240366e-13,2.294686382171591406e-12
-2.267129436219722738e-11,-1.356924545169438130e-11
5.352144423859931550e-10,-8.917535618760386854e-11
4.129531430313188331e-10,-1.131679618891610784e-09
8.399113284764259331e-10,-1.867958110746224329e-09
-1.032174369767934547e-10,-2.817782437608519391e-09
-5.118608531334224786e-09,-1.851812932696947674e-08
-3.871479963510574560e-09,-3.046690904800825735e-08
-3.698269467479274416e-10,-4.280982865643508466e-08
4.609777001734840577e-09,-5.480123474093999006e-08
1.032173321665510697e-08,-6.566662285421088338e-08
1.608433680239806124e-08,-7.472644162511220952e-08
2.129308442024954808e-08,-8.140534413867731657e-08
2.541598866429403297e-08,-8.523152544896056509e-08
2.802720544547067023e-08,-8.588503834436779265e-08
2.894997024587972976e-08,-8.316389877566622930e-08
2.745568188745402327e-08,-7.515705780562448190e-08
1.908549249519491278e-08,-4.873084490439051580e-08
1.825720870760848469e-08,-4.065900143401445834e-08
1.624179403980760836e-08,-3.436452733620615222e-08
1.361890091728757277e-08,-2.922277728991903391e-08
1.065465115430656424e-08,-2.480939759241010340e-08
7.790892603799070742e-09,-2.077445897263807171e-08
5.192639892749251497e-09,-1.689529580908501242e-08
3.075703877456456378e-09,-1.301255095208782082e-08
1.432504113776059719e-09,-9.041827676674777774e-09
2.616873264172505522e-10,-4.976330173375084723e-09
4.467449642299668048e-10,-1.052109831439718472e-09
-7.996109521816270187e-11,1.298303716716965262e-10
1.010170675952762212e-11,2.614708936901298210e-12
-4.291064581416047413e-11,-4.330950977754270713e-12
4.141921953882262345e-13,-2.762476195084132249e-12
-1.897392166902569463e-15,1.017267752710405462e-13
4.346929110665196746e-11,-6.532777349332125221e-17
1.562643287641565594e-12,-1.020359091406064007e-11
1.250578943825601563e-15,-2.101588611526612214e-14
9.473052682024381652e-13,-1.145494291576206967e-12
-6.484496709486861210e-20,-4.460990352119782268e-19
9.731808262785874610e-21,5.450656603040170031e-21
5.967017931631183702e-19,4.086921176870756094e-19
2.657933113550546369e-17,-2.054892391892899660e-17
2.825592623742593609e-19,-3.395023964336963760e-15
-1.580291560067738636e-12,-6.354250392026302229e-15
2.961602063338261295e-14,1.649689982564626122e-13
2.835987729417993190e-17,-2.004065289195347828e-16
-7.823826773222640291e-14,-4.064463316004571267e-14
9.646780783751447147e-12,3.072890861569667318e-12
3.209603023172058988e-12,1.342764704068863257e-11
3.560074598683981117e-11,4.575800145923758506e-11
1.054847887606373856e-09,-8.370158827787944851e-10
6.189411706785326123e-10,-4.817892266464617630e-10
2.623093745588070947e-10,-2.806101113828794621e-10
-9.427553199170985596e-11,-1.313183038095034798e-10
-7.327787615113691848e-10,1.846607856384423917e-11
-1.030046429094708592e-08,-3.612650539887284085e-10
-2.214842214270305495e-08,-2.852246722264089101e-09
-3.678170223933626874e-08,-7.627005224031783272e-09
-5.295653025311485676e-08,-1.419702834472879116e-08
-6.967594713014693097e-08,-2.216580028279793441e-08
-8.599332089700037761e-08,-3.116494700722197607e-08
-1.010055262528174433e-07,-4.084039872747373876e-08
-1.138550588623969285e-07,-5.085559163969362266e-08
-1.236667757044401082e-07,-6.087413434278315885e-08
-1.295507185219526367e-07,-7.041178051308920672e-08
-1.325047232671310392e-07,-7.904333810654824499e-08
-1.445646317920658122e-07,-1.179978959979051176e-07
-1.497617762163175995e-07,-1.469920130464877534e-07
-1.535244731759827819e-07,-1.787360067877153508e-07
-1.565285182369286779e-07,-2.113301617508125741e-07
-1.591511327844216442e-07,-2.431620937034627524e-07
-1.615412116902150953e-07,-2.726713769151844582e-07
-1.636236886844792147e-07,-2.984623275664709763e-07
-1.651605247214234929e-07,-3.195743327989693200e-07
-1.657803708065635246e-07,-3.349945183563932831e-07
-1.650639075859822981e-07,-3.443848952344183660e-07
-1.625292827849989835e-07,-3.472108604836702585e-07
-1.577790455511778688e-07,-3.437115205384229053e-07
-1.504145674323164625e-07,-3.338612821455141109e-07
-1.402413018042401528e-07,-3.183684398529498563e-07
-1.271256740419842517e-07,-2.976841804935949753e-07
-1.112173740361248991e-07,-2.728269600240774134e-07
-9.279850762141009898e-08,-2.446388597646762407e-07
-7.245173706227901535e-08,-2.142672776830145142e-07
-5.058791758795152837e-08,-1.828175106554224071e-07
-2.998867849767575796e-08,-1.510283201973037423e-07
-1.189868697721944331e-08,-1.202824561722568597e-07
1.039724494037315115e-08,-8.644792902884454379e-08
1.876125135930167735e-08,-8.667001380865928627e-08
2.578245180796538594e-08,-8.422711077020294859e-08
3.012426201095067662e-08,-7.858388757787615588e-08
3.191825481613776782e-08,-7.038494493228171793e-08
3.141597992847229130e-08,-6.022074022505897373e-08
2.890347163316189799e-08,-4.873748151153722523e-08
2.473923808435379815e-08,-3.668539149877865591e-08
1.935503355655475475e-08,-2.491595719628810227e-08
1.325067870036124217e-08,-1.439055389151348064e-08
7.102600898877674869e-09,-6.349757123029958234e-09
-2.450917271073802950e-09,-3.840080157783451808e-09
-2.390601879975517621e-09,-2.590259905075625399e-09
-1.970200570382200804e-09,-2.110970635978471778e-09
-1.436984018580049616e-09,-1.901992458024768139e-09
-9.283742130450969991e-10,-1.619890780744787879e-09
-7.763133576010457939e-10,2.576765505828864876e-10
-4.538803324738006781e-10,1.103533958804215996e-09
-6.176784596084268080e-10,1.524965471930315958e-09
-1.009164461151390406e-09,-1.323847434338792953e-09
4.136397303121506841e-10,-3.590963450851791757e-09
9.002818060601744304e-10,-3.355630848081432101e-09
6.764700838002561621e-11,-1.821398557910877332e-09
-3.789597701543355773e-10,-1.073189378480562088e-09
-1.176564950409361805e-09,-5.931091416589676151e-10
-2.283301775048330417e-09,-3.815494048185286476e-10
-4.382414799626830543e-09,-2.572695512058970908e-09
-9.904029261674333277e-09,-1.845428624129135361e-08
-1.431842876722680364e-08,-2.588513456192482982e-08
-1.817311787046165118e-08,-3.309703531530543687e-08
-2.155201854868417913e-08,-4.009339359589246607e-08
-2.445473436417632735e-08,-4.683689015342908882e-08
-2.710569754420463700e-08,-5.329101348974116034e-08
-2.961426970074013603e-08,-5.937900930597051341e-08
-3.223158921970902246e-08,-6.502066714570591284e-08
-3.512196800678374608e-08,-7.021866000361702834e-08
-3.836076274699660795e-08,-7.467398011993120086e-08
-4.214661599547512699e-08,-7.821679679811476235e-08
-4.664809899323003988e-08,-8.073534372886032498e-08
-5.189911639783737047e-08,-8.215883696635514229e-08
-5.802263334031886100e-08,-8.237826690752535065e-08
-6.491201823620689484e-08,-8.150539775924250704e-08
-7.255660846617899524e-08,-7.961006269826420579e-08
-8.076006126432543186e-08,-7.703264209028072612e-08
-8.940432544125847745e-08,-7.415909405627781470e-08
-9.829840601946401133e-08,-7.162837793974004387e-08
-1.072919780281561478e-07,-7.022756507922097545e-08
-1.163888835755946846e-07,-7.077607489061518960e-08
-1.326862997324348427e-07,-8.148331602434515357e-08
-1.284638514486827955e-07,-8.442932850740287771e-08
-1.191608475758643274e-07,-8.378809559502350239e-08
-1.069776609687598049e-07,-8.099260030655803945e-08
-9.249263827037104092e-08,-7.630878676822086250e-08
-7.649931513580563298e-08,-6.992728788776673216e-08
-5.989457955349644824e-08,-6.207644350964935985e-08
-4.362043417427986336e-08,-5.300163563639654588e-08
-2.866852898252300929e-08,-4.296314860059533515e-08
-1.606148011990435430e-08,-3.223677742389575691e-08
-6.694599394599833506e-09,-2.100827888070618739e-08
3.668871990368727692e-10,-1.161742532835904587e-08
-2.497569811214837433e-09,-4.012749032159376645e-10
-3.871531868979082816e-13,-4.582661781026275636e-11
-4.967658192917967281e-11,2.676494243265685615e-12
-7.211093630464201769e-09,-1.033417036418584704e-08
1.833192665589665518e-08,-8.290477901600531545e-08
-2.151349878880144659e-13,-1.086223837864377501e-19
-8.295387298803069033e-10,-1.193728757932312370e-09
-1.335882109636312798e-07,-8.253152802455360170e-08
3.315198995065835194e-17,2.776985376221809446e-17
-2.998208379768043510e-13,2.353902133393629061e-11
-1.655521588889109607e-09,-2.283819712832192208e-09
1.633459011005529369e-13,9.937352411161868994e-13
5.676551082233294658e-09,-6.144832826551000207e-08
-1.029841714305016416e-09,4.139582967184145399e-11
-1.224461391016465590e-07,-7.268439284683742503e-08
-3.531637028448924013e-15,3.683688711323483876e-14
2.069027156249534103e-10,8.069070833992702701e-10
-3.211017103341452258e-08,-2.512435990114732706e-08
9.338762773575474397e-09,-3.368059416420474034e-08
-1.269319810735847795e-13,3.470521541766377410e-18
6.395710494619530154e-19,-7.820150353819192580e-15
1.291786673489235526e-35,1.016611398078495838e-33
-9.728587112327424725e-08,-5.877612656673910762e-08
-1.846734272028803219e-11,-7.515698430231085462e-11
-6.477465065507123057e-08,-4.214352374331191679e-08
-1.375775299796378253e-09,-1.906933353212250839e-09
-2.082582494851024433e-18,4.305454209615136788e-17
2.188757862120511185e-09,-4.986257770825848746e-09
1.761187325358707258e-13,-2.966012298195800001e-14
1.463521276123172280e-14,-4.146677285880333528e-16
1.982158121244122250e-08,-5.751552188473302037e-08
2.757011175879017020e-08,-8.598616904442035735e-08
2.708430306647603591e-08,-7.658171212575680252e-08
4.103163701704801310e-16,8.259805754135776433e-14
3.010279584816756625e-10,-3.053374174522188074e-09
1.060177932127259384e-09,-2.265063658422774403e-09
3.171887354523254000e-14,-1.089983126686309985e-24
-1.271468214791938876e-07,-7.764996340674639448e-08
-1.403554557837525614e-12,3.599188075480985265e-13
-3.279959176696680984e-11,1.592302103599614285e-10
-7.114511668726224768e-08,-8.427239238192355045e-08
-7.822061207058580075e-28,-9.074029215256008285e-29
-8.930562321558771838e-10,-8.836510480827914931e-09
1.635008741934887400e-13,5.268357146679060430e-13
-8.818883226108056412e-08,-7.971840209876314364e-08
-1.131583025234846365e-09,-1.519945325915299199e-09
1.334861174932926449e-10,-7.271550120395064973e-11
-5.621517814666454357e-08,-8.379372814933477570e-08
3.664816684738411693e-17,-1.488758696073089141e-14
-9.245140779325368562e-15,-3.671206957888272710e-15
-1.046599427044720614e-07,-7.249561592179743116e-08
-7.467152042514069470e-10,-2.792006152948970612e-09
4.014580852235273903e-11,3.826295645092205873e-11
-3.219288887999541953e-08,-9.800042665523809997e-08
2.182331087778272248e-14,2.094501653590402798e-13
-4.514060959899180743e-08,-7.850097414400676560e-08
-4.644334455988767194e-15,2.507310704205261275e-14
1.020076672954173456e-17,2.466417943435342837e-17
-1.169156864592111422e-07,-6.844871204634833976e-08
-7.288060130045932634e-08,-1.507780671984178981e-07
-4.897987065013303510e-31,-1.079779017892318291e-33
-3.812793505810553852e-08,-7.043570817647851627e-08
2.707116858885184009e-16,-1.334484296280984690e-16
9.861864486098687694e-12,4.353737825584584313e-11
-5.645957523999060224e-10,-6.802526665280363575e-10
-4.309528031594926663e-10,-1.015484818599703018e-09
6.750427583375325435e-13,1.356406443277371980e-11
1.496952038515759612e-15,1.460935316136391141e-12
2.599523706837555878e-10,-1.566047962451605495e-10
1.497697289671711746e-10,-9.485177049935559897e-11
-1.192836213025563302e-07,-2.172847339091554428e-07
-1.361629292526544238e-07,-2.474716192948906312e-07
7.862449440075625468e-14,2.542120567904851577e-15
-1.143879895734039913e-13,-1.632935059128838221e-13
-3.265542258606567535e-08,-5.947120680564879990e-08
-3.050357325203743866e-08,-5.399071806595111649e-08
2.500188632842425764e-13,2.367083411903246817e-14
-4.251913965714267970e-15,-5.968815212409344402e-15
-1.496218058122029744e-07,-2.777594856060349263e-07
-1.590168495814116027e-07,-3.019280974410170577e-07
6.859836118482072354e-14,-9.666790677356975612e-14
-3.622905087815522250e-18,-6.986637907264022564e-16
-2.809668437591651938e-08,-4.799469963777600598e-08
-2.570432112236718333e-08,-4.234057916133048423e-08
1.631102841998590065e-13,2.999483544952201234e-14
6.528610467655490512e-15,9.123446840609265036e-15
-8.005039879006221883e-10,-1.290584166165194267e-09
-9.877180648308016498e-08,-1.828621085251379623e-07
-5.976057308223108679e-21,-1.407007659466871637e-20
-3.525103039546656608e-08,-6.510290605346572599e-08
-2.661265034279916345e-19,2.049567119042492207e-21
-1.645282596401895024e-07,-3.231157710502095814e-07
-1.665173699200219847e-07,-3.371007711445748775e-07
-1.957293508387892824e-17,-1.717459536835334585e-15
-8.699098077630164852e-16,4.100681602626247242e-16
-2.261848158729070979e-08,-3.620201342505636267e-08
-1.926333313505222892e-08,-3.044310688308720648e-08
9.313410652474735436e-14,6.994179453511904016e-12
-6.714061818175939289e-12,7.988949637300198315e-12
-7.557669171336238620e-14,1.267044418965325764e-11
3.959865266178706751e-15,-6.127162599871898729e-15
1.297910394118102183e-26,1.167040821867575348e-26
6.348829120826228402e-13,2.884875797254302273e-18
1.859988113999077259e-08,-3.742208759629507523e-08
1.709956957638689464e-08,-4.251925034760539286e-08
-1.651432416936690155e-07,-3.455379859839798631e-07
-1.614556183258768986e-07,-3.467112225020783012e-07
5.192225109982944721e-21,-1.693680672218657234e-20
5.793823097551061387e-26,-2.760057404629450736e-26
-1.491691832786727405e-08,-2.410436208923350310e-08
-1.023292110694444532e-08,-1.815930722095833077e-08
3.700018550731997520e-11,-7.580083593967395427e-12
-8.844978783446132259e-13,1.454945498073428299e-11
-1.343441215350909356e-12,-8.297212403068210262e-14
1.600774540257309217e-10,-2.354662818607036393e-10
4.676180740261863063e-14,-8.097578561421529443e-13
-2.750259692847576307e-17,-9.278673803367032076e-13
1.642951290297149162e-08,-2.965890336199592798e-08
1.814736611639786919e-08,-3.313720698902270183e-08
-1.556272862059642929e-07,-3.407188626622780125e-07
-1.489972190603916171e-07,-3.285106264636048647e-07
4.642554808560896312e-21,-2.910479204996975913e-20
-4.979359823077399624e-26,-1.759459194560216357e-26
-1.703979944609181297e-13,-2.288227581101027672e-13
-2.702140004524383792e-16,2.240559810413694417e-14
1.108968699920440597e-08,-2.291287016240455488e-08
1.379902379763563424e-08,-2.617576314758143510e-08
-1.417676190112222041e-07,-3.087879873826151629e-07
-1.351540570906891595e-07,-2.849764550442329139e-07
-5.333443030762377908e-21,3.622715974315994590e-18
2.585597719453645095e-18,-6.468251988380109512e-19
3.709761489447883633e-15,2.934782004913876868e-15
1.145048623415601573e-08,-4.946950433295441048e-08
1.145597021944641866e-11,-7.124062648757640711e-12
-5.971502366235061093e-11,-7.432876699566059358e-11
6.002412236396950772e-09,-1.565043866543741986e-08
8.272578622596306572e-09,-1.925346161201123688e-08
-1.293501774581630696e-07,-2.547557131645984064e-07
-1.250894038341731032e-07,-2.234939359341336944e-07
4.147156375961207357e-19,8.342087472684913298e-19
2.769356170232799853e-18,7.810607018982694608e-19
-1.718684145784327965e-09,-2.385561649266360579e-09
-1.257022379517219470e-09,-3.883692484161929619e-09
-5.992376906544451448e-13,-5.305027955922943263e-12
-1.731839485587458547e-11,7.002429683983770632e-12
1.937690262562322617e-10,-7.624546130245212345e-10
-7.479489153298638214e-10,5.669295989682079935e-10
7.714373147487611127e-11,-1.293487450581786373e-11
4.835414820532089430e-11,-2.402400786097609775e-12
2.781779215388475657e-09,-7.499654400137482385e-09
4.072012560274040504e-09,-1.155019126321545580e-08
-1.224397739683810581e-07,-1.884201539231471044e-07
-1.214115799566633466e-07,-1.559884638303849040e-07
1.050230144092959313e-18,-9.561835615180942267e-20
1.614056041775965660e-18,1.143050802895184320e-18
9.120188787723120484e-22,-1.239713808127088803e-19
-6.325493697648894758e-21,-1.420039918693346605e-21
-1.217387884004150539e-07,-1.237312606142252020e-07
-1.227474725243462686e-07,-9.813684790703082020e-08
-7.205700893962123458e-10,1.691658507482191989e-09
1.797969013083641933e-09,-2.790271410186748428e-09
3.679956927968065872e-26,-3.135709031753184171e-26
-1.246394778605667786e-07,-8.279096761781201722e-08
-2.893421621709655149e-10,-1.931835461088220885e-09
-2.829128042991728731e-10,-6.300790580951326580e-09
-1.083406994366937853e-13,-4.806172714655746684e-14
1.749548928471086292e-16,-1.362205524291027163e-11
-1.054047847799389980e-10,-8.683222989924391564e-09
1.285411627071696448e-10,2.367480915144613111e-10
-7.526032911019832064e-09,-1.546095239815704820e-08
-3.564497576270402077e-09,-9.911840625574361711e-09
-1.211023102945910786e-07,-7.632417211718849482e-08
-1.323380082161676317e-07,-8.311999024870529380e-08
1.870271636713523643e-17,-5.175408605871136228e-20
2.209780081024883478e-26,-7.291069962825934977e-26
3.272962621716129102e-10,-2.271744359665466074e-09
-1.371555410042825200e-10,-9.888476763523685805e-10
-2.321275291749288864e-09,-1.104758618696321037e-09
7.267207390302709772e-11,-3.083530496213830094e-10
-3.058340491021412876e-09,-8.019043861661771399e-09
1.790131941447764987e-12,-1.598741648206751651e-12
2.100433800371289984e-13,-1.796778659833673780e-10
-1.943629085779310218e-09,-2.206156165756481008e-09
-7.688370709589498440e-10,-1.179544976361016692e-09
3.787535320548314836e-10,-1.112067635851827263e-09
-8.387130099138026138e-14,-4.594557049648824749e-12
-5.119509991259923657e-10,-8.291887649527403664e-10
-1.373608173320117164e-09,-1.787825769877024913e-09
-5.798856756250936856e-11,-5.813370110990125338e-13
4.585571361851529858e-11,-1.038439241314136188e-10
6.398725768023526931e-12,-8.888217930006441874e-12
-2.178261622191066315e-10,9.571731731465404010e-11
4.903384279148952582e-11,6.056269576345032107e-11
-1.517177424076132638e-13,-3.178861721931133935e-14
1.196930240415443796e-16,-3.054903717334643121e-14
6.551003641219298005e-12,1.168976726024150593e-11
2.864345940423238680e-11,-8.650783371888691826e-11
-5.370127046908390162e-10,-3.153176113623164307e-10
-4.671147097540945533e-10,-1.944181414802460168e-09
-2.070476299269182960e-10,-5.115164049885693920e-11
-6.704578065781806794e-11,3.783378784638088535e-11
-1.207886738202808828e-07,-6.962656768626620933e-08
-1.268365958382575265e-07,-7.641732560149318660e-08
-1.208258895409233072e-07,-7.099263474694668879e-08
-3.619659490721268098e-17,1.295363733854307654e-15
-1.547562247647623632e-20,-3.390648564739059022e-21
-1.099269715944777946e-15,-1.330827808727362722e-16
-4.809341068496654999e-24,3.595165203513670870e-19
-1.826642620562907053e-21,2.415560597781270883e-21
-3.514270200390765090e-08,-6.781608440819995094e-08
-3.801100837556309093e-08,-6.788136041454820105e-08
-4.612145947600143928e-23,-1.230849953564693929e-19
-7.991377791836168685e-33,1.020493589176799991e-30
-7.283774625774271443e-08,-1.826416617476407146e-07
-9.913301644950045021e-08,-1.513844029108401012e-07
3.929877762932844992e-09,-4.982996295337140036e-08
1.279822347778910864e-08,-6.061021952662580597e-08
6.253553701313001941e-20,-1.529807997237362290e-16
-1.047553276465154628e-14,2.634508900526977483e-12
-1.185924707651576491e-07,-6.780408268863631294e-08
-1.202619525166455556e-07,-6.990041001148468373e-08
-3.444205142322687115e-17,6.282971637324568098e-15
-5.889675581093155206e-25,6.625852374612497619e-26
-8.654137438919886716e-11,-3.207507575247813845e-12
-1.024528966539859140e-08,-7.300559183806700826e-08
4.515690819416857602e-09,-7.479857142297049392e-08
-6.859834248257648253e-09,-5.857443454750432759e-08
1.397138115533807159e-11,-6.595629377810328575e-17
1.779537426116760927e-10,1.104489537764603922e-10
1.023515188796671020e-20,4.540242433443729673e-14
2.354978903955492605e-15,7.694395850074674394e-14
1.167053166160878185e-18,-9.102024638264104765e-18
-2.819211383719425744e-08,-7.336705790948743212e-08
-1.253932909741616206e-08,-9.470271532719388156e-08
-1.143921195378581918e-09,4.556807556873740867e-10
-1.458951106103816148e-09,-1.649901633422427609e-10
-1.188473714722349214e-09,-2.013145355159030260e-08
-2.986008684586009695e-09,-9.626486359263527842e-09
-1.197970570404885805e-12,3.305587369378546749e-13
-2.842444809103974962e-12,-3.217974358138152193e-12
-1.457141051028109161e-16,4.612485399260316395e-12
1.410625100487133263e-12,-1.172863155602728058e-12
-1.367457438702176782e-08,-7.626061300724869568e-09
-4.195698636441758557e-09,-3.854904533066659740e-09
1.285228120893317236e-09,-5.499356831225319251e-09
5.798185658430602129e-09,-1.327492804566474556e-08
-2.075783273079345607e-09,6.455501394553585513e-10
-5.827187382429768942e-09,2.183028125250096409e-11
1.247218612042296357e-13,-1.732169815295979760e-14
-3.265283643935282117e-17,1.797970009219894805e-14
-1.845424361110637192e-14,-2.115633757997979542e-12
9.598024544670309849e-13,-3.511676217228116390e-12
-2.768593617983944381e-09,-1.101522217635705825e-08
-1.140091328806183771e-08,-1.981453182771808322e-08
-8.720757562605091675e-10,-1.246195192831906568e-09
4.094897775098733051e-13,-3.352486181598780425e-13
1.804210785097276357e-08,-8.607085278388941645e-08
1.104559651376149998e-08,-8.453644762356069836e-08
-1.324756383330814244e-07,-8.224044407453542832e-08
-1.315979133949574743e-07,-8.126548017793406808e-08
-2.625313750929828206e-09,-7.419893239192095658e-10
4.266813076541774017e-12,-8.019348119073423838e-10
-1.041098197790437003e-13,7.773868952353109399e-15
-8.940225935963030056e-19,-1.177025301153798389e-17
1.343675009609329592e-21,-2.007319784467631258e-20
-1.377246766330100183e-15,-1.455887979814818498e-15
9.503325990573218832e-14,1.947789621277207332e-15
-3.605522622609370815e-16,-2.759489238626209890e-13
1.876272325027169834e-08,-7.366585057649504883e-08
2.529977786649874041e-08,-8.300135177333030031e-08
-2.383024183215645933e-09,-5.034497430470936116e-09
-1.808032278744686453e-09,-5.977635080149089432e-10
-1.352244760933647889e-07,-8.475592750351264210e-08
-1.318627507011619233e-07,-7.804176656010678636e-08
3.422945516838987962e-15,-1.946630501904527665e-12
-2.191420636303951483e-15,1.718365443038795898e-13
-5.237657276560220674e-10,-1.530997185299060077e-09
1.461128061215431834e-11,4.477559534467211646e-12
2.381855212415396181e-09,-3.191351847234483498e-08
4.336824168499388580e-09,-2.195422025201300769e-08
1.124431557381746977e-08,-2.366641460563920268e-08
-6.279676140116430160e-10,1.486489047431380042e-09
-2.037580466674041726e-09,9.751179783969702294e-10
-3.920701269569389199e-09,9.347999216684019680e-10
-5.763843295757500130e-15,-2.119219990906917355e-13
6.529359024730961590e-16,4.963121634740102247e-23
1.118928357002729716e-16,3.259672455287907651e-13
9.984122548252109601e-15,-1.016813889787419084e-15
2.593610258162435759e-12,-4.092374585356087078e-13
-9.389028176641364015e-13,8.467884846930986085e-13
-2.673931085067491262e-08,-1.325646705861613879e-08
-1.817824217052766744e-08,-1.726141200336667521e-08
-2.331970888131119199e-08,-2.906230699479994664e-08
3.821885169888027961e-11,-3.462430089686034260e-11
4.291471288201176232e-11,-6.706954458198247591e-12
-1.666181986882986276e-09,-5.623384163118887804e-09
-2.711343316272476595e-09,-4.685556924546851799e-09
3.252578550862421923e-10,-1.469622496214801570e-10
2.505279155240161051e-10,-7.427459319868754336e-10
-2.542147234659424969e-14,-1.639039033734427375e-13
3.020133340724011344e-13,-2.311222204278392752e-14
-7.185974655072592116e-08,-8.214360592843235759e-08
-8.037737415041146446e-08,-7.978015531731471191e-08
-7.936696842696401846e-08,-8.246139209985926078e-08
5.037159956311321999e-29,-4.226045669249330341e-29
6.298264556656853431e-27,-4.330694078167045688e-24
8.655002496287378288e-26,-1.470994685462586466e-25
-6.433901120786858688e-08,-8.336337607046499266e-08
-6.314540477910161663e-08,-8.462703677133952107e-08
-5.709174818485861284e-08,-8.338804168606003505e-08
-8.857716933349586839e-14,8.363332320673842769e-13
-2.513722424655904581e-14,1.214640706584358749e-13
-2.156928044531017493e-13,-1.561474723249677656e-12
5.277388514971011947e-16,-1.863417732298322334e-14
1.097055558425534640e-16,2.517845370286468573e-13
3.056339809400702524e-14,9.507720253405377394e-15
-8.874922235112997178e-08,-7.683261921584489764e-08
-9.752526479988727826e-08,-7.346829377910706962e-08
-9.648388540283213948e-08,-7.610149846024639731e-08
-4.737946882401866684e-10,-1.819989779516806882e-09
-5.884491764190833642e-10,1.466327448920563583e-10
2.770309797656530990e-16,2.424590185999488529e-14
-6.024588037430712870e-16,9.933256127016869948e-16
-5.115098311654530514e-08,-8.224143427451297665e-08
-5.011133723824131359e-08,-8.166008271510706047e-08
-4.581595251475795879e-08,-7.984719859345356096e-08
-9.265255760720413668e-11,9.855990741322026707e-12
8.037491568501050455e-14,-1.299916996413890571e-22
2.505408690575452316e-14,1.021853162724429246e-17
5.964385708700579655e-14,2.314991112824879161e-14
-1.424639707982651774e-18,1.489390217784321445e-18
-5.968310902436375429e-14,-1.034353720961815361e-15
-1.057093971489480121e-07,-7.076482467807730576e-08
-1.131540593390915592e-07,-6.937223550618343452e-08
-1.111943036971940467e-07,-6.976366628056713823e-08
-4.157149092710911226e-08,-7.656197869108749196e-08
-4.123873552188158372e-08,-7.478611371521869089e-08
-3.816818065203291901e-08,-7.258660386994781155e-08
8.839727151503583174e-17,-4.655875898957353383e-13
2.072269330572363262e-18,3.552619004583648866e-17
-7.382608105844763037e-14,6.738835332696365107e-14
-1.865002564606810489e-15,2.233405631664123071e-13
2.172962533424121912e-25,-3.317607291814864591e-25
-1.196987253428765202e-24,4.985085984267246965e-25
-3.181096300198442371e-08,-1.229134518927305651e-07
-5.170820174997120037e-08,-1.235792593950675594e-07
-5.096801094631948257e-08,-1.507493903176122956e-07
-7.933353450303145136e-20,4.220359198209779712e-21
4.560097906682392281e-15,-5.573066852580209632e-15
-1.261151259784889900e-28,6.044895343332051317e-25
2.453838068539360009e-08,-8.641267775084162314e-08
2.433626282594686719e-08,-8.607982562277058607e-08
2.776509504459458529e-08,-8.593409924177415513e-08
-4.688698985282570148e-10,2.570935677470884218e-10
-1.395356436319990387e-09,-5.439238174368131375e-10
-1.554269246953006821e-09,-2.531052441769787429e-10
-1.258969492056369209e-07,-7.988748563404620001e-08
-1.301512533592438285e-07,-7.812699296596569652e-08
-1.271554975837479814e-07,-7.089883492102376184e-08
2.072144210022830714e-18,3.480355080047612799e-16
3.802691462082957493e-21,7.893178226188852802e-28
1.389365735512051941e-27,8.143394326901980512e-25
-3.802212314473192029e-14,2.168929676026875705e-16
1.245803216412981714e-13,-5.335849201143775052e-14
-4.494677606708072807e-08,-7.703582380720982119e-08
-4.133415238196742329e-08,-7.291448916482426098e-08
3.589110789208771496e-21,5.592259329653770277e-25
-1.326026688534153451e-33,6.437968773566369495e-33
-5.214218438465040364e-08,-9.482377419782924656e-08
-7.392218739176026397e-08,-1.193778094798892896e-07
-6.693072357353493735e-11,5.050510494959820850e-12
1.239176647647321096e-08,-7.421096001926555503e-08
-1.105475796105977156e-07,-7.160432957708979330e-08
-1.153663790770194756e-07,-6.885517151662170163e-08
-1.519898953403644404e-17,1.100727549264081313e-16
-2.528927892310140350e-15,2.163031479527580733e-16
-2.216071688859532822e-16,2.203666178652220957e-15
-7.758790597010812810e-14,-9.707636753890835624e-13
-5.567531872793024433e-08,-8.375606874105360851e-08
-4.985470883262224831e-08,-8.089844727688664751e-08
5.225724492281422451e-12,2.387247006182563898e-11
3.198984368899788240e-10,7.828424214410974509e-11
-1.616286500289848564e-09,-3.001516044829739194e-09
-1.785822644197978124e-09,-4.540164222266121203e-09
-9.585632764811450226e-08,-7.947165327930672919e-08
-1.036160860885167963e-07,-7.554117289453512718e-08
3.623712590926691002e-13,9.319925992128781597e-14
-3.386817042822842803e-14,8.129205741138781648e-16
5.586519444967136847e-34,1.031313883552252892e-33
7.560107227853995456e-13,7.020153625349298168e-25
-7.030711994760309184e-08,-8.595278059116976920e-08
-6.256830101202085484e-08,-8.549567081293548451e-08
2.833506937327125089e-08,-8.354048405809588655e-08
2.965756151931209721e-08,-7.765888198557057160e-08
2.835260724869721424e-08,-8.273155810321999147e-08
2.783690947441237443e-08,-8.550920036821704008e-08
2.599031846632999407e-08,-8.195325683792635864e-08
-5.202952135327167082e-14,1.348248510340371760e-12
-9.812543154719028954e-12,3.001555396806090619e-12
-7.731047827754508680e-14,4.435743021082100245e-15
-2.936775084139746706e-12,7.743699826443875780e-12
-5.503098166166013742e-11,4.398791300423492668e-13
1.049339049172249799e-12,-1.362559855876377118e-13
-1.383097524124490045e-14,1.057512816067825577e-15
-3.187643591373636309e-13,-3.119505022422074818e-13
-1.122506622796864382e-20,-2.903981614163036971e-21
4.605287843117632660e-15,-6.448959021464936646e-21
5.267449857392860133e-10,6.343802998925369629e-10
7.989067211350119004e-10,-3.330921820836892284e-09
3.775129057920712290e-09,-1.031820098508976434e-09
-4.210704976710231941e-08,-2.022608037219137340e-08
-5.869840837609918372e-08,-2.817222195075838849e-08
-4.798285568821111679e-08,-3.352691280572126258e-08
1.873523908826250568e-10,-5.871308453988419434e-10
-1.589398568815396817e-10,-2.081411666810492625e-10
-3.786318336787976472e-08,-3.839231401196394807e-08
-5.403352444993465679e-08,-4.749757056449469329e-08
-4.095651473442366194e-18,5.343606727230710022e-17
2.200750448193391234e-08,-4.745029643383061493e-08
2.614748282772394839e-08,-5.900521724563048646e-08
-6.285321150180028746e-10,-1.429871291554955109e-09
-2.839044114734716849e-10,-2.103943727673070984e-09
-6.577071394515777007e-16,3.161125737024564457e-12
1.038804023491491882e-14,-4.191355401517065874e-15
1.772058402956032539e-15,-2.741923553827257786e-14
-1.062408407345877156e-07,-5.448428611991107801e-08
-9.167724598203984422e-08,-4.562817109342930400e-08
1.781962855756639753e-10,-1.256963105201391024e-09
1.242925620886059223e-09,-3.725153359550950301e-09
-1.661943826720380170e-14,-2.369044044052827882e-14
2.882465225382496341e-08,-6.929297033851260879e-08
2.647449626583784078e-12,1.573208879467225182e-17
2.197088001560634571e-11,-2.667567971654550401e-16
-8.151651143814474679e-08,-5.065997891735673069e-08
-7.553368888188165592e-08,-3.675088999808384671e-08
1.686221434271229765e-08,-3.538554224867381492e-08
-1.183727426782898107e-07,-6.300816705764272397e-08
2.410556043970535406e-08,-6.798898591890858913e-08
-2.195809181899319655e-24,6.360549385143008229e-27
-2.787327896403915335e-21,-1.125443936443485747e-20
-8.699397751179636349e-10,-5.760485776380991604e-10
-2.294704166781783115e-11,-1.924003937897557724e-10
-7.082437587664252897e-08,-5.608235018217910969e-08
2.343989233801845117e-18,-2.781564643835929320e-19
1.567783555766580830e-12,4.329973351376463494e-14
9.934245874072936114e-10,4.210075289696011033e-10
7.213002218375409186e-09,-4.415818757095464897e-08
-8.728008609612862335e-08,-6.386601139320791206e-08
-1.156011133689314639e-07,-7.598050595079011737e-08
2.254037668282744392e-08,-7.552630582210404507e-08
-2.435701877367799079e-10,6.650825265503605266e-11
-1.364950000926171043e-15,-4.010032204091461125e-14
1.529036893622844560e-28,9.802763656756107149e-29
5.642526708867385375e-19,-1.296830162765451638e-14
1.471379298416727053e-08,-4.582442396895537237e-08
1.549600244629463910e-13,7.757149812410342046e-14
-1.353737370154571302e-09,-4.016304414296163905e-10
-1.024902178540582050e-07,-7.058209109966199142e-08
4.713463248475119046e-12,-8.093332092187076518e-14
1.791116275837807780e-08,-6.668820379398900764e-08
3.627475432130518814e-14,3.817268774903411265e-13
4.259576124304346553e-13,4.987459751319105380e-13
8.997754581439240248e-18,-3.814737591776689772e-18
-1.112067542973527877e-07,-6.620442165576211501e-08
1.260868551404706497e-08,-5.600852698958353977e-08
-1.059731228538780401e-09,-1.140176732583963132e-09
-9.484222630053971526e-27,-1.604294175366293603e-20
-7.870296445371387499e-08,-8.500269227321008470e-08
-8.726973130372774103e-08,-8.278095130164419478e-08
2.762070868701684231e-22,-3.557601954562724306e-22
1.772475683305393439e-13,-4.362688784067105000e-20
-1.426799007751867241e-09,9.148890581196225362e-11
-2.224735845209797575e-12,-2.013321059385270783e-14
-1.700083888014058200e-09,-6.073064204876619944e-09
6.828519883410315771e-19,-1.648265076099156405e-17
-1.322930108105163134e-07,-8.172827089032967399e-08
-1.945237125623401886e-09,1.265972575639247780e-09
-6.604932091280557753e-10,-1.297922423115149187e-09
1.312494819200573623e-09,-2.778387228968747725e-11
-1.642460870217809560e-09,-5.534147548204319937e-09
2.970337935660963120e-09,1.672716243792825344e-09
-1.985286478811450970e-09,2.471497163613794787e-10
